238.24240112304688
255.2159423828125
239.9087677001953
240.53323364257812
248.80322265625
213.1032257080078
237.42715454101562
236.82626342773438
234.26507568359375
251.48695373535156
233.13201904296875
200.24642944335938
232.53428649902344
209.6873321533203
247.05323791503906
198.3127899169922
250.32749938964844
211.88035583496094
217.38401794433594
248.7132110595703
260.7931213378906
227.0649871826172
217.45631408691406
252.52813720703125
226.96139526367188
258.5750732421875
251.24098205566406
204.6739501953125
219.2994384765625
214.15777587890625
254.1102294921875
232.25819396972656
258.9606628417969
223.3733673095703
245.72174072265625
207.111572265625
266.15374755859375
245.75987243652344
249.46734619140625
239.0345458984375
238.76673889160156
237.6514129638672
239.67356872558594
216.1724395751953
233.7982635498047
268.8541564941406
228.12998962402344
234.72732543945312
222.22036743164062
235.31239318847656
260.3123779296875
234.59017944335938
239.87527465820312
238.06614685058594
243.41940307617188
217.25424194335938
226.21937561035156
233.90704345703125
240.54405212402344
207.8170166015625
217.36404418945312
246.77230834960938
238.12863159179688
208.646484375
236.52728271484375
213.25186157226562
211.2955780029297
232.36358642578125
223.02224731445312
251.4928436279297
280.18463134765625
216.08131408691406
266.904052734375
256.84124755859375
235.09689331054688
252.9704132080078
258.37469482421875
237.1728515625
219.46827697753906
249.72048950195312
239.3507080078125
254.2872314453125
223.2940673828125
277.5208740234375
255.13052368164062
242.9797821044922
218.81842041015625
259.9347839355469
242.1717529296875
209.562744140625
245.54244995117188
240.5513458251953
237.99942016601562
235.3850555419922
264.43060302734375
218.43978881835938
228.5379180908203
252.56570434570312
255.10092163085938
200.41673278808594
242.4446258544922
247.6368865966797
231.41229248046875
228.90432739257812
255.0396270751953
228.28057861328125
244.73448181152344
234.76683044433594
223.0670623779297
205.73841857910156
250.45809936523438
220.6642608642578
252.02317810058594
208.24502563476562
225.9247283935547
231.9649658203125
240.27349853515625
228.79183959960938
213.4974365234375
238.69500732421875
221.0256805419922
231.6044921875
243.37472534179688
237.25692749023438
266.4259338378906
242.6430206298828
247.100341796875
213.58970642089844
253.27088928222656
237.6558380126953
270.1353759765625
258.1148376464844
210.84144592285156
248.5220184326172
249.51312255859375
252.75096130371094
223.57003784179688
243.60183715820312
225.43324279785156
243.72186279296875
236.6300506591797
240.1735076904297
242.90447998046875
220.07513427734375
238.3304443359375
251.56080627441406
243.45848083496094
212.31275939941406
242.40455627441406
236.06613159179688
244.7432861328125
235.00439453125
226.78140258789062
222.04335021972656
236.33860778808594
216.19366455078125
211.37979125976562
232.75265502929688
222.4084930419922
204.6998748779297
214.74415588378906
233.9727783203125
240.33929443359375
265.9064636230469
223.64382934570312
240.235107421875
245.07327270507812
230.79205322265625
224.72467041015625
244.1728973388672
243.09033203125
214.26748657226562
263.3440856933594
235.27865600585938
242.57322692871094
228.82168579101562
213.66427612304688
227.04550170898438
243.31179809570312
247.65597534179688
230.16847229003906
244.36965942382812
248.53114318847656
245.3172607421875
221.13729858398438
223.812744140625
241.115966796875
241.99378967285156
245.26344299316406
209.91661071777344
233.15625
221.05746459960938
200.81634521484375
250.56126403808594
236.11029052734375
244.1910400390625
241.08267211914062
225.25686645507812
207.91787719726562
225.97154235839844
207.79000854492188
231.6560821533203
218.1984100341797
269.8678894042969
219.56878662109375
240.4136505126953
204.02772521972656
227.90505981445312
245.33572387695312
213.0509796142578
212.3599853515625
239.03851318359375
231.82839965820312
210.0526123046875
234.32870483398438
270.3936767578125
217.96237182617188
254.0986785888672
223.48385620117188
206.05801391601562
229.49612426757812
219.81773376464844
222.39312744140625
220.88790893554688
234.78958129882812
220.8262939453125
241.939697265625
221.93360900878906
241.55718994140625
231.96078491210938
242.5729217529297
231.96298217773438
241.3970489501953
229.61537170410156
213.4128875732422
239.60899353027344
227.07980346679688
221.9827880859375
237.7281494140625
225.6919403076172
235.57249450683594
252.1405029296875
223.91677856445312
249.77145385742188
241.02328491210938
211.32711791992188
233.0271453857422
247.8426971435547
229.73428344726562
247.14797973632812
221.60520935058594
241.595947265625
222.10873413085938
228.8319091796875
241.47149658203125
251.724609375
229.66116333007812
230.19833374023438
210.35592651367188
243.5255889892578
230.3070068359375
247.10952758789062
220.673828125
233.99427795410156
198.98159790039062
233.093994140625
208.09779357910156
216.80490112304688
232.35292053222656
252.93882751464844
232.17112731933594
226.91839599609375
230.05084228515625
219.44656372070312
239.92408752441406
230.49655151367188
220.44036865234375
218.78488159179688
248.21337890625
207.29727172851562
232.9674835205078
227.01968383789062
227.91751098632812
222.7671356201172
237.8939666748047
235.85604858398438
207.58714294433594
207.954833984375
250.3032684326172
241.6466064453125
216.29525756835938
241.2903289794922
252.43878173828125
234.10202026367188
236.1132354736328
204.32725524902344
204.0923309326172
206.0416717529297
229.67576599121094
215.43663024902344
222.7379150390625
262.1519775390625
214.5780792236328
227.00192260742188
221.47860717773438
229.78378295898438
250.9407196044922
233.7713165283203
187.56582641601562
237.42129516601562
224.94192504882812
256.3418273925781
265.83209228515625
215.17889404296875
246.16725158691406
219.9448699951172
249.1539306640625
222.52825927734375
217.29898071289062
218.82920837402344
255.65921020507812
226.010986328125
232.52772521972656
198.2253875732422
219.78538513183594
228.61717224121094
242.12985229492188
250.60140991210938
216.58168029785156
241.94325256347656
217.88961791992188
237.1306610107422
205.1859130859375
224.64271545410156
216.076416015625
256.5955810546875
239.64321899414062
221.96142578125
233.37757873535156
260.849609375
242.30435180664062
248.3141326904297
221.6406707763672
240.77691650390625
214.33157348632812
252.78704833984375
226.85418701171875
212.80882263183594
202.15101623535156
212.51126098632812
235.95294189453125
231.08450317382812
200.9851837158203
213.9989776611328
238.5859375
227.9536590576172
216.1656494140625
235.85328674316406
195.32461547851562
208.8458251953125
231.2949676513672
226.7919464111328
220.9292449951172
244.69146728515625
242.7567596435547
209.33120727539062
241.78390502929688
213.59613037109375
246.0089111328125
219.39454650878906
213.27810668945312
228.57728576660156
215.24571228027344
225.473388671875
244.2796173095703
219.45260620117188
221.9408416748047
210.23036193847656
222.80686950683594
263.8887023925781
214.86766052246094
221.01681518554688
236.21261596679688
250.49066162109375
251.12472534179688
196.57696533203125
250.24148559570312
225.79995727539062
243.3214874267578
227.21884155273438
247.2376708984375
226.658935546875
220.70103454589844
210.84886169433594
201.65045166015625
258.6180114746094
224.90872192382812
236.391357421875
238.50701904296875
215.00686645507812
229.48724365234375
223.47509765625
232.71961975097656
236.12954711914062
237.3092041015625
237.49134826660156
246.188232421875
255.4026641845703
219.33177185058594
252.25511169433594
231.03048706054688
218.17189025878906
197.99868774414062
231.822265625
225.65298461914062
214.43043518066406
212.10423278808594
237.17039489746094
211.75677490234375
250.57040405273438
235.8086395263672
224.92945861816406
219.83229064941406
247.92662048339844
245.34405517578125
220.40374755859375
227.6068878173828
204.94053649902344
204.42672729492188
272.4371337890625
241.7662353515625
213.92092895507812
226.559326171875
218.2973175048828
259.8973388671875
202.3385772705078
218.96450805664062
239.79551696777344
231.1109161376953
192.03599548339844
213.2670135498047
210.33001708984375
235.45989990234375
254.75198364257812
240.58914184570312
226.46023559570312
236.4540557861328
257.30426025390625
249.4041748046875
213.82041931152344
231.06614685058594
247.5836944580078
199.99111938476562
231.03866577148438
244.55567932128906
216.86563110351562
224.960693359375
230.95330810546875
215.29116821289062
214.32420349121094
219.26759338378906
202.29153442382812
246.63226318359375
219.0660400390625
209.29620361328125
229.89007568359375
212.96568298339844
229.639404296875
232.02093505859375
209.1712646484375
234.30532836914062
229.0938720703125
226.3074951171875
227.54611206054688
228.584716796875
284.6625061035156
235.21890258789062
240.3345184326172
217.55322265625
227.9409942626953
248.21292114257812
218.82196044921875
217.26806640625
212.436767578125
206.91241455078125
228.42489624023438
210.1914825439453
215.838623046875
227.88172912597656
227.61849975585938
237.62644958496094
239.85780334472656
216.1874237060547
206.10726928710938
222.9485626220703
244.91917419433594
253.8043212890625
233.6564483642578
232.36680603027344
227.39376831054688
234.52285766601562
234.9725341796875
227.4692840576172
217.8966522216797
213.1157684326172
251.04119873046875
234.30177307128906
240.56260681152344
242.79373168945312
244.06182861328125
207.22503662109375
262.1007995605469
216.49435424804688
223.1941680908203
237.99588012695312
212.77365112304688
242.43006896972656
217.89967346191406
224.38009643554688
234.95980834960938
245.5860137939453
208.12481689453125
228.10140991210938
210.4621124267578
252.8448944091797
208.5317840576172
227.62680053710938
204.11251831054688
222.49107360839844
222.75961303710938
221.44102478027344
235.32321166992188
238.3129119873047
239.12355041503906
249.11346435546875
231.29188537597656
196.46714782714844
252.9146270751953
227.35800170898438
230.9927520751953
224.74607849121094
220.74301147460938
202.63853454589844
232.6363525390625
223.79664611816406
245.21365356445312
217.70245361328125
242.4020538330078
232.33734130859375
223.19866943359375
250.0188446044922
261.2427978515625
248.54766845703125
229.75
220.255859375
266.8992004394531
213.9799041748047
206.28244018554688
211.72259521484375
195.58819580078125
211.34097290039062
220.63412475585938
215.0442657470703
231.26217651367188
225.77369689941406
214.371337890625
227.26344299316406
253.45611572265625
220.09161376953125
256.09234619140625
216.3626708984375
221.10501098632812
220.72088623046875
213.38006591796875
244.0777130126953
214.7655792236328
216.27867126464844
205.86648559570312
215.50180053710938
237.409423828125
235.51727294921875
241.4533233642578
251.54107666015625
231.00186157226562
204.39572143554688
231.88626098632812
244.909912109375
244.5511474609375
215.2425079345703
234.9727783203125
225.3438262939453
264.0752868652344
234.0736846923828
227.9272918701172
229.2906494140625
213.2139129638672
234.75714111328125
218.8731231689453
246.79202270507812
203.10281372070312
220.6509246826172
224.84837341308594
228.90145874023438
221.64044189453125
208.20834350585938
232.21133422851562
227.68533325195312
218.03268432617188
204.11239624023438
239.50372314453125
245.66661071777344
215.38784790039062
221.28341674804688
243.08056640625
226.0260467529297
209.49114990234375
243.4444580078125
201.70310974121094
235.44622802734375
239.34315490722656
243.0394744873047
244.8121795654297
246.035400390625
245.69827270507812
226.77267456054688
218.37075805664062
217.017333984375
261.7311096191406
238.66189575195312
207.5864715576172
235.59934997558594
223.0324249267578
201.83761596679688
238.86465454101562
210.13873291015625
245.61141967773438
234.09402465820312
220.75238037109375
214.09107971191406
212.84066772460938
232.2842254638672
209.0266571044922
201.14419555664062
190.8735809326172
231.42459106445312
241.61505126953125
214.89111328125
219.2665252685547
228.4855499267578
219.92091369628906
204.07725524902344
217.6075439453125
217.75689697265625
234.18667602539062
224.191650390625
224.09982299804688
246.06826782226562
231.69293212890625
219.31781005859375
214.5788116455078
202.1809844970703
207.8551788330078
246.0009307861328
249.5602264404297
214.2770538330078
190.10733032226562
213.34197998046875
259.45672607421875
233.37319946289062
254.50390625
234.22369384765625
204.06491088867188
232.8622283935547
215.51112365722656
244.75827026367188
201.52096557617188
224.59756469726562
225.25088500976562
219.04225158691406
253.1019744873047
229.764892578125
236.8593292236328
224.0184326171875
227.2813720703125
238.33645629882812
228.0538330078125
205.2677001953125
242.31594848632812
220.5502471923828
224.24110412597656
196.78555297851562
224.82424926757812
221.50567626953125
239.28195190429688
213.32070922851562
251.6165771484375
252.9065399169922
227.33441162109375
207.98826599121094
207.64918518066406
217.40480041503906
232.1643829345703
189.22000122070312
226.37632751464844
223.07254028320312
226.41607666015625
240.11312866210938
202.8478240966797
240.83639526367188
200.44358825683594
225.47071838378906
217.61044311523438
232.56674194335938
215.3585205078125
205.62303161621094
251.45745849609375
209.6651611328125
207.74069213867188
238.18463134765625
211.69078063964844
242.45626831054688
233.54586791992188
252.11500549316406
215.237060546875
215.43258666992188
205.4361572265625
227.09178161621094
211.49618530273438
217.5177459716797
199.41806030273438
231.76022338867188
203.53451538085938
227.76931762695312
243.67721557617188
248.172607421875
238.1072540283203
203.44189453125
213.21524047851562
210.52096557617188
227.322265625
223.5423583984375
219.98867797851562
216.95716857910156
209.608154296875
219.376953125
247.3184356689453
251.64242553710938
216.9254913330078
209.79408264160156
225.44384765625
222.83457946777344
222.17469787597656
219.39952087402344
238.390869140625
247.676513671875
245.4586181640625
237.34201049804688
211.3913116455078
229.29840087890625
232.5784454345703
244.4416046142578
197.98890686035156
211.32569885253906
190.38279724121094
213.7545623779297
227.1472930908203
186.07830810546875
209.5084686279297
253.38925170898438
219.6160888671875
218.15261840820312
224.9618377685547
220.779052734375
203.87078857421875
215.23365783691406
228.98260498046875
225.8075408935547
222.31251525878906
204.20787048339844
204.2496795654297
213.20306396484375
227.34217834472656
197.7898406982422
201.06890869140625
219.41351318359375
215.60986328125
231.5793914794922
210.8351593017578
216.88612365722656
242.863037109375
223.45335388183594
237.1637420654297
220.19839477539062
244.59857177734375
211.6871337890625
223.25733947753906
240.41624450683594
230.45849609375
216.90638732910156
196.09854125976562
247.76895141601562
232.55416870117188
242.74691772460938
218.80157470703125
222.5308837890625
236.11114501953125
213.40158081054688
239.05506896972656
234.69683837890625
230.9623260498047
217.85235595703125
227.38197326660156
237.4828643798828
196.927978515625
234.37594604492188
224.33099365234375
215.2124481201172
199.6630401611328
227.56271362304688
231.26541137695312
238.7354278564453
228.02593994140625
192.18515014648438
195.052734375
227.61956787109375
232.22010803222656
207.5198516845703
213.2178955078125
221.3595428466797
211.35621643066406
213.5557861328125
227.7341766357422
235.69801330566406
229.55712890625
213.957275390625
228.75210571289062
235.5851287841797
234.7201690673828
233.917236328125
226.4210968017578
244.11813354492188
233.75526428222656
228.17172241210938
224.2456512451172
205.2807159423828
221.21157836914062
213.4944305419922
226.0052947998047
239.26148986816406
234.71739196777344
236.5845947265625
241.08648681640625
172.59974670410156
220.583984375
215.388916015625
202.78915405273438
210.4769287109375
228.33688354492188
219.54803466796875
217.4765625
225.17965698242188
206.51214599609375
225.3304443359375
191.59011840820312
215.6439971923828
217.77696228027344
226.76947021484375
232.7151336669922
200.75320434570312
210.27061462402344
217.2301025390625
211.59666442871094
211.167724609375
231.780029296875
197.9718475341797
229.18856811523438
238.86415100097656
240.3032989501953
238.81703186035156
218.96885681152344
221.47877502441406
230.57728576660156
219.25283813476562
186.33323669433594
236.54571533203125
224.30821228027344
228.055908203125
196.00535583496094
187.92495727539062
232.10653686523438
218.67393493652344
229.79470825195312
224.25814819335938
193.4233856201172
175.925537109375
218.62423706054688
201.8752899169922
259.8466796875
233.82046508789062
238.5303955078125
212.9414825439453
208.4287109375
227.16744995117188
206.03292846679688
233.20314025878906
224.5885009765625
214.82080078125
212.5511016845703
206.1720733642578
207.56100463867188
217.88375854492188
217.92086791992188
210.27862548828125
247.84091186523438
240.92276000976562
210.2312774658203
225.8062744140625
185.0963134765625
215.3302764892578
183.63348388671875
219.43406677246094
207.58822631835938
242.47964477539062
236.51539611816406
224.32635498046875
213.4251708984375
197.18429565429688
211.62771606445312
222.02491760253906
231.67811584472656
236.35238647460938
235.91580200195312
217.02294921875
218.98817443847656
222.5682373046875
231.14425659179688
242.89627075195312
212.12588500976562
222.2706298828125
204.7317352294922
218.51260375976562
210.51870727539062
218.7022705078125
228.0625762939453
192.64364624023438
232.1630859375
185.138427734375
224.85891723632812
223.8810577392578
213.764892578125
218.3784942626953
206.2208251953125
227.23492431640625
222.0840301513672
226.05291748046875
218.8693389892578
214.10400390625
193.5462188720703
215.63604736328125
237.73516845703125
208.7171630859375
201.11907958984375
214.71798706054688
241.75863647460938
218.1328125
234.28248596191406
250.74560546875
202.08607482910156
201.3229217529297
215.65042114257812
219.1571502685547
226.89266967773438
210.96658325195312
211.72459411621094
223.81375122070312
216.08082580566406
208.03868103027344
225.4215850830078
216.27330017089844
210.86749267578125
204.9192657470703
219.06488037109375
238.18576049804688
249.0936737060547
225.7136993408203
207.28973388671875
239.87811279296875
201.53091430664062
240.4984130859375
201.20074462890625
230.25094604492188
205.81292724609375
231.01837158203125
190.9774627685547
219.47763061523438
217.14288330078125
220.48265075683594
223.7146759033203
207.0772247314453
219.1762237548828
225.117919921875
196.75244140625
228.5244140625
237.2147216796875
211.2549285888672
219.951171875
200.2678985595703
211.01385498046875
232.5242919921875
249.95077514648438
216.37429809570312
221.21728515625
222.64825439453125
214.746337890625
221.18296813964844
234.63235473632812
215.75428771972656
220.17477416992188
224.0282745361328
226.4860076904297
225.02963256835938
207.27328491210938
206.59645080566406
216.8298797607422
235.91368103027344
225.99513244628906
221.0233612060547
195.7139129638672
242.12161254882812
204.044921875
201.93380737304688
207.01889038085938
250.0546112060547
200.62474060058594
233.4404296875
227.8038787841797
199.4549560546875
239.10972595214844
220.1358642578125
224.12071228027344
196.04856872558594
216.013916015625
214.0120086669922
248.81874084472656
218.90589904785156
206.63034057617188
241.46316528320312
239.12832641601562
219.1663360595703
222.12911987304688
242.60096740722656
195.61582946777344
233.7053680419922
213.62107849121094
239.21615600585938
217.73851013183594
209.37521362304688
207.3714599609375
237.09307861328125
200.09893798828125
233.09310913085938
217.52293395996094
213.92945861816406
195.40309143066406
253.66477966308594
217.93197631835938
231.86802673339844
205.05844116210938
239.28282165527344
234.56541442871094
216.1749725341797
218.49435424804688
192.12335205078125
231.20590209960938
192.80645751953125
207.0879364013672
222.97598266601562
223.6245574951172
200.25372314453125
191.40023803710938
201.550048828125
236.4129638671875
220.57188415527344
200.49151611328125
190.72793579101562
214.8878631591797
202.6730194091797
234.3834228515625
203.20199584960938
232.7870330810547
220.744140625
224.2645721435547
240.4027557373047
208.10552978515625
238.36306762695312
245.56927490234375
237.70130920410156
214.8684844970703
204.10379028320312
201.24871826171875
227.48069763183594
191.3433074951172
231.4393310546875
197.1706085205078
231.5232391357422
216.97256469726562
219.04119873046875
236.4404754638672
208.1425323486328
225.69032287597656
231.67503356933594
227.4561767578125
242.51849365234375
222.88575744628906
223.58526611328125
229.38067626953125
217.3593292236328
244.5145263671875
229.0497589111328
222.87313842773438
219.58457946777344
227.63778686523438
214.8726806640625
183.2752227783203
196.78282165527344
198.13577270507812
213.77578735351562
200.54762268066406
196.32186889648438
219.26449584960938
234.80307006835938
196.97616577148438
251.19976806640625
229.09788513183594
223.1229705810547
227.77316284179688
237.85008239746094
209.09915161132812
238.96820068359375
195.21885681152344
218.97837829589844
209.25042724609375
207.54833984375
200.60682678222656
228.8275146484375
242.49697875976562
194.57330322265625
221.96432495117188
188.4540557861328
241.800537109375
214.97496032714844
234.2672882080078
209.4359130859375
199.26109313964844
236.60972595214844
218.3424072265625
241.11099243164062
212.49913024902344
249.67762756347656
211.70350646972656
195.0495147705078
214.65951538085938
245.3548583984375
184.10098266601562
233.94418334960938
214.650146484375
223.5308837890625
227.48348999023438
211.0782470703125
233.98724365234375
191.3421630859375
219.704833984375
214.0154571533203
202.10142517089844
221.1434783935547
208.0311737060547
224.76661682128906
215.07017517089844
227.9621124267578
224.1066436767578
221.8156280517578
223.39157104492188
214.59353637695312
216.587158203125
187.47532653808594
216.97830200195312
225.84591674804688
214.95794677734375
233.0178985595703
200.28973388671875
218.0028533935547
217.9713134765625
232.6044921875
218.3032684326172
200.51907348632812
231.79788208007812
204.43270874023438
234.88259887695312
221.02584838867188
209.3653106689453
195.93649291992188
217.46841430664062
250.1194305419922
204.8763427734375
228.59234619140625
200.9414520263672
206.52674865722656
247.3396453857422
193.26889038085938
214.31016540527344
225.75360107421875
213.8897705078125
211.4914093017578
207.21966552734375
212.72152709960938
227.81143188476562
210.43099975585938
229.54415893554688
223.2978973388672
222.9144744873047
193.8297882080078
215.0275115966797
206.1975860595703
215.45639038085938
195.8598175048828
223.69143676757812
211.59481811523438
216.13597106933594
231.52000427246094
206.57696533203125
179.2071533203125
215.01730346679688
220.42906188964844
200.88284301757812
203.00796508789062
221.66087341308594
208.9586944580078
212.91064453125
221.97109985351562
194.69020080566406
243.3783721923828
216.9215850830078
198.49813842773438
214.2985076904297
220.73687744140625
196.5716552734375
242.71087646484375
208.96360778808594
193.69235229492188
207.34107971191406
224.78883361816406
206.42066955566406
231.33242797851562
230.70242309570312
213.1543731689453
235.63819885253906
200.94989013671875
202.09271240234375
221.7498016357422
200.3669891357422
239.69508361816406
227.96771240234375
234.62368774414062
213.1458740234375
204.18992614746094
223.77513122558594
189.78172302246094
221.25514221191406
241.79409790039062
229.05467224121094
227.77159118652344
196.57394409179688
239.37200927734375
245.96192932128906
218.12171936035156
209.55096435546875
216.17050170898438
220.08184814453125
218.72547912597656
221.0852813720703
223.6595001220703
233.57803344726562
207.4632110595703
235.20802307128906
237.01683044433594
186.03668212890625
210.1536865234375
233.416259765625
197.93209838867188
188.3136444091797
210.34310913085938
207.30015563964844
201.04608154296875
213.2627410888672
225.86769104003906
186.28396606445312
215.8875732421875
215.24703979492188
207.37759399414062
222.59246826171875
217.77297973632812
216.73114013671875
196.46327209472656
198.491455078125
219.41502380371094
196.82533264160156
212.99197387695312
204.35690307617188
209.42959594726562
242.11563110351562
182.98464965820312
196.1316680908203
212.66368103027344
182.68972778320312
185.18748474121094
206.2777862548828
229.1446533203125
174.9755401611328
218.60430908203125
235.06581115722656
219.40274047851562
234.8301544189453
219.83294677734375
208.315673828125
208.1396026611328
210.60159301757812
197.578369140625
221.02232360839844
225.3701171875
193.3219757080078
209.7576446533203
240.76876831054688
229.9315948486328
216.46981811523438
197.89793395996094
232.62649536132812
222.67774963378906
231.8742218017578
209.7388916015625
228.10556030273438
204.33226013183594
224.2333526611328
232.36715698242188
201.38778686523438
212.32937622070312
202.43661499023438
223.78561401367188
206.5418701171875
213.1580810546875
212.867431640625
230.11228942871094
240.95095825195312
209.5268096923828
221.30982971191406
211.56594848632812
227.1686248779297
199.93663024902344
216.80030822753906
206.34698486328125
213.77442932128906
225.38250732421875
234.1659393310547
236.79638671875
217.2558135986328
198.7461700439453
195.4564208984375
189.3791961669922
217.11068725585938
237.46597290039062
218.50872802734375
223.7349090576172
231.287109375
189.1065673828125
215.53538513183594
221.83145141601562
209.42959594726562
195.0521697998047
206.0212860107422
188.6166229248047
205.01560974121094
200.0915985107422
196.22833251953125
216.4123992919922
213.1875457763672
214.90357971191406
200.71621704101562
234.2364044189453
204.69480895996094
218.82720947265625
229.55316162109375
185.00091552734375
208.61585998535156
216.73580932617188
201.54185485839844
198.2318572998047
209.9739990234375
215.9483642578125
196.5983123779297
207.7569580078125
204.6580352783203
203.36227416992188
203.57557678222656
201.17056274414062
221.9244384765625
195.76126098632812
225.3284149169922
208.46524047851562
215.32472229003906
203.06573486328125
202.18234252929688
197.6957550048828
221.35244750976562
236.07672119140625
200.0409393310547
227.28936767578125
193.21551513671875
210.4600067138672
205.3359375
234.4936065673828
197.35488891601562
217.71710205078125
191.5245361328125
203.2990264892578
208.97874450683594
206.02420043945312
206.53875732421875
227.6092529296875
224.1894989013672
211.0939483642578
200.01564025878906
248.22283935546875
215.78305053710938
200.6936798095703
205.56471252441406
218.31927490234375
237.57858276367188
221.6314239501953
219.63705444335938
209.3332061767578
202.87850952148438
220.5889434814453
207.42105102539062
209.59323120117188
243.9716796875
208.81272888183594
190.603515625
222.21279907226562
202.85755920410156
203.87051391601562
215.57403564453125
223.55459594726562
218.3413848876953
220.58863830566406
216.89498901367188
220.62149047851562
229.32861328125
192.75582885742188
196.39199829101562
217.08529663085938
184.98167419433594
228.93765258789062
234.24220275878906
176.7352752685547
222.2089080810547
243.52374267578125
239.56285095214844
197.8291473388672
186.07554626464844
224.19827270507812
226.419189453125
242.69107055664062
215.80224609375
208.7718048095703
212.3192901611328
214.62107849121094
203.90577697753906
217.3885040283203
196.18499755859375
260.626953125
183.09756469726562
217.18101501464844
215.09326171875
192.63079833984375
246.7230224609375
222.26129150390625
205.88845825195312
219.08465576171875
226.88995361328125
215.01693725585938
226.56549072265625
221.3180694580078
213.32945251464844
193.0374755859375
223.011474609375
181.42025756835938
213.6034698486328
194.58599853515625
204.96734619140625
220.64488220214844
192.84803771972656
221.43272399902344
215.495361328125
211.92652893066406
224.3004150390625
191.02694702148438
184.49769592285156
207.7920379638672
215.699462890625
223.5946502685547
216.95242309570312
207.25177001953125
206.17176818847656
203.58482360839844
223.43899536132812
208.97372436523438
203.4644775390625
245.18038940429688
194.56878662109375
207.99810791015625
193.1549072265625
221.12728881835938
211.37783813476562
231.2216339111328
212.70083618164062
213.69808959960938
225.70346069335938
211.548828125
262.5578918457031
247.77117919921875
213.0335693359375
228.70077514648438
213.07223510742188
206.5492401123047
217.18450927734375
197.13949584960938
205.71224975585938
209.4976043701172
227.05087280273438
201.08106994628906
208.1312255859375
196.30686950683594
212.01353454589844
225.66616821289062
198.18479919433594
242.3837432861328
202.7263641357422
216.17660522460938
203.64483642578125
211.0523681640625
229.48300170898438
215.55104064941406
211.0904083251953
201.543212890625
223.2241668701172
211.46229553222656
194.136474609375
205.7406463623047
199.1627655029297
202.59300231933594
227.73992919921875
218.57461547851562
216.91168212890625
228.78326416015625
229.6243133544922
238.94618225097656
227.53292846679688
210.22817993164062
219.7694091796875
229.30892944335938
225.54745483398438
232.4255828857422
200.2062225341797
205.4090576171875
192.89581298828125
186.7236328125
198.74415588378906
215.1569061279297
208.41050720214844
213.32687377929688
212.15316772460938
231.48231506347656
184.68006896972656
238.03173828125
211.7872772216797
221.4195098876953
222.14833068847656
210.14276123046875
211.71636962890625
189.892822265625
187.35377502441406
218.3187255859375
216.7445526123047
177.4139404296875
216.066650390625
220.3620147705078
203.326904296875
196.40374755859375
219.90975952148438
200.9857635498047
216.7641143798828
200.53976440429688
200.61871337890625
228.7587890625
213.640625
204.6819610595703
187.49832153320312
194.90687561035156
212.74856567382812
186.86895751953125
224.2143096923828
240.60044860839844
200.37734985351562
211.49171447753906
198.930908203125
208.24917602539062
198.2435302734375
186.801513671875
221.69827270507812
223.1610107421875
210.93556213378906
213.2028350830078
210.09738159179688
220.11972045898438
198.97177124023438
228.19264221191406
190.2216796875
232.0418243408203
203.63394165039062
219.00048828125
219.23046875
219.24147033691406
197.71664428710938
184.64385986328125
205.60781860351562
218.44345092773438
199.11851501464844
205.158935546875
216.10231018066406
212.40625
201.25390625
201.39596557617188
221.390380859375
222.84317016601562
194.02105712890625
215.26856994628906
216.2508087158203
235.41207885742188
239.78530883789062
201.8216552734375
196.76666259765625
201.27439880371094
192.29446411132812
205.32276916503906
224.24034118652344
203.73081970214844
196.06700134277344
192.59486389160156
191.28436279296875
212.87020874023438
223.30052185058594
207.10302734375
203.12757873535156
212.71031188964844
204.93112182617188
202.12887573242188
208.95909118652344
191.0023651123047
202.45936584472656
209.21627807617188
191.2503204345703
198.95379638671875
204.10610961914062
211.1742706298828
219.86892700195312
224.39346313476562
191.2428436279297
199.53900146484375
185.70193481445312
201.06417846679688
229.86773681640625
227.64822387695312
228.91168212890625
190.36550903320312
208.87791442871094
216.87680053710938
194.3385009765625
236.8408203125
216.98033142089844
206.4598846435547
188.13229370117188
211.48089599609375
172.6811981201172
231.70938110351562
204.34117126464844
198.07986450195312
198.8858184814453
221.45742797851562
203.7743377685547
198.44345092773438
219.2137451171875
227.51695251464844
211.5709991455078
200.03802490234375
225.13778686523438
208.57659912109375
209.86666870117188
200.9008026123047
185.3052978515625
205.0577850341797
220.3103790283203
214.10467529296875
221.06500244140625
227.2661895751953
212.62704467773438
203.3607177734375
216.8265838623047
198.03175354003906
190.17369079589844
203.7945098876953
208.71717834472656
250.00643920898438
232.19418334960938
206.66934204101562
188.7518768310547
209.31578063964844
203.49830627441406
223.7423095703125
194.68081665039062
202.6757354736328
229.82656860351562
207.25881958007812
184.58621215820312
186.4128875732422
169.34793090820312
206.333251953125
186.80477905273438
218.40330505371094
203.32696533203125
188.73291015625
223.197509765625
174.15786743164062
213.81585693359375
218.4459228515625
198.77774047851562
209.23074340820312
219.40049743652344
215.95127868652344
216.26663208007812
215.60562133789062
194.550048828125
206.74658203125
192.98902893066406
206.1322021484375
216.83486938476562
213.92041015625
194.55438232421875
211.12266540527344
202.47698974609375
228.2724151611328
195.08810424804688
189.15196228027344
207.12655639648438
199.77711486816406
215.92262268066406
212.01821899414062
202.5137176513672
199.93431091308594
195.3658905029297
213.72705078125
216.76220703125
206.06272888183594
192.20352172851562
211.96005249023438
211.7151336669922
197.89102172851562
226.53526306152344
200.91259765625
210.38314819335938
204.2791748046875
207.55885314941406
181.90933227539062
204.2857666015625
194.26239013671875
204.11917114257812
195.1570281982422
201.30123901367188
198.34654235839844
201.20225524902344
192.04150390625
197.30758666992188
191.1646728515625
201.6429901123047
196.19969177246094
196.09262084960938
191.067626953125
217.94442749023438
210.90640258789062
199.5522003173828
201.03024291992188
218.1352996826172
184.58648681640625
193.54965209960938
189.0040283203125
189.88848876953125
203.47711181640625
239.3218994140625
214.90911865234375
227.3850860595703
206.84071350097656
218.7623748779297
215.88206481933594
193.4385223388672
223.42640686035156
216.05123901367188
211.09414672851562
212.10604858398438
194.1968536376953
224.7095489501953
194.57669067382812
203.68896484375
208.46878051757812
190.9319305419922
227.410888671875
215.9446563720703
200.54638671875
207.66241455078125
194.93896484375
207.13619995117188
219.4968719482422
191.86231994628906
192.6335906982422
216.0231475830078
204.1123809814453
211.83633422851562
201.45144653320312
225.97825622558594
206.7565460205078
187.57022094726562
184.71180725097656
214.3835906982422
214.40316772460938
201.8009796142578
205.4235076904297
209.72024536132812
208.969970703125
236.13510131835938
201.18667602539062
176.76235961914062
208.4306182861328
192.9318084716797
224.52369689941406
226.451904296875
204.74307250976562
207.9934844970703
203.26321411132812
203.81687927246094
210.8177947998047
194.99942016601562
202.0047607421875
211.08934020996094
192.17376708984375
199.24234008789062
224.49949645996094
191.4527587890625
169.963623046875
195.89865112304688
239.9762725830078
197.2833709716797
205.6479034423828
217.1092529296875
223.2164764404297
224.34906005859375
224.11277770996094
210.92251586914062
214.99124145507812
224.47610473632812
206.18838500976562
212.37408447265625
207.33203125
182.717041015625
194.94515991210938
201.3249969482422
216.356689453125
195.76687622070312
220.10443115234375
205.31089782714844
228.37088012695312
194.37159729003906
199.62794494628906
198.86952209472656
189.70193481445312
231.76547241210938
191.68177795410156
173.0935821533203
194.80319213867188
211.6108856201172
239.69871520996094
235.62559509277344
183.83349609375
210.8325958251953
227.42135620117188
221.3097381591797
215.61492919921875
224.48944091796875
216.28143310546875
216.01559448242188
221.92494201660156
198.7830352783203
228.07315063476562
207.1520233154297
189.7088623046875
200.25100708007812
196.35093688964844
196.31956481933594
202.99325561523438
223.89874267578125
209.23695373535156
195.51121520996094
177.67636108398438
214.748046875
216.9031219482422
188.9292449951172
218.6358184814453
204.23684692382812
188.90798950195312
189.0808563232422
197.20889282226562
196.0602569580078
175.3419647216797
202.53033447265625
192.23086547851562
213.55616760253906
210.20809936523438
208.32546997070312
230.5426483154297
201.03475952148438
205.80355834960938
200.1998291015625
210.50198364257812
205.12664794921875
193.41702270507812
219.82118225097656
216.243408203125
205.66099548339844
224.0406494140625
215.75384521484375
242.06936645507812
199.3826904296875
188.76730346679688
193.84844970703125
208.46107482910156
200.83929443359375
230.9561767578125
237.52291870117188
213.62185668945312
228.18531799316406
232.8909912109375
215.77682495117188
217.7754364013672
184.85105895996094
181.66729736328125
205.96383666992188
205.01963806152344
207.75689697265625
213.78651428222656
236.49879455566406
199.04476928710938
206.65957641601562
201.76300048828125
223.17697143554688
220.48980712890625
196.0576934814453
189.9427490234375
198.17794799804688
189.11700439453125
220.54391479492188
198.541748046875
204.86380004882812
195.98123168945312
241.34664916992188
199.13064575195312
203.51805114746094
202.7332000732422
208.08680725097656
188.53042602539062
201.24363708496094
204.8582763671875
216.6982421875
213.63250732421875
227.36996459960938
221.50164794921875
198.06439208984375
234.91990661621094
204.86932373046875
198.40919494628906
225.20535278320312
194.51397705078125
192.13912963867188
222.5448760986328
209.24490356445312
206.01422119140625
187.79080200195312
223.02047729492188
193.57286071777344
211.46092224121094
215.2377166748047
224.70001220703125
226.09840393066406
191.68896484375
203.28964233398438
203.068603515625
204.08993530273438
190.2306671142578
219.58255004882812
174.786865234375
217.98397827148438
208.0771026611328
203.80276489257812
187.61082458496094
201.57386779785156
210.2532958984375
224.36044311523438
216.0453338623047
211.53463745117188
222.5528106689453
191.79190063476562
178.996337890625
200.8992462158203
180.61251831054688
210.9901580810547
207.79644775390625
209.56492614746094
207.2940673828125
196.29678344726562
216.59921264648438
211.01519775390625
199.75619506835938
204.9418487548828
230.684814453125
207.07833862304688
205.13816833496094
177.58905029296875
205.43170166015625
192.40704345703125
208.17056274414062
207.67327880859375
203.00433349609375
199.4902801513672
193.2255096435547
217.60572814941406
211.89608764648438
217.9566650390625
208.73092651367188
194.0165557861328
224.43019104003906
194.4752960205078
207.80587768554688
212.15492248535156
185.50094604492188
205.29891967773438
219.49742126464844
235.21676635742188
208.64930725097656
240.67811584472656
203.8853759765625
220.61642456054688
190.53598022460938
186.8660430908203
203.43768310546875
185.75823974609375
213.42283630371094
223.848876953125
221.82894897460938
200.86785888671875
203.98268127441406
181.79212951660156
220.7841339111328
210.85220336914062
189.51268005371094
197.18402099609375
200.44570922851562
207.992431640625
213.56222534179688
179.72235107421875
196.17425537109375
175.6876220703125
201.16519165039062
225.28012084960938
203.529541015625
193.68331909179688
193.95193481445312
207.02964782714844
204.79554748535156
187.05055236816406
208.46673583984375
232.17434692382812
214.1300048828125
231.4151611328125
205.35714721679688
208.9626007080078
212.44699096679688
195.9165496826172
201.28079223632812
197.6759490966797
187.9136199951172
190.509521484375
191.2156219482422
192.21939086914062
195.66021728515625
198.40731811523438
191.34732055664062
193.5164794921875
210.65284729003906
203.25628662109375
211.43190002441406
163.89337158203125
213.4624786376953
207.63400268554688
193.96725463867188
204.36378479003906
194.8397979736328
189.69302368164062
200.09710693359375
210.39698791503906
182.92611694335938
213.35879516601562
215.43972778320312
226.88836669921875
195.1268310546875
203.36532592773438
201.44735717773438
153.81863403320312
207.4527130126953
194.4376983642578
227.0198516845703
213.55526733398438
222.78399658203125
223.80386352539062
232.39146423339844
209.7540283203125
202.9762725830078
205.36231994628906
203.02310180664062
167.81607055664062
224.22488403320312
194.59486389160156
191.92271423339844
182.98472595214844
213.4492950439453
194.39076232910156
214.23521423339844
190.63821411132812
205.11175537109375
195.94390869140625
199.09036254882812
208.3995361328125
190.58001708984375
203.515625
185.2001953125
194.33343505859375
210.49652099609375
174.7661895751953
213.7570343017578
207.12806701660156
216.84066772460938
224.0955047607422
212.528076171875
195.5949249267578
204.31300354003906
199.8642578125
201.676513671875
207.77261352539062
229.47796630859375
219.42648315429688
202.8914031982422
207.7624053955078
195.95541381835938
218.66574096679688
194.49591064453125
215.96307373046875
187.28079223632812
194.53012084960938
202.29788208007812
226.56045532226562
198.37339782714844
218.14614868164062
194.54522705078125
214.90972900390625
198.43772888183594
192.4951171875
198.80189514160156
210.08782958984375
214.13116455078125
193.76759338378906
207.05001831054688
223.7965087890625
203.9586944580078
208.7648468017578
202.01715087890625
191.71897888183594
203.7029266357422
188.39210510253906
217.8413543701172
224.5673828125
192.12216186523438
191.4478759765625
168.23892211914062
204.6100311279297
191.6305694580078
178.46969604492188
209.57008361816406
195.91537475585938
204.5865020751953
211.80624389648438
205.48025512695312
207.3074493408203
178.46998596191406
174.56561279296875
214.6942596435547
181.68121337890625
198.88394165039062
194.25894165039062
185.15907287597656
186.74647521972656
201.0707244873047
194.6137237548828
186.73394775390625
185.5569305419922
193.490966796875
195.77273559570312
186.38668823242188
226.36196899414062
190.6763458251953
187.02658081054688
224.594970703125
208.11798095703125
208.39309692382812
189.595703125
200.35926818847656
230.87391662597656
194.3605499267578
202.26596069335938
199.1813201904297
184.45285034179688
204.91624450683594
203.94911193847656
197.02268981933594
212.274658203125
201.8014678955078
218.1315155029297
202.6739959716797
195.62005615234375
196.0042266845703
155.56210327148438
211.06930541992188
177.6846466064453
216.85328674316406
224.60426330566406
203.44512939453125
224.34112548828125
194.92645263671875
201.61846923828125
208.50613403320312
198.94070434570312
187.30397033691406
203.20553588867188
205.69834899902344
203.49636840820312
217.72496032714844
201.4928741455078
205.01304626464844
185.825439453125
193.048095703125
209.6010284423828
187.42523193359375
186.35916137695312
216.39601135253906
184.1000518798828
219.50914001464844
195.64602661132812
175.0864715576172
193.17141723632812
193.0519256591797
186.85833740234375
208.1510772705078
213.02418518066406
223.15829467773438
184.24717712402344
209.61549377441406
230.75518798828125
185.6615447998047
193.71835327148438
210.24505615234375
194.72360229492188
205.43130493164062
221.08839416503906
195.8677520751953
176.94070434570312
194.39031982421875
203.46263122558594
210.15077209472656
212.87730407714844
213.02731323242188
190.2436065673828
195.5880126953125
204.10084533691406
210.86410522460938
183.0389862060547
218.16973876953125
177.55349731445312
205.2013702392578
219.16854858398438
199.86463928222656
192.71932983398438
199.30215454101562
186.59852600097656
218.7781982421875
206.4328155517578
203.31964111328125
181.92730712890625
203.90794372558594
175.49136352539062
224.68377685546875
170.41348266601562
193.90737915039062
188.9512939453125
202.6660919189453
185.31788635253906
212.9488983154297
196.06248474121094
195.1663818359375
189.75904846191406
211.24990844726562
199.96939086914062
212.89352416992188
195.23529052734375
224.3643035888672
202.7091064453125
212.5084686279297
197.17431640625
208.25148010253906
210.9641876220703
194.35227966308594
190.61288452148438
204.9720916748047
200.82029724121094
214.99038696289062
193.7584991455078
186.50816345214844
208.120361328125
206.56906127929688
191.9014129638672
210.6982879638672
178.2657928466797
182.7134552001953
194.64456176757812
194.42486572265625
209.88143920898438
206.66448974609375
193.98939514160156
193.01255798339844
199.23924255371094
193.16696166992188
180.7570343017578
211.6155548095703
186.4207763671875
191.57554626464844
180.34762573242188
200.30593872070312
190.80770874023438
191.111083984375
213.0245361328125
189.596435546875
202.76885986328125
225.0850067138672
191.57154846191406
205.59646606445312
234.13270568847656
196.49063110351562
205.1331024169922
198.57415771484375
183.46083068847656
192.20413208007812
177.349853515625
203.5100555419922
163.11614990234375
216.50123596191406
186.7406768798828
199.99591064453125
210.60755920410156
199.5548095703125
204.35047912597656
212.9373779296875
225.2830047607422
205.43380737304688
213.2786407470703
172.86599731445312
210.83114624023438
196.70242309570312
213.68319702148438
214.55462646484375
194.98611450195312
178.40805053710938
200.0848388671875
189.52963256835938
200.30921936035156
196.36062622070312
188.54934692382812
204.1880340576172
193.3224334716797
183.0687255859375
189.42880249023438
218.4117889404297
203.26568603515625
198.31222534179688
213.7091522216797
214.92730712890625
177.65147399902344
175.5885009765625
190.53521728515625
201.8551483154297
209.15927124023438
189.70982360839844
195.60101318359375
171.69639587402344
168.39752197265625
198.46595764160156
191.24252319335938
192.67233276367188
196.79930114746094
217.17823791503906
193.3992919921875
220.89105224609375
191.63336181640625
174.1235809326172
218.2357177734375
190.54440307617188
182.12326049804688
202.29592895507812
189.03958129882812
199.27244567871094
196.36279296875
201.412353515625
175.6175994873047
217.41957092285156
197.3305206298828
192.69119262695312
216.33255004882812
232.56106567382812
190.97412109375
188.57626342773438
196.24014282226562
207.835205078125
214.67857360839844
216.60365295410156
200.16358947753906
215.9542236328125
185.06800842285156
189.27850341796875
200.1031494140625
213.62615966796875
217.0977020263672
215.2288360595703
198.96710205078125
202.16470336914062
193.42752075195312
201.85482788085938
202.33082580566406
181.77194213867188
223.2043914794922
176.49085998535156
175.81300354003906
199.6393280029297
203.892578125
204.4591064453125
190.1082763671875
194.2261962890625
195.1031951904297
179.90530395507812
213.32142639160156
204.64004516601562
201.20947265625
198.23838806152344
188.75047302246094
188.05465698242188
190.12139892578125
206.10916137695312
191.05078125
209.6694793701172
212.34152221679688
198.6181182861328
200.778076171875
186.10198974609375
196.0043182373047
219.43014526367188
202.62570190429688
170.17153930664062
189.7044219970703
215.35308837890625
182.72984313964844
188.47930908203125
210.811767578125
189.46514892578125
217.17852783203125
197.23741149902344
196.3907470703125
206.12777709960938
195.1659393310547
203.3829803466797
201.64981079101562
173.4774932861328
191.32542419433594
208.13194274902344
206.75408935546875
206.38246154785156
212.12286376953125
202.25799560546875
190.4113311767578
204.4569091796875
182.0075225830078
209.39671325683594
201.95382690429688
186.77737426757812
211.4520263671875
191.10008239746094
188.27487182617188
182.14593505859375
190.438720703125
197.60118103027344
199.22097778320312
202.13812255859375
185.53805541992188
207.34686279296875
202.62770080566406
187.44752502441406
220.53521728515625
204.7251739501953
192.43133544921875
190.78758239746094
180.35816955566406
180.84384155273438
183.3071746826172
179.5544891357422
202.12796020507812
212.96482849121094
210.29180908203125
205.377685546875
222.45033264160156
201.4115447998047
194.11956787109375
188.4637451171875
195.7226104736328
206.609130859375
206.5736083984375
211.0093231201172
207.2267303466797
200.19317626953125
209.25767517089844
194.23321533203125
192.89895629882812
196.82958984375
211.839111328125
188.59315490722656
229.79104614257812
190.69241333007812
192.1285400390625
203.8970489501953
194.6063690185547
189.86605834960938
192.75038146972656
201.51719665527344
180.01551818847656
221.2950897216797
213.9086456298828
178.5421600341797
215.08462524414062
189.62088012695312
178.78973388671875
185.36029052734375
205.0629119873047
207.77989196777344
196.77633666992188
227.5761260986328
206.50936889648438
188.75839233398438
188.66195678710938
195.26934814453125
209.1448974609375
210.4995574951172
197.5592803955078
202.3556671142578
178.7681884765625
210.05825805664062
203.35888671875
217.57315063476562
199.3819580078125
182.72254943847656
177.9930419921875
194.27090454101562
214.58694458007812
200.03550720214844
213.10797119140625
190.67906188964844
199.99102783203125
218.09242248535156
207.07510375976562
198.0387725830078
214.8739013671875
161.7344970703125
200.2132568359375
190.24046325683594
200.98928833007812
192.46376037597656
219.83522033691406
205.3716583251953
201.84092712402344
208.11300659179688
185.776611328125
211.21005249023438
208.36807250976562
173.36257934570312
218.922119140625
177.358154296875
194.4044189453125
186.4368438720703
189.56199645996094
195.10800170898438
178.05084228515625
208.74826049804688
221.14939880371094
184.6236572265625
198.37599182128906
185.16351318359375
194.3326416015625
191.88975524902344
181.0223388671875
197.3612060546875
200.62222290039062
176.837158203125
225.72122192382812
199.21893310546875
191.2085723876953
203.575927734375
185.11412048339844
210.97830200195312
205.7801513671875
166.072509765625
176.7140350341797
192.3539276123047
202.2137908935547
187.8028564453125
177.86854553222656
197.51600646972656
208.88059997558594
191.38626098632812
180.35134887695312
196.72396850585938
183.41793823242188
184.97242736816406
212.7340087890625
186.373779296875
207.73956298828125
210.74363708496094
197.9896240234375
214.74847412109375
187.0664825439453
196.26812744140625
202.87376403808594
214.62612915039062
194.9523468017578
169.97494506835938
210.4605712890625
161.2642059326172
216.23353576660156
193.6269073486328
205.82699584960938
204.87535095214844
173.819091796875
194.37815856933594
170.22666931152344
202.476806640625
198.85708618164062
186.56564331054688
187.02679443359375
166.47488403320312
228.64195251464844
186.78440856933594
180.79913330078125
172.09103393554688
171.4288330078125
216.07867431640625
162.50006103515625
182.12925720214844
181.01083374023438
195.64976501464844
194.95516967773438
194.50778198242188
184.97596740722656
187.69708251953125
198.6842803955078
174.53778076171875
206.37318420410156
202.33233642578125
213.7368927001953
167.15843200683594
203.29283142089844
198.36741638183594
192.0379180908203
164.9938507080078
205.2528533935547
192.42893981933594
197.1350555419922
194.9863739013672
208.25840759277344
184.4183349609375
175.1663360595703
197.9513702392578
203.8087615966797
208.5637969970703
203.76397705078125
166.34202575683594
187.45057678222656
193.86666870117188
175.37142944335938
197.14035034179688
205.21206665039062
203.84957885742188
202.16661071777344
187.54708862304688
201.53831481933594
200.5926971435547
202.11126708984375
223.4969024658203
201.64154052734375
201.79510498046875
193.83383178710938
197.51177978515625
186.6562042236328
189.9844512939453
186.04893493652344
194.82736206054688
212.88563537597656
201.80279541015625
190.94287109375
198.7724151611328
192.51806640625
182.06443786621094
191.477294921875
224.09144592285156
191.1092071533203
192.63421630859375
210.20938110351562
226.92784118652344
189.1771697998047
189.6625518798828
168.16111755371094
196.8526153564453
194.55137634277344
190.6409454345703
208.1371612548828
183.10215759277344
178.4231414794922
189.9689178466797
199.9399871826172
198.08514404296875
172.9091339111328
209.0354461669922
197.24447631835938
182.18780517578125
182.37738037109375
170.97097778320312
174.0338134765625
197.2659454345703
194.0017547607422
207.15573120117188
196.72213745117188
185.49078369140625
206.48516845703125
195.17340087890625
209.341552734375
198.1359405517578
192.82191467285156
202.00238037109375
166.8569793701172
182.60543823242188
206.79502868652344
218.51451110839844
177.44342041015625
201.31629943847656
186.49781799316406
215.77816772460938
198.29812622070312
210.64414978027344
197.34466552734375
178.36129760742188
171.6702880859375
183.99395751953125
188.48919677734375
193.5339813232422
199.77816772460938
190.90838623046875
192.19247436523438
191.35195922851562
184.45303344726562
207.121337890625
196.685791015625
202.89300537109375
193.70733642578125
206.53076171875
217.41653442382812
182.3312530517578
179.82192993164062
184.54556274414062
194.68582153320312
186.29522705078125
193.7939453125
183.76641845703125
183.17721557617188
196.77566528320312
184.3517608642578
182.55029296875
207.41619873046875
210.04925537109375
180.6485595703125
180.80006408691406
169.12289428710938
204.35293579101562
185.1954345703125
189.14878845214844
176.48052978515625
178.968994140625
200.29425048828125
210.0999755859375
194.3709259033203
179.09274291992188
229.9322967529297
203.5435028076172
219.1133270263672
175.62347412109375
192.5391082763672
194.14060974121094
193.32574462890625
173.88116455078125
190.88760375976562
191.00477600097656
193.85968017578125
194.10250854492188
189.7320098876953
203.8048095703125
189.3648681640625
182.3349151611328
172.57374572753906
190.8385009765625
204.3792724609375
193.104248046875
171.9034881591797
181.3957977294922
191.40768432617188
206.71987915039062
185.71290588378906
189.32546997070312
210.60308837890625
196.35140991210938
207.33322143554688
210.01197814941406
208.37120056152344
207.2554931640625
164.3538818359375
203.55970764160156
167.60125732421875
179.92025756835938
188.5653533935547
213.4334716796875
206.8919219970703
186.38096618652344
213.0863494873047
178.5157928466797
193.2119598388672
184.5972900390625
175.64303588867188
192.2245635986328
174.82546997070312
191.3357696533203
208.054931640625
195.3755645751953
189.95175170898438
194.28187561035156
166.44163513183594
187.89410400390625
232.54867553710938
175.79856872558594
198.58779907226562
184.26507568359375
198.68077087402344
199.1591033935547
190.97352600097656
195.2906494140625
183.8651123046875
206.0201416015625
183.26246643066406
199.1942596435547
211.88136291503906
190.82749938964844
185.59890747070312
194.96072387695312
197.17332458496094
217.60116577148438
178.65145874023438
183.41795349121094
197.1415557861328
205.05490112304688
177.89761352539062
186.30984497070312
193.66891479492188
200.36416625976562
205.599365234375
187.82113647460938
194.09683227539062
207.74607849121094
183.165283203125
191.0432891845703
195.3282470703125
218.28460693359375
190.72373962402344
186.33453369140625
212.18942260742188
200.28622436523438
182.4915771484375
180.5296630859375
192.30072021484375
182.69912719726562
193.40980529785156
221.15597534179688
223.64028930664062
183.21060180664062
202.32913208007812
184.3875274658203
213.6580810546875
196.32640075683594
216.92218017578125
204.1806182861328
203.9544677734375
213.03558349609375
197.9349365234375
210.8274383544922
197.97935485839844
181.37693786621094
206.31874084472656
202.94546508789062
208.97744750976562
216.93569946289062
180.28305053710938
177.09661865234375
199.0587615966797
198.90402221679688
186.75096130371094
194.72898864746094
199.30316162109375
224.35800170898438
197.23434448242188
194.1019744873047
184.93797302246094
216.08067321777344
182.505615234375
204.87290954589844
202.33447265625
172.9866180419922
204.52655029296875
186.11337280273438
177.72727966308594
192.19387817382812
186.3815155029297
197.94149780273438
200.4129180908203
206.99807739257812
199.90174865722656
207.55006408691406
185.90724182128906
183.91419982910156
199.06971740722656
190.9520721435547
181.45030212402344
181.92213439941406
198.97950744628906
188.86817932128906
196.140625
214.9879608154297
200.5850372314453
169.9812774658203
176.78607177734375
196.5435028076172
194.859130859375
207.0300750732422
208.41603088378906
193.59002685546875
176.27517700195312
191.2010955810547
205.4007110595703
195.3068084716797
203.4508514404297
