-221.19853112425972
-226.68074099457743
-223.29298360431966
-218.33461915724286
-228.5679935507889
-231.06593314768105
-243.42534401232064
-246.15093313169035
-226.39962531271743
-231.9241213073544
-244.42375389252564
-211.87816960480802
-233.214509087419
-238.4024829775547
-247.96460177215636
-246.49017632707375
-229.42261979276992
-232.39647764167296
-214.58940569919645
-231.62947665041915
-217.58341527901058
-226.10241027136715
-210.4013097650026
-218.91663178343066
-221.34972119185056
-244.15506712354778
-221.8485761886688
-234.36193395829872
-246.82191011642033
-219.99814685629724
-231.44244913212336
-224.76798911088105
-236.12260730776075
-226.57029528452773
-234.61515978026353
-239.39741252951177
-186.2441043270679
-217.0533212947471
-232.24866724748205
-204.97370687296254
-256.65749021773104
-240.90633177424832
-230.47292718627824
-243.34329679679823
-205.18457103339307
-227.45993601092107
-225.12532564971218
-236.63060765396077
-226.81323646971572
-201.79611194148708
-204.779652279618
-229.99376943085593
-238.41412446761794
-265.7222905884778
-246.9412248804405
-237.31181762966924
-232.97732470134585
-229.7035092620523
-235.75631029113026
-225.74001619380857
-246.66354857982992
-231.49971371793583
-250.61955109476756
-236.87605569784301
-206.95819446300362
-204.03137651308617
-276.01811413884343
-226.92700819490292
-223.92713772527185
-284.68427055088716
-243.60224229236536
-209.01860431065552
-225.35920482987513
-250.10338228461103
-187.03347575782595
-231.51413518853064
-225.08924574136728
-224.41660548520736
-251.66290420635283
-207.12756055077807
-240.54945983907396
-236.9820331797708
-231.441619505823
-247.42087925117195
-202.6995376831195
-242.8454913053036
-243.8181853224262
-245.04285893374382
-242.95102264217365
-243.5482609788524
-252.81644576952417
-259.20635598472165
-221.57222009752456
-223.9049087108478
-221.9244483081713
-215.35857762163238
-243.5152123549969
-254.5327004510421
-228.48573181711532
-245.09351022181892
-221.25666892462823
-250.8838686160376
-262.5166920998896
-207.9273304386727
-219.94778381011176
-220.18286098021275
-202.76873878294006
-230.6004939978027
-233.51218730787622
-240.2756532718397
-243.66863216734225
-241.2716122943288
-211.33754709245557
-239.88689349729304
-214.85953117522064
-206.11712865810034
-211.3477068982951
-237.12420802731043
-241.47874992643307
-234.01846172981573
-242.32582488700623
-215.95867126946325
-224.48969929651633
-243.51552971709515
-225.44997375407064
-232.80362982977445
-228.69359407143594
-227.58091073380191
-267.4958742347897
-219.33332322295723
-232.27273667696798
-230.43783965006617
-226.07433441917706
-262.61393697481543
-248.5535933147754
-227.73476625607944
-214.51500876809172
-206.59983947555673
-221.7459939035866
-211.06149833941134
-233.6676684061818
-218.57183688863532
-262.2265427517922
-214.0459438899795
-228.4794972053909
-241.58280503080576
-262.45717896305644
-195.79212287197774
-221.1524476283236
-225.66146917970173
-217.84577697897498
-218.25649400118704
-230.41230868064537
-218.6590489950816
-237.78897051421416
-239.98552216616784
-205.70249602655548
-224.72550463108917
-260.43513423879347
-255.87974351423995
-199.676930741692
-227.7194667840836
-221.4463396118351
-232.45151382725516
-241.68598070893654
-212.49690682498633
-235.73805721254877
-258.87162725787874
-204.85173232160724
-224.90672023372633
-226.13587067279036
-270.67229823054026
-218.04106752486803
-223.84238564181916
-268.43406959288654
-228.09008435694636
-234.4123501400662
-228.11352770359952
-253.87339492040707
-230.5842350475114
-192.79232436632228
-195.35243547556163
-242.6871057591618
-199.51419865815268
-256.2221024658502
-227.53958411640815
-212.1964287376395
-212.96920777251364
-243.55313630472372
-239.70004797412633
-225.90644613883273
-241.58448160598397
-260.56876365423085
-249.98765252213778
-215.68325030045924
-258.27218224959876
-195.8700047043419
-219.40235539668737
-230.05148371575723
-216.67039757837802
-214.62256885681347
-233.51671963115328
-219.64360768750282
-226.85804232690776
-222.7756273112419
-251.31557835586167
-177.92382534944193
-247.8229104384881
-238.90418891184078
-242.22272940042598
-231.53799534096237
-223.21574145776188
-209.9114691624123
-241.0296068168727
-245.8780150514225
-239.5100300216087
-199.51284943557803
-213.15610443962504
-192.32615974198825
-225.28814077962724
-231.5902056069318
-247.0848585845601
-219.27016062259503
-213.25323366698646
-248.31508218741556
-246.51936787413302
-227.29563456246748
-214.4331739653126
-243.64126860087526
-236.48044831007203
-230.43665663525007
-246.06318049683463
-224.56186869018285
-250.2593824935014
-226.21312028142313
-260.98884908486264
-228.75415588506138
-209.88284680488732
-240.95028550766472
-253.51592476159135
-234.15399079633596
-199.23873472996806
-222.69058587909018
-239.89911440025787
-233.44904483788855
-221.1565103913946
-231.60103690461736
-199.95033759004025
-226.1988003356915
-243.8758173778109
-251.61882376584552
-243.3270267083481
-225.9976574837612
-226.07955604357704
-203.08262192295643
-266.87328552619783
-236.44292410733473
-229.22807920063826
-251.71231209057174
-239.82895225639928
-222.45697928614834
-219.16478084424824
-222.64335302618488
-222.82495910157448
-225.4792733446328
-247.80440977447657
-189.87201187781636
-252.4669091032601
-222.907416071842
-238.39064804758308
-221.03855291902406
-202.4149886820182
-224.2871452657472
-254.49183755095822
-216.74253483312032
-234.07785640075596
-246.05048624044508
-253.0305869194558
-250.77260280406284
-213.3721228500449
-254.5237569765556
-219.93610475598192
-204.17388692948697
-202.954119570608
-235.59857333018104
-225.49852877127893
-224.4673275485531
-229.7620350924626
-226.6352037099967
-232.9717699419719
-230.27524901125923
-210.86935487577387
-221.94980215237288
-222.56542896605313
-236.18773927056276
-234.40606951168297
-219.27181264801206
-238.815567596546
-217.6503612640866
-229.57593199795392
-221.20923050175588
-183.86428971423703
-232.85014820426278
-212.08086772856075
-224.6639065569192
-232.79369288190748
-241.4029069559728
-227.3810854417707
-220.00471556342865
-189.8355444302469
-255.5013313633642
-254.02165863751748
-234.23469167428215
-223.41600939627492
-235.57066209654798
-252.27870708670227
-240.92598966726948
-184.01056092168676
-193.83036338056968
-222.9734594856655
-215.65093295213705
-219.39019964226225
-235.94755334569004
-238.2820193667859
-236.72675265131232
-218.44228499579094
-224.43098992815712
-213.89500189885712
-236.83825239419815
-215.84319343655926
-253.36979394935253
-217.9977578946847
-241.0985384171845
-247.68922199402397
-217.89171398245009
-217.73307259345313
-229.83861603816422
-232.11883357052017
-249.46621284488393
-211.34310181814863
-236.5864597678629
-241.3149195339729
-218.28716843798543
-213.5778697240334
-241.79480432206876
-220.9328525382631
-229.34508956077644
-215.7841893182397
-223.22264418753696
-216.11170638512377
-207.14752763116167
-205.8239449458058
-272.0928055577119
-234.40283491240154
-222.69599695948693
-239.01207902003895
-239.94367542763342
-249.11677956144504
-228.25399969242432
-247.89502945223234
-249.21285463181601
-207.93370000423766
-238.0153150935887
-223.57134100845508
-237.0039780543506
-190.9466058364604
-244.5768545523183
-201.4361973706935
-209.3516096523626
-242.15143968069555
-235.9614925783792
-231.2147201095842
-235.68334119824164
-251.63572265337586
-244.24263932023973
-251.63813502036245
-219.3249577747962
-215.3613312734364
-238.458196579754
-233.64115784467464
-232.29508644977722
-226.39721248940378
-221.4099712214906
-252.94082027818803
-218.70164380553462
-230.67376773913355
-270.8918846870615
-266.03060943830747
-233.49910018889892
-243.98115583760966
-232.6032785876725
-213.55690295208277
-228.94628255339686
-245.93771673984037
-223.24873321019942
-237.13683980782108
-249.54997454077196
-231.5233525166933
-214.73012490705122
-254.80457540533848
-208.22529064415946
-233.62947301704554
-250.62285251409645
-195.089340920651
-204.3041741753404
-243.47631728897338
-214.6406080122197
-218.6266800123691
-243.30159451128262
-225.50550069123136
-209.03483714928512
-232.15944559720904
-232.6879682499286
-214.90950590138556
-226.14628899385178
-233.00537199788158
-240.06312761617502
-234.83415101532353
-204.14621507366786
-210.15269404341387
-227.18667818209482
-223.0729518889795
-259.63763182269616
-192.3031476913913
-239.39631342183708
-241.99725586581263
-233.15780818848606
-220.7621559180851
-240.18435719252955
-241.49129826308706
-263.4715789921567
-255.5822320184236
-195.375584304125
-237.43080562107065
-203.30976289399155
-236.74016334814934
-219.9465684883937
-215.15752601822177
-221.2363104000325
-201.67664388040902
-227.73393494044043
-235.8140905141335
-233.77093357928123
-233.81872518053478
-203.50336738633672
-232.4454235732415
-246.8589418099233
-229.5485505156431
-219.75172594952411
-236.3405383310366
-245.97518355090241
-225.44223571322118
-200.69235547192523
-207.79756544016305
-230.33878268635104
-228.88273473178037
-222.48925080667868
-258.28406664564625
-239.38395228408694
-215.66066768120788
-244.17288645195273
-223.32729495102984
-249.53512792412025
-253.72123713897642
-262.4383128734829
-251.85042516967695
-258.32104377152393
-215.20775461454957
-263.89096511984894
-235.19180601300843
-215.28098179750356
-227.53514024481052
-222.7827036486924
-227.86346289774076
-216.65766123811545
-251.7229408997831
-245.98625783053873
-222.62264547348008
-239.09442500272198
-251.35834717406004
-187.51417037475062
-251.93980503144024
-258.62689175073467
-261.41447834103616
-260.74306108155065
-248.18243627675747
-208.75393173831105
-222.36225157216745
-236.58402136811395
-233.0796802545857
-214.20169700164507
-252.1061892419613
-253.9262347128676
-276.5711128622073
-230.5627779269076
-196.21944861735938
-241.82032350121045
-234.8005369715488
-232.443826177041
-228.17225074534463
-239.94829422095037
-232.36797732543948
-207.54188857112172
-229.76466777774309
-227.84054556052416
-232.46284618587237
-237.9728434627707
-270.9777784363089
-249.22650074636095
-221.37740720422354
-258.99934147116596
-248.18100547829675
-232.203982129228
-222.9006028572312
-255.62655194187386
-239.93130384701445
-205.17613039921645
-285.58328940803506
-235.0287073391919
-227.42967119231145
-245.44714195916953
-263.51260682364534
-267.12344837913827
-270.8137127623487
-221.54410626855426
-230.97048117757137
-213.6767093135277
-211.64814550549653
-244.15838099035355
-218.80534997920685
-233.43160008639887
-234.28298609473498
-240.85652620344808
-234.09566782501662
-221.84408085674957
-239.13064707393542
-210.47906685131986
-247.33614958092835
-226.90285904454896
-275.8583031831081
-250.09567784145474
-258.1170103382507
-267.00857646323425
-238.80012634677757
-208.05697849710282
-205.10304476678215
-236.14906638084557
-229.92071110314194
-243.46517294280767
-279.2846718083475
-244.23095436132832
-240.71572848683675
-226.47470904901556
-254.5396954926934
-247.16741030759795
-213.30124607055978
-226.17985470387322
-194.20681249277595
-248.8395934507782
-257.88963855347663
-232.68827805753747
-229.61841710497418
-220.52529831240923
-242.89212503542
-230.7266080276229
-255.04520636095447
-268.0420215202563
-233.48810933630193
-238.2218921892718
-244.36538636997963
-248.51504306022215
-196.2812927407002
-270.34605088326725
-240.53546116634138
-240.52953588130816
-239.10792674742748
-213.5056310442443
-247.18648843053944
-240.95304737639054
-256.81844289139036
-218.17531049996128
-263.75141294935895
-252.55333056221997
-237.28240120300893
-229.47802690654322
-237.8662825406924
-275.4902386588532
-208.7378590215771
-242.18495961321736
-255.51979867905513
-237.7328781070184
-266.9020872846336
-264.6261520275225
-236.6312213417535
-228.2228877720136
-243.23023127882357
-237.76328151965294
-234.53878632653561
-236.64747527840808
-244.29115041463723
-234.94637869573225
-238.65556371790132
-230.66665968038538
-267.58522081463497
-242.69208284627226
-230.03046798476717
-225.87402966152422
-237.87991224304318
-255.59636115177554
-263.47947727899196
-226.1458335775676
-265.2284663327547
-242.27172340503353
-255.79906404110272
-255.75473859630728
-238.09809984892843
-237.35760406268088
-207.86613863852313
-234.16507857155756
-207.62821619506212
-254.99917565808624
-226.78909090992732
-233.43976836089064
-255.43572230624181
-224.04567008841312
-211.55065061788812
-251.57489283600785
-243.73693733560674
-252.45544523219291
-232.26207494874217
-251.21887978108137
-211.5405767730461
-235.6769052014431
-251.5703853259362
-208.26617845140493
-214.17778366488858
-248.03508581085788
-224.08093300017026
-241.92927853511299
-248.48462700052679
-237.36436318681945
-242.6744399566742
-240.97911044412535
-244.6020837376842
-225.04458762102144
-257.9272488501188
-255.89783666454363
-218.19045878537685
-234.04912211847133
-229.6131824421583
-242.12095922058705
-217.1527124838258
-204.33789137818866
-223.925643968304
-218.37266664443354
-211.83096256948087
-207.23498253599234
-202.10862465217934
-219.7856540581767
-244.5415898828395
-209.08253761039092
-236.67214927919383
-238.58233760892966
-223.9149385030389
-239.36021965937016
-254.94474706094044
-216.7168689176011
-282.7598913793031
-233.39677157737293
-234.15019008351246
-245.1901173770376
-226.64644502033946
-223.37713778562312
-228.56730663769173
-231.297916805047
-210.86305807844826
-260.15493661002694
-235.78392257182287
-254.13049303293292
-218.02217983243668
-252.01432356307947
-248.28873529704305
-244.4184796225573
-239.17558767027137
-238.13959488732309
-225.09349156276753
-242.62040009999632
-236.24238142193013
-242.72239838424161
-247.4985741884343
-230.5013006592389
-239.2527515650735
-224.40041542113806
-226.60164617988863
-224.40054211174265
-235.2645700775471
-217.4521084369792
-222.81144454184366
-242.63217325874365
-230.46752337420298
-255.6167676501828
-223.47135763456083
-242.08041262421787
-221.92586847266267
-258.8036231505816
-262.5899668126537
-242.06603468670954
-261.3620046404336
-232.78492497802353
-225.16022003796445
-224.34531575833142
-214.10403991523873
-206.13730820985973
-227.87229555888354
-235.46211224539718
-206.3229311883078
-239.57657269869156
-221.28516722714667
-204.64068211776498
-238.63908435203547
-215.91581495666844
-235.39331728304137
-241.45575430515083
-201.48484946797663
-249.6799965004014
-213.39941503773622
-262.5768789755906
-260.30792885715636
-236.67011710051014
-244.925166292889
-230.91718010054524
-257.43521924367786
-219.81520866309242
-242.36994006869844
-255.39809539801132
-229.75803466700688
-241.00345820898997
-243.8298396478264
-257.81899891761964
-246.7318694900704
-221.3811283531599
-219.8751622813753
-279.7161266204988
-237.52677761129462
-245.82823426608059
-226.37727228848638
-235.0306722139407
-203.58269881563385
-198.13073398567724
-239.28099416467558
-248.79376959321235
-214.6849102072934
-240.80345231059596
-212.3139910359185
-234.1875562422071
-233.019095846909
-232.718526455348
-237.6058176337859
-219.94529702893897
-233.12604275852817
-249.94467838638582
-245.35492424678364
-236.09369684827118
-241.40788870855647
-256.80184692576415
-243.4230304937738
-236.77025739486854
-229.71762426275686
-243.40033235960553
-219.5570909074607
-242.38456919493257
-210.24213598254528
-220.70053662923502
-234.53710176445497
-244.9854126711926
-239.26985964978184
-231.78245769840723
-224.52533884523032
-255.32974234926832
-216.26998689217163
-198.9115049981664
-235.99368004321923
-242.1837961019769
-227.6795769001548
-245.20641757631256
-227.04610424482522
-217.97714526479552
-221.46088508497465
-202.55991415075533
-233.92515347676982
-235.26913213891027
-224.86522265795455
-246.70967577223874
-244.9140122933802
-224.94948006258528
-236.673180686507
-208.04027050873538
-258.7465493076514
-242.96459801429958
-240.6484300785027
-243.3554242532422
-205.83676469668416
-235.6712070033721
-221.83754321055073
-231.243624534163
-208.04223614415855
-280.2237974513859
-219.02546505495224
-244.28654376401417
-250.49812181821693
-235.3233484455957
-239.56709493565668
-228.36997251166855
-253.63751240128778
-237.27254379128755
-229.67896777965962
-231.75329772937357
-266.9593315954756
-205.61924003574086
-227.17625075527752
-241.57104635001588
-249.8619839794154
-185.7761820052634
-223.93230443806362
-231.48080700511136
-226.3222745721319
-221.37336918737907
-252.93046489783057
-239.3533278531924
-245.26782138817475
-233.26714673955638
-226.5570503958911
-236.15551294491155
-208.4131815450147
-239.01857550016052
-242.64389239995006
-195.1667795999855
-240.96926314916573
-242.9827957654011
-212.47716664695562
-237.6673552882749
-225.33952805846448
-241.720589867317
-230.16148122733534
-189.9135178533998
-221.24553987797614
-211.6318870962133
-233.9412197376759
-231.02132583268602
-204.45591034069372
-204.87247331566965
-225.63459120852355
-220.16841816526062
-225.1193810476043
-211.52296564202976
-221.5729949788922
-234.17267411077637
-208.18802794289738
-206.12554465734624
-218.653482707426
-236.906528041483
-235.45539764499605
-226.25127909221828
-217.64999750734552
-228.8957180203965
-237.5668078721278
-231.5098872638274
-235.29058455875753
-195.4279330944396
-228.3351172650543
-219.16791791117248
-220.72577705536628
-210.74898438703104
-215.61043635395617
-259.4842126628601
-226.8058254374152
-252.81813518135357
-235.79867074181072
-219.95326810646128
-211.30703981052866
-216.60505305217436
-233.82022167785317
-288.19264251860454
-210.74292342197083
-181.75606655592708
-231.25336700470118
-235.80121583224587
-242.66436201070024
-229.31766132965538
-226.56467227538585
-221.05270846813028
-240.98459200786522
-215.32950357821244
-237.5154030809932
-227.43082773640106
-213.82945191225582
-220.65352446713354
-222.60087151890514
-258.8500557115192
-246.0226243481706
-227.12732417982664
-224.67371405968225
-188.87925214206635
-234.87753737747735
-236.10722939587785
-201.49500846454524
-245.81116786451946
-242.11848053967572
-232.74255766868816
-260.640360249271
-232.2336581966669
-210.65382569125717
-220.54462732956205
-211.80540256853857
-222.22244409118468
-222.92257880051613
-226.1057377257482
-211.521638705224
-228.18232973770785
-220.92270067171785
-209.44374365350976
-232.52403952235903
-232.0244834747997
-240.00832626554728
-224.2506010987293
-256.0413228728628
-224.53287428954923
-203.64196345291595
-254.5048465424857
-242.3787330245911
-244.24220538209755
-234.71909761898917
-244.03218850410553
-215.96212714496372
-235.2746929661927
-218.30637415983443
-215.35367752070556
-193.70144641510933
-247.4877592815091
-223.0095283196262
-232.0657972725125
-201.4007025400256
-217.12582874414147
-218.72427650958275
-236.48886761758655
-235.54288327839583
-231.33248262448558
-247.07544355412278
-235.00979373438565
-222.2023091192135
-225.8072734533585
-197.6579057080119
-230.4635513360666
-199.21224886845954
-216.66753014583037
-222.76929771945674
-249.05643062247458
-250.27581456243118
-228.5014194990612
-200.40851350774057
-244.95943143960426
-244.63203001123514
-209.9069245238993
-203.91149294587126
-237.78632903921044
-245.0362142076909
-243.50852484780015
-234.02192952141309
-258.0634533585352
-231.37261437492688
-235.95869237476887
-237.5838144575
-221.48381436064113
-220.34431236829084
-247.95904309436796
-226.8341452230051
-210.9860102140952
-233.84945370896935
-273.4933706183226
-235.7016926968821
-216.56188402164344
-234.699258895552
-254.15227213186603
-229.72725973505356
-222.5300650495302
-223.15360228056107
-221.36704020758322
-223.1365349452385
-221.54384839100885
-223.15825293752155
-253.3855727981801
-227.63715318230408
-219.73518221597902
-256.5551781618357
-261.6600295277085
-234.55479543210313
-222.59210742476586
-209.10316711269036
-237.05661753288922
-196.42081944944618
-246.15986944503229
-216.23917974866896
-231.28943843654167
-221.65179315455603
-233.66112930586604
-229.72044898392608
-206.91010183333682
-226.97901071916607
-243.37015988688054
-278.54871436198687
-236.35988176551666
-229.05832442874333
-226.06352545444017
-241.98441967680884
-251.68768853371716
-221.06456706670699
-222.82055589354383
-249.10612782570925
-260.2718299351473
-232.67260037514154
-248.64877545148926
-218.89674877145063
-215.43115710121475
-207.26090831980895
-239.27672994021384
-222.90177762382837
-203.17730867426582
-225.8961334283926
-199.37736007867954
-215.89042631683074
-261.839587464395
-241.1866633871661
-228.81070270746227
-233.45017033466823
-240.11699404526337
-228.30797316990368
-241.89689482401326
-236.57158608413906
-254.5238603321286
-238.14466398202606
-215.5344444076183
-226.8015391745555
-196.8828866295506
-233.4892316936453
-233.34347626381842
-235.5461193838026
-222.25423354599982
-226.4903817749282
-198.41298466217307
-256.95267702002997
-235.1725572155966
-246.7192742008563
-266.93393950084874
-264.718362658588
-215.27579756154742
-228.04639866660966
-237.22244490466363
-243.9298342238593
-242.30221130993436
-257.96680320864476
-221.8485843131516
-235.22817000099576
-230.6838126440617
-237.67627151281448
-229.76555906083786
-223.63064547209075
-230.70235385522955
-244.5503434654295
-254.4198139636078
-242.24328621320942
-219.73050519556995
-236.11417358550688
-232.24213127938924
-219.26205735640627
-230.69794086808503
-265.4126371081796
-214.65276598345736
-220.09194511930573
-205.98259697353194
-213.98515171026992
-238.25157271908586
-217.18211924513042
-228.810717421464
-242.93571521900543
-255.9437440648966
-250.58696275711486
-226.38129519164326
-214.7006519881872
-253.69870713551205
-212.55681365644028
-199.51558363795596
-232.24020664359674
-256.57932263530927
-212.96195190394943
-258.2835124977374
-243.07641139989258
-238.27012773427734
-262.8021018187343
-215.49103143994122
-215.53168445483783
-254.17949878802858
-240.84595629539004
-221.27470117421456
-216.96889755144997
-242.92239158101853
-227.54426632196737
-244.2918450409716
-235.95565086293573
-214.4885502827872
-232.35582872672796
-203.86865243544665
-222.7574077934036
-232.9380921698483
-235.19038201174013
-231.67954300426186
-234.1684033551278
-211.2301523360074
-256.48948160210375
-231.7076319949735
-239.80142456231715
-237.52527097155073
-258.01884096204714
-202.40346849590236
-230.6076831750425
-235.30344954399797
-246.86377480164026
-225.99347420077675
-252.5206718946527
-235.40724108427884
-229.18581709989974
-239.4883333030167
-237.5370893515257
-222.57673651023185
-241.82274059032835
-233.2812614381276
-212.80404658879286
-194.37473878031875
-227.91456026669047
-229.0385443805033
-234.2150124789424
-232.19655022965964
-243.45912246825623
-222.22927696419373
-199.98597474735126
-259.234569797462
-211.146161472433
-202.27209500902262
-226.6960194703246
-228.30884173207454
-224.20186638705948
-215.4797338706077
-226.7096943284752
-217.8052893490632
-244.1700209923717
-245.363064183309
-224.98528660690118
-210.85329894303868
-214.41350583247095
-232.11966655200098
-229.54122892842096
-199.69816709371628
-251.2240264204858
-236.92285394495457
-236.41248274865842
-247.2926220312789
-245.52192742097685
-217.30972477605684
-247.6448101141508
-253.42187339716
-258.16447365678255
-246.29257409150995
-229.16746673974748
-196.2059829122024
-224.917593214901
-196.1889221800178
-219.45497896587733
-221.13301266678636
-239.77791282209387
-240.34966517010054
-237.19682261243503
-220.79669912704247
-250.78682477623255
-215.99460947290123
-196.66870117927095
-221.62380352895912
-264.7242603521496
-231.7900116539502
-201.80878497305417
-229.671063167377
-260.05398062426906
-233.83579230178398
-261.70500002407977
-233.32061020942766
-245.98545874743112
-234.48456441844507
-241.00917353232157
-236.69884948277252
-220.14712959235735
-243.51923100551784
-246.8275022245101
-251.78035580862755
-218.18045759385512
-219.98431702159533
-256.10215661185066
-206.75571345871336
-217.96890235910365
-227.2530014202868
-248.62765852056708
-231.9382379984272
-232.91700004553536
-235.7440538677783
-232.6212682881767
-222.760774808821
-211.28032215409718
-231.1045889757566
-214.90963900620693
-221.9829834983768
-231.9451190907426
-251.74488797632995
-243.33965469923334
-220.91019717503784
-253.60415269626304
-233.83093485861207
-228.60808775508855
-252.22718932294492
-217.8247844590155
-216.05586868457556
-212.9439639575267
-221.9174814457993
-236.91771552541053
-243.97717636127055
-218.0339176225561
-194.4731193846092
-221.94293806814989
-197.46891033105857
-251.17620555558656
-221.94795633832115
-248.13957111462653
-239.5509076437199
-234.3616968541441
-230.17125966302018
-233.71053602971017
-235.43960670099034
-208.81091583511989
-221.03847651695114
-256.345047635026
-231.1653038558431
-236.66743151326426
-243.90442706879486
-230.506450978144
-231.20608624472735
-198.76698830483713
-227.16015905352523
-234.73420501079062
-212.04387027530817
-244.7170735666087
-211.94464563757475
-199.62507633406904
-254.0059421564809
-258.6854811837333
-230.98527093598767
-227.65260791639326
-241.29734131646467
-245.49747726006615
-212.87759182335805
-227.5575764230255
-246.96955355616285
-243.81164247327072
-227.7082476123854
-237.48548982835626
-228.48916250115602
-261.202424660073
-222.53146137723155
-253.1048051633777
-218.13855708598015
-232.51593967720657
-218.7196695729544
-231.3844539763893
-244.22169698217056
-212.69281971072897
-218.5722903627226
-203.90248055679513
-226.11369014287882
-239.65163093133776
-206.5104930047534
-238.11565524640366
-221.5060402916696
-245.11402384813704
-232.13462699004663
-208.6733789909581
-234.71289085032726
-238.57335470776394
-187.92983763807155
-250.47444517390778
-249.2046096657527
-261.3945500864482
-202.63003973387282
-259.83950863375054
-197.85724197879944
-264.37936197602835
-232.2131630166446
-214.29833823699533
-271.796572165424
-223.55576920951796
-219.30661672993153
-238.24305208089606
-248.95928317369368
-234.53222982642956
-219.5122877999005
-210.54098639254852
-225.55263671346756
-202.39057395126943
-251.58426810295379
-257.79564964025855
-226.9141231168521
-192.04236976629318
-216.07319715035408
-233.76950570712654
-237.7956271475428
-255.5245861901002
-239.73419433449246
-250.52604690725803
-252.47841511097653
-203.57752960107894
-253.8321279524674
-275.20614125275085
-259.582988229144
-257.4846261209386
-200.56127600230928
-247.48043390200854
-237.0704323605433
-205.36815672744999
-223.12112843804846
-237.26156062047943
-251.734003593118
-224.23645504454214
-241.1746377975163
-257.8708805365531
-248.6101372080793
-230.84262768449258
-232.66353485857942
-262.10574419375877
-255.50085738998126
-228.54239907590687
-224.93589814072072
-236.42674285566358
-209.50596830965614
-262.02100332446844
-239.09170001644128
-192.82231518947316
-235.22967533328404
-215.46701350714824
-206.17999657655935
-212.76160156070358
-221.6228626654282
-242.19312988586347
-237.4656123394735
-223.24587907567548
-241.41665401390586
-254.01841388463907
-248.87129528160557
-247.66023290219778
-211.62442202653762
-235.35755205977983
-241.5813332168379
-209.1743933222406
-246.18519214099956
-198.1402738169271
-224.9851268495333
-234.00004319247216
-230.49943942683896
-263.79730602248753
-251.95531135138765
-244.57705879512284
-239.61964320075202
-232.75378863147307
-236.8639298584539
-248.75820386241756
-250.62363152370162
-252.0244708637247
-247.27261032221537
-231.38820666263393
-227.8100478893771
-251.71969069458396
-210.8552711919532
-258.20697013609845
-234.4644363926914
-245.49541640460234
-216.25698883937105
-233.58392818802704
-264.80153493256535
-242.81699702876415
-227.3953780802164
-192.88121837630916
-221.58300291914566
-248.25802593416176
-234.40365360383578
-235.81890670512345
-273.2106332955175
-214.4250139710756
-258.9089077209619
-268.48366510443435
-225.85992630022918
-222.3404380222318
-216.18987580846795
-240.7609056046171
-243.92423196298842
-230.8647753533368
-248.3628768545848
-234.56489141972057
-266.1620659502613
-216.41302470373608
-231.43487200103488
-217.70786914745992
-249.78833682715342
-243.35808315644914
-230.7153189720355
-263.0144709240658
-236.34674770462158
-235.03618055216788
-235.43043985555528
-243.8791798402337
-226.69732079282403
-234.93157056426247
-241.37345513041572
-218.92129149559457
-233.61871824438674
-225.27063847272385
-244.04241550719465
-258.7202346284263
-238.9596425181062
-239.970673138976
-236.12938775410538
-263.82740933227205
-223.86062635664237
-222.17290407338368
-231.4041737739891
-228.79892469900952
-233.22711387355167
-242.64581604456384
-229.3778232851229
-214.3164325782567
-240.8895292778944
-217.0119488992332
-212.27859144891352
-239.1172820105029
-248.46990081941135
-247.57922580575854
-241.97424439699358
-238.42450076458687
-250.8171144344256
-242.7479961698612
-233.5698650921573
-252.60965294794198
-234.10350201888184
-243.09501255882105
-238.24558194423517
-207.5067655358612
-249.77384467304074
-238.24377463098386
-214.84163449188526
-257.76753584914906
-250.06954739213614
-186.79040445803952
-235.76932019316808
-238.02256685173688
-262.3435723738817
-250.4033051992779
-224.0233593901168
-231.20164520468535
-230.53202957334526
-225.06538032760858
-215.13978674772198
-211.86456593103543
-220.32965373993346
-263.0660322199779
-222.22566721623303
-247.09130508838106
-204.7132211141956
-206.54970462694354
-216.7516470788849
-245.36386503873382
-219.59590330486327
-224.1609461414945
-229.89357873652858
-242.64081512467277
-236.4539644166341
-202.34384912148732
-234.50311992204013
-220.59028485594172
-236.2157997571823
-257.55232055579654
-230.3095556650811
-261.7880669877547
-207.4880041878109
-261.86732944648344
-228.14592904921386
-220.49874335274222
-248.76530813942338
-229.51034632367947
-256.1263313464201
-250.38589409091225
-214.70221273636324
-217.24207428428514
-206.456142516984
-222.94846902009866
-241.24268661692923
-241.8645646573333
-204.78609000381414
-213.45943545625664
-215.74085373064662
-249.11845519022611
-197.63163167047824
-231.0325263309761
-240.68074571255315
-252.29370438798748
-214.88960770053018
-253.98067619667174
-252.89258731741086
-237.54086391915268
-273.6238228903803
-215.6519689638525
-256.20198498562377
-245.03591830392745
-234.3397880881215
-237.0514874182572
-210.82956125765156
-241.52471292523612
-244.69979678837592
-218.16830885943676
-209.39435679985957
-238.51366400150113
-238.18004398805726
-218.40056758655874
-226.8430813450828
-226.311341679156
-239.77505516010788
-219.06958826124412
-211.20062191844985
-248.0409230141669
-213.37704775045808
-235.8021504123787
-243.78756443687615
-233.417820801515
-226.0539505421635
-232.92131894239802
-245.98823790131553
-222.91061294149478
-209.51242313315518
-203.15186759282162
-234.13196968574835
-194.9003106149218
-248.43651901231834
-232.99170574209973
-231.77546520187803
-241.82262135202257
-251.603535134261
-248.96703538901846
-226.8203387134971
-228.20520798177756
-212.6400964322823
-217.84118484685382
-237.73521034337097
-243.198166228475
-222.94910735247294
-224.00721171187348
-251.11145671851088
-218.11095430386797
-211.4785594762808
-197.73616981143525
-233.38996579926186
-241.73133151878454
-236.11763195362664
-247.40973609384122
-232.49766461607604
-214.20822083806476
-211.77074556871594
-233.71895575635588
-229.12824133043708
-210.92095774662351
-235.11406715257647
-257.0599094070833
-229.77976222268143
-217.46000157780605
-229.9263108929596
-241.62228918825627
-219.47834398034144
-229.29640941959332
-214.84166248449458
-232.27334341476018
-228.04342091615524
-204.44994879430396
-269.5058953118589
-232.3306737203926
-272.22755621880253
-261.7759339256279
-207.0986156903623
-246.30962253163952
-207.99432913843046
-216.64077322659773
-251.24532473614437
-248.11965974532393
-247.92887039505422
-215.1545191024614
-233.54238322839512
-236.18224694405717
-236.94358666822114
-230.30040570824963
-222.83460964044272
-239.41661227050702
-225.24740530067447
-229.55376012289724
-243.8609233601233
-256.18025175216064
-218.95287793314608
-240.73138582212988
-213.8896350373065
-217.6136437017434
-231.1643955541384
-234.84492561720413
-237.0030366358993
-235.94808310186124
-222.77310839785974
-238.40177153489915
-239.8617862596035
-208.16022093159887
-223.02660811307345
-199.45292345920487
-237.13391814497973
-267.9281491964332
-239.01818988018323
-271.29061732395013
-244.82918500448042
-204.53111411012839
-228.3450912875564
-235.97595749194048
-214.72291948292997
-226.76275901633053
-221.199745506025
-229.21825403362112
-227.6661241572269
-248.87866160250894
-229.1427472678995
-232.24367672006048
-215.29090181531922
-249.31441900634246
-195.60500205914266
-203.86086327397055
-219.14865722472194
-216.6072281075795
-272.8539256917056
-214.59662131622832
-236.04838820331457
-212.3935852392309
-288.0507539290712
-219.23917352621692
-268.64812268879336
-229.36977812001874
-257.3499081151965
-243.3420611501499
-198.03635478694946
-234.67117549006846
-225.0500264172395
-222.13501451033466
-263.2821128758474
-206.90796966022342
-242.02468312084943
-216.96671599198004
-243.9603045845975
-189.53802984837543
-212.78762324060978
-239.53752064755605
-247.8506683129569
-206.7239177240755
-227.91381240412426
-214.83501685962767
-228.03272226403504
-231.48474151450768
-240.00759894692322
-230.64746457450303
-253.68799822039404
-243.56460201065113
-225.28643904852726
-228.59594642679554
-224.46657238259752
-224.2589514928348
-239.14045380669322
-218.11780181708315
-191.99844757166252
-239.62710447871694
-211.5418145040288
-229.5266812904627
-239.0133983186113
-218.63896291230407
-218.19124129529376
-222.46083347110476
-250.28382169377144
-239.58591108976904
-217.96712941847568
-238.17073624205057
-227.0172289623908
-202.9090011404077
-245.33325536853908
-213.68868438598608
-204.10702595259627
-264.7888722383461
-219.57091089531545
-205.15602970480796
-252.58904583013583
-233.5591445604082
-211.9250341245282
-229.33774724102838
-218.17180216671608
-234.57735714846413
-201.89262203939072
-207.76633746230482
-210.50019705969692
-252.29171314706616
-218.45085410826215
-247.86483975427467
-235.04690587839232
-230.1830219874532
-214.59613939697883
-244.63487506624978
-248.08013224620356
-249.8186743755282
-228.92588315017724
-269.33676476750816
-247.3259611256385
-257.25684539289387
-244.93440829617566
-215.09628124691972
-201.748976115775
-204.99797895580645
-249.47514021136718
-220.69028408423918
-217.7752302927612
-212.04552452471486
-252.6703243600437
-225.73327181721166
-232.75793509372932
-230.555182976045
-236.40389538822984
-222.29423372410594
-266.0411844021049
-241.3912617956224
-256.18229905269624
-253.33515992775665
-230.82866140223499
-251.19380445209066
-211.39037112428937
-235.33292119242856
-231.8168186494599
-259.4601411129184
-245.24218953985107
-232.15946837321155
-231.46311823389
-240.83347921635172
-209.95577852414704
-257.1662495318593
-266.5041088745687
-239.55426491507131
-251.3030918772252
-246.9383517380703
-227.97699283402358
-217.42414945343285
-251.320552923631
-247.40501123364743
-226.01838361943805
-251.14903306944032
-238.13859952386684
-242.68292731901732
-242.23409024881101
-216.46154007564462
-237.72126452948055
-263.4582191080336
-212.97796608881686
-241.48771943967546
-250.03351221194765
-226.6909399084003
-257.29222739256215
-238.82106775054868
-194.15355313712723
-236.71346384416867
-215.69735389077164
-212.514767921462
-249.42178155540168
-233.4866425404129
-236.1660847101693
-232.5138861416824
-253.14404095382076
-190.06582452997696
-191.23671543902543
-225.74921191938364
-225.82892955179514
-236.6075979890663
-211.20174752554726
-249.81137993158643
-260.1021684320308
-240.5656928745789
-255.55380285712866
-232.76834253407222
-202.21002043714
-236.29950248180575
-245.3404060479153
-246.75268728346578
-247.07062707353745
-221.8810125123885
-262.79942116424843
-253.45525652203065
-230.74924696878531
-224.05542175468318
-246.4209647590505
-257.50255825223087
-254.14336618555402
-239.18047030318144
-237.13068767837325
-229.8855605915968
-253.78860998901862
-247.99763994969743
-228.39252760114715
-251.91880724321564
-263.3859347411343
-253.5514933401167
-218.25639713542262
-236.75811759952705
-234.56173927050062
-212.98322700762128
-219.6985215050044
-222.45132847557494
-236.1948173492816
-228.51529488931993
-234.91018501703346
-216.99288555467007
-200.35366516301295
-220.87824698767008
-247.13907652788794
-210.50563717045128
-270.3179231159538
-233.953625952116
-276.2257006796543
-233.65804545686052
-241.95079623733375
-230.52564354609171
-232.45752283043578
-238.51679894959332
-251.5220352067812
-262.6088628678966
-241.24777523027467
-239.95754411909556
-269.41523726184397
-251.87693721118774
-232.07844297261656
-229.37451894538094
-246.4683789990818
-241.5625045861596
-238.72489197585145
-238.4318736684335
-255.63680132250306
-223.12316305575382
-248.76301853290556
-258.64240083108905
-256.24443832250785
-240.73480836193193
-240.21100321669365
-226.9830125706991
-201.20835646320074
-246.62325220597648
-256.2254354236792
-255.1032774138032
-244.91832475003022
-235.94569646464385
-215.4250819311716
-209.65274440610898
-239.08321794335103
-229.4488412535936
-231.6328400191798
-230.87969756876043
-227.6935709047761
-236.56797436894442
-224.35990318126042
-230.54401766040218
-292.3800372025356
-241.22922735965045
-213.32572325431198
-239.69827667102464
-236.6224919344565
-218.89034737098902
-233.12838752568763
-211.98881987217777
-231.93918462380077
-237.83076803181518
-232.29405719604082
-270.66389818248683
-256.3039261474796
-236.97796131552195
-249.25774637652722
-243.35022769373714
-232.95818362636592
-221.17040552655448
-250.4231792437197
-250.51124327626545
-219.05368647148003
-241.15990535788683
-239.40088100295216
-260.68692319532624
-222.10224663699648
-241.07366722436024
-240.982659773313
-224.84323221861706
-259.8091463404065
-236.7005225348218
-266.61776938602196
-228.45354264841035
-270.70116023966284
-269.8386779685882
-220.90751367810572
-243.2821554732344
-236.48979978863395
-242.8857283069156
-218.35184054657122
-257.0710954040872
-238.3072108822647
-219.89601663949193
-250.70407596688847
-266.9457157357591
-249.18697394183062
-218.78574709577606
-192.2109224438529
-257.4832730111651
-253.9571584036314
-255.0718181249424
-230.83203772930176
-260.2244603887375
-232.99980174690256
-228.696572056525
-247.2619159568641
-249.39253431393365
-234.8150265579174
-270.7013108825569
-245.01312031633796
-230.06664910601646
-249.97513672474173
-238.67539700250344
-248.34259823483114
-227.4486276112291
-224.1325571194679
-244.4971750515203
-235.57549930545844
-232.6039056670566
-259.5454776891964
-260.01829894570454
-216.82474542444015
-241.76235305597055
-245.4592319450668
-240.5032655217056
-213.97719499095794
-229.1948163655336
-238.92097375906954
-252.53220867406804
-250.62886538816724
-228.32249623686735
-296.0522007342953
-226.6699453323087
-219.51963660977688
-238.54121575775198
-250.37021866003636
-244.69655816720848
-255.15795500956983
-245.76311999693155
-240.27931930598584
-237.30181054222152
-242.44562749120348
-285.69879986262947
-212.55475715844628
-264.66052615866033
-236.50665497200362
-242.2345276116406
-239.70627829608563
-234.6099015679477
-244.1406723483497
-245.56934004751415
-236.85015843409982
-246.2878408742018
-202.51075259251274
-251.8819720097714
-233.7029299035909
-212.69225678645154
-278.56499110000556
-245.3524395366687
-268.3380351143828
-253.73391339205045
-241.18806491452773
-208.35919181661257
-231.2074882246849
-252.33779637572624
-229.53653316199166
-249.9277637061436
-298.35029288090414
-212.86439366101928
-265.68939909136105
-270.6177496479489
-235.24464139116577
-281.68330008965273
-236.5516260143571
-237.73740945002993
-235.63649346821387
-234.4986749867069
-252.03415131684588
-260.47770117922806
-247.87658893958388
-222.77664724569243
-229.84752769228618
-248.19524808163524
-259.0332876930693
-306.8213373412268
-217.35191615463884
-232.92033310114465
-245.65900665007632
-239.18666753757566
-258.0714577408556
-221.02841136956903
-264.7380650132196
-245.70477563994356
-259.36885333407633
-272.8700361335757
-239.24962366737438
-218.87869982810287
-261.3221503485736
-185.37200287673096
-206.05936413784525
-231.4216419893076
-222.55053706086926
-230.09545870325195
-242.82996055219786
-261.38879313442476
-245.0244011525152
-224.76095756639643
-222.87837951098095
-225.12778522684573
-240.87150276783825
-241.1636201195078
-227.21399237385003
-277.91345339715934
-257.5278249982182
-231.3194081406779
-209.99063810870885
-226.07582519407828
-219.98545225072368
-239.65162170237346
-239.39444643392596
-233.2537183301157
-244.99819252539953
-198.25965832887897
-220.31295247911004
-211.55197529416435
-235.2048569728916
-255.36171363314645
-254.0071472069607
-209.94486493541518
-237.96442347475153
-214.3919153343062
-230.46548637044506
-204.32125851802135
-236.67148640891946
-228.93610016428357
-220.50951449056305
-219.079849129698
-239.6892644452917
-219.60721326467194
-224.25828735010674
-238.14423835545904
-232.17551890533073
-260.3194656135125
-261.58070201549964
-242.68151599281146
-231.09539533591436
-239.0439942705693
-214.20914138110143
-250.14542314524937
-269.5058033474842
-241.3242391553091
-217.92580853727804
-253.88818150190684
-227.47977753884413
-267.8465159985217
-245.51556255956027
-229.0401742201445
-217.4235871122229
-260.04941555038596
-233.43218163203994
-271.4974244012819
-244.36867258185046
-211.27746442857654
-206.15017852244142
-226.55932630402987
-251.78886956223803
-243.30095196171393
-270.0496623096253
-236.14258443865083
-248.72131186253017
-255.7454966257292
-226.65017067299522
-241.6961189960097
-221.96900394482495
-247.99560294758027
-241.62973399631056
-242.23670880834806
-222.59652527201547
-220.07447466439163
-233.82446032996674
-240.84418964875584
-247.3003376933116
-253.75525487537513
-250.9167076649145
-222.25719103084043
-256.9286181208721
-253.53642758386877
-270.3741086083399
-239.1625782890859
-235.55143481725065
-249.08050910584103
-262.3797133796463
-213.27878204757616
-243.82025038222747
-245.81901755882336
-261.13598749134724
-182.76384403240314
-196.79398796773052
-242.52708718006429
-258.4704122384019
-258.6229446898144
-223.53593964931025
-261.0472186681221
-235.74427579119555
-252.21633027295798
-268.3555791576148
-235.967832336944
-218.6672806473037
-275.4415887938896
-241.59158981619788
-245.12820555351962
-226.97518116684245
-244.00840852784847
-224.04247517580637
-238.90207018177415
-255.89121390921377
-187.67513274422834
-234.8629772463882
-255.15436577621574
-273.10429674289804
-234.17279845240085
-239.25527903710582
-211.50785451313362
-229.30740371309705
-249.19876487590344
-239.03039694113687
-217.3807892872166
-235.08594329690325
-191.13754228964137
-201.64612454263096
-223.88067338218139
-229.4295125111666
-250.11278135997802
-240.51485385256007
-236.6916393262514
-238.310957944186
-245.2937463784148
-253.98669058106532
-212.52842006585058
-216.18430848506276
-195.2643068996221
-269.2553127569901
-249.44848769680192
-200.33634714993622
-263.6961485710694
-221.2993249282693
-212.4137331052694
-228.5501464126118
-235.77403413746822
-213.10936207096637
-227.26629776609224
-221.90449403294969
-228.396692358123
-229.7174024275881
-235.3932762618952
-272.33345109055153
-243.94322999663274
-239.6314508077848
-214.13047919009483
-227.14088952352395
-208.3021497779707
-248.95194570600756
-200.4814720320609
-206.62089923583147
-230.76188526198774
-189.9775671504592
-246.17465866039498
-233.95997078064178
-264.2895619971838
-242.06417673007218
-231.83323650792585
-244.13962824027985
-234.7093743357841
-232.70169384545392
-221.85488439536942
-225.78195653884893
-231.91316357092333
-266.1337992678428
-243.88942207344797
-203.82019594148525
-185.3451929152895
-211.2093533200163
-241.15359373545957
-230.67155771167728
-269.341580035172
-240.47860540773712
-247.2072045246997
-225.4793487648348
-219.51044343594168
-244.2285525278381
-235.1708392833658
-228.85577951705963
-245.58558288627154
-219.7612052440242
-229.5460337866124
-230.9720376659672
-200.5034568761737
-200.02904735175446
-253.5648788843091
-227.82038395117058
-237.92919622726697
-230.58709667051824
-229.41368806824582
-228.84927709029697
-237.75211043958498
-254.68073459977973
-264.95831945840666
-232.24321170787965
-219.0996512219658
-219.21395601634686
-237.74021718311243
-213.32748449388725
-259.4720331630364
-220.09539385119027
-245.15918031244973
-221.49749015769237
-227.58041631884663
-230.6835312363001
-220.14564377861103
-226.96060873730164
-251.80159629128434
-218.2532606439084
-224.25785883929387
-247.23080133306044
-249.4171299952901
-240.04161481701743
-226.65364109487876
-251.73626961161244
-242.44823045300564
-237.05793313712383
-196.08532222117384
-254.71110156614185
-252.56890643517914
-257.98006746705596
-246.57056386342623
-230.71379315748794
-230.13721092796706
-229.27940770493484
-196.75021723356826
-251.81055359423522
-273.77874349436394
-214.88500217373203
-232.95793529079754
-248.79925655225267
-243.4698221406834
-233.81018822063606
-251.0162681774819
-246.21871560117165
-202.5956789387293
-244.27765384269856
-232.8995975533449
-237.92439376339846
-239.98965068113068
-238.2089628854718
-276.8297481179927
-238.95877106053138
-224.3303872351352
-250.34693930740679
-242.76751197079358
-237.80711625496667
-231.29948191050653
-219.48772185720128
-242.5785608025434
-238.34808852643027
-266.13011665559236
-251.08989906766354
-228.13217691361774
-243.4356082301594
-234.10822019029894
-247.84305942659952
-235.78428438594216
-221.1887302985548
-273.5636254338983
-259.78895125275704
-272.6257863036999
-229.7652874615427
-215.54745823492908
-242.73575370943468
-250.9272836047424
-211.26865314825096
-251.8235920548594
-237.41734228741362
-222.6392640901877
-255.5359663250653
-256.0626872481656
-235.15709427034128
-258.75959262427284
-209.2299916920464
-270.95547185049065
-236.2235086933144
-239.876929692111
-223.54939982417517
-234.13369377201045
-232.9627097719682
-247.6653637676485
-254.27859475976464
-231.26027521516167
-243.95685584789442
-240.64484878685448
-258.378969864135
-202.15400626675785
-232.08116159153272
-213.79183978600366
-213.9754495875173
-222.61724567601124
-241.9113005846616
-230.51576163323625
-253.70305015246535
-221.49506356020072
-217.4338448970248
-201.4144312955283
-260.5335057127544
-252.84091227238375
-236.1152665754364
-250.35963684250228
-254.02882758627507
-233.95148662701257
-242.45632444710222
-215.64480021527783
-242.0523699383244
-195.16297674146932
-265.7902248606267
-223.12179396452143
-243.45698184830263
-237.27255487172542
-249.84885966618523
-240.79855936549717
-250.02822551059066
-253.95598966502186
-220.39604767051298
-230.35067358774666
-237.21425443746176
-226.45420694762845
-214.58688842383376
-230.58653732357547
-214.12171873158266
-241.8877017265292
-227.31567300309297
-261.1542010077703
-251.23009269606786
-246.61210213771724
-223.0198073736484
-238.3332632181424
-234.14107150761805
-223.14375540395775
-230.73442744903988
-243.3922232997332
-233.61025512114878
-219.967727745719
-218.81237602076916
-240.9698123853845
-248.7629474876308
-214.7079325154569
-232.4253349524666
-227.86724693602895
-237.81278536376323
-226.80385101133737
-215.03041390511606
-241.91535672569483
-256.50346840671864
-221.9708864261238
-223.6620111717264
-206.95411962731737
-240.2428599865126
-230.0770904937545
-230.3113935411958
-242.49183644827923
-259.1698940894794
-220.1047474906917
-205.19159673731633
-227.77516991420305
-264.8779447634466
-219.85077671997115
-275.8270199818072
-204.1400783152808
-249.68132239715143
-257.3213004570478
-262.45535870084524
-238.467529977872
-218.62758322070368
-261.6109240563054
-249.39974183116385
-217.24284034471205
-246.55188341719122
-234.68350647057602
-223.3446338017506
-226.38770416234178
-239.06886968635933
-231.14077067102937
-259.5014772988735
-222.41243136835612
-241.57821260465738
-255.945329729334
-233.0487691420646
-241.26125613170854
-221.9806468787275
-249.6503490004158
-220.97826389749352
-228.4937143915277
-249.86462588391333
-244.65295022121916
-215.03995621795974
-240.18235484901604
-267.47495519094423
-211.59539626702667
-213.5223354047166
-253.239131178393
-222.54766140286318
-179.32333632488718
-231.8084191929613
-223.13257299720692
-215.99041183968393
-222.19254521433845
-251.2061489246762
-213.27239280558774
-266.79742529176184
-255.9392809520335
-203.57664783629423
-246.29841629237035
-238.39683695686512
-216.85792554194504
-233.64890915473367
-214.10240059817727
-199.45543090962983
-191.5144448313617
-234.62466290798625
-243.31752269760625
-228.83245270464943
-235.99747855291037
-243.01662336556538
-234.8107473874892
-206.92803788668044
-206.1650177337964
-241.12908736543955
-239.5854707261848
-229.9798469059653
-232.83300923543982
-214.91461545706954
-217.23980104628663
-243.5081075832444
-219.91706471843082
-238.7681374247336
-263.4073260078912
-201.33223018397717
-245.57548545585644
-213.76475276577293
-247.08431007041736
-249.0675611778563
-249.5682099680602
-247.407369564654
-237.9421847583332
-222.5524545068974
-238.34994133017548
-244.95397243699654
-236.2531891321148
-196.12176812171782
-244.64981720130032
-239.8135273813423
-206.12059041925505
-231.10865241024317
-245.13258287562508
-236.61183734838102
-257.49397235090714
-277.4423572483206
-232.04041685500587
-230.0933890328929
-255.98067254331235
-222.3875053090262
-240.88858015708246
-226.87773184209183
-238.0246892873386
-247.23730446741504
-260.50029664128294
-214.6935922653544
-253.86645351644736
-232.41484009826024
-234.55472996194374
-232.05580507681236
-230.12911748290605
-233.51384456553802
-211.6156998497189
-222.01508143132043
-223.93158550048634
-254.66196283672195
-217.17721460712283
-216.92132173977404
-235.9639355363204
-242.97498729785156
-265.0143089805376
-241.86378138397788
-233.12787008963045
-218.13692834400325
-212.50099215263435
-235.9098856684733
-237.30256462800855
-229.68840395171972
-252.8541649270104
-216.13847848402236
-241.86020456884958
-246.59755321327475
-245.94677366725784
-233.81979955538696
-228.45967164343324
-195.46762646545602
-243.7504585338961
-218.99177655951104
-213.7928023072508
-223.43913333219498
-258.48076482909767
-230.16189498894857
-219.97946456687623
-217.51906292732605
-223.50870012560085
-221.85232470982567
-234.0246379682983
-239.1499767368398
-232.67766031608681
-246.28350596083334
-240.53709434870217
-200.11476515127907
-207.90732066662494
-208.12683888758636
-224.31390173617703
-205.78194078509677
-229.61820521168562
-239.59687600111204
-229.23910949597985
-191.32120481441115
-206.8068619479363
-246.07317960445332
-213.22973499692145
-219.00295370031455
-243.2378355296533
-223.55086557499834
-191.12756810004907
-169.0222411745106
-243.3998285465239
-214.47469122187886
-231.90630393689713
-221.7374038992114
-254.93485166436813
-218.19437339647726
-225.63206960421564
-229.73151088850616
-205.20800282375262
-239.6791101241344
-208.86051626439513
-250.21757760574883
-238.31878426177093
-220.48173417626032
-227.17674711617798
-214.67748554058642
-214.0656826181359
-221.077305231256
-227.65689187160874
-223.69134144355854
-204.80037112395985
-235.9926033032295
-246.06767018097875
-227.69883268047795
-252.07330880237356
-216.0330613594598
-254.74153630640433
-250.38811467482634
-244.48514569725558
-247.31858631145766
-211.28131092922575
-206.14257779898307
-215.08671259762735
-239.60082769351624
-244.36439447140168
-226.56808874779205
-238.55475287221378
-255.07554596016544
-255.84496408576211
-240.89149508167316
-226.88460378167954
-189.52285267239483
-200.31224487109358
-211.05131101037972
-214.4067986681124
-206.16335420542643
-235.24132470336684
-267.7943451553984
-225.86808159413232
-252.7686762927442
-242.78066379553908
-245.0577475207636
-236.16665903062363
-208.91268173828857
-248.39188838038928
-200.88422275772217
-233.84949950694204
-200.1433917604145
-258.6223552396357
-248.5004908081287
-221.2234977743849
-217.6396996128909
-228.37535962393656
-255.44014076206054
-238.7196510248184
-225.6544458410315
-244.92136365692306
-219.54909990104065
-240.23941411934328
-248.53610535638356
-241.72696041404873
-217.70172758029196
-240.37466333338676
-253.52666182751534
-185.71697154405211
-245.8226647590355
-239.4051096598526
-239.95775819503575
-233.68228138061642
-237.6999001009396
-206.92409494233505
-233.78213135013817
-227.22652007493377
-234.0340619592655
-227.88420815642394
-210.23323414688792
-254.79350705857541
-247.08822600272202
-241.64069371552944
-249.5528624662772
-247.14553177592776
-228.62494534508969
-238.16538175252964
-269.46691465175707
-231.38780983283135
-227.47209862931453
-249.38483043366756
-197.7452373311658
-237.36334917498203
-239.1326639502862
-231.08584345693794
-239.40413857599478
-218.65051704578633
-237.54458520933446
-244.146567599022
-243.78439826248388
-263.85636985558006
-228.66910620006553
-242.46391137253542
-231.85595931411603
-234.3903231693913
-213.22247779237262
-233.04353759154418
-249.49475054575217
-234.98262180813919
-241.7860734095101
-214.74269786313107
-252.27554424102226
-239.44895017543013
-203.5871944668815
-271.38416185574613
-236.46336236195822
-263.856704293346
-209.13394628169925
-217.61937979412636
-207.83097296083108
-254.244695393313
-210.9422839681822
-215.70964174736542
-217.60286924310992
-245.1564514070735
-280.606732287358
-267.0259810526407
-226.77424038015525
-212.33520099224478
-207.8893614283805
-232.40652747059056
-211.61795389121858
-228.9054098347918
-252.3177713873826
-213.3701608303952
-229.53838221229447
-210.08577154269474
-248.59109209917096
-238.68392302047445
-229.69941887940865
-243.67841515762836
-244.36090282539197
-205.45813966033228
-237.1600975200106
-218.37005030398143
-234.91982949375398
-211.3398910056167
-257.16202990530223
-251.52403986284943
-219.46508130370103
-239.87969624579893
-240.44322552018366
-244.12568936717759
-247.35612624084519
-225.8589148656177
-224.89424527478326
-212.81980530753316
-239.99718611383713
-218.4999063108503
-246.09172259841262
-264.34976948791274
-235.46514385135742
-226.5582549386605
-246.51429889325433
-231.44475844644796
-232.26259226144333
-228.2988968361933
-207.2016296461931
-213.20094616498153
-226.63683730170715
-235.15544441256992
-214.42603454532113
-240.11514148868855
-243.54586320483557
-214.10702829523044
-223.3165924895963
-251.4326600030956
-256.53521884722454
-207.7747381043651
-225.82019985784046
-237.63371558269296
-234.53494278834495
-242.2633918069423
-206.27304803825257
-252.53473109904158
-226.82922605172377
-220.76931343735708
-233.89162856272168
-227.09415769698867
-232.58037306061104
-215.002914882778
-233.26178534971447
-230.72822976010093
-226.14799135846877
-244.83334613346776
-236.60492361735874
-219.33630834557692
-241.16326766538037
-235.55251580345498
-250.14712994407367
-224.00824553868415
-241.4101566225886
-293.55659048579025
-255.38154891840634
-226.64642146789055
-238.7314444122262
-228.9660442407186
-267.7373581434534
-243.62665763585414
-214.51295390244795
-238.85737711413503
-264.7509980205865
-246.0449753400107
-219.93848370837395
-249.3168825881022
-202.68888830235937
-213.9351344200733
-243.5329789061663
-222.84671731375738
-218.35669648706005
-243.61002889309947
-257.32176739680824
-234.37653450429363
-229.5710802354312
-229.21618930692495
-229.29033619138346
-241.5505702325037
-212.6949186168178
-219.5188243004533
-237.34975977912
-228.542503906947
-248.0145682130112
-249.01691412744074
-244.8793417515123
-234.1082922237725
-239.59143195597773
-232.22035514959333
-221.7773583354558
-197.5820753103689
-220.12114646362048
-228.74269149003678
-224.9030440578989
-199.07838706359644
-238.93366463083726
-255.47736290866678
-215.292107342331
-263.6846551228537
-197.80032951431673
-226.73972541843779
-237.3722915174493
-253.4845151055779
-221.61977124144073
-243.26864651930606
-204.30737497755132
-278.6537304233245
-216.6377990896017
-195.58976605853633
-261.79224141784215
-235.11960432187487
-226.39900318226125
-205.1314720524306
-226.60689704745306
-204.24700351354008
-251.11821894139388
-221.13890410526318
-239.81322507744687
-222.94190716683943
-192.82549325783464
-231.82970420005023
-234.74219442881432
-250.7736869010867
-247.2514318060485
-215.06895453037166
-246.53609373822476
-234.57829994053708
-213.36270776967547
-238.4404077965844
-217.68291166179836
-213.06415845537435
-250.0128106175462
-223.00585603319666
-250.31559130324416
-266.78560795468513
-235.99491022963997
-199.34059719924664
-239.01722735940103
-266.8570279579231
-234.21794069233664
-206.850381165456
-249.61549540193175
-219.8874034067791
-211.92223203912494
-238.32905268577974
-233.28197578974664
-238.6683853068261
-270.35827203443165
-260.4689001504498
-238.64747375562877
-223.12962305168463
-262.42773397425896
-231.61888774116625
-240.47566446547737
-225.79468471009113
-236.19684305799854
-225.03247956266324
-245.95017481689035
-264.6528288545152
-249.01701305512648
-223.86146067756277
-267.17013339647787
-221.43716078430512
-263.81852074957783
-236.1469194460141
-237.14373517486806
-214.2945651509919
-244.41709748785172
-240.76034005997394
-215.50777551016552
-230.57038138852886
-238.37149413920858
-244.53533520231508
-204.42096538922343
-202.23429390777676
-211.87859002051806
-227.19877959038985
-248.49209562988318
-227.03596044867282
-223.58930363199585
-250.36221008633802
-218.48718630530016
-259.6123426607134
-203.0736677068703
-224.28616501287823
-229.30650994348179
-255.208256284034
-229.03919710950345
-209.26273113911887
-219.2961549374209
-230.1425967037157
-243.83698135681786
-223.61822392604012
-253.34591692303536
-187.60534540657807
-229.63617221839746
-224.6844485717649
-241.2892434980995
-232.81748685812715
-246.41607189589607
-222.25695832825355
-227.16216760832808
-241.80994433696054
-251.81317589423415
-212.7205375942392
-231.05076942483996
-267.41955007233787
-259.504104310702
-227.6327694101831
-212.70235525811825
-226.40329817580567
-236.5531867780492
-230.27088441275328
-239.1854918154249
-221.03109624055244
-248.74886765797646
-198.5980031584079
-224.64514611074947
-243.62745479620952
-265.37055960255776
-227.2458086936481
-243.52014387265473
-222.42381285080916
-255.62396697203144
-243.2108747204452
-204.0082329288491
-251.10335661546912
-231.45791821328731
-242.34581275713123
-233.5419350880644
-241.7959407683697
-214.5430146638675
-268.6037332539704
-221.64295343361925
-246.764024831845
-229.2064090970125
-236.95962022427966
-207.76345951063033
-244.6832360029599
-222.7501759624838
-210.69284574761548
-238.85150039276704
-232.4836306968477
-275.2831564433588
-263.8996199165332
-248.4548951143047
-233.0633981843485
-236.54788939391653
-225.50370068830927
-247.5441990479751
-209.39006590086063
-194.4076608070306
-245.77343847621268
-226.055685526687
-233.4589894111606
-235.38597940723292
-226.83679114261844
-250.22606276270173
-212.3607026734192
-244.30099100138156
-231.26574295191313
-251.36941084290507
-226.01861927136054
-236.95868222240796
-256.1301312339273
-194.70337981044236
-209.9785927378989
-226.144201691467
-225.5046236823431
-246.32459660263007
-235.06539139127614
-216.48551518264424
-205.6044535978773
-232.17490147007263
-229.93024842640494
-206.0370016062238
-215.28064169168897
-232.69512707162778
-265.1864634698078
