74725.09408447133 74725.09408447133
69564.83518290639 69564.83518290639
69564.83518290639 69564.83518290639
57246.53139389233 57246.53139389233
56333.57697739714 56333.57697739714
56333.57697739714 56333.57697739714
56333.57697739714 56333.57697739714
55687.13727842185 55687.13727842185
55687.13727842185 58375.71831681366
55687.13727842185 56047.365240147774
55687.13727842185 56047.365240147774
54027.255534456104 54027.255534456104
52149.52944633008 52149.52944633008
52149.52944633008 54447.782949010834
52149.52944633008 54447.782949010834
52149.52944633008 55043.335344529514
52149.52944633008 52149.52944633008
49765.87490413219 49765.87490413219
49765.87490413219 50758.92688560256
49765.87490413219 51817.93489922474
49765.87490413219 51817.93489922474
47812.28617005168 47812.28617005168
47812.28617005168 47812.28617005168
47812.28617005168 47812.28617005168
47812.28617005168 47812.28617005168
47812.28617005168 47812.28617005168
44101.04811296148 44101.04811296148
44101.04811296148 44101.04811296148
43877.366215190385 43877.366215190385
43877.366215190385 44387.660893164764
43877.366215190385 44387.660893164764
43877.366215190385 44387.660893164764
42625.67649473142 42625.67649473142
39059.33756369364 39059.33756369364
38183.97885989533 38183.97885989533
38183.97885989533 38183.97885989533
38183.97885989533 38183.97885989533
38183.97885989533 38183.97885989533
38183.97885989533 38183.97885989533
36905.84990887687 36905.84990887687
32829.2162998647 32829.2162998647
32829.2162998647 32829.2162998647
32829.2162998647 34577.38632351164
32404.4003568333 32404.4003568333
30578.49152384291 30578.49152384291
30578.49152384291 30578.49152384291
29665.537107347718 29665.537107347718
29665.537107347718 29665.537107347718
29241.518386987987 29241.518386987987
25329.820111355668 25329.820111355668
25329.820111355668 25329.820111355668
24906.20836466644 24906.20836466644
24906.20836466644 24906.20836466644
24906.20836466644 24906.20836466644
24906.20836466644 24906.20836466644
24906.20836466644 24906.20836466644
24906.20836466644 24906.20836466644
24906.20836466644 24906.20836466644
24906.20836466644 24906.20836466644
24906.20836466644 25161.30044930396
24906.20836466644 24906.20836466644
23993.25394817125 23993.25394817125
22876.195526284002 22876.195526284002
22876.195526284002 25498.71411546106
22876.195526284002 22876.195526284002
22876.195526284002 22876.195526284002
17628.262613565275 17628.262613565275
17628.262613565275 20641.424300727318
17628.262613565275 20641.424300727318
17628.262613565275 20641.424300727318
17628.262613565275 17628.262613565275
16236.140863520035 16236.140863520035
16236.140863520035 16236.140863520035
16236.140863520035 16236.140863520035
16236.140863520035 16236.140863520035
16236.140863520035 16236.140863520035
14719.857705539702 14719.857705539702
14719.857705539702 14719.857705539702
14719.857705539702 14920.526708504032
14719.857705539702 17609.107746895847
14209.563027565322 14209.563027565322
14209.563027565322 14569.893782724896
14209.563027565322 14569.893782724896
14059.709613449857 14059.709613449857
14059.709613449857 15793.20653893824
13024.527935571254 13024.527935571254
10834.81142742557 10834.81142742557
10834.81142742557 13457.330016602633
10834.81142742557 13457.330016602633
10834.81142742557 13457.330016602633
10834.81142742557 12340.38210341473
10834.81142742557 12340.38210341473
10834.81142742557 10950.588095782707
10834.81142742557 10950.588095782707
9958.820030982173 9958.820030982173
7974.547026318128 7974.547026318128
7974.547026318128 8475.106583027926
7974.547026318128 8475.106583027926
7974.547026318128 7974.547026318128
7974.547026318128 7974.547026318128
