-122.30162811279297
-102.45893096923828
-130.879638671875
-103.46041870117188
-118.85459899902344
-129.5905303955078
-126.6189193725586
-137.94290161132812
-135.4913330078125
-98.26111602783203
-92.15225219726562
-107.987060546875
-132.71234130859375
-130.3120880126953
-145.5228729248047
-139.1815643310547
-123.02671813964844
-112.06675720214844
-107.63235473632812
-108.69609069824219
-113.19242095947266
-98.38096618652344
-113.37113189697266
-91.45558166503906
-86.89012908935547
-111.18476867675781
-107.37010955810547
-99.91316986083984
-106.32585906982422
-100.92045593261719
-107.38603973388672
-104.33924102783203
-116.440673828125
-109.65121459960938
-108.1641616821289
-100.9041976928711
-112.01898193359375
-129.07057189941406
-106.81824493408203
-109.32518005371094
-104.42293548583984
-95.84874725341797
-101.01490783691406
-90.52896881103516
-110.88661193847656
-122.4863510131836
-104.68254852294922
-85.98778533935547
-93.20909881591797
-97.38484191894531
-95.34353637695312
-124.3700942993164
-102.91409301757812
-115.87153625488281
-125.70865631103516
-111.2082290649414
-119.11609649658203
-111.98458099365234
-106.75672149658203
-107.98368835449219
-122.3697280883789
-109.50139617919922
-108.54933166503906
-96.70323944091797
-77.21695709228516
-115.9529037475586
-110.14978790283203
-123.54962158203125
-98.9371337890625
-114.93196868896484
-102.70550537109375
-99.70677185058594
-109.30387878417969
-101.93441772460938
-86.09217834472656
-126.8599853515625
-107.13648223876953
-93.57595825195312
-100.3394775390625
-113.90467071533203
-113.43544006347656
-134.1542510986328
-120.06382751464844
-117.86956024169922
-98.00277709960938
-109.95242309570312
-100.23639678955078
-114.56128692626953
-116.26742553710938
-82.33964538574219
-126.40908813476562
-113.7002182006836
-113.22265625
-115.60467529296875
-116.8106918334961
-111.47241973876953
-114.3833999633789
-137.4427490234375
-80.83672332763672
-87.237548828125
-87.48213958740234
-106.41567993164062
-129.074951171875
-105.6285400390625
-96.3862533569336
-107.24369812011719
-93.63025665283203
-110.91951751708984
-100.5348129272461
-96.49494171142578
-116.18623352050781
-121.3012466430664
-92.3983383178711
-95.7296142578125
-93.64622497558594
-123.32869720458984
-111.67996215820312
-113.0374755859375
-113.78924560546875
-118.76042938232422
-93.63496398925781
-60.607330322265625
-114.9245834350586
-98.02468872070312
-112.63265991210938
-91.89434814453125
-110.60749053955078
-93.55386352539062
-123.29981994628906
-85.43985748291016
-86.906494140625
-120.02070617675781
-115.46023559570312
-90.92536163330078
-99.98310852050781
-97.64311981201172
-111.32696533203125
-96.32110595703125
-133.94277954101562
-126.99150848388672
-126.84851837158203
-123.08665466308594
-126.72428131103516
-88.08997344970703
-92.26724243164062
-94.17654418945312
-102.5531234741211
-117.56812286376953
-92.91345977783203
-116.05390930175781
-72.28980255126953
-94.51051330566406
-89.1468505859375
-105.37358093261719
-102.51273345947266
-120.99954223632812
-116.68705749511719
-93.59308624267578
-98.04924774169922
-90.44761657714844
-101.8416976928711
-114.83809661865234
-85.4913330078125
-100.81208038330078
-131.00535583496094
-113.37995147705078
-108.58977508544922
-112.3877182006836
-133.0093231201172
-88.8833236694336
-101.38040161132812
-99.29556274414062
-95.4873275756836
-111.21260070800781
-123.37776184082031
-118.47871398925781
-123.76081085205078
-98.0931396484375
-117.3693618774414
-131.15133666992188
-109.6422119140625
-108.26712036132812
-101.65031433105469
-109.61779022216797
-118.19291687011719
-97.13267517089844
-107.10057067871094
-101.35427856445312
-124.34658813476562
-92.0785140991211
-111.77662658691406
-106.98222351074219
-109.75476837158203
-126.8722152709961
-105.11576080322266
-93.99051666259766
-134.06349182128906
-120.1363525390625
-101.86068725585938
-110.83223724365234
-117.47573852539062
-113.70889282226562
-113.37885284423828
-109.4066390991211
-106.32784271240234
-88.92744445800781
-100.32650756835938
-103.83574676513672
-105.50166320800781
-79.1809310913086
-133.18490600585938
-85.24393463134766
-93.82318115234375
-111.71916961669922
-115.34716033935547
-111.8140869140625
-80.67739868164062
-96.89070129394531
-102.96327209472656
-96.18330383300781
-92.51850891113281
-121.85598754882812
-116.20555877685547
-93.76508331298828
-107.91510772705078
-110.92919158935547
-85.1621322631836
-98.97422790527344
-84.76551818847656
-121.50171661376953
-110.68331909179688
-111.81393432617188
-117.45049285888672
-109.13274383544922
-93.26192474365234
-100.79840850830078
-110.72830963134766
-102.72564697265625
-99.67472076416016
-109.55286407470703
-106.02677917480469
-126.0383071899414
-78.05360412597656
-90.66212463378906
-109.06907653808594
-99.45453643798828
-98.01887512207031
-117.095947265625
-83.25619506835938
-74.6523208618164
-125.32672882080078
-86.74348449707031
-109.7681655883789
-103.50115966796875
-108.24048614501953
-127.8255615234375
-112.37054443359375
-106.638916015625
-96.7403564453125
-94.95220947265625
-112.2544937133789
-87.0353775024414
-105.77873992919922
-113.45356750488281
-108.25054168701172
-105.39790344238281
-96.3525619506836
-114.89739227294922
-88.30052947998047
-130.62217712402344
-113.1730728149414
-117.13555908203125
-127.4552230834961
-108.435302734375
-108.79917907714844
-101.26160430908203
-88.07963562011719
-108.1105728149414
-107.55107116699219
-100.73374938964844
-117.8390884399414
-82.7050552368164
-115.3359146118164
-111.62325286865234
-98.64422607421875
-85.05339050292969
-101.9874267578125
-97.5481185913086
-104.76439666748047
-111.1416015625
-83.10107421875
-114.90953063964844
-108.65812683105469
-74.01889038085938
-96.02960968017578
-86.1655502319336
-109.53360748291016
-113.89363098144531
-109.68075561523438
-81.43162536621094
-109.30787658691406
-103.84261322021484
-99.88003540039062
-94.23084259033203
-97.69001007080078
-89.12757873535156
-92.40829467773438
-100.55057525634766
-89.84516906738281
-100.99484252929688
-117.33597564697266
-68.02881622314453
-68.22352600097656
-108.0868148803711
-111.87520599365234
-97.64259338378906
-103.42059326171875
-73.34104919433594
-86.2168197631836
-82.46331024169922
-94.49842071533203
-86.3858642578125
-107.49832153320312
-92.81354522705078
-95.59341430664062
-86.89952087402344
-95.43378448486328
-114.27039337158203
-91.81512451171875
-96.36504364013672
-101.2586669921875
-95.36784362792969
-76.69190979003906
-114.71463775634766
-88.85171508789062
-104.7801742553711
-126.47322845458984
-79.876953125
-111.09541320800781
-100.060791015625
-96.48748779296875
-100.5502700805664
-99.4930419921875
-100.18331909179688
-97.48091125488281
-76.43799591064453
-100.1817398071289
-119.36895751953125
-113.26013946533203
-113.56839752197266
-85.74436950683594
-97.1822738647461
-105.95085906982422
-107.80006408691406
-109.90862274169922
-105.87158966064453
-81.80387115478516
-100.1216049194336
-119.36278533935547
-116.04454803466797
-108.0422134399414
-115.51596069335938
-80.067626953125
-89.00009155273438
-104.68372344970703
-92.53141784667969
-117.23966217041016
-95.78083801269531
-111.98937225341797
-98.66655731201172
-91.99185180664062
-111.8408432006836
-107.14749145507812
-109.06541442871094
-94.13421630859375
-79.34550476074219
-85.48760223388672
-118.676513671875
-113.28701782226562
-114.1352767944336
-96.9554672241211
-108.24270629882812
-97.41614532470703
-124.73408508300781
-85.98889923095703
-100.31845092773438
-103.62466430664062
-105.48360443115234
-99.51423645019531
-126.88235473632812
-84.00293731689453
-98.66671752929688
-87.8074951171875
-93.51579284667969
-84.16659545898438
-96.7056884765625
-109.68663024902344
-86.0053482055664
-94.73066711425781
-108.77190399169922
-107.73538208007812
-91.44324493408203
-95.23490905761719
-105.54645538330078
-115.26175689697266
-105.80538177490234
-101.0226821899414
-88.02542114257812
-82.41368103027344
-79.896484375
-81.49015808105469
-113.119384765625
-127.31976318359375
-87.57608795166016
-101.3608627319336
-93.83964538574219
-113.94990539550781
-98.26921081542969
-121.72601318359375
-119.47941589355469
-113.49504852294922
-91.7320556640625
-80.72590637207031
-104.01697540283203
-97.0928955078125
-81.46714782714844
-116.86259460449219
-107.25599670410156
-103.28240203857422
-125.39175415039062
-133.3631591796875
-87.79118347167969
-79.44998931884766
-62.03414535522461
-111.58240509033203
-120.83917999267578
-108.60284423828125
-111.95401000976562
-82.84330749511719
-109.3270034790039
-98.98579406738281
-99.53172302246094
-74.58078002929688
-105.71346282958984
-81.00347137451172
-68.73494720458984
-95.29271697998047
-109.97028350830078
-108.1699447631836
-106.2272720336914
-110.97334289550781
-107.89962768554688
-122.02825164794922
-111.3744888305664
-109.52264404296875
-117.00764465332031
-92.81947326660156
-117.06787872314453
-100.26351928710938
-92.54512023925781
-93.76235961914062
-117.02043151855469
-112.00291442871094
-78.96822357177734
-113.59169006347656
-85.87971496582031
-76.65283966064453
-116.62400817871094
-109.69248962402344
-105.36124420166016
-106.05830383300781
-89.25775909423828
-121.83540344238281
-73.02320098876953
-103.66759490966797
-110.67749786376953
-93.9275894165039
-72.16635131835938
-91.9916763305664
-94.57038879394531
-111.63333129882812
-92.20179748535156
-99.98934173583984
-91.90611267089844
-103.4106216430664
-106.77714538574219
-90.92318725585938
-112.10250091552734
-106.96863555908203
-88.16728973388672
-79.24395751953125
-99.59210205078125
-83.76727294921875
-105.71830749511719
-110.93096160888672
-91.21559143066406
-113.64436340332031
-94.98397827148438
-87.9150161743164
-70.8707275390625
-108.67639923095703
-99.91773223876953
-113.29716491699219
-103.59969329833984
-111.06703186035156
-115.58302307128906
-80.08804321289062
-73.35749816894531
-93.29692077636719
-81.5738754272461
-80.417236328125
-131.5845489501953
-90.73892974853516
-112.91159057617188
-81.08094024658203
-91.71273803710938
-100.5184555053711
-101.37491607666016
-100.8206558227539
-76.27454376220703
-95.052978515625
-102.06497192382812
-97.70555114746094
-85.68314361572266
-86.48434448242188
-81.96294403076172
-92.32344055175781
-89.38664245605469
-110.85812377929688
-92.42522430419922
-73.59931182861328
-112.93175506591797
-73.47116088867188
-110.42738342285156
-79.50646209716797
-76.5081787109375
-87.93035125732422
-97.4736557006836
-85.1943130493164
-104.0479736328125
-100.22410583496094
-89.66610717773438
-98.4183120727539
-96.05181121826172
-104.62350463867188
-99.02413940429688
-84.03588104248047
-94.89295959472656
-106.99158477783203
-81.12187957763672
-98.80789184570312
-104.14812469482422
-84.23677825927734
-84.53133392333984
-101.45545959472656
-70.122314453125
-88.30711364746094
-89.74922943115234
-96.10627746582031
-88.84275817871094
-100.27841186523438
-103.22001647949219
-97.5440673828125
-101.80435943603516
-109.3476333618164
-95.29338073730469
-87.41049194335938
-85.14582824707031
-83.23391723632812
-74.87385559082031
-89.84428405761719
-99.4281005859375
-119.9853286743164
-85.09634399414062
-79.13491821289062
-80.62251281738281
-100.78062438964844
-109.77713775634766
-108.10437774658203
-103.070068359375
-104.19306182861328
-94.5154800415039
-99.254638671875
-110.96353149414062
-66.104248046875
-69.30826568603516
-85.66031646728516
-87.02993774414062
-87.56544494628906
-104.64936828613281
-87.03888702392578
-66.98007202148438
-83.71533966064453
-99.693603515625
-103.7232437133789
-114.26846313476562
-95.27112579345703
-90.43071746826172
-81.14362335205078
-101.02131652832031
-102.55919647216797
-71.4985580444336
-108.5163803100586
-76.22386932373047
-88.86396026611328
-91.80697631835938
-104.33989715576172
-118.94135284423828
-75.46443939208984
-104.0776596069336
-83.14945983886719
-89.3724594116211
-87.84725952148438
-112.37487030029297
-108.67645263671875
-109.98603057861328
-102.21575164794922
-72.35773468017578
-130.27757263183594
-106.68043518066406
-71.69989013671875
-100.04414367675781
-102.87225341796875
-133.57435607910156
-81.715087890625
-104.2355728149414
-96.31712341308594
-89.46099853515625
-102.8390121459961
-63.80430221557617
-93.73037719726562
-86.30877685546875
-118.08875274658203
-93.3940658569336
-108.81275177001953
-107.28760528564453
-83.05094146728516
-92.67353820800781
-106.63993835449219
-108.2008056640625
-106.19957733154297
-82.00237274169922
-96.30386352539062
-71.7242431640625
-78.50981903076172
-118.34153747558594
-95.0054702758789
-71.8120346069336
-101.4005355834961
-91.6794204711914
-97.31130981445312
-99.39256286621094
-97.3060302734375
-88.28719329833984
-92.18602752685547
-101.55728149414062
-97.71554565429688
-90.36695098876953
-77.77130889892578
-96.0893325805664
-113.287353515625
-70.20492553710938
-70.56332397460938
-78.55328369140625
-87.11019134521484
-100.31901550292969
-86.96288299560547
-91.40555572509766
-91.47813415527344
-80.51687622070312
-106.46295928955078
-105.70049285888672
-116.66496276855469
-76.08159637451172
-97.9842529296875
-81.04046630859375
-113.10385131835938
-90.99076843261719
-94.32747650146484
-94.10926055908203
-98.60252380371094
-110.15718841552734
-85.97578430175781
-98.29405212402344
-87.8287582397461
-91.02084350585938
-80.42227935791016
-120.41136932373047
-97.03042602539062
-92.45825958251953
-86.12459564208984
-111.03900909423828
-106.32294464111328
-98.84675598144531
-98.39164733886719
-99.55928039550781
-92.51309967041016
-85.3479995727539
-100.6166763305664
-100.58711242675781
-101.34358978271484
-98.62216186523438
-86.03921508789062
-89.52635955810547
-54.39006042480469
-94.92709350585938
-95.20726776123047
-94.89876556396484
-82.08025360107422
-99.4132308959961
-110.49734497070312
-81.73997497558594
-120.33116912841797
-81.0384521484375
-79.80712890625
-108.31660461425781
-86.28221130371094
-103.66606903076172
-72.72257232666016
-95.00204467773438
-93.29255676269531
-81.15631866455078
-120.1406478881836
-111.81990814208984
-114.7702865600586
-85.2110595703125
-109.69332122802734
-117.4798583984375
-101.7548599243164
-118.98614501953125
-109.82775115966797
-84.774658203125
-85.71593475341797
-78.87638092041016
-83.04264068603516
-79.791748046875
-67.38372802734375
-102.16484069824219
-82.94471740722656
-77.35591125488281
-98.74705505371094
-101.15196228027344
-77.1045913696289
-89.37387084960938
-96.79309844970703
-111.49811553955078
-62.261959075927734
-113.03192901611328
-87.98407745361328
-74.81654357910156
-80.95928192138672
-82.39768981933594
-99.18270111083984
-106.16390991210938
-98.37325286865234
-96.36617279052734
-58.886138916015625
-107.78146362304688
-74.63536834716797
-117.054931640625
-104.01126098632812
-123.47872161865234
-102.119873046875
-76.2324447631836
-114.82626342773438
-96.0960464477539
-87.8246841430664
-94.08706665039062
-93.12903594970703
-102.19497680664062
-107.27970123291016
-98.400146484375
-99.66109466552734
-108.08142852783203
-108.37299346923828
-99.06501770019531
-89.17231750488281
-100.00875091552734
-105.30432891845703
-87.99154663085938
-102.07240295410156
-118.7527847290039
-109.2026138305664
-63.47024154663086
-93.20378112792969
-98.634521484375
-90.46574401855469
-92.76737976074219
-87.44267272949219
-111.4592056274414
-60.76988220214844
-101.10421752929688
-85.64908599853516
-84.68169403076172
-92.9332275390625
-60.24895095825195
-81.2202377319336
-69.39412689208984
-104.72183227539062
-80.85977172851562
-90.98636627197266
-95.46562194824219
-88.37330627441406
-111.55133819580078
-74.80333709716797
-91.22554779052734
-113.27314758300781
-99.21905517578125
-99.13603210449219
-101.46699523925781
-106.94549560546875
-97.24679565429688
-94.7969970703125
-100.99260711669922
-106.95552825927734
-101.07589721679688
-101.01145935058594
-91.37409210205078
-83.56008911132812
-102.890869140625
-92.62190246582031
-59.6859130859375
-82.55706787109375
-88.20988464355469
-86.3225326538086
-91.14907836914062
-83.7791748046875
-95.27465057373047
-101.49158477783203
-75.8718490600586
-95.50321960449219
-88.60075378417969
-87.71788024902344
-95.19468688964844
-93.08125305175781
-100.87239074707031
-73.78520202636719
-74.84521484375
-74.56132507324219
-77.579345703125
-98.21548461914062
-97.50174713134766
-83.02705383300781
-94.94621276855469
-76.53419494628906
-101.92973327636719
-98.73766326904297
-105.36747741699219
-88.61058807373047
-95.89954376220703
-102.1209716796875
-95.71453857421875
-95.17092895507812
-58.493553161621094
-119.44988250732422
-110.23213195800781
-97.31840515136719
-97.8562240600586
-97.3232421875
-96.29882049560547
-79.71258544921875
-104.14400482177734
-108.11627960205078
-92.73442077636719
-110.75711059570312
-92.19892883300781
-93.05738067626953
-76.01421356201172
-92.43130493164062
-114.36575317382812
-108.3487319946289
-100.7806625366211
-85.69145202636719
-82.25898742675781
-116.05955505371094
-116.40838623046875
-107.58963012695312
-86.32514953613281
-87.70968627929688
-86.38082122802734
-80.46049499511719
-89.92693328857422
-110.12605285644531
-99.84803009033203
-64.63556671142578
-94.3930435180664
-102.5542221069336
-89.75497436523438
-113.89976501464844
-106.15727233886719
-85.32858276367188
-112.05281066894531
-73.82276153564453
-95.37110900878906
-71.87068939208984
-87.24845123291016
-116.64814758300781
-121.60445404052734
-83.14579772949219
-112.96974182128906
-109.54691314697266
-96.9413833618164
-110.60478973388672
-88.43218994140625
-91.5406265258789
-93.63168334960938
-90.35009002685547
-89.76309204101562
-102.03227996826172
-114.0558090209961
-78.85613250732422
-94.40319061279297
-83.82745361328125
-103.89604949951172
-87.59899139404297
-73.75791931152344
-82.48955535888672
-102.27539825439453
-106.76988983154297
-107.54529571533203
-112.67794036865234
-74.37933349609375
-87.48147583007812
-113.19591522216797
-102.12731170654297
-89.3079833984375
-98.77275085449219
-88.06596374511719
-74.90027618408203
-90.44445037841797
-86.23985290527344
-111.7308349609375
-79.01235961914062
-112.47486877441406
-93.32583618164062
-80.85836791992188
-107.5933837890625
-72.1377944946289
-86.75260925292969
-84.27645111083984
-91.33837890625
-72.24191284179688
-97.79570007324219
-79.04203033447266
-95.65943145751953
-118.9692611694336
-89.44528198242188
-92.42913055419922
-67.23734283447266
-101.09937286376953
-95.34378051757812
-82.09896850585938
-85.20327758789062
-89.55293273925781
-94.00255584716797
-104.00255584716797
-77.52800750732422
-88.60511779785156
-84.94192504882812
-99.54618072509766
-93.63603973388672
-88.71292877197266
-96.6560287475586
-93.34013366699219
-104.2447738647461
-84.67145538330078
-113.196533203125
-100.15966796875
-88.52411651611328
-87.17927551269531
-94.073974609375
-104.57844543457031
-90.587646484375
-82.01577758789062
-59.608150482177734
-103.64095306396484
-112.38218688964844
-102.39983367919922
-119.48673248291016
-104.2939682006836
-72.44511413574219
-97.78804016113281
-103.38961029052734
-101.52578735351562
-94.95372772216797
-92.71968841552734
-110.575439453125
-125.78843688964844
-91.34172821044922
-78.7050552368164
-90.69249725341797
-118.41136932373047
-108.79967498779297
-61.7712287902832
-114.732421875
-96.23408508300781
-107.70598602294922
-85.26162719726562
-82.12034606933594
-98.16226959228516
-111.66820526123047
-98.29696655273438
-82.11677551269531
-96.12688446044922
-61.191959381103516
-93.11965942382812
-105.865966796875
-112.8553237915039
-92.59501647949219
-80.96882629394531
-87.07353210449219
-80.43134307861328
-87.26144409179688
-98.23320770263672
-100.16812133789062
-82.95606994628906
-81.30980682373047
-85.8265609741211
-80.11045837402344
-89.8783950805664
-95.38678741455078
-88.3218002319336
-78.0726547241211
-116.37920379638672
-99.98158264160156
-81.51318359375
-96.17586517333984
-96.06244659423828
-94.89579772949219
-107.78771209716797
-97.79143524169922
-92.69646453857422
-110.53087615966797
-95.57057189941406
-105.07776641845703
-112.5076675415039
-92.31452178955078
-71.47120666503906
-95.25911712646484
-91.87312316894531
-82.68556213378906
-100.09737396240234
-69.9293212890625
-95.8992691040039
-84.82060241699219
-87.57715606689453
-82.80387878417969
-81.91337585449219
-98.36738586425781
-77.39707946777344
-119.04280090332031
-97.36991882324219
-82.2822265625
-86.51952362060547
-80.5976791381836
-107.61308288574219
-88.40774536132812
-90.26432037353516
-89.06964874267578
-72.42961883544922
-111.30509185791016
-72.96520233154297
-84.827880859375
-90.681884765625
-96.30509948730469
-106.44822692871094
-80.09325408935547
-95.6828384399414
-113.5868911743164
-100.47954559326172
-96.15835571289062
-81.90961456298828
-85.65934753417969
-94.67647552490234
-77.46033477783203
-109.27883911132812
-97.8208999633789
-84.1341781616211
-98.07024383544922
-104.35954284667969
-100.0153579711914
-98.97637176513672
-90.4688720703125
-118.58015441894531
-83.1116943359375
-101.16673278808594
-95.87705993652344
-76.27167510986328
-96.47268676757812
-84.37371063232422
-87.49235534667969
-97.958984375
-107.91426086425781
-71.00184631347656
-107.20728302001953
-73.65023803710938
-85.57823944091797
-73.7176284790039
-85.5487060546875
-92.1745376586914
-94.15812683105469
-78.1909408569336
-90.1557388305664
-73.27461242675781
-112.49449157714844
-51.427486419677734
-73.53167724609375
-96.44210052490234
-66.31645202636719
-91.11489868164062
-94.9338607788086
-98.6064682006836
-72.32181549072266
-98.37579345703125
-93.73374938964844
-82.85092163085938
-76.62541961669922
-93.32923889160156
-108.51425170898438
-87.06844329833984
-75.06681060791016
-98.6390609741211
-78.8966064453125
-95.90927124023438
-93.71939849853516
-77.72333526611328
-81.01915740966797
-92.04204559326172
-89.89339447021484
-91.37139129638672
-76.04627227783203
-65.64303588867188
-75.8908920288086
-80.00471496582031
-72.33009338378906
-80.13518524169922
-82.2573471069336
-64.8975830078125
-84.95575714111328
-92.37666320800781
-66.59410095214844
-86.46524047851562
-96.85496520996094
-84.62853240966797
-75.46663665771484
-112.02381134033203
-61.9353141784668
-106.70417022705078
-93.71876525878906
-101.48579406738281
-97.32640838623047
-94.52299499511719
-87.1767807006836
-105.1000747680664
-86.92522430419922
-95.24475860595703
-87.45452117919922
-90.08000946044922
-67.9692611694336
-95.29676055908203
-74.09901428222656
-108.46855163574219
-106.18274688720703
-68.39411926269531
-97.27690887451172
-89.61801147460938
-85.90423583984375
-109.33470153808594
-107.98908233642578
-92.4822006225586
-108.99298858642578
-81.7292709350586
-85.53002166748047
-81.11691284179688
-76.92456817626953
-61.28097152709961
-82.2757797241211
-83.3623275756836
-89.96929931640625
-97.12108612060547
-67.22280883789062
-95.11554718017578
-100.007080078125
-79.21066284179688
-85.11624145507812
-95.40213012695312
-105.24547576904297
-74.84300231933594
-91.6413803100586
-109.69429779052734
-84.77594757080078
-95.16297149658203
-104.38087463378906
-90.93643188476562
-70.5450668334961
-96.3241958618164
-71.1502456665039
-88.11632537841797
-95.02102661132812
-88.34730529785156
-92.38290405273438
-104.14807891845703
-79.14942932128906
-81.2038345336914
-85.96944427490234
-102.10594177246094
-95.66947174072266
-104.47391510009766
-103.84918212890625
-91.86380004882812
-84.30899047851562
-100.82974243164062
-75.92208099365234
-80.5597915649414
-85.6595230102539
-100.72130584716797
-116.5504150390625
-80.66943359375
-81.23554992675781
-107.56132507324219
-74.79468536376953
-90.36251831054688
-86.44725799560547
-84.37821197509766
-101.01385498046875
-117.40583038330078
-84.53108215332031
-70.56150817871094
-86.23989868164062
-81.33283233642578
-91.79729461669922
-85.40727996826172
-87.6918716430664
-95.31723022460938
-90.08628845214844
-76.58161163330078
-82.58911895751953
-95.2176742553711
-111.78106689453125
-98.7317123413086
-76.4150161743164
-110.89639282226562
-71.7263412475586
-86.90974426269531
-64.37734985351562
-82.41680145263672
-97.66133117675781
-92.03095245361328
-85.24093627929688
-66.5802230834961
-71.23764038085938
-80.8053970336914
-104.25171661376953
-95.09881591796875
-90.50628662109375
-80.59800720214844
-93.01498413085938
-92.14657592773438
-80.48685455322266
-93.50822448730469
-75.0719223022461
-64.90534210205078
-93.4324722290039
-87.17628479003906
-108.94706726074219
-106.04000854492188
-81.87905883789062
-110.66736602783203
-93.6512222290039
-88.21353912353516
-95.70304107666016
-61.17708206176758
-83.14534759521484
-102.98705291748047
-61.19179153442383
-101.31757354736328
-82.64329528808594
-88.19461059570312
-87.95585632324219
-93.6977310180664
-81.32240295410156
-85.6880111694336
-94.28267669677734
-91.52311706542969
-94.37939453125
-86.11782836914062
-53.0101203918457
-92.29773712158203
-92.39408874511719
-92.68912506103516
-83.14020538330078
-102.03983306884766
-134.95565795898438
-76.11134338378906
-82.38296508789062
-86.65284729003906
-99.61136627197266
-81.19096374511719
-72.1087875366211
-97.13056945800781
-103.05213165283203
-76.67939758300781
-93.105712890625
-96.3484115600586
-98.14413452148438
-93.4715805053711
-103.67881774902344
-101.57917785644531
-102.45394897460938
-81.84056091308594
-84.7727279663086
-99.64051055908203
-68.00566101074219
-74.43235778808594
-83.28089904785156
-65.7968521118164
-94.15279388427734
-99.26937866210938
-95.6080322265625
-67.99860382080078
-90.4383544921875
-65.93255615234375
-95.40267181396484
-125.07234191894531
-73.833740234375
-61.9230842590332
-77.46503448486328
-85.6299819946289
-81.7490005493164
-94.72374725341797
-77.21762084960938
-86.6849365234375
-81.77061462402344
-90.2930679321289
-65.0750503540039
-78.77314758300781
-98.52328491210938
-73.6664810180664
-80.15530395507812
-96.71904754638672
-109.42642974853516
-90.46664428710938
-84.20578002929688
-103.92513275146484
-107.89593505859375
-90.19864654541016
-94.6723403930664
-102.59359741210938
-84.18234252929688
-93.6786880493164
-103.86215209960938
-98.15751647949219
-66.14139556884766
-100.30265045166016
-79.297119140625
-56.62716293334961
-93.35393524169922
-91.1673355102539
-94.32305145263672
-87.8948745727539
-69.36605834960938
-80.82605743408203
-87.36188507080078
-102.54377746582031
-92.84142303466797
-92.09723663330078
-86.6890640258789
-91.79833984375
-100.29731750488281
-91.37574005126953
-89.67338562011719
-90.9936294555664
-69.3195571899414
-69.72615814208984
-88.99232482910156
-95.69219207763672
-86.78834533691406
-102.4614028930664
-91.91288757324219
-83.5250015258789
-101.34676361083984
-71.14330291748047
-50.34101867675781
-87.033203125
-84.96269226074219
-100.55917358398438
-110.5109634399414
-86.91351318359375
-77.16912078857422
-90.8944320678711
-80.72770690917969
-104.23509979248047
-81.97879791259766
-96.9676742553711
-71.96003723144531
-97.05833435058594
-91.79613494873047
-72.73857116699219
-82.1634292602539
-90.98092651367188
-85.56573486328125
-84.77741241455078
-88.38401794433594
-86.025146484375
-95.95431518554688
-98.75517272949219
-76.07650756835938
-73.84309387207031
-77.26119995117188
-92.60773468017578
-101.25768280029297
-104.166015625
-76.12409973144531
-96.79930114746094
-68.7070541381836
-92.96806335449219
-77.33991241455078
-80.93314361572266
-96.78633117675781
-64.354248046875
-100.13752746582031
-90.59821319580078
-113.86907196044922
-78.2984390258789
-102.0260009765625
-86.01155853271484
-95.33688354492188
-72.30517578125
-109.42565155029297
-95.90713500976562
-93.95599365234375
-103.1396713256836
-110.4802474975586
-93.35052490234375
-96.69338989257812
-88.53841400146484
-107.137451171875
-103.7149429321289
-81.80070495605469
-73.44551086425781
-79.58877563476562
-82.45491790771484
-85.02899169921875
-92.4565200805664
-86.34564208984375
-87.42780303955078
-79.56017303466797
-78.37274932861328
-97.47702026367188
-100.23043060302734
-97.18810272216797
-99.6109619140625
-97.01602172851562
-102.35617065429688
-87.19599914550781
-73.44462585449219
-101.8585433959961
-81.7976303100586
-75.88687896728516
-81.31742858886719
-94.98870849609375
-90.2992172241211
-89.17662811279297
-76.48799896240234
-102.00755310058594
-77.20146179199219
-99.3461685180664
-92.22100067138672
-91.31407928466797
-94.07697296142578
-99.1085205078125
-75.5168685913086
-50.98931121826172
-101.78872680664062
-93.35270690917969
-106.2581558227539
-91.61978149414062
-90.67793273925781
-106.94607543945312
-84.08322143554688
-88.51847076416016
-101.03523254394531
-63.862735748291016
-69.65609741210938
-112.28752899169922
-89.6200180053711
-82.92918395996094
-87.00933837890625
-70.97013854980469
-89.75909423828125
-77.00607299804688
-91.74372100830078
-75.65544128417969
-72.97632598876953
-91.38752746582031
-71.59856414794922
-86.65937042236328
-96.15711212158203
-80.58905029296875
-57.4797248840332
-78.82157897949219
-107.5683822631836
-67.20242309570312
-104.11966705322266
-91.6058349609375
-97.9995346069336
-81.62382507324219
-84.92503356933594
-94.75330352783203
-76.66798400878906
-73.53536224365234
-87.14762878417969
-93.97962188720703
-94.8855972290039
-83.01990509033203
-95.50061798095703
-78.54765319824219
-78.3283462524414
-82.11708068847656
-109.413818359375
-99.91215515136719
-82.2446060180664
-95.5897445678711
-104.96023559570312
-82.82242584228516
-90.77873992919922
-108.54344177246094
-68.97762298583984
-96.3627700805664
-94.5398941040039
-66.0110092163086
-87.43498992919922
-126.28248596191406
-93.66828155517578
-104.703857421875
-97.26665496826172
-75.12179565429688
-104.29885864257812
-79.50885772705078
-106.22164916992188
-89.8259506225586
-79.65200805664062
-92.21107482910156
-77.75222778320312
-111.4218521118164
-68.4028091430664
-107.920654296875
-87.59236145019531
-36.2237663269043
-71.4695053100586
-96.47663116455078
-92.25709533691406
-60.98748016357422
-77.97371673583984
-93.72798156738281
-102.32450866699219
-86.13920593261719
-78.46757507324219
-83.49198150634766
-97.18901824951172
-88.93667602539062
-107.38253021240234
-85.55491638183594
-69.3379135131836
-85.42875671386719
-80.5320816040039
-99.22442626953125
-86.41204071044922
-103.5030746459961
-77.73978424072266
-86.9062271118164
-83.00838470458984
-91.67035675048828
-88.94159698486328
-70.09990692138672
-115.9267807006836
-112.4322280883789
-78.1535873413086
-73.75570678710938
-81.5056381225586
-92.33240509033203
-95.4937744140625
-69.99578094482422
-97.44483184814453
-76.03199005126953
-81.69107818603516
-83.34634399414062
-98.8322982788086
-86.44070434570312
-67.82178497314453
-105.08209991455078
-86.45113372802734
-83.66093444824219
-94.32495880126953
-104.26781463623047
-66.1135482788086
-80.30830383300781
-97.86834716796875
-86.57657623291016
-99.2038345336914
-97.8759765625
-98.71249389648438
-72.99491882324219
-69.75691986083984
-85.90001678466797
-77.43685913085938
-86.7103500366211
-91.98839569091797
-89.50274658203125
-80.15043640136719
-91.60633087158203
-105.1539306640625
-88.22634887695312
-78.60664367675781
-89.36399841308594
-97.8169174194336
-54.526222229003906
-77.48175811767578
-110.73062133789062
-77.54291534423828
-73.34674835205078
-91.71363067626953
-90.683837890625
-94.45138549804688
-71.9012680053711
-103.7410659790039
-90.72677612304688
-96.83357238769531
-113.49605560302734
-66.93989562988281
-95.9946060180664
-80.67442321777344
-93.97639465332031
-69.23888397216797
-70.89319610595703
-70.775390625
-92.85948944091797
-86.31806182861328
-102.89691162109375
-94.40155029296875
-79.72481536865234
-70.0094985961914
-86.19966125488281
-98.35298156738281
-78.1030044555664
-81.84814453125
-107.4624252319336
-74.33683776855469
-93.82772064208984
-82.6722183227539
-98.42513275146484
-87.92935943603516
-83.60501098632812
-89.88655853271484
-81.20166015625
-63.478755950927734
-96.38550567626953
-74.38227844238281
-88.04904174804688
-88.34281158447266
-92.69415283203125
-63.50758361816406
-73.49515533447266
-91.08573913574219
-91.14910888671875
-83.11152648925781
-89.63400268554688
-102.22396087646484
-73.50003814697266
-85.54951477050781
-90.30831909179688
-93.80838012695312
-82.20169067382812
-68.43008422851562
-97.23140716552734
-69.66998291015625
-66.14415740966797
-58.33503723144531
-110.50762939453125
-63.37127685546875
-71.05453491210938
-103.95476531982422
-82.33465576171875
-80.91220092773438
-76.411376953125
-96.18518829345703
-83.35346221923828
-109.27848815917969
-94.103759765625
-70.99622344970703
-82.576171875
-75.8534927368164
-114.80846405029297
-103.99065399169922
-86.17566680908203
-80.43169403076172
-106.05131530761719
-84.84393310546875
-101.89242553710938
-67.7151870727539
-107.58992767333984
-98.88980865478516
-79.5910415649414
-83.79920196533203
-86.35888671875
-86.76058959960938
-75.976806640625
-84.9740982055664
-88.620849609375
-71.09972381591797
-67.21703338623047
-96.38441467285156
-81.42036437988281
-83.61737823486328
-80.25155639648438
-106.49205780029297
-73.94628143310547
-99.49808502197266
-90.0500259399414
-84.01917266845703
-90.64051055908203
-87.45076751708984
-88.51277160644531
-102.60135650634766
-100.94828796386719
-94.13584899902344
-102.9659652709961
-90.15072631835938
-115.2715072631836
-90.1113052368164
-71.35088348388672
-81.50706481933594
-77.5406494140625
-79.82295227050781
-89.36048126220703
-90.59284210205078
-82.57691955566406
-75.3979263305664
-71.74060821533203
-90.01936340332031
-67.37326049804688
-85.17056274414062
-63.978416442871094
-103.67440795898438
-90.17595672607422
-88.8046646118164
-101.70349884033203
-82.10832977294922
-122.52085876464844
-83.90386962890625
-112.06234741210938
-74.37262725830078
-96.40031433105469
-77.85038757324219
-70.18133544921875
-92.35078430175781
-71.86552429199219
-88.87435150146484
-87.70643615722656
-77.37327575683594
-49.11772155761719
-80.02237701416016
-89.66166687011719
-103.76079559326172
-98.03031921386719
-74.458984375
-96.3735122680664
-84.82196044921875
-72.74139404296875
-97.76058197021484
-69.1920166015625
-72.9208755493164
-96.00263977050781
-88.17369842529297
-75.79476928710938
-98.83201599121094
-88.71485900878906
-79.862548828125
-84.43073272705078
-95.32991790771484
-86.85262298583984
-87.67123413085938
-65.68073272705078
-101.31709289550781
-89.38675689697266
-94.9388427734375
-103.59660339355469
-74.39091491699219
-88.8023681640625
-78.52471923828125
-91.3703842163086
-86.96454620361328
-83.2314682006836
-72.49451446533203
-72.62741088867188
-81.15521240234375
-94.28060913085938
-74.70518493652344
-92.7759780883789
-91.94281005859375
-95.66161346435547
-79.16030883789062
-71.6548080444336
-86.99761962890625
-105.0862045288086
-73.202392578125
-92.48522186279297
-89.16109466552734
-88.35088348388672
-86.37773132324219
-78.85527038574219
-56.29386901855469
-62.41828155517578
-102.77855682373047
-92.14716339111328
-76.91361236572266
-105.70581817626953
-93.77176666259766
-60.1971435546875
-81.71043395996094
-71.36986541748047
-108.38465881347656
-83.83252716064453
-84.59520721435547
-103.76350402832031
-89.27651977539062
-82.49337005615234
-95.57068634033203
-75.53241729736328
-75.2235107421875
-91.70541381835938
-69.28012084960938
-89.02896881103516
-90.17440795898438
-78.29405212402344
-97.05389404296875
-105.35467529296875
-73.20978546142578
-85.6880111694336
-76.6071548461914
-104.55408477783203
-87.21989440917969
-80.10032653808594
-103.22323608398438
-92.58668518066406
-74.60991668701172
-75.75153350830078
-96.86884307861328
-68.1894302368164
-83.90045928955078
-91.67385864257812
-83.22068786621094
-98.55745697021484
-106.66939544677734
-79.30008697509766
-93.19839477539062
-84.22112274169922
-71.6688232421875
-82.324951171875
-76.04682922363281
-63.06510543823242
-67.5746841430664
-67.23040008544922
-85.58573150634766
-81.97915649414062
-70.96865844726562
-87.47383880615234
-89.23896789550781
-84.1047592163086
-110.23307037353516
-89.7489242553711
-82.26356506347656
-84.30911254882812
-78.1499252319336
-93.6718521118164
-93.41133880615234
-97.7435531616211
-89.80742645263672
-88.61695098876953
-82.41576385498047
-109.44986724853516
-100.97615814208984
-107.3367919921875
-80.7502212524414
-88.32197570800781
-76.03611755371094
-68.37444305419922
-73.69645690917969
-94.40811157226562
-110.2029037475586
-106.88318634033203
-86.28984832763672
-54.709693908691406
-83.20745086669922
-87.690185546875
-95.72694396972656
-67.35630798339844
-94.5087890625
-85.48365783691406
-77.21051025390625
-85.77156066894531
-94.281005859375
-115.72833251953125
-94.32450866699219
-90.1050796508789
-58.47286605834961
-61.72689437866211
-73.10709381103516
-58.5104866027832
-61.602657318115234
-77.78473663330078
-73.74549102783203
-79.66039276123047
-97.01827239990234
-102.7858657836914
-95.8143081665039
-91.3017807006836
-91.78137969970703
-58.166080474853516
-84.34954071044922
-55.90506362915039
-69.66523742675781
-78.61161804199219
-64.68669891357422
-115.89881134033203
-75.44831848144531
-79.05288696289062
-91.60127258300781
-55.35805892944336
-91.64383697509766
-76.05207061767578
-76.36148834228516
-94.971435546875
-68.12993621826172
-84.81118774414062
-99.45452117919922
-88.99649810791016
-106.06731414794922
-80.96504974365234
-65.8284683227539
-64.27070617675781
-64.43810272216797
-71.74020385742188
-90.39152526855469
-76.37109375
-65.83511352539062
-104.35753631591797
-77.44036102294922
-66.34212493896484
-62.732872009277344
-74.78684997558594
-107.19351196289062
-104.41458892822266
-101.09666442871094
-95.60061645507812
-93.23600006103516
-85.69184875488281
-76.142822265625
-99.81534576416016
-74.14420318603516
-61.41487121582031
-99.13735961914062
-78.53652954101562
-64.87754821777344
-66.95620727539062
-92.99970245361328
-80.94316101074219
-87.59009552001953
-98.78709411621094
-102.33795166015625
-97.19548034667969
-82.8335952758789
-92.5676498413086
-131.62850952148438
-56.6716194152832
-105.66959381103516
-102.51265716552734
-82.66220092773438
-70.86598205566406
-85.79267883300781
-66.6167221069336
-87.61189270019531
-87.4833755493164
-81.13488006591797
-93.17060089111328
-103.39801025390625
-104.32926177978516
-70.57816314697266
-78.02972412109375
-108.77069091796875
-78.71231842041016
-81.72348022460938
-66.9313735961914
-82.4630355834961
-82.9402847290039
-85.88469696044922
-75.25223541259766
-74.3472671508789
-96.07307434082031
-62.0550651550293
-90.8940200805664
-87.1581039428711
-109.2773666381836
-103.47599792480469
-98.14335632324219
-107.3261489868164
-69.40416717529297
-66.30883026123047
-104.68622589111328
-92.30610656738281
-78.03526306152344
-79.48394775390625
-68.79672241210938
-76.94689178466797
-95.23253631591797
-98.50508880615234
-85.74330139160156
-78.97393035888672
-68.54792022705078
-95.13529205322266
-86.38362884521484
-84.17897033691406
-89.25086212158203
-93.34270477294922
-73.39753723144531
-63.38669967651367
-70.54138946533203
-59.64689636230469
-88.25606536865234
-97.26618957519531
-59.85027313232422
-97.3218994140625
-76.09288787841797
-89.66607666015625
-84.71514892578125
-89.61286163330078
-63.582298278808594
-84.27315521240234
-106.86788177490234
-84.62264251708984
-92.88390350341797
-44.0091552734375
-64.25957489013672
-78.60458374023438
-91.22693634033203
-97.3367691040039
-92.10350036621094
-73.47545623779297
-69.51765441894531
-107.79422760009766
-84.41091918945312
-78.583984375
-82.54839324951172
-84.50605773925781
-76.28450012207031
-98.60607147216797
-99.60210418701172
-70.21165466308594
-105.97847747802734
-92.60115051269531
-82.00741577148438
-87.68582916259766
-86.51805877685547
-73.54579162597656
-56.79291534423828
-83.03105163574219
-67.84160614013672
-85.78215789794922
-93.63026428222656
-60.87627029418945
-104.47083282470703
-86.47134399414062
-94.63877868652344
-74.7722396850586
-92.56869506835938
-71.7394790649414
-99.01117706298828
-104.010498046875
-72.85179901123047
-84.66957092285156
-70.25054931640625
-76.25865936279297
-94.93907928466797
-85.39594268798828
-93.58002471923828
-83.81108856201172
-91.41759490966797
-91.49417877197266
-103.19817352294922
-89.978759765625
-86.27013397216797
-83.02622985839844
-93.66648864746094
-89.50972747802734
-91.3285140991211
-68.53262329101562
-104.3309097290039
-63.18470001220703
-61.74622344970703
-75.46526336669922
-106.149658203125
-77.65379333496094
-80.97956085205078
-78.22169494628906
-69.0588607788086
-95.43086242675781
-77.2871322631836
-82.18929290771484
-62.17673873901367
-96.03616333007812
-98.53308868408203
-93.67343139648438
-71.59668731689453
-80.05271911621094
-105.10771942138672
-80.9577865600586
-67.86421203613281
-75.5925064086914
-92.09800720214844
-92.29649353027344
-81.19227600097656
-80.9849853515625
-97.49327850341797
-114.75086975097656
-100.650146484375
-84.3725357055664
-67.77581787109375
-54.8765869140625
-64.23414611816406
-64.89752197265625
-68.37653350830078
-67.02845764160156
-47.766544342041016
-76.45673370361328
-84.4521713256836
-76.12166595458984
-110.73793029785156
-82.2041015625
-86.735595703125
-67.63860321044922
-59.81576919555664
-103.75220489501953
-76.91097259521484
-80.16470336914062
-62.617454528808594
-73.3136215209961
-60.19685363769531
-99.89856719970703
-77.98223114013672
-79.79721069335938
-72.95785522460938
-99.02569580078125
-73.25863647460938
-90.44134521484375
-72.93109130859375
-56.85002136230469
-92.10499572753906
-105.47540283203125
-65.28704071044922
-92.64645385742188
-87.45600891113281
-87.03128051757812
-99.49082946777344
-62.445125579833984
-82.51718139648438
-53.79671859741211
-77.25666046142578
-72.26947784423828
-92.75303649902344
-68.24698638916016
-63.128170013427734
-84.12761688232422
-55.884765625
-93.87269592285156
-94.9539566040039
-96.28910064697266
-88.17510223388672
-74.65265655517578
-66.04652404785156
-88.60814666748047
-71.27701568603516
-61.60676956176758
-86.90492248535156
-91.50435638427734
-62.82490921020508
-67.98956298828125
-82.68726348876953
-85.55343627929688
-89.90647888183594
-120.38756561279297
-76.33032989501953
-64.83849334716797
-89.38172912597656
-102.07304382324219
-76.25035095214844
-100.35198211669922
-65.95723724365234
-88.24303436279297
-87.62267303466797
-70.90033721923828
-91.53246307373047
-69.69662475585938
-104.622314453125
-76.458740234375
-74.32918548583984
-67.14818572998047
-84.62767791748047
-88.28791046142578
-76.19511413574219
-66.97222137451172
-81.47627258300781
-93.28977966308594
-110.03695678710938
-86.29070281982422
-83.57589721679688
-66.90345764160156
-79.22915649414062
-80.01433563232422
-83.67435455322266
-114.63187408447266
-80.75463104248047
-79.58934783935547
-77.11170196533203
-107.20590209960938
-84.6072998046875
-80.0919418334961
-86.79525756835938
-92.75789642333984
-80.2454605102539
-69.64420318603516
-105.34510803222656
-99.82955932617188
-65.24665069580078
-92.17709350585938
-91.93157196044922
-67.13813781738281
-111.22462463378906
-69.13168334960938
-87.59158325195312
-81.14984130859375
-97.7437744140625
-65.7144546508789
-80.35144805908203
-86.36272430419922
-79.34622192382812
-54.183189392089844
-85.56326293945312
-93.30945587158203
-88.71622467041016
-98.21619415283203
-73.97003936767578
-54.42951202392578
-78.49913787841797
-82.29179382324219
-74.76416778564453
-54.1191291809082
-94.69473266601562
-92.60469055175781
-86.96176147460938
-73.17935180664062
-120.56006622314453
-65.37825012207031
-73.8941650390625
-75.63444519042969
-72.552734375
-62.26040267944336
-65.13761138916016
-86.23163604736328
-87.96542358398438
-93.53611755371094
-65.82149505615234
-80.7995834350586
-94.13604736328125
-71.08747100830078
-82.2109603881836
-65.79383850097656
-88.91911315917969
-83.3119125366211
-72.59416961669922
-79.41596221923828
-77.6259765625
-69.31863403320312
-84.15707397460938
-66.04408264160156
-83.21827697753906
-68.968017578125
-66.5847396850586
-95.31404113769531
-81.46125793457031
-88.1130142211914
-65.23670196533203
-89.59008026123047
-64.0938720703125
-106.00006103515625
-98.59487915039062
-61.407569885253906
-93.27198791503906
-88.02470397949219
-95.2582778930664
-105.37071228027344
-100.12810516357422
-74.69813537597656
-89.60062408447266
-86.96977996826172
-53.379981994628906
-92.7475357055664
-69.21871948242188
-59.01969909667969
-71.50604248046875
-90.66284942626953
-91.41195678710938
-106.41047668457031
-81.70195770263672
-65.29986572265625
-77.84297943115234
-77.90923309326172
-62.434425354003906
-93.17371368408203
-89.23915100097656
-113.31546783447266
-73.38195037841797
-84.74890899658203
-68.27825164794922
-70.78752899169922
-75.8677978515625
-97.96512603759766
-66.55673217773438
-71.10997772216797
-66.91402435302734
-99.34137725830078
-78.56259155273438
-118.02429962158203
-67.13737487792969
-40.84877014160156
-66.53780364990234
-106.89863586425781
-93.14312744140625
-100.21553802490234
-90.29053497314453
-80.86444091796875
-75.13920593261719
-93.91685485839844
-59.503204345703125
-45.521392822265625
-71.25748443603516
-111.45686340332031
-58.17670440673828
-90.63554382324219
-79.29431915283203
-84.61052703857422
-71.39974975585938
-78.28598022460938
-94.8984603881836
-95.11676025390625
-99.49212646484375
-66.59757995605469
-55.797218322753906
-88.83195495605469
-79.71957397460938
-80.68560791015625
-74.35446166992188
-79.23356628417969
-121.06916809082031
-80.3632583618164
-101.16590118408203
-86.71468353271484
-87.3176498413086
-97.51978302001953
-77.78966522216797
-96.15643310546875
-115.85143280029297
-86.16143798828125
-96.83152770996094
-74.88780212402344
-92.48368835449219
-96.85122680664062
-67.532958984375
-59.154510498046875
-57.46784591674805
-74.5112075805664
-99.68770599365234
-86.52049255371094
-88.84979248046875
-93.48310852050781
-73.45838165283203
-88.31627655029297
-72.26239013671875
-83.71867370605469
-96.7280044555664
-95.79981994628906
-66.33208465576172
-84.61708068847656
-74.31083679199219
-84.37319946289062
-87.54508209228516
-78.52257537841797
-63.23357391357422
-94.61271667480469
-63.200469970703125
-50.300750732421875
-96.81819915771484
-96.08364868164062
-78.43853759765625
-108.8802490234375
-69.70579528808594
-89.78919219970703
-75.57870483398438
-75.28861999511719
-93.71256256103516
-71.00322723388672
-68.98023223876953
-59.61082077026367
-66.89043426513672
-61.87517547607422
-75.3722915649414
-87.65959167480469
-96.16252136230469
-80.14370727539062
-45.35576629638672
-55.49528121948242
-91.04508972167969
-74.7060775756836
-70.68215942382812
-64.13048553466797
-46.78522872924805
-78.52713012695312
-83.00464630126953
-85.7231674194336
-56.21013641357422
-96.29277038574219
-72.118408203125
-96.83769226074219
-95.06350708007812
-85.74342346191406
-95.87222290039062
-62.47621154785156
-108.54420471191406
-81.29551696777344
-64.57829284667969
-79.0835189819336
-75.10193634033203
-87.40473937988281
-81.45829772949219
-55.02763748168945
-75.17010498046875
-73.92593383789062
-63.11766815185547
-77.21818542480469
-81.77997589111328
-93.9005355834961
-73.24151611328125
-57.205657958984375
-54.97429656982422
-70.73719787597656
-67.22344207763672
-80.28191375732422
-86.96721649169922
-87.90039825439453
-54.30217361450195
-83.35417938232422
-85.2265853881836
-92.6875228881836
-76.7056884765625
-75.24549102783203
-86.92664337158203
-99.72919464111328
-73.55750274658203
-87.26567077636719
-59.99712371826172
-74.6440658569336
-82.7159652709961
-97.64340209960938
-93.61255645751953
-71.75545501708984
-64.97821807861328
-78.70853424072266
-77.35775756835938
-76.61972045898438
-63.19434356689453
-83.93881225585938
-63.9630012512207
-63.395259857177734
-97.46564483642578
-63.081146240234375
-114.69841003417969
-79.88150787353516
-93.39974975585938
-92.25740814208984
-58.41421127319336
-74.18991088867188
-92.94316101074219
-68.52006530761719
-83.11043548583984
-87.74546813964844
-82.66035461425781
-78.06523132324219
-92.94437408447266
-82.89265441894531
-63.8520393371582
-56.45649719238281
-70.30113983154297
-83.35533905029297
-80.5730209350586
-81.39655303955078
-70.32575225830078
-99.1723861694336
-83.37541961669922
-81.56389617919922
-94.2691421508789
-68.51433563232422
-65.11485290527344
-88.1482925415039
-66.39248657226562
-69.92362976074219
-77.28437042236328
-83.77073669433594
-56.095821380615234
-62.59724044799805
-99.591064453125
-79.39537811279297
-108.38349914550781
-101.52201843261719
-79.79222869873047
-94.92377471923828
-100.40143585205078
-99.45653533935547
-81.55518341064453
-80.98151397705078
-81.7532730102539
-97.46305847167969
-67.72723388671875
-68.6601791381836
-83.71869659423828
-93.56218719482422
-69.23313903808594
-75.30765533447266
-67.69561004638672
-95.59829711914062
-81.63932800292969
-104.37928771972656
-62.44281768798828
-78.01010131835938
-91.98957061767578
-82.51067352294922
-85.43473815917969
-75.4254379272461
-60.38182830810547
-76.76709747314453
-78.97220611572266
-100.71851348876953
-65.54768371582031
-69.49127960205078
-103.10205841064453
-103.76778411865234
-80.47803497314453
-73.96839904785156
-90.18094635009766
-105.18370056152344
-92.16511535644531
-68.25431060791016
-78.01490020751953
-57.37311935424805
-81.02767944335938
-87.10016632080078
-105.12413024902344
-53.1882438659668
-98.59874725341797
-76.88114929199219
-68.98208618164062
-80.99671936035156
-61.4890022277832
-73.15324401855469
-102.9321517944336
-71.65618133544922
-79.07996368408203
-100.41459655761719
-72.58467102050781
-89.89529418945312
-85.54074096679688
-65.4538345336914
-70.69219970703125
-99.81708526611328
-86.18340301513672
-89.57376098632812
-90.5840072631836
-106.65028381347656
-62.84488296508789
-88.67520904541016
-84.51350402832031
-80.06963348388672
-87.24542999267578
-65.17536163330078
-77.24552917480469
-84.21308898925781
-96.41312408447266
-81.38264465332031
-75.03655242919922
-88.73339080810547
-58.5417594909668
-100.41674041748047
-90.30239868164062
-72.61622619628906
-80.45562744140625
-97.02332305908203
-68.72832489013672
-81.16575622558594
-63.191524505615234
-97.8798599243164
-78.40050506591797
-72.46812438964844
-72.78514099121094
-95.66704559326172
-75.4037857055664
-87.49614715576172
-84.15653991699219
-65.31590270996094
-116.35296630859375
-71.10597229003906
-94.607177734375
-65.94343566894531
-53.56734848022461
-99.4130630493164
-81.74150085449219
-75.5305404663086
-96.57134246826172
-97.298095703125
-89.95344543457031
-83.43032836914062
-107.95159149169922
-70.44075012207031
-97.1397705078125
-81.4151611328125
-80.08289337158203
-85.39373779296875
-75.73601531982422
-90.0547866821289
-80.09625244140625
-84.68586730957031
-74.721923828125
-79.73786163330078
-58.787837982177734
-66.15213775634766
-65.80297088623047
-99.7653579711914
-79.54503631591797
-71.86604309082031
-105.09821319580078
-75.50432586669922
-87.86605834960938
-61.049686431884766
-74.32256317138672
-82.09308624267578
-86.48509979248047
-66.48468017578125
-68.70270538330078
-75.76737976074219
-69.68170166015625
-69.19117736816406
-69.89713287353516
-73.54480743408203
-78.70842742919922
-82.69666290283203
-81.82726287841797
-90.26488494873047
-98.19087219238281
-92.61534881591797
-81.7552490234375
-93.03704833984375
-88.35345458984375
-91.87843322753906
-69.75983428955078
-72.08965301513672
-83.89665222167969
-56.02815246582031
-92.14241027832031
-91.09068298339844
-87.13470458984375
-72.5154037475586
-85.31936645507812
-102.32713317871094
-78.05484008789062
-62.47052001953125
-60.64686965942383
-67.22174835205078
-78.30760192871094
-92.83393096923828
-76.13983917236328
-49.97894287109375
-89.63985443115234
-96.49385833740234
-64.01166534423828
-82.8819580078125
-77.70396423339844
-79.09302520751953
-72.22171020507812
-81.93366241455078
-70.7315673828125
-100.08277130126953
-109.52083587646484
-64.2964096069336
-91.81460571289062
-79.74901580810547
-59.10579299926758
-80.78565979003906
-77.92076873779297
-63.59294128417969
-75.50723266601562
-89.78009796142578
-87.03255462646484
-97.50322723388672
-97.20692443847656
-67.85978698730469
-64.83932495117188
-86.09058380126953
-90.10716247558594
-86.77826690673828
-99.39945983886719
-69.80581665039062
-93.97111511230469
-57.59367370605469
-76.55998229980469
-92.26127624511719
-94.61331939697266
-54.12512969970703
-64.07627868652344
-106.0439224243164
-83.87694549560547
-85.1464614868164
-84.76112365722656
-98.27839660644531
-89.09744262695312
-72.88922882080078
-77.62998962402344
-73.22808837890625
-96.31732177734375
-88.93761444091797
-43.384952545166016
-73.9045639038086
-82.2529296875
-65.94580841064453
-91.21898651123047
-88.54071807861328
-57.62144470214844
-79.40021514892578
-86.11046600341797
-54.83039855957031
-79.63641357421875
-74.98548889160156
-86.50128173828125
-79.08091735839844
-63.15738296508789
-83.86192321777344
-95.7904281616211
-97.59937286376953
-50.94784164428711
-82.20751953125
-69.68727111816406
-88.43444061279297
-69.62866973876953
-69.04527282714844
-80.91658782958984
-75.76670837402344
-63.442012786865234
-101.59613037109375
-89.96382141113281
-102.65438079833984
-65.6225357055664
-50.0257682800293
-77.21023559570312
-94.46561431884766
-67.38347625732422
-95.63213348388672
-99.11327362060547
-91.94050598144531
-41.60709762573242
-112.61998748779297
-79.73878479003906
-98.90596771240234
-69.65706634521484
-50.43793869018555
-98.19541931152344
-73.7243881225586
-60.9466552734375
-77.58071899414062
-115.01333618164062
-80.03567504882812
-83.70147705078125
-85.68712615966797
-83.82953643798828
-97.31410217285156
-83.5116958618164
-77.85775756835938
-84.19466400146484
-72.45026397705078
-85.74041748046875
-79.6162338256836
-79.78779602050781
-82.9379653930664
-69.66414642333984
-77.6019058227539
-88.45328521728516
-117.43392944335938
-86.96031188964844
-82.52188873291016
-55.751583099365234
-82.56766510009766
-96.5218505859375
-89.14244079589844
-73.21111297607422
-71.20856475830078
-75.3623275756836
-68.07572937011719
-69.18421936035156
-64.51596069335938
-89.48052978515625
-89.08203125
-74.08472442626953
-81.5814208984375
-80.68150329589844
-91.49034881591797
-106.78764343261719
-55.943946838378906
-103.38893127441406
-78.6525650024414
-62.48203659057617
-89.40804290771484
-70.74057006835938
-50.79122543334961
-107.107421875
-86.79145050048828
-124.46033477783203
-92.5932388305664
-81.01290893554688
-73.32868194580078
-72.02085876464844
-85.46080017089844
-86.27133178710938
-89.63202667236328
-76.76409149169922
-91.47514343261719
-70.43511199951172
-86.7998046875
-63.09811782836914
-78.11096954345703
-68.68423461914062
-82.00306701660156
-53.79963684082031
-85.24015045166016
-66.2533187866211
-95.41851043701172
-97.65849304199219
-89.45182037353516
-58.622615814208984
-85.0482406616211
-97.42633056640625
-56.93118667602539
-65.6835708618164
-65.87617492675781
-85.38274383544922
-99.98855590820312
-89.98184967041016
-82.754638671875
-98.46244812011719
-88.2414321899414
-77.8134536743164
-94.62942504882812
-64.45132446289062
-94.03070068359375
-92.95217895507812
-73.8612060546875
-76.24329376220703
-81.45428466796875
-96.22183227539062
-81.5687026977539
-70.92254638671875
-78.07125854492188
-68.62109375
-85.0779037475586
-82.52925872802734
-99.34571075439453
-86.74132537841797
-70.94776916503906
-72.48860168457031
-62.192440032958984
-66.84668731689453
-93.6784896850586
-68.70418548583984
-93.68556213378906
-82.54660034179688
-89.6370849609375
-88.38690185546875
-71.98318481445312
-96.56671905517578
-71.7210922241211
-65.67729187011719
-95.14756774902344
-52.86100769042969
-61.70289611816406
-78.495361328125
-53.027137756347656
-96.32875061035156
-84.94940948486328
-60.36168670654297
-83.88700866699219
-51.29237747192383
-55.18210983276367
-77.67241668701172
-79.06498718261719
-92.32422637939453
-75.3842544555664
-72.11103820800781
-73.5772705078125
-90.03752136230469
-55.704933166503906
-69.94029998779297
-80.39112854003906
-73.35760498046875
-40.46612548828125
-70.03814697265625
-88.14051055908203
-93.44329071044922
-80.51405334472656
-96.96186065673828
-110.72002410888672
-71.31145477294922
-65.93709564208984
-75.02544403076172
-44.143672943115234
-79.47470092773438
-72.71614837646484
-72.76006317138672
-77.18767547607422
-73.1624984741211
-114.38310241699219
-77.21604919433594
-82.93907928466797
-81.32567596435547
-89.1853256225586
-85.71827697753906
-81.84854125976562
-66.4266586303711
-79.91532897949219
-95.56861877441406
-69.86689758300781
-80.95637512207031
-83.94502258300781
-107.8313980102539
-64.8567886352539
-73.93290710449219
-64.5864028930664
-53.76856994628906
-73.72817993164062
-86.0799789428711
-74.28475189208984
-65.14202117919922
-76.34778594970703
-72.1623764038086
-86.08424377441406
-78.12289428710938
-90.3603515625
-101.35338592529297
-106.44802856445312
-70.28936767578125
-68.86880493164062
-107.99595642089844
-65.10291290283203
-59.00403594970703
-93.248291015625
-78.908203125
-87.92620086669922
-51.949317932128906
-46.237003326416016
-86.99456787109375
-91.8775863647461
-80.38168334960938
-66.0535659790039
-90.50486755371094
-73.921630859375
-75.63947296142578
-94.86924743652344
-47.82197570800781
-60.09867858886719
-80.184814453125
-67.08771514892578
-88.69098663330078
-70.07308197021484
-77.35453796386719
-55.1643180847168
-73.18006134033203
-73.24413299560547
-79.19247436523438
-99.18566131591797
-68.98807525634766
-70.32286071777344
-81.00017547607422
-79.40589904785156
-86.95136260986328
-71.42648315429688
-71.76542663574219
-75.04242706298828
