-171.85213419292836
-144.77876880637422
-187.57971373272636
-148.8021354982248
-170.68330431619995
-187.57198952220324
-183.1183694182841
-197.92792761676466
-195.62927036937813
-142.8834458489394
-133.39928543974082
-160.2295878843121
-194.65389878548285
-192.83165800314788
-213.76846636168614
-205.49131770993958
-179.69885565751608
-163.8300665744884
-159.70697532263563
-158.30136058943708
-166.8601598989194
-144.61894527526135
-168.99964878209602
-137.20915528001066
-130.50411040316538
-167.27666674480065
-160.84863576561378
-153.11975663638447
-161.09924684727523
-155.77896937191858
-163.319911437798
-157.3624677037874
-177.25146751791465
-168.54169040399637
-163.51621790020096
-152.64262734467056
-168.8996588848367
-191.9635846431326
-160.40943778863948
-166.73185133531797
-156.23853330460264
-147.04525998463012
-153.87293720892995
-138.72777917529336
-168.26432928208868
-183.65517982521442
-158.97140326168687
-132.54229571404616
-144.1579036363685
-152.35615788229728
-146.08033290016476
-187.28585855069696
-156.30188836504774
-173.45121177960215
-189.20699468382378
-168.07855219799137
-181.87788588026953
-169.19396406971495
-163.09620904507085
-165.03602748195715
-186.69331175830266
-168.36887054945396
-167.54961051706238
-152.46796640910787
-120.0470990646373
-176.6841705260765
-169.09527371338913
-186.06251721980726
-153.4801669897164
-177.84419628190273
-158.895241113201
-151.7602105609489
-169.02209410173475
-157.26237440438007
-135.86490084568885
-190.72892352559478
-164.7317106913065
-146.0725389661972
-155.9237478184677
-177.18536984702052
-173.30285870875906
-207.6145525943515
-184.87441767029898
-183.73660783322055
-152.75905512963746
-172.22402301718554
-156.35680142842767
-178.20539074423476
-177.9838559166751
-132.23932179102133
-193.22050627302986
-176.8530429674484
-177.25253204959924
-178.87822554881726
-185.69444184924686
-174.26094084668574
-177.16119923209183
-212.35170148170195
-127.57771696799283
-136.98245191327698
-138.6812476301336
-167.31814944998501
-200.0877667970608
-166.47434827646566
-154.32719906101693
-166.25289366349364
-147.0712772702039
-172.3009354727262
-155.00200774434552
-152.44679219633724
-180.12492361248397
-185.29001706317115
-148.26258623602084
-151.45127009988977
-149.22196361178277
-192.93479110870533
-176.42821257067925
-179.46095359491775
-176.56408991661277
-187.29348073302032
-149.80290230765368
-103.49743432355494
-178.90611386813526
-155.8473474437402
-176.60584812495745
-149.58752235435614
-174.94465966396854
-149.50032614198273
-191.05052455684802
-137.11303681477818
-136.84732031194176
-187.51681263743342
-184.02433892631885
-144.90104061751197
-156.0430631273416
-153.0120074989674
-176.83230767494967
-152.05715041645067
-205.75447449186612
-202.66038949320483
-199.90667714277816
-191.26142962376377
-193.78410837899594
-142.11290088842816
-147.70599645339206
-150.11855346218942
-159.86240397484838
-185.59864879333452
-147.2811936888294
-178.55469360024767
-121.01476837514326
-152.6343682964615
-143.2652914461446
-166.09453878358406
-161.01206176643961
-187.8224633558893
-186.0454607486946
-150.61046585531494
-158.48231123521413
-144.52290781869362
-163.01696048495324
-181.7225969517932
-140.53248569066514
-160.8863160089295
-204.8492365514906
-181.73767059478678
-173.92954884604382
-175.6313327920954
-206.25842399169912
-144.65916738936835
-162.13475836705396
-159.28735051707403
-152.23981632274004
-178.72327825280453
-189.88002967393078
-186.39788729168808
-192.13776347731618
-158.30754936918908
-183.81743182081576
-203.1886700233553
-172.81408206295595
-169.40556360747811
-161.74445264165252
-175.9035119190098
-189.41866758357205
-154.21582083888146
-170.1439900290531
-162.02907150690163
-194.53817701268383
-146.07664313049492
-176.85532726824147
-170.72364816645893
-174.44910464998566
-195.78586410757964
-167.4149938544694
-148.57612872543598
-205.48966905892496
-189.9662420043266
-163.04994161143236
-180.94234599148052
-187.0080801890015
-179.18102569639865
-180.4447150469436
-174.31466863072882
-167.06699495791796
-143.48673612219426
-159.48662439472295
-162.6758369998451
-166.9250998280728
-129.2356146609202
-208.0219108012583
-140.4353516773505
-151.99628943540642
-179.9904107339662
-183.99678840051575
-179.07972812770257
-134.98024177780383
-157.80707230468795
-161.91383498719279
-155.66226280575
-149.25661609468085
-192.18723122318477
-185.19106103416897
-153.4860336745317
-172.07746607754225
-174.56709372838293
-140.8942774545726
-158.975486969238
-140.62232699791525
-194.15492852969706
-175.15727034280278
-178.1918104708122
-184.71054777530728
-176.4666568553872
-151.41266836040427
-162.7931725005193
-177.29114185759772
-169.462755232659
-162.6880590950958
-172.7486356630527
-170.41636865648258
-199.0313175634107
-129.26804401350404
-146.93342135994322
-175.54546721715957
-159.76810508026188
-156.38986801558983
-185.17780505224397
-137.02300115802214
-126.13075323735052
-200.04956730366862
-144.71349512078422
-175.87386249461372
-169.62095241414866
-175.2810571423886
-202.89544762056792
-183.52013807193654
-172.10217533564867
-158.3994225175707
-152.88483262574283
-181.51992383775217
-144.79724130380504
-169.33364680439553
-184.51121229629115
-175.63025379549413
-170.06652871485895
-158.47766556898472
-182.26562582308694
-146.9412062962747
-206.0536840952605
-183.2308311479136
-185.67603869188008
-203.96729846868743
-173.05066138857757
-174.95623216275146
-165.4933617220709
-147.0744459188657
-175.529006751991
-171.7042198162584
-167.7896322776519
-188.12569282617494
-137.7180827139693
-182.76720216690285
-179.21999269176564
-162.97382074378777
-141.72791881212058
-165.10445813621112
-163.5305162797425
-174.1420881091371
-178.6753737251688
-141.52621045709725
-185.951696503913
-176.42459173514823
-127.37122450906077
-157.21161315208604
-146.17214467993264
-177.14567248386834
-184.9449477282327
-177.8722645341041
-136.70318200471164
-177.8502967152362
-172.21339577611292
-162.11541175173488
-157.7880634939471
-160.47880943089078
-149.5796857347887
-155.1226339960508
-166.90136545262965
-149.06982503760878
-166.19417380696882
-187.90762361671392
-118.3567531901039
-117.08024456655924
-174.4977910688317
-183.49981694197118
-160.764305069455
-168.96106645451977
-125.25979066549155
-144.93266051713363
-138.1647530136274
-157.697805830111
-146.92374424340667
-175.1506067567698
-155.64505765361412
-158.80003468030284
-146.77360442555573
-161.4040583946311
-186.536712519116
-153.36756577150544
-159.9719401641555
-166.19477447826003
-158.5127825127083
-130.8608576926572
-185.08921693015338
-148.8090864063425
-172.36759168060354
-201.76819338101285
-135.88030671404934
-180.84345994768478
-165.23576003881217
-160.2194904990907
-165.76167801377954
-166.22898505279142
-163.26511927186652
-159.82353545481078
-129.22001534734306
-166.3726333535269
-189.15636163102502
-181.7610550709175
-184.31262219896308
-146.04073132890505
-160.43256087141782
-174.18256656642808
-176.63730882514284
-178.54450997270004
-174.9515439537255
-139.92175511627136
-167.30671299414269
-194.5377024589413
-190.43756233786644
-177.94485418641642
-189.06839729677853
-137.89399987643708
-150.16182727078524
-173.3474095252442
-154.43561652770376
-192.37412211266596
-162.6319646237668
-186.30757566576114
-166.55758243568943
-155.45633654297654
-179.9752172201214
-174.30106455497116
-178.64937361791425
-157.29449645479593
-138.05458460604603
-148.34104261282494
-193.19825033801197
-186.0270679283405
-186.94389003113184
-163.2591922056292
-176.50713596390094
-165.45163316652494
-202.52179294969898
-147.24760736405113
-169.22312591891148
-175.1082609832638
-175.43428179467406
-169.52325917814113
-207.04242064687799
-145.52537654747601
-168.00881894542798
-149.23171508154644
-159.10907317731017
-145.20756195889285
-163.6199910615145
-182.19860983339123
-145.2861748825151
-159.8311546838251
-178.24718071009192
-178.28549339793588
-152.78766881878101
-159.6814546571254
-174.70063783407312
-192.87842550578227
-178.3065932613427
-170.80894690265944
-153.93091876215058
-143.2526192885793
-139.64814070280565
-140.45327317010282
-190.07858889020324
-208.26308283800955
-150.5890682035381
-169.85478797078156
-159.58212487423657
-187.10024318802198
-166.1343493546203
-200.09676211064843
-200.72593806604837
-190.1009222031287
-158.90833748484667
-138.42475419071076
-177.29334505860794
-162.9889315718928
-142.39919655885353
-196.3124070662862
-182.27739672809167
-172.76472082437567
-206.37233074338974
-214.08883077763932
-152.3675877708564
-139.27535752684327
-116.65786319707405
-186.49765261644552
-201.64356946039996
-180.80069253338675
-184.68606950289217
-147.42802462635814
-181.1482712543617
-168.6861892258109
-173.64727378338557
-131.82889072534022
-177.86492217826006
-140.91626716062711
-125.14610279549107
-164.76192511799576
-184.32223664950544
-182.98244491318837
-181.7372129993026
-185.5296638027845
-182.12841356409422
-201.44174877902856
-189.32364985980269
-187.41315041598006
-197.1026477340573
-162.3991658271006
-193.5589072430712
-169.66281131729824
-162.61278523835819
-161.51091552343058
-194.4567614299918
-188.64586649730336
-140.43234616361394
-191.13626839285817
-150.407078669434
-136.30295541963648
-192.364732547708
-189.85066572679554
-181.08757871763248
-179.1303197867569
-156.01603583853677
-203.7880463036688
-133.88910832313184
-177.2154762163687
-189.9850257777864
-163.37865968713373
-129.46690903179638
-160.0981560411135
-162.75569577586697
-189.43511943100214
-161.09205396984748
-170.66331359258623
-160.70614768307652
-177.0510510334797
-180.56079856894985
-158.258864206349
-190.11343493893446
-182.39615027317387
-153.25789898602517
-143.747863974697
-174.25310269502177
-146.61167738134162
-177.9212266362107
-191.5168649805797
-159.24843524075925
-190.05658440835907
-164.20284125168774
-154.9589144213922
-129.31444576533596
-185.55898035723794
-170.59196134157827
-189.706569576324
-178.94590456878734
-185.49750995165067
-196.11233751388025
-145.08825079595613
-133.2359990731067
-162.10521193992201
-144.24469688732108
-142.25778098233354
-218.60661605104468
-157.78136126989628
-192.25593828478324
-142.70948157873298
-161.84597601226181
-174.593751263542
-176.09953968325487
-173.70898492874514
-138.0864644887502
-168.1184975306381
-174.78129361970178
-169.0411111895662
-150.96452108867635
-152.4416202109051
-145.84222378112105
-162.30172758455438
-157.7931914870221
-184.72756087998465
-161.2213861289854
-135.5174951918241
-191.5531809480129
-133.30597228520537
-188.57846950640558
-142.3687522216535
-139.83604417288132
-154.88455471594824
-169.4895625657471
-150.52830005963068
-179.06625884827582
-173.8679551096912
-158.17688350961504
-171.9323109424178
-166.96872459749136
-177.98037906824868
-171.14253732509067
-149.53451801062687
-165.6065380643422
-184.83525750383615
-146.32756683225182
-167.7900675142276
-178.843430722091
-150.03036778222923
-149.4012545487903
-176.00448722171961
-129.73014608014716
-155.66901258398283
-156.68933149508763
-167.74750860622325
-156.4501894493486
-173.7438728655148
-175.8505525402909
-167.57448171853284
-174.57298147437973
-183.39201713573834
-166.61696892521394
-153.3804519460552
-152.69381832120604
-145.77532780271872
-138.96126445745836
-155.3131891292595
-172.7810242326438
-199.09674024997395
-149.24506592087857
-141.42442462851477
-142.9906308755006
-173.25623062399484
-187.61528700250403
-184.363301740088
-174.50112537868824
-181.17065952264036
-166.0808474886725
-172.08992789662273
-188.6487464375569
-124.74735834607367
-130.2123727766318
-152.26454260568795
-153.91990702901649
-153.4524293079868
-179.1590377553809
-151.7980770205
-127.04534343155885
-148.15354793629365
-170.55112241419107
-177.8956270696732
-196.52018306084176
-164.1765708077173
-158.86272467101003
-147.05371579782445
-175.3506810282444
-178.36659000189292
-132.5346919182363
-183.87540346149163
-140.53882505425162
-158.66029211508095
-160.50370912456748
-178.98920102165067
-199.46403498527425
-137.99122492370688
-178.68194606140543
-147.80564584286387
-158.37405828662625
-153.97913540072278
-191.37631686847527
-188.36777643043547
-188.04228156274664
-177.816688052132
-133.6969421338264
-216.5499824734111
-180.0652657011342
-132.63319050818347
-173.31173184984607
-177.77274530725975
-218.95877941726496
-147.95560595496784
-179.83846338143604
-168.08961581119354
-158.84459771874978
-174.91677141709187
-120.34062393233901
-162.19355412519394
-155.7099305695198
-198.91514998264103
-164.8954061340953
-184.30338162702475
-183.60918091544622
-151.3590117150702
-160.2603352721148
-180.70269148112203
-185.57476900685225
-180.52339610155389
-146.80387737881676
-169.3177957441361
-132.50769164859847
-142.86192945397133
-194.28317289655067
-167.38131884134918
-132.39348142545975
-175.2771649350637
-161.63782501728093
-170.48486005097828
-172.3530759870659
-168.46083925072372
-155.22129316046824
-160.84977684114838
-174.62559971018075
-169.21600066681185
-161.00046926081376
-141.0459300932253
-167.2222852334399
-194.57041645757096
-128.718862993934
-132.03580760392947
-142.53055259961297
-153.9201313074925
-175.1478132031739
-155.82473928426737
-158.22660185204026
-161.7052275131818
-146.18337113942704
-181.695598053764
-182.19387111315595
-195.30333660387006
-139.91092596898523
-170.4731415039882
-143.79652743618323
-192.14187367103818
-159.82131026153098
-165.73063621399166
-166.13092214838764
-172.28762105729228
-187.2049378006485
-153.83458735168273
-169.6073825062745
-156.1628428877442
-160.49123007319346
-146.63823500909234
-203.74541535602566
-171.13161088301513
-163.64463382281042
-155.62910602940184
-187.44578377293422
-184.94931437306678
-171.7810454530033
-170.35141500559052
-168.81523720506027
-162.8804044404638
-151.48703887012036
-173.14036661026358
-174.969001091226
-175.7788682707865
-171.19070003343467
-157.00029317576406
-159.81619240908302
-110.222991179379
-165.97236152441639
-166.52550739043045
-166.36461588591288
-148.8223205502037
-174.67616850951612
-189.9015860829589
-146.48519792435616
-199.28161577103938
-147.15460564356613
-144.86654390951594
-187.53435574319326
-155.21806224619047
-178.6147198127627
-136.5083756414413
-167.76806455055512
-161.21354360139853
-146.94312757015962
-203.256132425925
-193.7985313500797
-194.33307498616998
-154.86274448826254
-188.2111840608506
-198.32329960189114
-176.50054282394802
-197.81975053895013
-190.27275057219697
-153.15693830607336
-154.66441346595445
-145.508496341496
-150.01793929047483
-145.19288282128832
-127.41623134902798
-178.51571308216404
-152.3903197898239
-143.08500411315703
-174.86855808299595
-175.53507457963684
-141.8242764801277
-159.58584591512192
-170.04043904523235
-189.85747646158308
-121.57911154259719
-194.2489222701793
-154.99158969260665
-135.9005554735196
-146.59094857098924
-150.45523110272768
-175.10545843689022
-183.24985275769987
-172.93606775997154
-168.1669179631315
-116.55961225139848
-184.8236425794356
-139.24002991064987
-196.89527802651406
-180.47406751398472
-207.02927777741388
-175.8922744152464
-139.29147196117444
-195.31806275519892
-168.23808407338913
-156.74846994710447
-170.11707957739213
-164.5634616304939
-178.2952516695695
-182.83522087688243
-172.50971007844953
-175.70956792276877
-187.20016256130793
-185.07335893299842
-174.8389339993596
-160.15122656205514
-175.14590484097613
-180.6993615649974
-158.6452007087751
-178.62976856934785
-200.04579723921267
-185.40473812271523
-122.07980343153623
-164.91476649294904
-169.5540238044694
-160.1485218434786
-163.63758155301332
-155.72299462682977
-190.57928330309858
-118.63998523211926
-175.26403639382107
-155.13198377784693
-152.34581361199358
-163.67953528787257
-117.21928068248242
-147.27376628253256
-131.6915309947883
-181.57586139369147
-147.04604105083928
-162.31320801417718
-168.0067723716058
-161.2949968840263
-191.42790226337135
-138.34894233387777
-162.2459553989941
-191.1055153166074
-172.40897255976404
-174.5302234754268
-176.87174444760126
-185.78704810462287
-171.63710743873435
-168.95325191072448
-177.71723236852637
-186.9357173982934
-176.50707636603767
-177.9216794361567
-163.72629795461216
-152.4006736533994
-180.84571593000067
-164.92705741295777
-118.6140453644353
-151.18940840906868
-158.48306841836745
-155.9263026979121
-162.48103822464753
-151.15830563269088
-168.64840688972612
-175.82516258255652
-141.85476790848404
-168.9029102349009
-155.5943131053736
-157.13457967659764
-169.9696267628079
-168.14404293276564
-177.36302421861717
-140.0779676115475
-138.37500389738096
-141.9192632013594
-141.26635405596062
-171.98428100715117
-174.00638026170031
-150.60359576893154
-167.7396453674773
-141.89395885416468
-179.359253294991
-174.09312350054685
-182.25488379075665
-159.93168821912724
-169.4089539112207
-178.00456687640693
-170.44053554346084
-170.53788216797932
-117.04762192216675
-203.3611833347568
-189.96638762143067
-171.9658189373431
-173.7364248579902
-173.84683237472024
-170.27759888966725
-148.54079284510186
-181.5033249467989
-189.5830637200339
-164.62739233137992
-189.33296755963661
-165.9665572117901
-164.70487217617728
-140.49974035543596
-166.93504335099044
-198.10941590214895
-190.5998463898186
-176.00193586571953
-153.8710175526561
-150.05770541349895
-199.46831260065287
-201.10177535831843
-188.56133469557363
-155.5950865611615
-157.00888384068634
-156.52032995702092
-147.33788169374918
-160.17183948971427
-188.99265634038403
-173.61171163904783
-125.33671953270716
-167.2946061945081
-181.70738572764148
-162.90123791836604
-194.39996577840728
-185.50737587024702
-154.85549275223008
-191.31130095856156
-139.24948905651456
-171.39604976573455
-136.7240058047823
-156.24673533135388
-200.97555984548188
-208.06675164218888
-151.76197272059002
-196.74944237118922
-190.16422397976206
-170.5990292985991
-193.27893820134972
-161.50783877421213
-164.58553739990754
-165.9601430959832
-163.13183112604304
-161.71029758619076
-178.68266162387425
-197.64942304622588
-146.37895344424754
-170.76874907335718
-152.38227947180923
-183.5663392278319
-158.79850052010755
-138.6490544659203
-150.25965743807032
-178.39821632419307
-188.08332158361924
-187.7744412727406
-194.9808369184317
-140.0653119907165
-159.179879023684
-194.7462949512083
-178.68593200447063
-161.86772817468668
-173.11951463888693
-158.96225673614606
-139.86267262399372
-164.80009187171453
-158.82427125804588
-193.01726610172443
-146.6477875704041
-194.8945752659207
-166.68004561716907
-150.50868646472975
-190.2803860767956
-136.9999299592775
-160.2574236311906
-154.36153168587617
-164.66318586005312
-137.379828188656
-173.3656797948918
-148.2945324789175
-170.52743085695306
-204.44303587789926
-160.2466242894187
-167.45068555591604
-127.41701755442449
-176.92415665392917
-170.27829473601383
-151.8899340855245
-154.13329261573935
-161.50183756806302
-167.17581573614393
-181.81422489295434
-145.01066792453943
-161.55943552096414
-154.10554381093266
-175.34283783320274
-167.73327810085993
-163.36920873443592
-173.432594152783
-165.77865368626834
-181.01080388346907
-153.37663640554217
-192.69904902869882
-175.79568323881102
-162.29658149735195
-160.80661012180653
-169.8235476230277
-185.01110470821993
-164.80054973665227
-152.90159462623257
-118.94613226542504
-182.7711514327252
-194.4475739767226
-179.9817403540594
-206.45554655142172
-183.9888275995614
-139.68735434422968
-174.84706387692864
-181.53147089169357
-179.3256529758447
-169.12670334677094
-169.02082225895157
-191.69247959744507
-214.48911131534769
-163.9795024144479
-148.23216956668708
-163.07971502293955
-203.7887784727285
-191.54635982617378
-122.73789552293505
-200.07957219245267
-169.89326408418336
-189.27603485969632
-153.78402508274365
-151.84646038677627
-176.24830080737362
-194.27053795692837
-175.65728940868757
-152.78669329197348
-173.01816145531234
-122.98336151017357
-166.1125859266043
-184.1568329544712
-196.34822716186613
-167.9729837093515
-150.4089747803997
-159.88955156863798
-149.50360197246414
-159.6829427869898
-175.6214013999282
-179.8607608614888
-152.630448112012
-150.3841178396878
-159.39966773009417
-149.46645419973143
-163.83084931003714
-172.6162866931748
-159.57795606212198
-147.47573266024523
-201.30313820525794
-177.27525261699395
-152.1552445416211
-172.87078874308924
-173.70652530996975
-169.89978850789208
-189.46327169512756
-172.6810556009129
-169.28485504940917
-195.28955279794954
-171.53501867727317
-182.1923724770607
-195.70780767278956
-166.96040532877032
-137.6782826350103
-173.2138997986608
-165.00273695912927
-153.60941542950823
-179.78634364135206
-133.6168003437763
-174.6731766931844
-157.3036849419731
-158.83293873576088
-154.8492618517189
-149.8052778772597
-176.28460956681937
-145.46454198860692
-204.026071144002
-174.19526598314332
-152.91136585470485
-158.84991305240248
-150.5775380017921
-187.07950136588886
-163.48343837198584
-162.55676240979486
-161.14880135762039
-138.8504276095161
-193.60977044082819
-138.925014612973
-159.42628065938504
-165.35538722423217
-172.08988224753904
-187.7160506825782
-149.47269258109532
-170.97751385702384
-196.8419590705863
-181.05765769359044
-173.2719693774382
-154.06524011195276
-158.81467182241602
-169.97815125720246
-146.00363269750775
-188.6750140480203
-174.45054509844533
-155.4986771175275
-176.26216254531047
-183.35116134561275
-176.95280985691468
-177.0989480375185
-163.4230574677685
-203.31187363142524
-153.2437845513966
-180.74142076615658
-173.9874136070469
-142.8258838366982
-172.94910218876288
-157.03040918334295
-161.82917929712028
-177.21511506710613
-190.73670536754872
-134.7998619326502
-189.7857611519746
-141.66419632328743
-156.43581705576622
-140.18563279926042
-157.42966254086411
-169.62410026110734
-171.9483672712763
-148.21623125753538
-163.0734282148974
-140.9114580415283
-196.98468129804326
-110.9470502691014
-140.90186392315582
-170.4249770616019
-130.46440572617703
-166.7390735494308
-171.12794013284127
-178.68622903886939
-140.00428944368053
-174.65576387125418
-170.1402822976197
-156.14186982526047
-144.47628235114445
-168.93623981023697
-188.588375682697
-161.6261198328649
-142.9454107376643
-176.88222568306006
-149.81198800871852
-172.91871750234952
-170.6944840586758
-147.44840978417812
-151.6803777575716
-168.25787996501637
-164.90655198116895
-167.63693769039725
-145.4045778845085
-127.86769702139533
-144.89722173371078
-150.93991560428233
-139.34994665736377
-153.72633044622052
-153.84011402327818
-130.24408146745566
-157.45356111467163
-169.1546738774108
-132.4296880822288
-159.39235690513135
-174.16717549245755
-158.1799665017852
-143.97052642372023
-197.53031523871175
-123.80472792455808
-188.57599092769738
-170.2301753431646
-179.45346619163655
-174.70285507014614
-171.80635080309378
-161.4983274484818
-188.23428223489879
-160.5815263699621
-174.55134825602636
-161.8425084840472
-165.7468554042207
-134.7634107954495
-175.18335034649195
-142.6779047393571
-190.57057741063198
-182.4156289200318
-136.03327321090484
-173.826890181956
-165.76858482652372
-159.28568222671004
-191.7128552191145
-190.43818633966714
-169.8845093164245
-194.40398770159504
-153.5121970572534
-158.88404812906757
-152.3868078921115
-146.25889070118862
-125.91853532670154
-155.45642208067466
-154.3001560753679
-163.95567231894222
-175.25012876452988
-133.9919320905484
-173.01966370650598
-177.97153963785723
-150.30751952796402
-158.1302155580164
-174.4149966358768
-188.56942204433687
-143.5578303390585
-170.08389718351245
-193.24451903986434
-157.18455329076264
-174.01436229165665
-185.56073604664
-167.87178687414178
-136.78161044201767
-174.5776793084204
-138.37236623918884
-163.67248416393937
-169.71581765225227
-160.58007879815773
-168.57242567876452
-184.86050720050304
-150.74843812791872
-154.37847534605777
-158.1717060902905
-182.3567378843049
-173.5437623509493
-186.86403883529331
-185.97462560679045
-167.31323888265766
-158.78936716202546
-179.65696032287997
-147.84378603031234
-153.06077152296194
-159.56024601636557
-181.67139649170863
-201.30911365837358
-151.6712140785213
-153.70013616180302
-187.93385542982378
-143.87783374930126
-166.8236287183191
-161.16637369567755
-157.58224176880145
-182.08350673486862
-202.04448951953975
-157.45785063117415
-138.83274279263048
-160.65169516790257
-152.88593553493655
-166.77410992221274
-159.55954240161898
-162.33302399832777
-175.41998378938413
-164.58737898196577
-145.09166929751834
-154.97465319155452
-174.14242103018097
-196.26943990849918
-177.34892111468548
-146.485912881263
-194.49391260170214
-140.73728514025322
-162.22364575992924
-130.05644147007467
-153.86123324239503
-177.73510391946093
-168.82202051566483
-159.33395231535945
-131.3034574273732
-140.58663228962877
-153.40956212443177
-185.81439710182443
-176.26371255836477
-163.8703895657103
-152.09181108862614
-170.22231668580253
-169.42660558164724
-151.47720062357533
-168.9382709169289
-147.149440377552
-129.99993862178817
-171.315414993564
-162.66846636771425
-196.26928746454666
-188.51488569220652
-155.39369428117232
-196.50511864244626
-169.89147535484818
-163.97746782843677
-175.5737410938429
-126.84500222405079
-154.665808519135
-186.6113698325937
-124.49032193823182
-181.29811953314595
-156.0278736599942
-163.36851166807543
-164.03735541602572
-169.85908026895174
-154.46665569155266
-159.44898741128196
-170.42028585491067
-169.61478749088675
-171.8620788000718
-158.64985371781637
-113.50809773686308
-170.32302888985032
-166.6952562691872
-169.6669820336069
-154.87754215382415
-183.04336707645976
-228.52327909351982
-147.07707985579782
-157.27120318408606
-161.84279125132716
-181.65496367173324
-154.80059692091874
-141.052319211998
-178.12194132367665
-184.30333861184965
-144.9610473082882
-171.96741620089253
-176.26296374398922
-179.87196604191124
-172.3575924360944
-186.92518679887604
-182.97964989091446
-183.6253898408635
-155.67213332805207
-160.03920992766476
-179.6986837578342
-135.50318634748749
-143.6290963700382
-156.11338041794147
-132.86832849740273
-173.14020924741124
-177.7409709760311
-173.90385893426938
-135.08785193947
-166.1728902713284
-130.6837381344774
-174.91483308618524
-214.80195954174144
-141.79516745716148
-127.1230223609235
-149.56702883839483
-161.87568388122412
-156.53669537176273
-171.46602509184146
-149.13655503313203
-161.47595766900324
-155.75974959908936
-167.11994529667015
-130.44526225806447
-153.72427643095608
-181.38984742864258
-144.07404440278444
-150.92387336949807
-176.50135991755153
-194.82869620054151
-167.34347705767124
-157.55071118996
-187.4466067380279
-192.34420808477256
-166.31458692371564
-174.40083077621154
-187.72727988151632
-158.69459193135071
-171.392145705792
-186.8408423659441
-179.25589882809555
-135.75363535446218
-180.58378618397575
-149.89841793500193
-120.06633015695692
-173.88018786724058
-170.05531397787357
-172.18164952858245
-161.62515704292724
-137.33939683240146
-154.231770583436
-164.96688602414702
-188.29973258280455
-170.79378194323147
-170.34962537925207
-164.57868672441208
-168.26510809833832
-181.8846878771082
-167.78268064181282
-164.40707731680567
-169.2113786318136
-136.85319271533655
-138.91989952102946
-167.3720501902735
-175.3223136607295
-163.62251763035655
-185.12828415161093
-171.81655757292418
-157.41627906774175
-185.4812095899693
-140.1259768742807
-111.31205595746748
-163.2083427297928
-160.68610378926059
-179.85730110711776
-199.21380253912108
-164.56495898847984
-147.7397549926654
-167.43437085477558
-153.34783842038948
-185.95874649319555
-157.19260386622662
-180.01364708672736
-142.0407134329508
-175.86893204502596
-170.87989009635334
-143.96538433345967
-153.6408442210498
-170.28905120213906
-163.010189610456
-159.87800953021946
-166.1131562109582
-161.24211675295257
-175.70531485381633
-178.4042146468898
-148.0454424578316
-144.01867637828406
-149.0956907917468
-172.5196616544025
-186.2257889577788
-187.8607326739172
-148.0989439876048
-179.03510668122917
-137.22999363211107
-173.3819551003863
-150.42454347603328
-154.4432132155522
-177.86539463191593
-130.62309106983565
-182.90588103178723
-169.26911091367532
-200.4486499534186
-153.15914480881105
-185.7112537810543
-160.06575141099094
-177.64562356342157
-142.46218906615888
-194.9998973558767
-175.69700981904163
-171.01041561205568
-185.3275932341458
-199.1003307310737
-173.52066429993485
-177.41806232706057
-166.13855732277372
-190.32907345606998
-185.9066906948765
-155.85804520968048
-145.4436686308671
-153.98192590061157
-156.95228746702986
-162.1595745588541
-173.28466871408529
-162.49294224934886
-164.88822346093883
-151.57163896408284
-152.64699702273458
-178.70901455514402
-181.7507843059929
-180.72301552743082
-183.15586541730693
-174.248527334706
-186.3760260747489
-164.84155580986533
-143.62018190452065
-187.84605069577987
-153.0967369363316
-146.8973133917259
-156.2960212656258
-173.87669486439637
-169.59785035797262
-167.9250324791493
-150.36861884480396
-183.55092476743107
-151.45083440681591
-182.78085506498647
-172.09088456732673
-170.911783735058
-174.46242538617494
-180.16297308812534
-145.62984927968054
-112.06110243833612
-183.58036596301025
-172.72851098926674
-191.29358669633336
-169.72646845825017
-169.44713829259592
-196.72330953377724
-163.7051647951665
-167.26226906727183
-184.38805537195077
-131.50100948554962
-140.3001509383049
-202.4400183448966
-169.54627571741372
-157.83113076574836
-163.758634280907
-139.95664421022335
-168.47291163638062
-149.19475361263403
-172.99054071969982
-147.6760110859929
-143.69044011816135
-171.71215046370227
-142.67329920353671
-163.33153309769986
-177.6611113414192
-152.99714782044958
-121.94175943792818
-154.19410417813748
-193.92739375391125
-138.11029854004983
-188.98057117547108
-170.5222742121569
-183.6005614188265
-158.27476459804922
-162.46918279010222
-178.04409983845068
-150.3983896854305
-147.43659175431412
-164.34886819212412
-174.1970602793424
-176.88658598949596
-160.40290821438379
-171.8723820993506
-152.5320475545381
-150.10768349668612
-155.14454121081667
-198.47375652789628
-182.5566620620864
-157.7778328783097
-177.65959775208347
-191.14014857097305
-159.4943263976055
-170.5635590954128
-198.85604493755937
-140.09675294561418
-177.758888934252
-176.68545800035017
-133.70897267132193
-166.22602734130538
-218.67028521720036
-174.40458570906475
-189.7468151595874
-180.99823499420708
-150.2126773492334
-188.55498185939436
-154.31535128613223
-192.6901681806625
-171.1997622461422
-154.99959314233553
-171.16331513464297
-153.10794092091595
-201.65879217763032
-139.84924409929727
-193.53078039904116
-165.0690249240059
-91.29707537484855
-143.780351578946
-177.99314350124723
-173.7473647042624
-128.40378384637233
-152.15041892993548
-176.67983231374927
-189.05931428361015
-162.40813039690863
-153.03745960993407
-160.1854568761555
-179.48239448122655
-166.8582942013442
-194.91193639406387
-162.5097668668085
-140.57179697852268
-162.70783965855736
-159.54179933323226
-181.11644410506145
-164.1135267262164
-185.75779206624608
-151.95642588284966
-164.40636508022945
-158.97620907011577
-173.83122433211355
-168.00386915971126
-138.36983387574205
-205.7811332698106
-202.0991041399894
-151.10260188111891
-145.5080903008658
-156.94233645984878
-174.23770944242756
-178.93694607339944
-142.14997961048812
-181.24910184970082
-150.19893551126643
-157.45428038568178
-161.97099878527408
-183.45015913162678
-164.9685820418656
-138.52932137300274
-192.8429249450966
-162.71662846713156
-159.99949155256607
-179.53789178276054
-190.0963956601455
-137.1587334270664
-157.29871551627073
-179.22482818572573
-166.3812338878567
-183.4814901943084
-181.13240940316638
-182.3255138688142
-144.20269314634538
-142.32276142135422
-165.10636173060686
-152.22814119960492
-164.3403010669394
-175.19944890404403
-172.1054671686718
-156.77303108943983
-172.17023226722213
-193.14018211506536
-169.84175560788938
-154.14697096260718
-169.881391929831
-182.3454741075589
-119.09732476119973
-153.26243599064787
-199.65584061627902
-151.35874739947076
-145.04676195554848
-173.1398631267154
-171.28318246973566
-178.02500163371118
-146.08511793131362
-190.59549907167474
-172.98442641867172
-178.8112470619347
-204.773126271075
-137.92201957913562
-177.6202034272491
-158.55167526672574
-179.83599434848264
-140.11421492438546
-140.6032525556606
-143.26365236653902
-173.0653663595179
-167.02429408074158
-188.57617560621202
-178.05442668776033
-157.8845425080544
-141.49482523600585
-166.23936005024157
-180.77893448263
-155.87140452446528
-158.61277144031376
-194.88933817125596
-148.8432805640843
-175.41926421570423
-159.81357834162236
-182.85597689906263
-168.01879619743409
-160.65333348557297
-170.77759335273862
-157.220470523643
-131.52345609768744
-178.58880814784428
-150.36415876722947
-167.6228899968615
-166.46204410458358
-176.4546810007714
-132.55021284746485
-145.23455801153827
-168.46672685304168
-172.31049700205315
-161.46471944266762
-172.30725951964484
-191.5158769524653
-146.78680161106774
-165.09699647917773
-170.7268661422416
-178.81934867006532
-159.54671859751107
-140.66619282992866
-180.41050996149028
-141.58436728939043
-137.91347643643493
-124.27084775774662
-203.29882880256045
-132.70281634932272
-143.30036407054598
-192.1507756929065
-160.74565894882363
-158.6682203354244
-149.55323632603393
-178.53293690690853
-159.87425369573504
-199.7359909492053
-175.5002548162082
-145.65580051399883
-158.84940836159154
-151.5895766811018
-206.79733331972866
-192.66474390301795
-164.38328599649807
-153.9660309111893
-192.73351775675462
-163.7186860884078
-189.6436074817086
-140.3695331544846
-197.77929627383915
-185.72904822245795
-158.9942598152368
-161.82547841553938
-165.93039081037747
-165.9855433239325
-152.77129416961145
-166.81713821880555
-169.4498962909356
-143.7369511257972
-140.26465494041912
-179.23931019208317
-157.8086423174719
-161.47631899938625
-159.3243339757145
-195.9835245931405
-148.0421329475106
-182.23124416281263
-172.05692884458998
-163.29707704008968
-173.55048963536333
-167.73089479544768
-170.56378591824415
-189.3009121849042
-184.18295002496768
-175.5515413506507
-192.68965770703903
-171.95708223900579
-209.19654109587668
-171.4757662964265
-145.38889416420102
-160.52364895609563
-153.88988498583697
-156.95071990814463
-168.010864596138
-171.7146036080204
-161.17761181856145
-151.90990751740043
-147.6902833942922
-173.09489410984054
-140.27407449083364
-165.3465451137895
-134.60996595214232
-193.90794576195248
-171.92488502733346
-170.00640790812184
-187.1539208180169
-159.0147288788088
-223.79947839926967
-164.79052253978685
-201.74583334744128
-149.27244545589792
-183.3284246964501
-154.7920199801354
-142.67216527317208
-176.20560550291577
-145.4745965707693
-171.45859969215235
-169.86841230086208
-151.88357725665884
-114.49811572688033
-159.9033306462622
-170.74460247731986
-189.33843578788571
-182.34973714783706
-149.00559623515707
-180.93549909233997
-163.73190946116318
-146.00799486347995
-181.04851076364463
-144.04665039002055
-147.6976710118704
-180.10886627067944
-167.35593858940916
-151.81471382225197
-185.50306827151263
-171.89062876890523
-158.35767160405
-162.65966577291798
-178.77988187559225
-165.87541275734924
-170.936156219988
-135.33914560479153
-189.61864369887593
-171.06577219251923
-179.18370966134742
-191.7556401928622
-150.1896682529529
-172.04584900554116
-153.11288463281318
-171.09021841728043
-166.52871992856325
-162.87681724112863
-146.88460458819816
-146.00088968846967
-160.31922593000456
-177.94770772532
-152.25230433132955
-176.161415847637
-175.91536404805004
-177.98495703874312
-156.225148114388
-146.71621808249031
-169.39653604337093
-192.89167301182587
-146.32177625514498
-176.66500157925685
-171.60402766628494
-171.46553017197942
-166.57724180459664
-157.52202285827963
-125.33294353771555
-134.38791315770072
-191.26932662814983
-176.976959787209
-154.63178790307336
-196.42422989088038
-178.37674650140426
-129.70800282525568
-160.69148452837672
-144.70141065591733
-201.25173067979387
-165.6843434158905
-166.56668987557873
-191.2278069042905
-171.32694352154414
-161.19716947708912
-180.77967555257362
-151.25891221170338
-153.73676392201813
-176.058132940659
-142.00333617296272
-171.91863158394017
-173.91182793860492
-156.5420544946017
-181.52512482066277
-193.40755871138404
-149.02055225237814
-169.23289586388563
-151.27699677894108
-192.95823992049742
-169.89797660129864
-159.11572914688034
-192.7502930406066
-177.75788245418232
-150.69876791628997
-154.6733482743445
-179.92422730843674
-143.15080215029806
-164.3640167758733
-176.70754507935158
-162.43849193944152
-185.47125948847741
-196.03637310402854
-157.72107378029744
-176.3326900526766
-163.7138961735672
-149.95052490344128
-165.3813643314422
-152.9828090911686
-132.99737654778258
-141.59332645565524
-140.82392306199716
-169.1835650810421
-165.33052207006156
-149.08686665893575
-168.47838761295392
-173.41318599702103
-164.42198892963754
-202.76802601449134
-171.52401694934844
-163.94335067762165
-164.2553243400963
-154.2802783294527
-178.22044483884764
-177.17717983909336
-187.50860056167795
-173.66881410300445
-170.54248286396535
-163.26924874453346
-197.60153678445374
-189.07440684863687
-195.68968600998173
-159.20102115184505
-174.1758998378669
-153.02678472674336
-143.54062436085903
-151.0220018088763
-178.50254155027528
-203.9249788560311
-198.04168348713134
-166.64955168617445
-124.16027980221563
-164.8148506103275
-169.32894738741257
-183.3868626960837
-140.0285510496705
-180.42968145246238
-169.1566599304353
-156.97206591516746
-167.23591190935022
-178.94692986465208
-210.1561646449539
-179.61412873339614
-174.15474173001547
-130.92312581645518
-131.6236302577023
-147.47821630021937
-128.8385491719004
-131.00448252798256
-155.53177535739582
-149.61871695576912
-157.44112648507598
-184.31755788552138
-193.02293610230907
-182.38258070327817
-175.36702154338582
-176.54195788757505
-128.4366623197655
-168.26794873001526
-128.06958110318843
-146.2439802636058
-157.52534488722515
-138.12772371698742
-210.34678189304228
-153.09363185224584
-158.85394301129912
-177.3939385571328
-123.48929630275205
-177.8487598309796
-154.42538795809455
-153.50605698362725
-183.4402906810941
-144.01439097384159
-166.59916564201242
-188.10648048180423
-171.1778584098758
-197.28808437701218
-162.14051456445478
-140.1192998279879
-136.27434708179476
-137.71836768047024
-148.61811179979242
-174.59104226682095
-153.91479765517272
-140.29946703381918
-197.47159152676883
-157.19075203246985
-139.7604929225201
-135.47999689245677
-152.58184756328296
-198.73446486379248
-197.8592960620146
-187.3748288278915
-180.88114209216656
-178.97169738174003
-165.1191501606786
-156.09124301087576
-186.04361225923117
-152.49003695349592
-134.72137512900397
-186.7608014907824
-156.0441783446629
-138.59439862047833
-141.2119613309045
-181.53634530193744
-161.1069915947777
-169.83847185870695
-185.13185834767205
-191.26503174000754
-185.37962336172637
-164.8421045154067
-177.68941629570617
-235.25095095606866
-128.12750900762114
-194.07281079095412
-191.01678241120027
-165.03096782798585
-148.2988899991126
-167.2342291405992
-141.06836637351165
-171.04742270342183
-169.2894876096741
-163.1346090692437
-178.43938900740588
-192.43024614342502
-195.2207912116566
-146.55127643263955
-159.75965678221215
-201.36664424572263
-157.61969738724633
-165.14566409294503
-142.5380096272556
-163.51365135256071
-166.02245647370717
-169.2242348820584
-154.32794271679893
-154.06844736001432
-183.77942469852883
-136.09760328197467
-174.10945567024714
-171.9271789595878
-202.30514315454064
-194.48105214975863
-185.5146372407726
-197.71332726673558
-146.92723788622916
-142.4144152159982
-195.89688444321143
-179.68758818319228
-157.31976031309398
-158.92661133810304
-145.55493639758055
-157.00952788559135
-180.33891171378343
-185.09737467960946
-167.36811493841265
-158.43139301760002
-144.6926429798263
-183.16295984398232
-171.42504448356277
-167.35517877254992
-173.9055074064318
-180.47161451706313
-150.79697309104662
-136.6643513223601
-147.7746304047821
-129.90528540808148
-172.46810404685255
-186.3495865886777
-132.39163236805314
-184.08417412269256
-153.25432755319184
-176.33668007973742
-168.60145389051863
-175.97612980511116
-137.65547300284572
-168.42576038462337
-200.2723264705461
-167.77529592713012
-179.86325650518347
-108.44862511730054
-138.25304105016662
-159.1985489399779
-174.3014257866197
-185.79776641089447
-180.0749346914641
-149.14201556392499
-145.60450261776617
-199.78114534636256
-167.45369507615305
-159.560994944156
-164.74925613630242
-168.14357983573427
-155.7164289872345
-187.5835144318226
-187.4072156172301
-145.95021220455965
-199.02201415690635
-177.85268569852417
-164.45447575175933
-173.41361780779403
-170.77247049400108
-152.23456655548057
-129.16791328542917
-163.90847643039825
-142.39508807100594
-169.57500032134254
-181.93970086804478
-135.19941416686825
-193.97497989406153
-171.6668707841634
-183.46459832251904
-153.3138052699671
-178.8836484506249
-151.94252270390007
-187.54885687031583
-195.99418445003204
-152.71920361565867
-168.72392862216304
-146.9777474118192
-155.2145447268473
-183.86551607776954
-171.70249055593246
-181.5786682469842
-167.0554723552899
-174.40639622726226
-178.65591650064914
-194.32302891629766
-177.4824622024479
-170.6124123106967
-166.3732602256436
-179.53375399834152
-174.81878197698748
-178.1468373303129
-144.15110528311055
-195.64989172950314
-136.8721019592131
-135.13779961112735
-154.06782341308855
-198.39525523148004
-160.28772304126275
-163.96098038548487
-156.23315932669942
-143.40542907040535
-184.20727986519813
-159.7562590585466
-165.14997034337293
-139.02452509598862
-182.48006401784053
-188.62248852319794
-181.87430535307675
-150.08286428691227
-161.91994581156615
-199.29165662650263
-163.82804069281386
-144.05982480733906
-156.21694240370607
-178.33097173539824
-181.11610972256216
-163.2817822353171
-163.25506167734818
-188.0716001551421
-212.90327110143795
-190.57818897867213
-168.4198494364773
-144.7893611796233
-127.08420859792794
-138.0142168990294
-138.0795377441206
-145.0464170677638
-144.61113810383267
-116.09165265543284
-154.14677068030946
-167.50580154751634
-158.569657825827
-206.11679333239982
-167.53464104890014
-170.48606380238658
-143.97463596557614
-131.29645862045362
-195.4931605263857
-157.41996627263995
-163.40916914212164
-136.40441311070862
-154.92480555057972
-134.3098531585316
-192.17853383380935
-159.01129420191813
-160.55937420769712
-152.12331185406669
-191.83495804549926
-150.13038785247903
-177.4752769462762
-151.9879058936008
-130.8929185772597
-179.9450447384527
-197.4193508794441
-140.78482225158206
-180.70950577644413
-175.62183612328562
-173.7519232090277
-188.68990145956315
-138.8040895497407
-164.80060555997466
-126.31370460646156
-159.3710737998295
-151.7753304459228
-181.0510230393714
-145.03025521507038
-137.07968885929196
-167.52660457886765
-127.14533786090686
-181.19769566906945
-185.32648884744137
-186.3133847662977
-172.0467739095819
-153.4810178531447
-140.71909148911297
-176.35031289148537
-150.70341631200012
-135.29055230228454
-173.24950873707877
-177.3228547702826
-139.54291528333073
-143.2706308602596
-166.7542476008428
-170.18813818935217
-177.0998591701261
-220.9544786250587
-159.19342026379894
-143.07127155295873
-177.90109342756512
-194.96932771330887
-159.06703780142334
-193.00652111692136
-139.8668173450052
-172.6406694704657
-173.01941434532367
-150.57682184768606
-179.11628559928653
-149.3339435151313
-197.9073469182972
-156.66226812923554
-156.08864541161478
-146.1975524436748
-170.02574921268754
-173.84187033905567
-158.3134491466583
-143.32976419826002
-164.31991184343977
-180.45225083326366
-204.49297095628128
-170.6936112132919
-169.85045986236958
-143.6318140791307
-162.13381150875176
-162.95484175820928
-168.80239378191285
-213.05373528140956
-160.53220833948725
-161.21233429321262
-157.62818627534108
-203.28330836300066
-167.47680209760682
-163.19315342822168
-173.3550976134635
-181.8386164525063
-163.26386625118113
-148.39920905035493
-199.2038920994348
-192.97546956250517
-139.66750077078893
-180.62140044685668
-180.3059405402704
-145.03227461068934
-207.55560496458247
-147.15316426974456
-170.1796533149735
-166.00857014046926
-189.74924817953416
-142.8198686163176
-162.05056535880925
-170.42067948708757
-161.37123458846168
-125.03286050031744
-172.4172589252668
-184.31242348617292
-175.62557367418498
-188.450210724651
-156.2965008096478
-126.63311806235535
-160.77852142582321
-167.04824091342326
-156.1618979060698
-126.31398965962862
-188.75723597373974
-180.42388579184643
-175.03749703918433
-152.38802785801923
-221.9870662766529
-142.086195682074
-154.69951076975877
-157.49973340027154
-154.34369365643533
-140.06450864410553
-142.19528862381372
-170.48255372081653
-176.52838842490394
-184.22803108875345
-143.1814312802946
-162.79783000169903
-186.17307039494526
-150.9913764757334
-164.63571396270453
-144.41818241993107
-175.01130198753287
-167.33438625861345
-152.16240837270982
-163.36089109192403
-160.71798656525027
-145.9690501031759
-172.43072685171668
-143.82768469195048
-166.65784399112346
-147.82160691442385
-144.65331326284155
-187.14942220412973
-166.84964439072914
-175.46113140378614
-143.16691797704874
-179.68290805011398
-140.32694087681273
-199.64121039544938
-189.07399319008363
-137.10122181210477
-183.15469483501255
-177.31242418978604
-186.70348083480624
-201.39810346860463
-194.9397214445968
-156.05732003467395
-176.74332141904466
-174.67356929125526
-125.96611904647236
-184.29887440273762
-151.15532108982887
-135.09327251248652
-153.77414013813518
-178.9383572200931
-180.10243535991924
-205.1097134014022
-166.77505271622053
-143.71072898515612
-160.50527391678827
-161.7384928111719
-140.45313183085136
-183.85855182550654
-179.14205981270135
-214.50105671169575
-153.2800073413226
-170.93812852934116
-149.18413152684036
-151.0582525053391
-158.04131834179114
-190.1477034613123
-145.20708312967497
-150.02140613753716
-146.02739217805114
-192.8547868468524
-162.14390621792023
-217.06134491643354
-144.93513402352642
-109.50677996538306
-144.11977416302386
-201.23835251486364
-182.3075567236578
-194.7293916354956
-178.5848567189214
-165.06341439742965
-158.42842050680065
-187.94102231444478
-135.55223397697944
-114.60097861614108
-152.02113804445872
-209.78965510813532
-133.61039749259356
-181.4571919928038
-164.00410817134005
-169.75875568958025
-151.02963049746077
-163.46637128507314
-187.0884226620878
-184.37391220003335
-194.14173660760406
-143.76909682986576
-130.7536364873382
-176.7840328803478
-163.75749590097408
-165.43281161921777
-157.31022260381835
-163.6034590516412
-225.3513673140508
-164.49651104322055
-197.3265243388458
-174.15857156542887
-175.51279268572569
-189.9947101099309
-161.07175215649153
-188.28855559640027
-218.03431175665762
-174.58191162734727
-190.16112263483643
-157.91525050975432
-182.5418183053111
-189.8884928150632
-147.02274387968484
-135.94477646617577
-131.02177882548193
-153.69826996569793
-193.3841168295745
-173.32348395827654
-178.32852810862022
-185.16243658161747
-156.88101460594498
-175.86662616380013
-152.27934442991253
-170.1754883704151
-188.6329875872973
-190.96555553033053
-145.02774827087276
-171.73641453386756
-156.84221038892753
-172.8942122477403
-172.7247437892031
-164.20197808148242
-140.55129596316016
-186.86509312171648
-140.81171864467365
-122.63556997190551
-186.97524593775842
-187.11227897979256
-164.30525258238845
-205.79812599846562
-151.3638667471263
-180.54087084850102
-157.76706430516697
-158.01255967511293
-183.9290922705728
-152.546077412814
-149.6743621655038
-136.58980078812684
-147.66257839358414
-139.4846715226627
-158.63334199276102
-176.7737665262552
-188.3201883655792
-164.35729818780277
-116.21571295651457
-130.29367796995226
-182.49971224421165
-156.1690529511881
-151.1803082629948
-142.50055289883818
-118.54456902260395
-164.38969166888705
-168.6828809640354
-173.33571237384575
-131.43039088696025
-186.01011357484379
-154.9233447601407
-186.9303966943565
-185.92303587012077
-173.9934662549141
-186.6306649940487
-142.7668726630759
-205.98082123328652
-166.21946130053448
-143.50629597140914
-165.52084228303738
-159.55584874333047
-176.31296083061062
-167.1331000165638
-130.5765313384762
-157.85470247161555
-156.2840330477717
-140.89487694767357
-160.205916563872
-169.63519724785726
-186.0853159162035
-155.46863672201516
-132.78427372065494
-127.5124560497005
-151.49039765678933
-145.83205042639543
-165.87613397553878
-175.13043993983712
-178.68397530829924
-128.02449590707246
-170.90422638018003
-174.48607969993196
-181.88293279341383
-162.7787080324548
-158.75092164762196
-173.7360870023369
-190.53223872165654
-157.88805172661512
-176.02596861879238
-136.63257656994296
-159.9087862898076
-170.7311706575029
-191.56903391765763
-187.90071678731906
-153.45877152747562
-143.0828576008227
-165.27162270611035
-163.80373580045028
-159.46847120701625
-141.058173079599
-169.79292269188437
-144.06767672344486
-141.2816598148068
-192.8780535442904
-142.75562076771996
-214.91787136418844
-166.533077336929
-183.7273871214975
-184.31013723707883
-134.87578234355155
-157.16413044817867
-182.10130723050892
-150.94900583405277
-171.73272222658517
-178.1365487376356
-168.63443147039746
-162.42881400731073
-183.34682851159724
-172.48501112015265
-142.57567633142537
-132.51467469952303
-153.71720989827872
-171.1627637455797
-169.38818413255393
-169.7803553876331
-152.87383759745887
-192.14413621334123
-173.0607172628882
-171.34834778476593
-187.08609970081312
-149.30713871831946
-145.7063112751759
-176.3769114909228
-145.87038743468028
-152.98684703579588
-162.80916283451137
-171.93031340138265
-132.81809417656353
-140.79047303028483
-194.71486789977598
-166.65579287577344
-208.46669780956728
-199.70218909008025
-168.1723061536456
-184.1781864707716
-196.21605928845895
-191.87926262603253
-169.96361680920177
-166.345418833937
-166.28567979121885
-191.4393423213918
-148.3781839142334
-151.02188327995916
-171.907436273907
-187.59474000217688
-151.02596853725112
-162.01947657854504
-149.56332787215024
-187.2600767587059
-168.93673670351166
-202.37920267528682
-140.13888787018658
-164.79187970171557
-183.7763702048422
-169.40983369226308
-173.69177096893867
-160.02354567645665
-138.90576253662744
-159.48469122978145
-163.23248297819904
-199.4941208641235
-145.47006683266437
-151.0758953983119
-201.55451390603525
-202.84796315409287
-166.33425027653152
-159.60980214709653
-181.8023481648488
-202.2332352074742
-183.65585992717087
-152.16143416195823
-162.97203987302896
-134.86730845981947
-166.29179327729267
-176.634117292356
-203.0701927415443
-127.2604095541738
-194.05877741830295
-160.81489538542465
-151.18638425835468
-169.82192917687752
-140.06592000643064
-156.9880880152494
-198.58792826381085
-156.26933282801338
-166.1468179347362
-197.5207825718208
-155.57180587669055
-183.6545026440831
-177.18834632284472
-146.0950091774512
-153.7193292010825
-195.54042973053924
-178.13496647541422
-179.61400208608683
-182.5273582965046
-205.86960222383414
-143.11724190347024
-180.30075179466223
-174.37492625164631
-168.0931819372359
-176.7737681844185
-145.9976354456756
-165.7829990058748
-173.53147430631816
-189.0984747312287
-167.38848505959805
-159.8044716736788
-179.23862222548684
-140.644945341667
-196.0411943479667
-183.76991290302902
-156.9883110208573
-169.1981755214527
-194.44774958439962
-150.70388896080638
-168.57092253731486
-143.4919308647946
-191.98173208295816
-164.15464321944478
-161.9143322978531
-158.3037065054229
-191.21398081961357
-160.34200155710886
-177.87866228385104
-173.40013471073723
-146.60239289932122
-218.62903307007394
-153.89797019841677
-189.69677328907127
-147.29510824509632
-131.70308355977141
-194.58103413994644
-168.80205125116663
-160.66102555463056
-194.73600192944207
-190.02617554803584
-180.28785599814717
-173.85136082482077
-207.09285511937492
-154.20648576672477
-193.11491938472727
-170.1528004400738
-165.9513131430014
-176.45660612867096
-163.25929330803757
-183.5484794288766
-170.2121670074371
-176.7804409001376
-161.343266520221
-166.23254958898747
-138.0806693111985
-147.9412502206369
-147.78158362708947
-199.91754285661827
-169.549607190943
-157.74276208148683
-206.76608622120617
-161.22773909997375
-175.22110140359342
-141.73081746933462
-159.41037407925285
-173.4189689867464
-174.71575291983567
-150.18866491506674
-153.31169909379196
-163.17298702929196
-151.94576614679278
-152.95691989569423
-154.0181958459406
-161.46430144027374
-166.09088366819816
-172.01848445605665
-170.36421460688027
-182.79695604993094
-194.84673407175677
-184.5023847281355
-172.70605844659013
-187.57425037542896
-181.7579692772003
-184.57673182523672
-151.00983934129226
-156.2304556958686
-174.87933652279352
-134.62076353734722
-188.12961380417815
-186.1476899610506
-177.5634401899864
-159.3353890449363
-178.15586301250045
-198.11323517886285
-163.53543589060277
-146.5073611129354
-139.36759369149885
-150.17676421281263
-166.1448270792487
-187.98131924121137
-163.26885653468355
-125.14880943754582
-180.15883764080488
-193.92126692803492
-147.88286187050028
-173.49164464155285
-165.07533052279527
-170.53484981412015
-153.44940871897967
-171.14520020745698
-154.2334012919838
-198.65143593142338
-209.21810725105803
-145.46212981462415
-187.402602481155
-168.04169642964143
-137.76977421975346
-172.34831898684058
-166.02734780275992
-143.93759898703325
-162.2566782472628
-181.69856617292774
-179.32266793247857
-195.31849974737491
-192.83792138745156
-149.93155527250997
-146.82170363690386
-177.40849777950626
-184.1361609026688
-180.15098470528477
-198.26395414480876
-153.7745051673075
-190.80972783352368
-136.7001977898183
-165.38259697642587
-186.28620612043596
-191.1672404002353
-133.5718961831097
-145.67142192896765
-207.4098276641061
-175.2870595834163
-177.77304659015277
-176.37130546288842
-197.10613618563667
-182.10412715708063
-160.16327966369997
-166.0279759958368
-156.77845228810324
-191.93663950983156
-182.63052106907892
-116.85172871667568
-160.76362508537775
-172.35045783981084
-149.75981132867452
-187.29914530463924
-183.84964812100412
-137.91240422305185
-167.9704212871905
-175.17689867241893
-132.75847761654515
-169.30106509499137
-161.62064063680583
-178.7395045982365
-166.1945312832441
-147.3314935117921
-175.06089708266612
-192.48564192447876
-191.96377076632191
-128.45837159586256
-171.21364751021696
-155.26549206868992
-182.61587308659352
-151.60511558661514
-151.7663889115508
-170.3674474741703
-164.13545412528717
-144.81442679297902
-201.18860207280014
-186.3370714895226
-203.18979264310002
-148.1758337062351
-127.94381822771534
-166.02477765854135
-192.55565379777568
-151.39716200286267
-190.99392889421375
-196.81689715321224
-185.02925845079034
-116.57751957904921
-216.78673285592367
-171.62679733687082
-197.80831927726283
-154.33111136278072
-127.69164110865393
-195.22603093298432
-161.73941854374573
-142.20771353332935
-165.2370979656194
-221.9771634611223
-167.75641395433885
-173.31663052003682
-176.19124676825942
-173.31621360692245
-191.9017324521319
-173.36919687245503
-169.3174114899299
-176.1666432333417
-157.95793582236314
-178.23743112995032
-167.25791668999105
-170.57711094302095
-175.62788088520608
-152.63461775783298
-166.65061775427137
-182.93833602326583
-225.08190721237202
-179.32426653476784
-173.04904615179143
-135.282344444938
-172.23565544064508
-191.95769927963016
-182.93379811486918
-160.46463900108424
-159.05280725500563
-161.3295204793588
-153.42981258027027
-155.2760471897766
-147.0547888758585
-185.4277335619381
-183.91680211900345
-162.09790215483494
-169.77334827628863
-174.30822681031293
-188.0139016858638
-206.58652854629673
-134.55523442886687
-203.61216750901482
-166.59263594512475
-143.7710543505234
-184.76704951062592
-157.95214862378685
-130.55853566436627
-208.24460336852036
-180.58489588414386
-234.75633174213823
-189.96681506975855
-170.5528791955474
-158.84475351351136
-158.24753474059244
-178.5678925508357
-177.82963854340912
-182.7200191100973
-165.41494467269138
-186.6553221667869
-157.7138571246095
-181.15860036711945
-146.15631895419386
-165.2585176852404
-153.07465950627756
-173.14996314726736
-132.89346602321297
-178.03532865363394
-151.03837873514163
-192.16020274757602
-194.30199768459585
-181.14570805505485
-139.63882676160284
-177.40607123625955
-196.47241553728054
-137.8569602848618
-150.44932188176938
-150.84290109775304
-177.7139237114419
-200.0446453128759
-184.93086480393316
-173.94645977526733
-197.5624526898569
-181.79540175063568
-166.26714403664187
-194.3446239415146
-148.8990892533712
-189.67874583567908
-188.35378435398732
-161.78419499059453
-164.86952082996527
-171.9332585975781
-193.76005004149317
-172.3361822176791
-155.37759328528733
-166.68671579118308
-152.72201418925061
-179.68793479477407
-173.77166869357382
-199.9571137377357
-179.88007126455028
-157.7435039191525
-159.6327277823995
-145.91360518400666
-151.98063855865848
-191.9264531431062
-155.79364737103487
-189.11233020848158
-175.2535659824062
-184.42485508120012
-180.44295981478436
-159.1524481248789
-192.0460349746287
-160.8867154181842
-150.6852040316041
-190.3910798225365
-131.48514908680656
-146.4447898848988
-170.35254378136761
-133.04267932853188
-192.24927966944955
-176.44774499714845
-141.59876568166212
-174.33083976185495
-130.1090240487158
-136.24399325418543
-167.72547176035516
-170.91962572822888
-186.84680107128077
-165.98494418288618
-160.18734550094658
-163.55146195107324
-185.80018327925018
-138.00764535394902
-157.27989012804005
-175.12773850897474
-161.8938544547953
-115.55354836800964
-157.94997638850228
-183.83043639776878
-189.22901829996846
-174.23449094124499
-194.22626374763055
-216.40908117397498
-158.3664520087391
-150.70249685159928
-164.3708169515437
-120.28853296287141
-171.68172749895072
-163.51609826468314
-158.94063213676048
-165.94487553991593
-160.14933555620715
-223.0922984444767
-166.6837767734214
-173.5524861444834
-171.17663494497583
-182.08010544440475
-181.24510813865777
-171.9541107857466
-150.93840490064656
-171.19259549126912
-192.82305068057406
-154.18402573474268
-174.27907197773663
-177.1930796497407
-211.66249700847942
-148.43799539189988
-160.9187570301749
-148.97593826591208
-136.28387894874652
-162.34366684881854
-180.08859592713353
-164.89210433220242
-150.0035920035926
-165.71742632448166
-163.00299317075022
-178.8964352691798
-168.28133864967612
-187.1733322223498
-203.00177226489666
-208.9735151782183
-155.61777543839224
-158.36225310965284
-212.17382062859832
-149.19774102201092
-141.04330092622303
-191.77095811203853
-172.7192204762614
-185.32269224982815
-131.4661395941282
-123.44730827536196
-182.4076259491353
-187.45345800678083
-172.42066276624885
-150.94609184232246
-187.39636257380366
-164.68281059888807
-164.84588282768516
-195.31230047393967
-125.53130973979601
-144.36344149019337
-173.50104699129167
-153.3058903761481
-182.95279524762213
-156.90085038605696
-166.25313307742948
-140.37409363684694
-162.1274651845356
-162.42154405616031
-171.16334658162936
-202.11398402618775
-154.92283102262274
-158.712459870143
-171.9682682986527
-169.55843816654436
-183.45386515894262
-158.02955745270685
-160.13723098894886
-163.37083435603176
