212.2047576904297
226.74327087402344
231.76866149902344
205.98062133789062
215.9439239501953
213.953369140625
235.96417236328125
226.5614471435547
216.72499084472656
212.96646118164062
214.1856231689453
205.0819091796875
199.42311096191406
220.41949462890625
205.1556854248047
214.9603271484375
198.63552856445312
179.7751007080078
212.80995178222656
178.44630432128906
209.3152618408203
196.5252685546875
201.55584716796875
200.63108825683594
213.74681091308594
189.49298095703125
199.1779022216797
200.67813110351562
180.26043701171875
189.0703582763672
198.23916625976562
182.63995361328125
193.24447631835938
195.32144165039062
170.36550903320312
196.70420837402344
205.78016662597656
163.67779541015625
177.54525756835938
186.2799835205078
177.30665588378906
171.7982635498047
177.94943237304688
184.13204956054688
159.85342407226562
173.5944061279297
157.22518920898438
146.4553680419922
132.3250732421875
167.20852661132812
136.08236694335938
164.43386840820312
137.66200256347656
144.15257263183594
146.75936889648438
130.3612823486328
130.40052795410156
139.08511352539062
141.23745727539062
141.28871154785156
123.32678985595703
116.38750457763672
119.47235107421875
114.14791107177734
99.1229476928711
118.97857666015625
91.67929077148438
108.2565689086914
107.87796020507812
105.44883728027344
100.44792175292969
87.8708267211914
68.49605560302734
70.48345947265625
60.54899597167969
75.76614379882812
66.69849395751953
93.44768524169922
84.67565155029297
74.9714584350586
40.628360748291016
67.03778839111328
25.026626586914062
58.44348907470703
51.216590881347656
50.63997268676758
41.53643035888672
75.23018646240234
31.093875885009766
33.55620574951172
44.46621322631836
63.92310333251953
22.960176467895508
50.63969802856445
44.307376861572266
54.58184814453125
39.941410064697266
37.783668518066406
59.266807556152344
32.21914291381836
23.209585189819336
31.629629135131836
33.52092742919922
15.887493133544922
27.929933547973633
26.331653594970703
29.255943298339844
44.888004302978516
17.973142623901367
52.158023834228516
18.266958236694336
12.493494987487793
11.63344955444336
26.805221557617188
29.55324935913086
40.41557693481445
49.6189079284668
17.7073974609375
14.933675765991211
14.349652290344238
-0.4901493191719055
17.177562713623047
23.89585304260254
16.954030990600586
13.536514282226562
0.6580060124397278
-5.785996437072754
21.260534286499023
0.845513105392456
16.106809616088867
-10.335153579711914
-6.096338272094727
25.094741821289062
18.6190128326416
13.560728073120117
0.5502629280090332
5.469944953918457
26.451335906982422
15.946279525756836
3.47649884223938
19.052370071411133
1.1339839696884155
12.782470703125
15.157721519470215
5.8434648513793945
1.1973848342895508
-19.221521377563477
-7.367018699645996
18.8055477142334
-3.45556902885437
9.007367134094238
-9.733484268188477
19.4429931640625
-4.469107627868652
14.74668025970459
-13.176061630249023
-3.7096755504608154
-11.804938316345215
-12.523951530456543
5.151656150817871
24.001022338867188
-21.85807228088379
12.50244140625
-4.217667102813721
30.57193946838379
12.057816505432129
-18.356130599975586
11.708747863769531
2.228830575942993
-4.465132236480713
-12.34848403930664
-2.680117130279541
21.55455207824707
-7.080934047698975
-2.452003002166748
6.941997051239014
5.932476043701172
1.1664484739303589
-0.5112734436988831
16.754518508911133
21.968727111816406
-6.2194623947143555
20.2080020904541
9.281682014465332
0.6454979777336121
0.052369892597198486
-0.6252667307853699
10.003503799438477
12.7885160446167
3.857689380645752
-26.551115036010742
2.370729446411133
9.653419494628906
-3.146085500717163
3.1681320667266846
-3.4001832008361816
-3.28892183303833
18.84552574157715
-4.973391532897949
-0.835185170173645
13.579070091247559
-2.2704079151153564
-0.5662455558776855
18.76064682006836
-9.451848030090332
21.75145721435547
8.294135093688965
-6.086566925048828
23.221782684326172
-2.1472015380859375
-2.8863189220428467
6.162928104400635
15.504085540771484
12.55164623260498
-9.652743339538574
-2.1888904571533203
-13.367195129394531
-3.5994060039520264
-7.3619818687438965
-2.9649908542633057
-15.288928031921387
-13.745546340942383
17.61543083190918
3.5498886108398438
-19.02906036376953
9.020506858825684
5.101802825927734
10.084549903869629
16.076961517333984
-19.2764892578125
-4.54521369934082
-12.998183250427246
-5.967960834503174
2.796142101287842
-5.8386101722717285
10.588519096374512
0.914597749710083
7.577045440673828
-6.2667012214660645
8.240544319152832
2.515665054321289
3.54598331451416
-0.9803289771080017
2.550323963165283
28.851564407348633
-2.8466973304748535
-8.151987075805664
-8.6649751663208
-12.974161148071289
8.342498779296875
0.7112097144126892
-12.39031982421875
-18.821378707885742
-15.518535614013672
-6.514712333679199
14.139432907104492
-0.6321957111358643
-2.7123255729675293
-22.23077964782715
6.072587966918945
8.685630798339844
23.631256103515625
20.259225845336914
26.557329177856445
-3.5739495754241943
32.343231201171875
-4.741641998291016
-0.9171867370605469
4.877079010009766
-3.819084405899048
-2.583766460418701
9.763140678405762
18.673765182495117
-31.717885971069336
7.349664211273193
-16.556673049926758
-12.861350059509277
8.030576705932617
-0.24723149836063385
-2.8812570571899414
-3.1119635105133057
8.673988342285156
3.301567554473877
3.955144166946411
14.751591682434082
27.488527297973633
8.982389450073242
-6.635779857635498
-4.43998908996582
-10.410646438598633
15.838808059692383
-15.54240608215332
15.522760391235352
1.2889633178710938
-9.63998794555664
7.67624044418335
-1.9841984510421753
-4.04592752456665
-11.821727752685547
13.072080612182617
-4.571030139923096
1.2166677713394165
-0.7153281569480896
5.8738837242126465
6.230659008026123
-11.523297309875488
-0.46974602341651917
0.3471410870552063
-2.0664310455322266
-5.04713249206543
16.921388626098633
1.0318987369537354
-6.6185736656188965
18.541667938232422
-6.851257801055908
-15.598414421081543
-16.54770278930664
-24.160417556762695
-8.916582107543945
0.6257050037384033
8.68088436126709
1.9440522193908691
-10.94239330291748
9.716058731079102
8.167447090148926
2.0088372230529785
5.956408977508545
-2.506495475769043
-22.33356285095215
8.599414825439453
4.132811546325684
-3.624518394470215
5.45273494720459
8.595572471618652
-6.540136337280273
15.951172828674316
-8.57959270477295
-25.724565505981445
12.737466812133789
9.849414825439453
8.761454582214355
-10.888690948486328
-3.9520881175994873
-2.600870370864868
-17.988582611083984
26.507465362548828
8.320186614990234
-11.331917762756348
-7.22705078125
-28.503751754760742
12.874781608581543
24.906265258789062
4.0554118156433105
-14.673163414001465
8.10183334350586
-10.864386558532715
25.845279693603516
11.496660232543945
-9.659832954406738
11.83232307434082
-24.461009979248047
-3.570497989654541
11.302109718322754
-0.3825914263725281
6.979835510253906
16.86249542236328
-11.836633682250977
-6.7264909744262695
5.725161075592041
-13.61801528930664
-21.958803176879883
13.429817199707031
-2.7544970512390137
-11.49079418182373
-11.861716270446777
11.045963287353516
-20.62336540222168
13.314007759094238
27.04916000366211
-6.4674458503723145
-4.622664928436279
-4.977455139160156
-14.075267791748047
-18.333208084106445
2.816441059112549
7.3542399406433105
-22.087316513061523
1.0312780141830444
-0.15572741627693176
-10.03133773803711
-1.6452715396881104
0.71708083152771
-5.553164482116699
5.930679798126221
4.960309028625488
-29.353008270263672
-13.810583114624023
-3.0369529724121094
4.204277992248535
-6.217544078826904
8.221916198730469
15.097844123840332
15.441068649291992
-3.553584098815918
12.25791072845459
-14.818941116333008
6.036433696746826
20.672319412231445
-29.476139068603516
-8.568053245544434
-4.2380266189575195
-7.7561845779418945
-8.198636054992676
-7.199843406677246
-10.16037654876709
3.732377767562866
-20.25432777404785
2.3067715167999268
-7.104249954223633
18.01922035217285
6.662070274353027
2.030614137649536
-11.809160232543945
9.45217227935791
6.874397277832031
0.1754484474658966
-28.79169464111328
1.8010331392288208
3.0247080326080322
-15.064720153808594
-9.243770599365234
-0.6310058236122131
10.368061065673828
-6.812510967254639
7.97496223449707
-7.853330612182617
22.024614334106445
24.338815689086914
-8.396604537963867
2.826408863067627
8.975032806396484
5.335032939910889
12.24931526184082
20.03506088256836
8.156731605529785
3.0961873531341553
-14.26345157623291
-4.085875988006592
-22.888484954833984
12.866220474243164
-1.9917993545532227
8.176063537597656
-21.08177375793457
-2.2763047218322754
-2.2140145301818848
-1.8253506422042847
-8.762771606445312
-8.536177635192871
5.3997578620910645
-12.030130386352539
22.645151138305664
1.8102800846099854
-1.4090255498886108
2.948295831680298
-2.1156625747680664
5.5797119140625
-19.315176010131836
-1.240572452545166
23.067752838134766
-0.016747143119573593
-2.5572562217712402
20.330720901489258
-7.439308166503906
-13.93124008178711
-4.8502197265625
-7.746429443359375
-9.299537658691406
3.310311794281006
-12.899423599243164
19.45724868774414
-6.5636749267578125
11.403107643127441
25.2843017578125
-7.986813068389893
1.588194489479065
10.45427131652832
12.649505615234375
2.425149917602539
13.525912284851074
9.28276252746582
1.1819636821746826
-5.790438175201416
2.295260190963745
0.8956279158592224
-3.9009854793548584
-8.427332878112793
3.4373891353607178
7.937439918518066
-1.6011250019073486
21.04515266418457
13.288949012756348
-15.119941711425781
0.1187933161854744
-3.473404884338379
-8.473456382751465
27.117130279541016
-14.74261474609375
-20.76664924621582
0.34748151898384094
-28.279199600219727
-19.573598861694336
3.7029998302459717
-4.110015869140625
13.949417114257812
-10.304805755615234
-1.0830833911895752
13.313081741333008
14.073975563049316
-16.13927459716797
-15.333965301513672
2.0660054683685303
-10.315765380859375
4.67480993270874
-12.926858901977539
-15.605598449707031
-8.743882179260254
6.065975189208984
-7.407919883728027
-5.427689075469971
-10.602129936218262
8.932453155517578
-9.298316955566406
11.120708465576172
-8.815855979919434
2.500640392303467
-7.237695217132568
3.7167820930480957
23.181222915649414
19.768945693969727
-15.136825561523438
3.7231078147888184
13.951239585876465
-15.786855697631836
19.210844039916992
8.278775215148926
-6.0311479568481445
13.360677719116211
5.4822516441345215
-2.2302191257476807
-9.345429420471191
-7.8858642578125
-5.7128400802612305
8.299198150634766
-13.215689659118652
-10.925426483154297
-20.452856063842773
18.266813278198242
3.115260362625122
-1.9934675693511963
1.8050497770309448
12.25161075592041
22.68433380126953
5.8222455978393555
-5.478208065032959
-3.0297980308532715
2.2410807609558105
3.371387481689453
10.575479507446289
-4.5945611000061035
4.11395263671875
8.648990631103516
-10.698066711425781
-17.421554565429688
8.294888496398926
-23.586809158325195
-18.37286376953125
-23.737592697143555
7.675233840942383
-24.385234832763672
-23.003860473632812
-11.406875610351562
-16.473026275634766
-9.971274375915527
-9.42507266998291
7.318723678588867
-10.003264427185059
-25.65430450439453
4.783344268798828
-8.617965698242188
-9.874307632446289
12.082743644714355
8.722057342529297
26.387331008911133
19.683963775634766
9.927610397338867
-3.364241361618042
9.111836433410645
7.778792858123779
-6.897006988525391
5.568285942077637
-18.799985885620117
-2.4187393188476562
-5.306303977966309
-24.09147071838379
8.2109375
-21.143964767456055
-26.64512825012207
11.930960655212402
7.9745917320251465
3.362757444381714
-22.205379486083984
-7.085545063018799
1.9121546745300293
2.99298095703125
2.737858772277832
5.4934892654418945
32.83489990234375
1.5525625944137573
6.783919334411621
-1.8375695943832397
-0.7071628570556641
9.03236198425293
0.32015934586524963
2.915393352508545
24.551225662231445
-26.06314468383789
-6.840052604675293
0.5259400606155396
13.123011589050293
21.857885360717773
-0.529440701007843
-12.442595481872559
-13.050657272338867
4.18051815032959
-23.253276824951172
2.20516300201416
-6.836709022521973
-13.815690994262695
-10.809375762939453
-4.502509593963623
-2.5564889907836914
-10.423361778259277
25.36240005493164
-3.605056047439575
-0.4083966910839081
-19.903575897216797
-28.0546817779541
-10.150693893432617
12.190696716308594
4.383015155792236
5.579200267791748
6.425674915313721
31.147512435913086
-1.337033987045288
1.5435965061187744
18.02776527404785
9.408692359924316
12.308398246765137
-9.102036476135254
-21.57779312133789
6.554539680480957
-3.432377338409424
5.409433841705322
-5.241020202636719
6.652645111083984
18.699132919311523
-6.132345199584961
18.69736099243164
-1.2379543781280518
-13.291107177734375
-8.768277168273926
-8.37446403503418
6.403808116912842
1.3492439985275269
-12.221936225891113
26.9791202545166
-9.530933380126953
19.358173370361328
-13.595602989196777
-17.12900161743164
12.200715065002441
3.0180459022521973
4.210643291473389
14.351844787597656
-9.795171737670898
-21.695112228393555
3.933220386505127
11.116046905517578
-14.227076530456543
12.631500244140625
22.770219802856445
1.280957579612732
14.479242324829102
-10.342621803283691
-18.272863388061523
12.60125732421875
13.55283260345459
23.029695510864258
-0.058667998760938644
-17.86261558532715
0.5713309645652771
-6.23718786239624
-9.281326293945312
8.521541595458984
-4.679788589477539
-7.416656494140625
0.45851489901542664
-9.939159393310547
-5.7549238204956055
-6.741880416870117
-26.37956428527832
20.68052864074707
0.9163198471069336
14.283020973205566
19.74932861328125
21.095151901245117
-26.449623107910156
-8.356264114379883
13.01865005493164
-6.6315531730651855
12.068848609924316
-13.42005443572998
6.017335891723633
34.45307159423828
10.00129508972168
28.17957878112793
-0.9283418655395508
26.226675033569336
2.35884428024292
10.966165542602539
6.740345478057861
-14.844517707824707
-12.02934455871582
13.740633964538574
-2.675034761428833
5.135420322418213
-25.731401443481445
0.5492715835571289
5.7692084312438965
11.812050819396973
-7.105297565460205
-4.733571529388428
12.453642845153809
7.851809978485107
-10.985099792480469
-3.011453628540039
18.714378356933594
-3.092578411102295
1.1869275569915771
12.994443893432617
26.849910736083984
6.360667705535889
0.4063943326473236
-40.35944366455078
-14.992697715759277
-13.762861251831055
-4.918467998504639
-23.71515655517578
-24.047061920166016
16.749675750732422
-6.791924953460693
7.080443859100342
-3.2340331077575684
-12.675287246704102
-14.011832237243652
-9.78612232208252
7.368026256561279
-6.4713311195373535
7.3526811599731445
8.456262588500977
13.520750999450684
13.306273460388184
-1.4149678945541382
3.650995969772339
11.098867416381836
-0.9884985089302063
-2.0397233963012695
-11.441109657287598
-2.553734302520752
5.142081260681152
18.845783233642578
19.27519989013672
0.2723131477832794
-4.164205074310303
-4.422720432281494
5.199322700500488
-3.8450570106506348
-2.36360502243042
-6.363781452178955
-4.307820796966553
-2.443455696105957
10.517074584960938
-10.795300483703613
-2.2752764225006104
19.216915130615234
-9.54619312286377
-3.9209089279174805
11.711237907409668
-7.815349578857422
10.459135055541992
-21.651147842407227
-21.04711151123047
8.06462574005127
11.4660062789917
-26.803482055664062
8.50456428527832
-1.0521302223205566
5.472418308258057
-19.751728057861328
11.394964218139648
-7.4618964195251465
-0.21462534368038177
3.240851402282715
0.8591116666793823
20.766963958740234
4.587794780731201
-16.425806045532227
7.526834487915039
-15.07447624206543
6.410343170166016
-1.2712409496307373
23.1378173828125
19.97697639465332
12.013177871704102
8.172454833984375
-3.2771666049957275
-11.606206893920898
-11.836923599243164
1.616111159324646
3.6391773223876953
-8.117025375366211
0.5165477991104126
-8.116340637207031
3.533954381942749
-7.378820419311523
0.8465622663497925
3.153200626373291
3.7690012454986572
-11.842355728149414
0.9403325915336609
-11.432167053222656
-7.393180847167969
17.06674575805664
0.5880432724952698
-18.644784927368164
4.435105800628662
-3.3208730220794678
4.513875484466553
6.572038173675537
23.711288452148438
11.774782180786133
6.74526834487915
-9.811767578125
-1.354982614517212
-3.43870210647583
1.1676435470581055
-25.99481773376465
1.5636922121047974
-12.560147285461426
-9.69042682647705
-5.523895263671875
2.26308274269104
20.593042373657227
0.028288280591368675
25.854236602783203
0.5479874014854431
-7.447619915008545
-1.59337317943573
10.94127368927002
17.38825225830078
14.59195613861084
-0.2831951081752777
0.9434786438941956
15.516676902770996
-12.111071586608887
-13.300527572631836
-16.452335357666016
1.538341999053955
-7.438174247741699
-1.6819137334823608
-27.176855087280273
9.799637794494629
-1.0468287467956543
12.582870483398438
-24.199796676635742
-18.609210968017578
17.85629653930664
6.216233253479004
6.200203895568848
-17.95159912109375
-0.9930239319801331
-10.669434547424316
-25.88056755065918
4.4955878257751465
-4.593306064605713
-14.0028715133667
-6.074789524078369
24.831178665161133
-3.693763017654419
5.898704528808594
-2.4040539264678955
-21.866724014282227
7.930980205535889
-10.969413757324219
-0.9902001619338989
-6.096278190612793
-7.924427032470703
-19.53584098815918
17.69614601135254
21.46757698059082
-11.219632148742676
4.319361686706543
-8.669103622436523
-1.8731387853622437
12.969366073608398
-1.9773855209350586
-28.452312469482422
-3.4308738708496094
21.511709213256836
-10.009770393371582
-13.256396293640137
6.260750770568848
3.954332113265991
20.308032989501953
-21.883573532104492
7.680328369140625
16.765010833740234
11.882145881652832
-11.008301734924316
6.7526044845581055
-1.2519198656082153
26.514448165893555
-6.476329803466797
-11.216303825378418
-8.603544235229492
-17.174959182739258
30.145938873291016
6.112745761871338
-3.579273223876953
13.340452194213867
18.525827407836914
4.784840106964111
-18.62471580505371
-1.115501046180725
1.1021229028701782
7.041201591491699
-4.450564861297607
20.015005111694336
0.916760265827179
-18.78249740600586
-5.231635570526123
-3.26111102104187
-16.220569610595703
6.618263244628906
2.228485345840454
-25.56311798095703
-0.4873032569885254
13.590315818786621
9.292223930358887
12.673493385314941
1.2059656381607056
13.623883247375488
-0.3597570061683655
-0.18373613059520721
46.05328369140625
12.562886238098145
12.062154769897461
2.1183998584747314
11.424622535705566
-2.3109536170959473
27.510509490966797
-15.087077140808105
5.903616905212402
-16.065187454223633
-30.710317611694336
-1.0896005630493164
0.22468918561935425
1.5112210512161255
12.724665641784668
3.4093077182769775
-8.709943771362305
9.983194351196289
-6.689331531524658
10.341422080993652
-23.216829299926758
10.089803695678711
-13.543694496154785
-14.05565357208252
-7.4575395584106445
-2.00121808052063
4.511742115020752
19.77022933959961
19.43929100036621
7.900219440460205
5.3703789710998535
-4.715438365936279
7.066840648651123
-6.92327356338501
4.73155403137207
-17.55653953552246
15.894238471984863
-0.8470011949539185
-3.4581615924835205
-4.042693138122559
-5.298015594482422
-0.9036193490028381
-10.182038307189941
5.634972095489502
0.5525986552238464
-4.286611080169678
-14.558756828308105
-11.323962211608887
0.7676816582679749
-15.515743255615234
27.005352020263672
24.981779098510742
-9.416191101074219
14.376691818237305
15.799579620361328
3.330406904220581
-23.180932998657227
-9.49811840057373
23.23488426208496
1.7253230810165405
-0.47856301069259644
-12.977484703063965
14.012808799743652
16.941062927246094
-9.860977172851562
2.481795072555542
5.130425930023193
4.565316677093506
16.156063079833984
-11.999964714050293
-19.692102432250977
8.347039222717285
5.0192060470581055
-24.885761260986328
-1.234297275543213
6.710333824157715
10.708260536193848
20.84611701965332
23.710838317871094
2.8476366996765137
-3.3027000427246094
-9.40670394897461
-5.0863542556762695
4.718108654022217
-2.337191343307495
-1.159485936164856
-33.68704605102539
-4.470834732055664
3.6002488136291504
-0.6492183208465576
15.723403930664062
-10.300259590148926
-11.009089469909668
9.966636657714844
8.063141822814941
5.427730560302734
-0.7097115516662598
24.35711669921875
-15.885289192199707
-10.129161834716797
16.54486083984375
0.3083471655845642
-0.05612153559923172
5.861485958099365
0.8292959928512573
19.277843475341797
10.653867721557617
-7.699667930603027
-2.856539011001587
-16.308361053466797
-5.144067764282227
-6.13411808013916
-28.034347534179688
-19.168432235717773
12.180553436279297
2.063981056213379
-16.79294776916504
4.424437522888184
-2.2474539279937744
2.9137001037597656
-4.3803510665893555
-12.493646621704102
3.7382826805114746
18.163984298706055
7.752169609069824
-5.127030849456787
-3.873347043991089
0.22331394255161285
4.633247375488281
-1.2965084314346313
20.97820281982422
12.680309295654297
8.348677635192871
23.294713973999023
9.719167709350586
11.36215877532959
12.198662757873535
-17.065292358398438
-3.522125720977783
-5.931556224822998
6.8853983879089355
-4.816223621368408
-0.18367889523506165
2.2123301029205322
-28.006078720092773
-25.431753158569336
-3.6904866695404053
-16.414493560791016
-14.22785758972168
-10.526908874511719
21.262765884399414
28.68036460876465
-36.82235336303711
0.6387860774993896
-16.656896591186523
4.808674335479736
9.214061737060547
-10.088356018066406
15.655949592590332
3.2739672660827637
-1.147390365600586
-0.6007222533226013
5.566205978393555
8.591361045837402
-10.339089393615723
-11.453486442565918
0.6409232020378113
-9.160147666931152
-10.575010299682617
19.89114761352539
10.830326080322266
-4.058525085449219
-11.021676063537598
16.930601119995117
6.49901008605957
-18.14320182800293
3.930346965789795
-11.975139617919922
11.458674430847168
-5.299351215362549
19.443387985229492
15.984945297241211
-1.9320918321609497
-9.755266189575195
-5.780140399932861
-25.744728088378906
7.677028179168701
-14.52975845336914
-17.342222213745117
-7.2353057861328125
7.434131145477295
-6.793624401092529
-7.934353828430176
15.871148109436035
-4.733760833740234
-22.427907943725586
11.086028099060059
13.391432762145996
8.950749397277832
21.61442756652832
5.036685943603516
13.470830917358398
9.196403503417969
-17.910755157470703
14.770586013793945
-9.609962463378906
1.1565766334533691
5.60086727142334
1.4019560813903809
-2.6451380252838135
-8.122946739196777
16.07551383972168
-17.05609130859375
-1.6189948320388794
-21.314699172973633
0.12137167155742645
17.206871032714844
6.096055030822754
-1.4797453880310059
8.099428176879883
-12.9694242477417
5.9329705238342285
19.205463409423828
19.47703742980957
-2.481095314025879
-9.511054992675781
3.802947759628296
3.3260695934295654
-6.329090118408203
11.229795455932617
9.730241775512695
-4.621217250823975
0.5066156387329102
-2.685786724090576
6.710628509521484
-29.58558464050293
-2.680140256881714
4.679040908813477
-0.1839379221200943
-14.970715522766113
-1.2471479177474976
3.0387966632843018
-0.004718759562820196
9.008580207824707
5.515469074249268
-4.575567722320557
-1.9835373163223267
-17.83697509765625
-10.092525482177734
-1.1746290922164917
5.400815486907959
8.118510246276855
-0.47410017251968384
20.092205047607422
1.6814212799072266
2.506349802017212
8.978196144104004
1.1596593856811523
14.633030891418457
-28.427963256835938
-22.52178192138672
0.5679572820663452
-12.443977355957031
12.850647926330566
5.473656177520752
-14.885054588317871
-7.890471458435059
3.0268423557281494
6.2216596603393555
11.869007110595703
-10.715949058532715
-3.8455240726470947
-21.98043441772461
7.7150373458862305
-6.923918724060059
21.508363723754883
6.6845269203186035
2.3590593338012695
-14.218378067016602
-25.78874969482422
-27.348163604736328
-1.9650483131408691
-1.9944162368774414
3.5181705951690674
18.520584106445312
-12.41049861907959
-4.957794189453125
16.088504791259766
0.31763455271720886
-2.8740737438201904
-6.319608211517334
-7.933300971984863
20.13028907775879
-7.75059700012207
0.19112177193164825
1.5266313552856445
-17.31023597717285
32.323150634765625
-12.459293365478516
-0.4141547679901123
-3.034311294555664
15.04196548461914
-11.16815185546875
-1.4452433586120605
-1.3663742542266846
25.514328002929688
-5.552704334259033
-0.3717026710510254
-8.596745491027832
-5.187353134155273
2.76092529296875
3.139475107192993
-5.073517322540283
1.6014584302902222
-18.384756088256836
3.837705612182617
13.330650329589844
-5.4309492111206055
-8.109060287475586
-6.005440711975098
-14.724072456359863
-5.79573917388916
-9.482967376708984
17.270538330078125
-5.149428367614746
13.837367057800293
12.904169082641602
-11.903824806213379
1.3790650367736816
7.930513858795166
8.624711036682129
-0.9532598853111267
22.05296516418457
-0.4931703805923462
27.4428653717041
-15.21617603302002
-16.045381546020508
-6.299335479736328
-8.016693115234375
-1.1878355741500854
-1.746431589126587
0.7955125570297241
-13.158398628234863
12.85842514038086
4.7469096183776855
17.567611694335938
-4.651192665100098
-8.898408889770508
17.62026023864746
13.163602828979492
2.406867027282715
-17.135644912719727
1.8666378259658813
12.668439865112305
-3.886401414871216
-10.932479858398438
22.36064338684082
-1.4976733922958374
-11.629823684692383
-4.486761093139648
3.4691383838653564
-15.703326225280762
-6.570207118988037
17.797870635986328
7.754303932189941
-8.867341041564941
-2.9296810626983643
11.273552894592285
-2.3161110877990723
2.3925211429595947
-27.725666046142578
-19.27362632751465
5.128183841705322
7.767545223236084
4.975834846496582
-11.147958755493164
3.7490835189819336
7.443596839904785
22.23311996459961
0.2977951169013977
-16.888734817504883
14.35178279876709
-7.919035911560059
-2.062321901321411
4.00538969039917
8.212258338928223
-2.970902681350708
-0.37765684723854065
-13.190580368041992
-1.4703313112258911
-2.457402467727661
14.655021667480469
-8.386032104492188
9.187945365905762
-15.73492431640625
11.383573532104492
-13.418511390686035
2.1466124057769775
-6.008272647857666
10.803194999694824
-17.062528610229492
2.5855536460876465
-5.51275634765625
-6.613255500793457
-5.4583821296691895
-12.751092910766602
21.56764030456543
-1.5910035371780396
-10.154618263244629
-13.026058197021484
-13.855023384094238
8.388456344604492
28.163415908813477
-10.702603340148926
-8.996015548706055
16.72826385498047
17.901689529418945
0.005128823686391115
26.187467575073242
18.42491340637207
29.868854522705078
9.932914733886719
-9.167076110839844
-6.631936550140381
18.52757453918457
-5.891925811767578
13.126494407653809
0.9199943542480469
-16.02481460571289
4.5889973640441895
-28.028940200805664
-21.87576675415039
-18.84071159362793
-12.017560958862305
6.796315670013428
-11.137176513671875
12.227906227111816
14.086061477661133
-17.5201473236084
4.381314754486084
7.224653720855713
2.5786960124969482
-8.562774658203125
11.31478500366211
-4.071277141571045
11.034387588500977
-8.027778625488281
8.524144172668457
15.494359016418457
-0.5817170739173889
6.142721176147461
-13.542235374450684
-17.32167625427246
3.49161434173584
15.689745903015137
9.710458755493164
-1.8470094203948975
-5.287814617156982
-20.12622833251953
-15.717220306396484
1.8392163515090942
-19.265216827392578
0.5661537051200867
-5.8801679611206055
-14.362968444824219
14.634221076965332
9.195676803588867
-13.966504096984863
7.040729522705078
4.657149314880371
-15.65935230255127
-3.3127012252807617
9.81839370727539
4.776492118835449
-7.02154016494751
15.584724426269531
-1.2700494527816772
-6.671564102172852
17.160560607910156
-16.161680221557617
-8.692644119262695
11.808475494384766
9.376413345336914
-8.3112154006958
-7.123819828033447
-12.132887840270996
-1.5093399286270142
13.448452949523926
0.23358821868896484
20.918621063232422
-5.804210662841797
16.02552604675293
8.538140296936035
-4.7703070640563965
-9.943861961364746
-13.059762001037598
-7.773265361785889
-22.771499633789062
18.55656623840332
8.49548625946045
11.070845603942871
11.627891540527344
4.693963527679443
6.205358028411865
32.30937576293945
5.519556999206543
28.9129638671875
26.334081649780273
-21.541824340820312
-1.2552976608276367
-15.958780288696289
2.033111810684204
-30.155500411987305
4.588751316070557
-10.79780387878418
-6.007376194000244
-15.432263374328613
-27.53485679626465
-9.492009162902832
-11.177663803100586
-1.0209749937057495
0.8099800944328308
6.8722052574157715
-23.454654693603516
-15.345159530639648
2.9789671897888184
4.773707389831543
2.19010066986084
12.625528335571289
6.234607219696045
9.039341926574707
-12.849942207336426
13.731620788574219
-12.6088285446167
-5.2665605545043945
10.769145965576172
-3.075927972793579
5.936075687408447
-6.0715203285217285
4.020163059234619
-9.529642105102539
0.8422015905380249
-1.3932421207427979
12.246356964111328
21.231901168823242
1.3876419067382812
-5.329941272735596
4.555643081665039
-0.3357202410697937
-9.621034622192383
12.108102798461914
19.306459426879883
-13.826191902160645
-21.952844619750977
-6.466118335723877
5.64433479309082
-13.96816635131836
-19.684104919433594
-6.197709560394287
5.707794666290283
0.6636399626731873
4.357671737670898
12.936888694763184
6.043741703033447
4.622345924377441
13.473219871520996
-6.821761131286621
7.879422187805176
15.894990921020508
-19.841306686401367
26.32569694519043
-3.5856776237487793
3.040163516998291
-5.04553747177124
-11.353042602539062
7.568113327026367
17.563112258911133
9.389921188354492
-32.4216423034668
-7.35043478012085
-5.3077392578125
-4.486991882324219
1.5083751678466797
-13.189334869384766
-4.450128555297852
-3.4845597743988037
11.88808822631836
15.590188980102539
-7.467361927032471
7.919312953948975
-2.0348167419433594
-19.741737365722656
-11.401690483093262
-6.5334601402282715
-7.482885360717773
-12.445175170898438
1.2217168807983398
-8.424177169799805
-1.7711241245269775
9.81245231628418
-13.100830078125
7.35790491104126
-15.515237808227539
-0.4128938913345337
-15.51662826538086
5.206867694854736
16.398242950439453
6.9684295654296875
9.205436706542969
0.41048094630241394
29.742420196533203
6.944148540496826
9.027068138122559
13.779805183410645
-16.302364349365234
21.951496124267578
15.614703178405762
21.656219482421875
-8.378600120544434
-0.5118008852005005
-14.306618690490723
24.815998077392578
-16.283227920532227
1.231850028038025
-1.099971055984497
-29.351634979248047
-7.490490436553955
15.944426536560059
-12.971074104309082
-5.199385643005371
1.3170264959335327
-10.625130653381348
28.619760513305664
-8.567509651184082
-3.4458041191101074
2.5716536045074463
-14.442708969116211
5.429923057556152
15.478062629699707
2.378499984741211
11.657548904418945
13.031188011169434
-10.0871000289917
5.409024715423584
7.860833644866943
-11.462310791015625
-10.734347343444824
-3.6011247634887695
-2.547816753387451
-0.8490548133850098
9.545454978942871
-5.9111504554748535
0.48888349533081055
2.0622341632843018
-8.858095169067383
5.386386394500732
-22.284910202026367
-21.122426986694336
-2.1391427516937256
-25.315650939941406
-19.2979679107666
-11.481587409973145
-21.71601104736328
-15.940585136413574
18.038177490234375
9.798436164855957
-1.8931604623794556
-1.796389102935791
-13.223577499389648
-1.125744342803955
9.141036033630371
10.821221351623535
-21.79444694519043
-6.789741039276123
4.4935688972473145
4.626939296722412
1.3941553831100464
-6.543302059173584
5.211126804351807
-20.36674690246582
12.753462791442871
-0.2787177264690399
-0.5157682299613953
19.983179092407227
0.26575666666030884
-11.153759956359863
-28.06553840637207
-0.6820202469825745
-7.910881042480469
-5.618694305419922
5.736363887786865
-8.950217247009277
20.59307861328125
-4.852325439453125
-4.310624122619629
-13.58448314666748
17.918127059936523
15.02872371673584
22.06280517578125
-8.888734817504883
-4.2138261795043945
-9.370277404785156
-1.574811577796936
-6.917259216308594
-6.625882148742676
26.419734954833984
-19.725683212280273
8.796468734741211
-5.01212739944458
-5.360565185546875
1.2273060083389282
1.4031120538711548
0.6991111636161804
-13.64921760559082
-2.532975196838379
10.298062324523926
17.50115966796875
-10.754496574401855
31.380325317382812
7.949714660644531
2.646895408630371
-7.726186275482178
-32.79486083984375
-3.5585498809814453
-1.9792981147766113
-4.828618049621582
-13.860371589660645
2.6116392612457275
-3.949921131134033
7.7292304039001465
-13.366561889648438
-3.239349603652954
7.6535210609436035
11.260441780090332
12.82081413269043
6.775875091552734
13.003091812133789
-2.353200674057007
22.000513076782227
8.160762786865234
3.487494945526123
13.057580947875977
-5.283963680267334
3.74564528465271
39.97091293334961
4.355470180511475
10.378528594970703
9.550743103027344
-11.141519546508789
5.937675476074219
-27.621593475341797
-16.10043716430664
8.565423965454102
-9.467113494873047
11.607193946838379
9.203461647033691
17.34076499938965
-8.570626258850098
1.766629934310913
7.539414405822754
-22.25080680847168
-8.612786293029785
10.474637985229492
5.063257217407227
-5.627388954162598
-9.959498405456543
-11.745211601257324
-12.555665016174316
19.490182876586914
-2.6829445362091064
15.610877990722656
5.013258934020996
-14.136781692504883
6.053707599639893
12.953697204589844
-2.4627630710601807
2.2134289741516113
17.605484008789062
-4.428791046142578
1.2413043975830078
-15.715948104858398
0.04469698294997215
-19.88849449157715
6.070064544677734
10.10057544708252
-19.9349365234375
-11.70915699005127
18.84524917602539
3.679516315460205
0.6294861435890198
13.26152229309082
14.815181732177734
3.8168017864227295
-19.04808807373047
-25.140697479248047
2.36962890625
16.497045516967773
-2.5702435970306396
-7.478062629699707
2.873298406600952
-23.188732147216797
8.2936372756958
17.85175895690918
-7.962409973144531
-2.826908588409424
21.72332763671875
10.162196159362793
6.117835521697998
-13.545182228088379
0.7557508945465088
-5.171262741088867
-0.47123605012893677
-7.677050590515137
17.595544815063477
-4.595484733581543
4.964377403259277
-15.619759559631348
14.568730354309082
-21.37183380126953
-12.112841606140137
7.930950164794922
-4.628219127655029
11.923369407653809
3.3553037643432617
-3.807429075241089
-6.378509521484375
-9.337230682373047
-1.597048044204712
-19.124414443969727
9.029088020324707
-4.18379020690918
-14.575896263122559
-11.041620254516602
-25.007732391357422
3.7493627071380615
-8.330873489379883
17.737863540649414
-11.881103515625
2.2217328548431396
5.446677207946777
12.101887702941895
-0.6278097033500671
27.161983489990234
8.342629432678223
-21.715518951416016
12.15868854522705
-4.869374752044678
3.5398519039154053
21.509830474853516
5.3084869384765625
-1.6116101741790771
14.604228973388672
1.8549797534942627
-24.321990966796875
-8.003705024719238
-12.61838436126709
-26.8118896484375
6.871463775634766
2.021411418914795
-3.230058431625366
-6.900320529937744
3.3671140670776367
-2.394865036010742
11.470194816589355
-11.416546821594238
0.9410760998725891
-8.322965621948242
-14.664881706237793
-8.792074203491211
1.919847011566162
-15.523642539978027
-6.435981750488281
4.843132495880127
-11.309348106384277
1.0246212482452393
-0.010874710977077484
8.380496978759766
11.729447364807129
5.310466766357422
3.2095556259155273
2.1141529083251953
-0.9883907437324524
5.514420986175537
-9.97754955291748
-1.2948495149612427
-11.159263610839844
1.5610026121139526
13.19562816619873
-13.17798137664795
1.9663331508636475
-0.026006145402789116
0.46650123596191406
3.214594602584839
-1.7690129280090332
0.04435678943991661
3.6456801891326904
-10.511956214904785
4.910121440887451
-11.024202346801758
1.8569897413253784
-16.33298110961914
-11.7891206741333
-0.4994452893733978
5.233473777770996
-12.922897338867188
1.2083724737167358
2.992788314819336
-1.489050269126892
7.389671325683594
5.615602493286133
-7.433160781860352
4.74262809753418
1.7920585870742798
10.383756637573242
-3.5726473331451416
4.620574951171875
-12.873303413391113
17.041967391967773
12.802557945251465
6.421281337738037
4.132017135620117
2.396531581878662
5.039791107177734
-0.7982261776924133
-19.64433479309082
-7.2502007484436035
-15.32738971710205
15.754508972167969
1.8332552909851074
-6.852848052978516
4.563974857330322
19.546001434326172
-5.349603176116943
14.007735252380371
9.066122055053711
-10.350456237792969
-1.6407008171081543
2.690138578414917
22.214113235473633
0.3586113452911377
11.736806869506836
15.797019004821777
-30.88027572631836
-3.8467860221862793
-0.5115108489990234
8.586075782775879
-16.0338134765625
0.4251900017261505
-30.445417404174805
10.572611808776855
-15.677512168884277
-7.49876594543457
-18.979333877563477
-11.207605361938477
-22.484539031982422
-15.353099822998047
1.9200220108032227
-8.677641868591309
-17.291133880615234
6.0299787521362305
8.644963264465332
0.2774810492992401
-3.1701748371124268
-21.483949661254883
5.35668420791626
-0.10064799338579178
0.18144814670085907
2.0067150592803955
-5.61430549621582
7.9566650390625
13.600370407104492
6.539819717407227
-2.0983808040618896
-16.388978958129883
-10.10218334197998
-26.80569839477539
7.206572532653809
-14.691946983337402
-2.938875913619995
17.992313385009766
-25.332090377807617
14.805170059204102
14.895572662353516
1.018479347229004
-4.203307628631592
6.226037979125977
0.34664294123649597
8.431148529052734
17.801013946533203
-11.016413688659668
2.5890064239501953
-5.859726428985596
4.068056106567383
-1.5667704343795776
5.00079870223999
0.4842320680618286
-20.586557388305664
-13.247720718383789
-6.388336181640625
-8.226252555847168
7.1192827224731445
5.411080837249756
-3.8396966457366943
0.6652330160140991
0.9712870121002197
-11.009603500366211
12.129707336425781
-11.421939849853516
15.865030288696289
-1.1073071956634521
-0.16008225083351135
-1.219603180885315
5.690545082092285
10.480920791625977
-6.951879501342773
-21.019054412841797
-2.616664409637451
-12.14872932434082
-8.276153564453125
10.455344200134277
2.539048433303833
6.600647926330566
-7.840771675109863
-5.2000837326049805
-8.99746036529541
-3.7331414222717285
-20.598196029663086
-22.29524803161621
-15.598526000976562
-23.128620147705078
8.375920295715332
-17.63326644897461
-9.59009075164795
9.715834617614746
9.820140838623047
-3.344247817993164
3.62253999710083
-12.546351432800293
-6.258236885070801
18.53097152709961
-16.159656524658203
11.84911823272705
-20.144412994384766
27.69080924987793
13.902087211608887
7.075538635253906
23.13447380065918
-16.670652389526367
2.1630072593688965
-6.541290283203125
7.909923076629639
5.426162242889404
1.0646775960922241
-4.011652946472168
-2.34969425201416
1.8837889432907104
-2.0918357372283936
-10.232934951782227
4.752622604370117
9.294061660766602
-1.571550965309143
13.919281005859375
0.7202663421630859
13.891044616699219
-5.702093124389648
-1.8802523612976074
-6.128808498382568
4.105043888092041
-10.960471153259277
16.908397674560547
-3.3048901557922363
-25.5751953125
11.751030921936035
0.6005942821502686
3.3660619258880615
4.96301794052124
15.142773628234863
-14.36257553100586
6.756009101867676
-10.565900802612305
-0.1745423823595047
28.326900482177734
-3.2525887489318848
-21.839250564575195
-8.596665382385254
-4.083253383636475
5.987399101257324
13.909137725830078
-2.4710206985473633
-18.47134017944336
15.21075439453125
22.85424041748047
11.586885452270508
-8.764533996582031
9.112504005432129
-10.08318042755127
-9.38631534576416
-8.930065155029297
-33.20948791503906
11.493409156799316
8.471991539001465
14.079651832580566
0.6529965400695801
15.446008682250977
-6.320956707000732
-14.077545166015625
-7.703275203704834
7.181469917297363
5.814443588256836
13.985990524291992
-13.325618743896484
2.2075865268707275
7.89040470123291
1.8667327165603638
-0.4392367899417877
-19.146873474121094
2.678607702255249
8.44034481048584
-2.7636923789978027
-11.464423179626465
4.206891059875488
11.543493270874023
-6.458155632019043
4.203528881072998
-3.762077569961548
14.357909202575684
23.037128448486328
-0.12467839568853378
-28.5667724609375
15.997834205627441
-20.788667678833008
-22.498441696166992
-3.549412488937378
6.82021427154541
-0.02245008386671543
-6.731566905975342
-1.1025564670562744
-2.7156927585601807
-11.487213134765625
-12.905950546264648
12.97727108001709
10.974981307983398
-16.132658004760742
-10.901373863220215
-11.329697608947754
-10.834064483642578
2.1782679557800293
3.513153553009033
-2.2575204372406006
-4.818524360656738
-23.232810974121094
-9.458967208862305
15.938765525817871
-2.802765130996704
-2.147878646850586
4.795669078826904
-3.7919206619262695
-21.063398361206055
2.9257936477661133
36.752845764160156
0.34171783924102783
18.94435691833496
-4.213043689727783
-3.299591302871704
4.455706596374512
-8.86667537689209
14.123794555664062
-15.86619758605957
5.404261589050293
-15.746816635131836
12.190725326538086
25.531068801879883
-12.923730850219727
39.54291534423828
14.351881980895996
3.2517385482788086
4.86837100982666
12.14403247833252
2.0343809127807617
10.452949523925781
6.759023189544678
-16.301164627075195
4.3231611251831055
-3.642484426498413
-8.469644546508789
2.6892712116241455
14.55511474609375
-8.450315475463867
2.6337876319885254
-11.201695442199707
-1.800158143043518
10.639008522033691
0.49047261476516724
-17.781105041503906
-17.044458389282227
-14.454236030578613
-2.89068341255188
-7.53293514251709
13.245077133178711
20.889793395996094
8.359384536743164
-1.8693360090255737
7.482705116271973
17.821205139160156
15.019547462463379
0.819441556930542
7.916876792907715
0.1266685128211975
-7.096155166625977
9.346909523010254
-15.018450736999512
-5.140958309173584
8.35141658782959
21.11077308654785
-13.402938842773438
-14.890950202941895
5.428125381469727
-4.260017395019531
-1.4745879173278809
-1.740450143814087
-1.6874735355377197
-21.411176681518555
-5.7738037109375
-1.5670044422149658
17.472505569458008
11.066701889038086
-11.181328773498535
-15.102058410644531
10.504993438720703
4.95063591003418
13.343245506286621
-10.021035194396973
-24.121379852294922
12.948131561279297
12.323073387145996
-37.72459030151367
1.2688865661621094
-2.132547378540039
6.0041375160217285
8.623899459838867
4.466281414031982
-0.3156348466873169
3.9245500564575195
-10.234442710876465
32.503841400146484
1.1902645826339722
-20.695613861083984
-13.201566696166992
0.3279043436050415
-27.738218307495117
6.830459117889404
-8.29043960571289
9.684925079345703
-0.7484733462333679
-5.609922409057617
-1.5895333290100098
14.589268684387207
-4.287182331085205
-8.25312328338623
-13.1947660446167
9.191635131835938
2.2538294792175293
-18.62396812438965
-12.441011428833008
-4.056794166564941
-20.099842071533203
21.12222671508789
7.117407321929932
-12.90830135345459
-12.393026351928711
-16.68254852294922
11.39973258972168
9.587713241577148
-26.042264938354492
14.012770652770996
7.659050941467285
3.8296148777008057
-7.640361309051514
12.45168399810791
0.4253387451171875
17.309926986694336
-4.093147277832031
-7.655655860900879
-0.029236556962132454
10.981447219848633
9.35673713684082
4.746626853942871
-27.482114791870117
-2.7999472618103027
11.460169792175293
3.925123929977417
-16.13233184814453
-9.517569541931152
-6.811222553253174
-5.837615489959717
-21.885875701904297
10.819719314575195
-14.923184394836426
7.0396528244018555
-13.15036392211914
3.4562737941741943
-15.07785415649414
-7.239375114440918
-5.03104305267334
6.972292900085449
13.233024597167969
12.665498733520508
0.1291203796863556
-14.990238189697266
16.431625366210938
19.109777450561523
7.4840874671936035
2.1958320140838623
-1.74612295627594
-17.874141693115234
12.758505821228027
12.043694496154785
33.04756546020508
-0.48891445994377136
-6.699651718139648
6.639613151550293
3.7285544872283936
-13.613558769226074
-12.556504249572754
-9.451799392700195
11.986623764038086
6.721596717834473
1.9529675245285034
3.520111322402954
-6.053366184234619
-8.742403984069824
14.242630958557129
-0.39784619212150574
-8.358274459838867
-3.1510629653930664
-3.3807032108306885
10.853328704833984
11.271976470947266
-2.8951122760772705
-10.133350372314453
13.506551742553711
38.00958251953125
-21.52119255065918
-0.6395360827445984
-23.35821533203125
2.8618814945220947
-12.602764129638672
-4.450613021850586
13.863900184631348
19.29616928100586
-9.93838119506836
13.588451385498047
-2.3164801597595215
27.970487594604492
-13.10945987701416
-7.6414337158203125
9.821134567260742
3.4994800090789795
23.837051391601562
-4.096473217010498
14.58651351928711
6.827754974365234
2.2161672115325928
19.16146469116211
14.584912300109863
-6.138238906860352
3.3568532466888428
-18.413204193115234
5.158205986022949
1.5771944522857666
-14.150508880615234
-9.435308456420898
-2.914170503616333
-18.373611450195312
8.692736625671387
0.04832540079951286
-7.197789192199707
-10.306817054748535
-4.283407688140869
-7.464036464691162
1.4408577680587769
7.700812339782715
-11.244473457336426
-2.624765396118164
12.078827857971191
-6.92018985748291
15.658147811889648
1.7389941215515137
26.79293441772461
5.785175800323486
5.245822429656982
-12.097618103027344
2.472939968109131
19.030197143554688
18.84459114074707
-11.343867301940918
-8.486306190490723
-16.036251068115234
5.134947299957275
-11.767704963684082
-9.013917922973633
-3.5884881019592285
-0.45722144842147827
-5.853247165679932
7.13118839263916
6.568227767944336
3.374098300933838
11.475469589233398
1.96952223777771
-8.129438400268555
-4.255423069000244
-11.74754810333252
4.998078346252441
10.828766822814941
-2.8861725330352783
-24.599674224853516
3.3152318000793457
-5.806083679199219
-12.357672691345215
26.69869613647461
6.3916425704956055
-1.479009985923767
8.631083488464355
-10.77629280090332
3.1048364639282227
-19.669784545898438
-12.732812881469727
-14.488646507263184
14.440962791442871
15.82503890991211
3.526627779006958
1.6976892948150635
-8.511926651000977
-6.140881061553955
8.732872009277344
12.623844146728516
5.773359298706055
3.0206618309020996
1.9954252243041992
-7.880311965942383
0.5246928334236145
-0.3435690104961395
-9.31867790222168
4.041412353515625
2.8231117725372314
-10.519852638244629
-2.007789134979248
-7.286610126495361
11.959736824035645
-5.216947078704834
19.938722610473633
14.725016593933105
-10.052242279052734
-5.918177127838135
0.06457770615816116
17.91895294189453
-13.15599250793457
-23.044015884399414
10.365093231201172
4.029064655303955
5.061929225921631
-0.39876893162727356
15.966362953186035
3.24341082572937
19.07525634765625
-8.4049654006958
12.319769859313965
10.227179527282715
-4.777720928192139
0.3170571029186249
14.009199142456055
10.42265796661377
-16.26978302001953
-13.749772071838379
-2.406317710876465
-17.007322311401367
10.918543815612793
-10.261899948120117
8.197531700134277
-21.26300621032715
3.8540875911712646
15.0464448928833
-24.101160049438477
-4.981433391571045
-18.1176700592041
-7.540175437927246
10.37291145324707
-10.698200225830078
-9.191713333129883
0.07311634719371796
-14.100683212280273
-4.589298248291016
10.161737442016602
7.141411304473877
29.40371322631836
-1.3124921321868896
-17.33558464050293
0.1369628757238388
-21.151477813720703
-7.157975196838379
4.276607990264893
-1.4158952236175537
15.42462158203125
4.863406181335449
-19.80176544189453
18.924541473388672
-20.377946853637695
28.10967254638672
11.642786979675293
11.992992401123047
-26.679210662841797
-1.7189860343933105
2.277160882949829
4.817895412445068
-15.652640342712402
-14.415575981140137
12.25815200805664
-14.559889793395996
-0.7999979257583618
9.129753112792969
6.35374641418457
-20.744029998779297
-2.664536476135254
10.93936824798584
18.74287223815918
4.047091484069824
9.74314022064209
7.535294055938721
-9.800768852233887
-33.828895568847656
-6.924202919006348
-9.564960479736328
-6.1530351638793945
-10.888954162597656
-20.207963943481445
5.846157550811768
-7.4396562576293945
-10.215227127075195
-16.198699951171875
-13.566914558410645
11.465418815612793
5.8502655029296875
-13.120521545410156
5.096817970275879
6.752029895782471
-7.898492813110352
6.935591220855713
14.682790756225586
-7.9336323738098145
-15.31171989440918
17.694904327392578
3.936429738998413
5.2890400886535645
5.951357841491699
-8.200848579406738
-11.702193260192871
-19.237062454223633
11.993144035339355
25.74121856689453
5.909209251403809
16.713171005249023
10.658742904663086
1.1154108047485352
-5.569876194000244
-4.585737705230713
-21.124343872070312
-6.929905414581299
-9.675474166870117
6.159863471984863
5.535044193267822
-2.828606605529785
-20.337032318115234
-8.34743595123291
5.784121513366699
-6.192570209503174
-8.372191429138184
5.731051921844482
-6.481878757476807
-3.1397151947021484
-11.297676086425781
20.592144012451172
-2.7122082710266113
-7.393381595611572
2.0683445930480957
-0.43805184960365295
-16.24605369567871
-2.3822922706604004
-5.901691436767578
-13.124646186828613
5.574051380157471
-8.152228355407715
0.8259928822517395
9.266301155090332
0.21137678623199463
-4.35707950592041
3.307328462600708
6.136774063110352
-0.6258059144020081
11.54909896850586
15.810368537902832
5.5001606941223145
-7.934188365936279
-2.7511515617370605
-7.0265727043151855
-8.318643569946289
-12.787535667419434
13.08397102355957
-7.500511169433594
-6.658087730407715
9.455073356628418
0.24072544276714325
-7.00784158706665
17.893054962158203
-0.367876261472702
7.161482810974121
1.6234371662139893
-4.002419948577881
0.14746683835983276
11.246465682983398
-2.7358412742614746
-2.4049839973449707
9.024785995483398
14.722850799560547
11.940937042236328
0.17378085851669312
-25.82060432434082
-24.696203231811523
9.692630767822266
-8.082584381103516
7.7250847816467285
6.491934776306152
6.288361549377441
-10.899223327636719
0.7311578989028931
4.980289936065674
9.338052749633789
6.866907119750977
-10.158936500549316
0.9223417043685913
11.269037246704102
1.4831115007400513
14.818506240844727
9.268267631530762
-15.052834510803223
-1.0000520944595337
-13.56494426727295
13.219420433044434
9.535815238952637
1.544909119606018
-18.835519790649414
-5.3329997062683105
-3.8716542720794678
-10.70927906036377
20.199039459228516
-4.689750671386719
-1.3810535669326782
-9.769523620605469
11.388773918151855
-18.04866600036621
3.8624513149261475
22.038145065307617
22.196823120117188
7.72293758392334
4.591505527496338
-9.21406364440918
-9.125570297241211
4.381147384643555
17.42276382446289
-12.0509672164917
-9.716224670410156
13.004228591918945
4.306863784790039
-16.81096649169922
-12.480865478515625
7.769883155822754
26.52324867248535
9.869009971618652
-3.1294760704040527
1.2472128868103027
6.3066840171813965
-3.216665029525757
1.916668176651001
-16.668699264526367
-17.040441513061523
-12.985672950744629
6.934800148010254
-13.109720230102539
-12.560465812683105
-2.5508880615234375
-12.82201862335205
-9.914029121398926
6.303938388824463
1.7639187574386597
-5.343714714050293
0.9608557224273682
-5.120357036590576
-6.561905384063721
4.86214542388916
-10.341194152832031
-15.760292053222656
6.223888874053955
35.83357620239258
-11.999911308288574
15.808870315551758
1.4634952545166016
0.9617314338684082
-1.9296717643737793
-1.2124706506729126
-19.66952133178711
21.12559700012207
-5.507532119750977
15.216859817504883
16.482152938842773
19.302061080932617
11.82093334197998
9.861105918884277
9.624186515808105
-3.1119749546051025
-7.969029426574707
-11.97216510772705
0.72910475730896
0.24314454197883606
-22.75050926208496
5.246674060821533
18.92003059387207
-3.2040748596191406
1.2511873245239258
-2.3815417289733887
-5.347563743591309
-10.588936805725098
-12.187178611755371
5.946374893188477
-2.5483884811401367
-1.2220854759216309
4.627697944641113
-4.071805000305176
2.857539176940918
20.29471206665039
-22.222179412841797
-11.446256637573242
-14.45151138305664
-1.6708556413650513
10.556442260742188
10.342669486999512
-2.7465403079986572
-1.9953761100769043
-0.9513678550720215
-2.112471342086792
-2.437040090560913
-6.010692119598389
2.8945279121398926
4.3212056159973145
-4.063967704772949
-2.9423177242279053
-14.162596702575684
1.842999815940857
-10.662483215332031
-8.73699951171875
20.718626022338867
18.07542610168457
-9.445918083190918
16.878097534179688
11.00253677368164
8.294716835021973
-11.583361625671387
35.2646369934082
-6.567083358764648
-7.917635440826416
-12.800936698913574
-12.239666938781738
-10.216474533081055
-11.985257148742676
0.03242645412683487
5.8245086669921875
3.936879873275757
13.386423110961914
28.603242874145508
15.688835144042969
9.779252052307129
-10.454060554504395
-8.45849323272705
-10.789326667785645
22.4100341796875
16.457006454467773
-5.60969352722168
-2.5113632678985596
21.025360107421875
4.113918781280518
1.3821090459823608
-10.531436920166016
2.611229658126831
-9.426689147949219
-1.60624361038208
1.8784127235412598
-15.210569381713867
-0.6778450608253479
-7.019351959228516
1.3012714385986328
9.869436264038086
-6.528697967529297
2.695377826690674
8.691648483276367
24.514602661132812
21.89790153503418
13.20499324798584
4.564638137817383
15.85114574432373
-3.6812729835510254
17.780010223388672
15.410941123962402
-3.802851676940918
8.602395057678223
2.8716650009155273
-20.04936981201172
-5.68361759185791
-23.44223976135254
-15.599286079406738
-13.299003601074219
-1.5216491222381592
-2.3675074577331543
-5.568976402282715
-12.42270278930664
9.40144157409668
-1.0246459245681763
-7.945140361785889
1.5352493524551392
8.639310836791992
21.888914108276367
16.90220832824707
8.395853042602539
10.05478286743164
3.2598159313201904
-15.736202239990234
15.200873374938965
-11.919857025146484
25.225942611694336
-8.343015670776367
1.1702473163604736
-2.1983017921447754
-7.508489608764648
-15.471418380737305
12.119003295898438
-3.1993491649627686
-2.4647011756896973
-3.7224862575531006
-1.9871195554733276
-11.406179428100586
0.6729208827018738
-7.679554462432861
-15.381444931030273
9.661616325378418
12.587020874023438
-11.01239013671875
-17.653100967407227
0.5811500549316406
0.0585697777569294
-7.961944580078125
-17.522003173828125
-14.52002239227295
-5.111756324768066
4.902044773101807
-17.698829650878906
7.415248870849609
-17.365808486938477
-5.792974948883057
-2.159102201461792
-2.6010220050811768
6.842820644378662
8.107428550720215
-7.221563816070557
-0.5180779695510864
2.051745653152466
-9.02073860168457
13.862340927124023
29.276775360107422
5.992814064025879
28.196990966796875
27.101482391357422
-6.856123447418213
20.14812469482422
14.409664154052734
20.574182510375977
9.131787300109863
-4.519103050231934
3.63247013092041
6.933907985687256
9.510010719299316
-24.86356544494629
8.24973201751709
14.560625076293945
6.613743782043457
-6.44959831237793
12.081705093383789
-5.072838306427002
4.661633491516113
1.9223686456680298
-10.40390396118164
17.1331787109375
1.7607589960098267
-4.520754814147949
-27.74321174621582
-12.467803001403809
-15.927484512329102
0.8883401155471802
-3.3564963340759277
-21.31591796875
-3.6101698875427246
-1.0265558958053589
-16.957447052001953
-3.616285562515259
23.48731231689453
11.958463668823242
13.196792602539062
21.673931121826172
-8.366667747497559
5.219233512878418
1.5159045457839966
1.8216458559036255
15.63188362121582
12.900201797485352
-0.7302897572517395
8.313788414001465
-18.350444793701172
-14.938424110412598
11.07019329071045
-10.086740493774414
-0.6720193028450012
-12.599574089050293
1.3983230590820312
-14.020840644836426
-21.029943466186523
-2.2268362045288086
-9.417623519897461
2.5622787475585938
-9.601001739501953
-13.513212203979492
-4.779387474060059
-1.4388363361358643
-21.137964248657227
23.65970802307129
12.063743591308594
10.947800636291504
20.728845596313477
-2.0091819763183594
-3.2166430950164795
20.735336303710938
5.865703105926514
6.452584266662598
-7.069365501403809
4.56614875793457
0.4004133939743042
-9.90089225769043
3.387878656387329
-1.0938093662261963
-4.388408660888672
-0.41131848096847534
-13.543827056884766
11.858155250549316
0.11249031871557236
-20.55972671508789
-8.151859283447266
2.405813217163086
2.25148868560791
5.436493396759033
0.7960454821586609
24.96514320373535
-2.217402935028076
-8.381871223449707
-5.8334150314331055
-9.775044441223145
5.3811469078063965
-0.933748185634613
-9.086075782775879
0.563707709312439
7.659711837768555
-22.35219955444336
11.81568717956543
-4.3669304847717285
-0.13640254735946655
7.033688068389893
-12.61158275604248
10.642558097839355
12.533108711242676
-9.928072929382324
7.907991409301758
-4.066946506500244
-1.591873049736023
8.642477989196777
4.693702697753906
9.397269248962402
2.305508613586426
7.6611552238464355
23.900527954101562
8.484832763671875
-29.072309494018555
17.135822296142578
4.459213733673096
11.755391120910645
-12.78807258605957
-7.097837448120117
11.013774871826172
5.142577171325684
-3.4485585689544678
-16.92255401611328
0.6547846794128418
2.336073875427246
-1.6825190782546997
-5.041062831878662
0.6313512325286865
-8.967385292053223
-1.2573766708374023
-24.172786712646484
4.731738090515137
-19.6539306640625
-12.63248062133789
-1.7745877504348755
0.9700251817703247
-11.394854545593262
-0.08842375874519348
-16.561595916748047
-11.497376441955566
24.289396286010742
-3.679659605026245
5.953362464904785
6.483876705169678
15.10531997680664
28.439289093017578
-28.555801391601562
-3.70389461517334
-8.667601585388184
8.68602466583252
20.800838470458984
0.3920527994632721
-2.019972562789917
0.05304038152098656
5.742407321929932
