5497.05078125
4448.61865234375
5780.5361328125
5208.8583984375
5290.64697265625
6750.7314453125
5533.05029296875
5852.14794921875
4796.41796875
6788.201171875
7938.32958984375
6774.486328125
5647.05224609375
6534.11669921875
5446.5859375
5103.14453125
6737.7177734375
6207.20361328125
5406.75048828125
5373.4599609375
4896.66796875
5292.474609375
5633.5966796875
4797.30126953125
4211.95703125
6127.60791015625
6000.396484375
5491.65966796875
6241.9130859375
4431.8857421875
8698.3310546875
7650.5244140625
6918.33447265625
6182.24658203125
5794.27294921875
4777.7119140625
5418.26220703125
4639.59619140625
5587.48095703125
5195.97412109375
6392.80810546875
5054.05859375
6514.673828125
5101.4599609375
4744.794921875
5999.27294921875
5359.90673828125
4924.490234375
4688.65283203125
6132.03955078125
5601.20849609375
4850.51953125
7018.42529296875
5386.37841796875
6492.84033203125
5541.97705078125
5709.7919921875
5731.0712890625
5546.89453125
3788.47607421875
5631.72705078125
6907.85205078125
6279.41552734375
4200.66015625
5924.29833984375
4301.26904296875
5497.78466796875
4037.31640625
4283.408203125
5743.80712890625
4771.591796875
6403.96533203125
5528.748046875
6542.224609375
6472.57861328125
5272.951171875
6019.97705078125
3927.4599609375
5855.78955078125
4244.16357421875
6204.6650390625
5162.11083984375
6536.2236328125
5756.06005859375
4994.37451171875
6210.412109375
3781.940673828125
5430.50927734375
6269.26513671875
5969.1396484375
5434.16943359375
4782.453125
6958.62353515625
5064.9248046875
5666.880859375
7334.53125
6215.0966796875
4432.08447265625
5614.013671875
5698.7353515625
4620.923828125
5093.06884765625
4145.939453125
6166.60546875
5433.150390625
5336.89208984375
7005.8017578125
5857.5595703125
4694.224609375
5486.27880859375
6591.14013671875
5185.09033203125
3916.429931640625
5960.4638671875
5380.16455078125
4062.8359375
3542.347412109375
4690.9404296875
4641.1162109375
5199.13916015625
4098.1455078125
5929.90673828125
4090.682373046875
6656.0927734375
5368.234375
5727.96240234375
4415.8759765625
4570.38037109375
3827.335693359375
6547.7900390625
6450.55224609375
4074.203369140625
5270.8076171875
5147.2275390625
5811.54345703125
7215.24853515625
3740.82080078125
4342.9921875
5305.0078125
4512.6103515625
3449.72509765625
4796.64697265625
6924.1064453125
5656.57421875
4704.4482421875
5493.28125
5561.25732421875
5914.63623046875
5899.091796875
5182.763671875
5220.16748046875
5380.3447265625
3597.02734375
6531.37841796875
5482.33544921875
4320.87890625
4005.6240234375
6143.08837890625
4279.67919921875
4071.755615234375
5742.28759765625
4929.9794921875
4548.25146484375
5229.65673828125
5117.15380859375
6036.4580078125
5308.7431640625
5984.4345703125
5437.21533203125
4473.28662109375
5060.06201171875
5416.93798828125
6017.498046875
7060.81201171875
4122.05126953125
4963.6494140625
3973.153076171875
6134.8134765625
5145.0224609375
5075.42822265625
4919.90625
4471.40869140625
5280.61181640625
5279.2216796875
4652.123046875
4112.3955078125
4224.5576171875
5358.69970703125
5676.080078125
5359.5244140625
7904.42529296875
5334.025390625
4099.6435546875
5202.8427734375
3453.285888671875
5949.8369140625
5322.4794921875
4112.52783203125
5529.7734375
4389.44091796875
5517.05224609375
4524.5966796875
5718.2890625
5327.9794921875
4628.1630859375
5481.3955078125
5792.25537109375
4623.81884765625
5072.98828125
4652.951171875
4016.411865234375
5782.896484375
4518.04443359375
4684.115234375
6267.4072265625
5149.81201171875
6183.98388671875
5497.75732421875
5228.984375
5428.3037109375
4925.021484375
7334.65478515625
5052.13818359375
6205.8515625
5596.28515625
4770.34326171875
3945.682373046875
8050.162109375
5143.65625
6016.81298828125
6236.71044921875
3785.35888671875
5142.7626953125
4559.38671875
5534.2412109375
3154.9599609375
5264.81787109375
5749.1787109375
4118.1396484375
4313.8994140625
6473.1103515625
5212.34521484375
5368.5595703125
4875.9501953125
4924.20654296875
5554.9638671875
8126.89111328125
4088.376953125
3872.60009765625
5663.63525390625
5907.73193359375
5353.6953125
5260.89111328125
5566.87646484375
6507.8271484375
4261.6982421875
4496.08056640625
4711.28125
4155.83984375
5318.55615234375
5534.85205078125
5124.2255859375
4543.48779296875
5284.57861328125
6093.8349609375
5737.5458984375
4597.44287109375
5273.46630859375
3613.81591796875
4172.548828125
5312.56298828125
4960.1513671875
5279.02001953125
4598.123046875
4247.7294921875
4761.60205078125
5712.10986328125
4617.9736328125
5179.68115234375
6095.7021484375
6050.17822265625
4665.90185546875
4372.12109375
7672.93017578125
5795.71337890625
4035.551025390625
7171.79052734375
4645.046875
4479.9189453125
4290.373046875
5905.71533203125
7265.935546875
4793.318359375
3994.131103515625
4961.56884765625
6879.6083984375
6908.314453125
7257.77490234375
5220.03125
6070.24609375
4547.41162109375
4977.2763671875
4630.17529296875
4760.048828125
4500.87646484375
5442.4248046875
4291.86865234375
3685.953369140625
7970.18212890625
5804.2353515625
7938.37109375
6016.85009765625
6283.95361328125
4834.77392578125
5456.33349609375
7054.49853515625
4230.6005859375
6920.806640625
3383.411865234375
5697.08349609375
4261.76220703125
3173.852783203125
4501.37890625
6122.0322265625
5434.5654296875
5960.76953125
5963.66552734375
5620.50390625
5503.65625
4873.6845703125
5022.798828125
5204.927734375
5102.20361328125
5461.72119140625
3555.72265625
5494.908203125
7804.4599609375
4091.496826171875
4772.9287109375
5629.03515625
6247.9736328125
5785.7138671875
4972.76611328125
6336.7431640625
4580.5537109375
5605.072265625
4953.5625
5808.48388671875
6637.9169921875
5140.60009765625
4642.376953125
5526.2919921875
5308.275390625
3797.72314453125
4933.15234375
5068.4951171875
5263.912109375
6108.18505859375
5778.1298828125
4633.5439453125
4796.5087890625
5221.58642578125
6267.919921875
4008.226806640625
6283.29443359375
4235.8447265625
4875.51513671875
5022.6494140625
5691.24560546875
6823.45166015625
3958.431396484375
3958.84326171875
5974.07470703125
4682.12646484375
5039.06689453125
4245.88037109375
4961.6953125
6313.80712890625
5330.86279296875
4900.9560546875
3574.71923828125
5906.87451171875
5057.6025390625
4787.328125
6106.3701171875
4864.19140625
5376.78564453125
4815.27783203125
5905.08056640625
5082.63134765625
4249.40380859375
5501.91455078125
5601.20458984375
5683.68017578125
5010.96728515625
5353.1123046875
4672.9013671875
6410.7880859375
4165.91650390625
4697.26806640625
5982.56787109375
5013.53759765625
6180.87548828125
5316.45458984375
3905.43505859375
5121.04541015625
5184.26708984375
4498.80517578125
4128.01025390625
5245.09375
5794.2705078125
6254.451171875
4704.716796875
5393.71435546875
5532.57373046875
3397.671630859375
4673.9052734375
5627.474609375
3801.91845703125
5201.1533203125
4490.06884765625
4185.77783203125
5104.9560546875
4001.7783203125
3994.5634765625
5989.81640625
5373.65869140625
4769.92041015625
5561.70361328125
5081.23828125
5699.9619140625
6301.18359375
5680.58154296875
4806.51708984375
4742.98193359375
5684.1328125
3841.128173828125
6640.09375
4204.5078125
4643.541015625
5113.54052734375
4079.20751953125
5758.90576171875
3896.200927734375
4215.23193359375
4195.0009765625
5194.02783203125
7549.060546875
4956.564453125
4711.23193359375
5076.7294921875
5154.57275390625
4450.86376953125
4494.77490234375
6264.9482421875
3964.155029296875
5054.46875
3897.79638671875
5176.50439453125
4837.05126953125
5500.619140625
4183.09423828125
5509.4345703125
5186.55517578125
5033.3916015625
6631.20654296875
5509.85302734375
4588.35888671875
4504.85546875
4345.25537109375
4678.07177734375
4821.88818359375
4119.06640625
4421.2177734375
5182.66650390625
4804.73046875
3705.35693359375
5593.4765625
5590.876953125
5113.82568359375
4479.27783203125
4741.8056640625
6543.71044921875
5339.23681640625
3753.039794921875
5522.3056640625
4217.39794921875
5209.3017578125
5263.5546875
3920.41650390625
5295.66552734375
4562.576171875
5642.576171875
5567.412109375
6577.30712890625
7222.60546875
4646.7646484375
4199.64013671875
5254.51953125
4412.111328125
4845.41796875
6037.97509765625
5024.263671875
5086.98876953125
4982.36865234375
5078.23291015625
4173.97119140625
6129.53466796875
7047.0703125
5207.02783203125
5028.02880859375
5104.017578125
6976.42822265625
6005.47119140625
6337.37451171875
5959.80126953125
4962.7919921875
5383.88427734375
5585.98583984375
4994.22216796875
6399.4267578125
5560.52880859375
6364.3154296875
6530.09033203125
7067.8134765625
5923.04638671875
5742.09326171875
4676.14306640625
6008.72314453125
4730.34716796875
4882.796875
5673.3984375
5106.36767578125
4905.0166015625
6195.23291015625
4429.34375
4314.69384765625
3589.34326171875
3643.8359375
3785.96435546875
4866.6845703125
6255.46337890625
5427.57568359375
5525.2490234375
5870.6416015625
5259.60205078125
4755.3486328125
6301.98046875
5009.0146484375
4332.6669921875
4858.48974609375
6006.3671875
5557.4296875
6055.01953125
4408.27978515625
5009.17138671875
4912.0625
6989.3369140625
3847.9873046875
5451.82470703125
5646.4111328125
4206.69140625
7889.82666015625
5657.103515625
5758.36279296875
6049.95166015625
4447.6171875
4219.00927734375
4943.75341796875
5647.92431640625
4794.994140625
6120.7412109375
4567.76220703125
5037.6982421875
6837.41943359375
4947.03466796875
4808.83544921875
4245.36962890625
6079.3388671875
4632.58642578125
5273.2587890625
6436.1396484375
5820.1533203125
4367.19140625
5080.09375
5102.87744140625
6469.921875
3318.984130859375
4303.3994140625
3952.104248046875
6177.11669921875
3986.15771484375
4876.64990234375
5995.91455078125
5477.30322265625
4171.1962890625
6351.1533203125
5418.544921875
4296.4228515625
4222.6591796875
3512.0166015625
3652.926025390625
4851.87744140625
6711.62890625
4598.79052734375
4627.49365234375
4874.86962890625
5229.9130859375
4412.19873046875
3531.6298828125
5299.64208984375
5129.23046875
4771.466796875
4874.16796875
6030.3115234375
4416.4267578125
4413.79296875
3573.243408203125
4112.47119140625
4404.94287109375
4999.1533203125
3448.999755859375
5091.15380859375
5006.751953125
4991.47705078125
6111.3203125
6057.626953125
4084.014404296875
4873.525390625
3244.416015625
3889.48388671875
3828.60107421875
5196.8388671875
4179.65771484375
4677.615234375
5410.61474609375
4180.03857421875
5232.72802734375
5464.42431640625
3972.75732421875
5307.486328125
4733.4384765625
4896.31494140625
3712.603271484375
5112.01611328125
4778.80859375
4190.63525390625
4158.08056640625
3414.139404296875
3974.81005859375
5469.2666015625
4722.84033203125
5213.626953125
4106.2587890625
3357.868896484375
3711.470947265625
4436.44384765625
4395.4736328125
6055.54541015625
2692.616455078125
6043.98876953125
3977.3076171875
3764.31640625
4441.48779296875
3842.26318359375
4212.38720703125
5427.26806640625
3958.82666015625
5665.0390625
4376.70703125
5653.576171875
5569.91064453125
4784.3798828125
2963.02392578125
3969.435546875
3952.340576171875
4397.50439453125
3768.9765625
4142.96337890625
3784.229736328125
6844.95849609375
5404.95654296875
3399.479736328125
4831.08203125
2648.737060546875
5871.64794921875
5009.9736328125
3646.486572265625
3449.656005859375
4701.0615234375
2349.197509765625
3745.175048828125
4646.9404296875
4465.646484375
5415.626953125
4584.39111328125
5170.38818359375
3538.0625
4140.568359375
4395.96337890625
3658.979248046875
3877.935546875
4730.79443359375
4887.95458984375
4563.02294921875
4201.9453125
4726.48486328125
4530.939453125
4188.69873046875
3944.692626953125
4538.66796875
4916.4609375
3881.640625
5920.59033203125
4446.35791015625
4480.78466796875
4775.046875
4590.44091796875
4868.70703125
4821.3974609375
3822.216796875
4801.73388671875
4381.439453125
3937.202392578125
4327.845703125
3697.263916015625
4124.19140625
3284.16015625
4332.4482421875
4776.54052734375
3464.876953125
4654.67041015625
3617.599365234375
4079.884033203125
6137.21142578125
4621.63134765625
5610.84521484375
4170.31982421875
4983.19287109375
3667.139404296875
5013.63134765625
5001.75830078125
4047.523193359375
5290.88720703125
2940.784912109375
4539.7841796875
4648.19970703125
5266.15966796875
5367.79248046875
4282.83740234375
3895.600830078125
4315.01708984375
4179.29296875
4457.35986328125
6615.2919921875
4037.174072265625
4323.021484375
3948.039306640625
4240.86767578125
6511.533203125
3473.631591796875
5395.505859375
3962.395751953125
4695.98388671875
2126.64111328125
4541.212890625
5077.71533203125
5729.52587890625
3761.895263671875
5166.2802734375
4870.96142578125
4140.8974609375
3974.783935546875
4083.017333984375
3036.295166015625
6160.31884765625
4736.88330078125
5068.26220703125
3245.451904296875
5006.2880859375
5198.4384765625
4633.85205078125
6080.82275390625
5200.74609375
5333.1162109375
5345.04345703125
3795.291748046875
4485.6494140625
6392.38330078125
4794.7421875
6296.0712890625
4496.51220703125
4885.59326171875
3996.459228515625
3675.659423828125
3651.35693359375
5368.3388671875
4995.0048828125
3991.440185546875
4184.90087890625
4104.97412109375
5518.61083984375
4725.8955078125
3774.049072265625
4905.7568359375
4788.89306640625
3150.860595703125
4575.1748046875
5140.1640625
4060.96240234375
5491.89892578125
5177.478515625
4864.83203125
4718.6982421875
4985.28173828125
5482.1142578125
3352.750732421875
4593.7119140625
4362.79443359375
4275.345703125
6417.8671875
4602.1162109375
5701.3935546875
4639.7626953125
3687.515869140625
5462.42626953125
5437.42529296875
3916.180908203125
3702.397705078125
3246.48388671875
4927.8623046875
4696.51171875
4881.94580078125
4005.408203125
5412.068359375
3985.9658203125
3585.068115234375
4960.05126953125
4120.2421875
4094.635986328125
4909.51513671875
4993.140625
4930.03369140625
5128.76025390625
6449.46142578125
4686.35546875
5271.47119140625
4746.78125
5980.13037109375
6275.30712890625
4492.44873046875
4715.18994140625
6359.599609375
5271.9462890625
6589.0361328125
6138.84814453125
3573.614990234375
5255.2509765625
2686.13427734375
4707.72412109375
4853.751953125
3636.330810546875
4816.10302734375
4544.072265625
5390.1435546875
6317.72216796875
5328.0302734375
4187.314453125
4133.361328125
3090.1015625
4719.15380859375
3211.687255859375
4047.10498046875
4191.38330078125
3849.236572265625
3768.168212890625
6055.26806640625
5122.560546875
3931.806640625
5016.115234375
4573.48046875
3911.34423828125
4497.6396484375
3938.083984375
3779.2392578125
7118.20849609375
3332.470703125
4049.028564453125
5872.7861328125
4245.21337890625
4992.30859375
4721.7080078125
5048.7177734375
5811.15283203125
4173.92529296875
4207.58642578125
4853.736328125
4422.830078125
5394.86376953125
6246.72802734375
4197.97265625
4525.033203125
3465.803466796875
3872.697265625
6416.44189453125
4156.51318359375
4803.61572265625
4447.7529296875
5074.88037109375
3468.55859375
4872.41845703125
4883.40869140625
3986.1064453125
3410.49658203125
4304.62548828125
4109.4775390625
4280.66748046875
5602.06884765625
4907.05712890625
4427.26220703125
4431.13818359375
4818.81005859375
4814.96630859375
4611.5478515625
5438.76220703125
4339.0380859375
4144.8466796875
4821.1142578125
3621.12158203125
4609.49560546875
3688.38525390625
4129.19775390625
4785.91357421875
6106.95166015625
5917.20703125
4040.02587890625
3517.885986328125
3332.789794921875
5064.95361328125
2867.678466796875
3896.59765625
5580.77587890625
3678.837646484375
4653.76318359375
5872.9833984375
2864.24609375
4612.34716796875
4478.76806640625
4947.69873046875
4163.00537109375
4467.4755859375
4375.3876953125
4248.27294921875
3451.179931640625
6637.9951171875
3272.65185546875
2934.08642578125
4165.4365234375
6056.27783203125
4689.1416015625
4475.3828125
3624.20849609375
4189.73486328125
3300.95166015625
5273.67236328125
3127.169189453125
5779.46630859375
4494.3671875
2466.221435546875
4146.29150390625
4079.01513671875
6123.35888671875
3730.7392578125
6116.73681640625
5036.4921875
3366.949951171875
2992.465576171875
3546.883056640625
5876.7333984375
4402.078125
3081.90576171875
4166.41259765625
4019.301025390625
3869.44482421875
4076.91162109375
4896.1494140625
4271.40673828125
4147.05224609375
5119.48291015625
5886.2138671875
4296.18798828125
3961.685791015625
3942.288330078125
3757.745849609375
4773.11474609375
4230.7578125
3200.479248046875
4441.3818359375
6192.3720703125
4795.60546875
3363.62744140625
4202.82568359375
4284.08251953125
3493.189208984375
3480.7607421875
4277.2861328125
5872.39501953125
6037.02197265625
7243.1181640625
3454.595703125
3745.4765625
4006.93408203125
6786.12646484375
3902.280029296875
3314.657470703125
4528.03466796875
5114.75146484375
5766.107421875
3718.16748046875
3401.854248046875
3893.665771484375
3187.83154296875
4225.6416015625
4712.60546875
3378.504150390625
4284.673828125
4904.91357421875
3691.748046875
3584.142578125
3332.793212890625
5658.6806640625
5817.17529296875
2846.045654296875
5322.18212890625
3524.60888671875
5087.9990234375
3397.2314453125
3858.95751953125
4435.10595703125
3310.0390625
5820.2705078125
4093.7734375
4912.60498046875
3885.421630859375
5636.45166015625
4451.52734375
3943.822509765625
4216.5810546875
4980.00537109375
5670.8369140625
3700.36669921875
4900.27197265625
4161.11474609375
5788.23974609375
5091.9453125
3164.671875
4259.60693359375
5261.94677734375
4149.1142578125
6703.36865234375
3417.814208984375
4439.451171875
4754.4853515625
5811.236328125
6733.0361328125
4149.73291015625
5136.71484375
4175.20703125
4083.9248046875
4373.537109375
5140.091796875
3007.471435546875
4505.556640625
5349.63134765625
5217.5986328125
3299.19677734375
4340.01123046875
4953.85693359375
5287.49560546875
5910.44140625
7718.92333984375
6610.1328125
6624.2138671875
3621.900146484375
3871.65771484375
5430.66162109375
3783.8583984375
5115.61572265625
4680.1708984375
3867.49853515625
6646.54052734375
4107.1865234375
3518.16357421875
3812.5693359375
4663.384765625
3476.191650390625
3088.75439453125
5056.14697265625
4195.181640625
5317.31298828125
3247.09326171875
5656.79345703125
5006.2626953125
4619.939453125
3513.39892578125
4360.80859375
2936.940673828125
3201.653076171875
4944.43603515625
4092.92822265625
5188.33154296875
3811.580810546875
4430.8623046875
3880.132568359375
5116.09716796875
3946.84423828125
5029.9599609375
4946.91552734375
3917.911865234375
5639.673828125
2436.7529296875
3919.93505859375
3101.98779296875
6712.998046875
4852.95458984375
6754.92529296875
4038.517333984375
5451.92724609375
5626.8720703125
5020.9296875
4478.95703125
5569.76806640625
4153.93212890625
3582.67529296875
3798.7958984375
3623.13525390625
4800.81884765625
3511.498291015625
4175.10400390625
3763.296875
3562.296875
4300.875
4815.61376953125
4479.93310546875
5040.10205078125
4780.486328125
4331.169921875
5112.693359375
5010.4873046875
4086.07666015625
5014.9619140625
6574.431640625
3977.415771484375
3018.733154296875
3660.7490234375
5164.18994140625
3423.60888671875
3092.35107421875
5122.693359375
3607.769287109375
4252.646484375
5701.92626953125
4422.9580078125
4489.6162109375
3166.763427734375
4682.8984375
4488.6796875
4320.6513671875
4621.3232421875
3240.851806640625
4671.50390625
3855.875732421875
6428.84033203125
4636.95751953125
3536.067626953125
3972.624755859375
3045.24755859375
4313.91162109375
2808.463134765625
6401.705078125
4882.3525390625
2971.865966796875
4800.47705078125
4778.9990234375
5587.03564453125
5374.94873046875
6477.8603515625
4970.7236328125
3750.23779296875
5953.10986328125
4644.18505859375
4663.140625
4556.5693359375
4254.94287109375
3642.852294921875
5684.41845703125
3713.267578125
5577.19970703125
3452.3173828125
2585.65478515625
4029.106689453125
3747.151123046875
5548.39453125
3311.873046875
4520.17431640625
3814.784423828125
5250.7275390625
2968.05908203125
5290.0888671875
2888.23779296875
4927.81201171875
4133.29541015625
4106.6123046875
3467.05419921875
3526.80859375
3455.1767578125
3621.004150390625
4488.4072265625
3717.498046875
5629.37939453125
4748.14794921875
4591.833984375
4770.45361328125
4288.76513671875
5377.7578125
3871.1181640625
4421.1884765625
4040.205810546875
4148.63818359375
4115.599609375
4210.8671875
3632.76220703125
4705.734375
6400.71826171875
3793.005615234375
3981.044189453125
5288.37646484375
4423.4931640625
3233.548583984375
5558.64453125
3602.689208984375
5351.82861328125
4980.189453125
3780.656005859375
4011.7802734375
3353.89013671875
5098.09619140625
4632.001953125
4326.01953125
3303.251708984375
4411.01806640625
2858.257080078125
5719.67333984375
3810.3974609375
4339.9052734375
3973.353515625
4023.308349609375
4166.77392578125
3262.341064453125
4315.08203125
3928.0947265625
6234.521484375
3921.08984375
4154.572265625
4659.30322265625
4229.89990234375
3627.00146484375
4948.58740234375
2868.34716796875
2816.29248046875
3173.4755859375
3559.107421875
5206.224609375
4441.92041015625
3576.185791015625
4144.2177734375
5442.4755859375
4408.13525390625
7136.05322265625
4811.04833984375
3650.252685546875
4337.09912109375
4526.0361328125
4554.34033203125
3628.502685546875
3444.133056640625
2873.10009765625
4310.5244140625
3205.359375
3417.867431640625
5578.65966796875
5808.951171875
5463.3505859375
7276.328125
3487.8408203125
3872.715087890625
3888.19189453125
5329.859375
3460.2197265625
3889.343505859375
5151.71728515625
3610.59326171875
3297.327392578125
3714.943115234375
3621.224365234375
4314.47216796875
5241.6611328125
3432.58837890625
4214.08349609375
6511.0966796875
5462.1943359375
4155.556640625
4690.35400390625
4607.90380859375
3814.275634765625
6128.4345703125
5224.1025390625
3329.014404296875
4377.80712890625
3610.0634765625
3885.482666015625
4560.92333984375
4109.31787109375
3178.292724609375
4896.67041015625
5721.0712890625
4154.0205078125
4708.5322265625
3674.14990234375
4372.47705078125
6580.0234375
3689.9072265625
5261.5537109375
3600.125244140625
5963.93994140625
5871.39013671875
2814.785888671875
3073.396484375
3340.349365234375
5604.36279296875
3629.8798828125
3373.631103515625
2733.698974609375
2867.42578125
4272.08056640625
3906.42822265625
3548.555908203125
4429.17724609375
4181.07568359375
4047.017333984375
4146.2041015625
3941.198974609375
3548.473876953125
6107.73193359375
4523.10302734375
3993.112548828125
5371.0087890625
3602.375732421875
6038.54296875
3136.1025390625
4461.31982421875
4261.94482421875
5112.79638671875
4824.33837890625
4273.70361328125
4601.40771484375
5710.77197265625
4625.5703125
3742.139892578125
4274.9052734375
3404.984130859375
4790.708984375
3738.623046875
3866.569091796875
4745.0947265625
3470.55224609375
3339.45166015625
4452.49267578125
3658.396728515625
6012.46044921875
3043.178466796875
4085.64013671875
3406.12158203125
5473.076171875
2340.93017578125
3277.311767578125
3948.99072265625
2776.419677734375
4554.51416015625
3526.82666015625
4202.2822265625
5478.951171875
3910.696533203125
3328.2314453125
4154.99365234375
5074.54638671875
4047.6416015625
3155.291015625
4288.189453125
4834.46826171875
5651.46923828125
5140.36376953125
4361.12109375
3619.1201171875
3864.365966796875
3036.37744140625
4477.5146484375
2902.604736328125
4913.650390625
3490.677734375
4440.00634765625
3414.671630859375
5867.4580078125
4735.2119140625
3169.946533203125
4045.579833984375
3218.81396484375
3245.4658203125
3236.09912109375
4853.28466796875
3292.420166015625
4191.9521484375
3624.633056640625
4130.8154296875
4056.66650390625
4323.31884765625
4350.7412109375
4935.58544921875
4352.58251953125
3749.40087890625
4789.880859375
3890.321533203125
6041.44482421875
5135.3154296875
3129.757568359375
3776.244140625
3408.1376953125
5061.92822265625
4148.8466796875
4936.08251953125
4592.5869140625
3217.39990234375
4993.462890625
5167.76123046875
5160.49267578125
4073.338623046875
3677.759765625
4671.8837890625
3964.12158203125
4121.763671875
3155.144287109375
2733.920166015625
4196.00341796875
2624.343994140625
5966.556640625
3608.836669921875
4909.37548828125
5269.67578125
3959.9755859375
4645.341796875
4579.806640625
6014.17724609375
3270.5791015625
3202.57861328125
3593.602783203125
3210.86474609375
4012.38671875
4208.07666015625
4819.16796875
2621.5625
4665.41064453125
3747.971923828125
5101.35595703125
4653.400390625
4503.30029296875
2546.60009765625
2680.85595703125
3365.3564453125
3555.666748046875
3507.9873046875
3461.383056640625
3622.575927734375
4843.35791015625
3862.69189453125
5679.01025390625
3580.1943359375
3615.741943359375
5990.44970703125
3698.7685546875
3456.2890625
3303.001953125
5478.57763671875
3310.73828125
4128.185546875
5902.43798828125
3902.289306640625
3764.333251953125
4173.7421875
4221.74462890625
5825.4794921875
4425.70947265625
6114.85986328125
2798.307373046875
5135.78857421875
5292.04052734375
4919.00048828125
4918.396484375
3977.161865234375
3989.130615234375
7216.85888671875
5669.18115234375
3275.93505859375
5341.5
5653.1318359375
4394.85009765625
6636.33349609375
3698.2958984375
4003.73779296875
5815.33984375
6456.525390625
5133.60888671875
3156.781494140625
4817.63525390625
2280.82568359375
4221.33251953125
5698.6962890625
3701.494873046875
5949.76513671875
4753.25
4228.4365234375
4022.013427734375
4053.95361328125
4613.82373046875
3165.756103515625
3436.650634765625
4503.16064453125
6095.21533203125
4292.2021484375
4527.5654296875
4382.4853515625
4786.61865234375
4583.93115234375
5391.271484375
2929.28759765625
3344.392333984375
7524.39208984375
4188.310546875
4811.5859375
4657.935546875
2981.483154296875
3406.165771484375
4073.06640625
3235.80078125
4161.8505859375
4106.9833984375
3616.488525390625
3963.2783203125
3814.5751953125
4394.107421875
3522.389404296875
6312.23828125
5340.5830078125
3076.758544921875
3567.634765625
3937.046875
3206.600830078125
4166.6015625
3043.68408203125
4395.830078125
3186.542236328125
4299.93798828125
3818.62255859375
5865.34326171875
5037.33642578125
3199.3935546875
3952.241943359375
5015.79541015625
3724.595947265625
3733.182373046875
6555.94384765625
3231.67724609375
4082.51416015625
4177.3642578125
4011.576416015625
5948.73974609375
3128.077392578125
3854.224365234375
3422.20263671875
5084.7216796875
4926.1484375
3767.21484375
3527.234375
3379.551513671875
3938.93408203125
2822.348388671875
3740.427734375
3596.04248046875
2753.525146484375
2816.2705078125
3518.61669921875
3808.365234375
4334.8662109375
2725.70556640625
4219.49072265625
5219.77294921875
3994.818115234375
6114.474609375
5736.6494140625
4068.8017578125
3920.82470703125
4197.259765625
4169.49072265625
4866.89208984375
5568.32275390625
3604.918212890625
3335.32568359375
3307.181884765625
3647.463623046875
3440.324951171875
5240.046875
4010.414306640625
3134.384033203125
2822.338623046875
6305.09814453125
4829.349609375
4016.89990234375
3975.10009765625
2989.734130859375
3703.828369140625
4070.514404296875
3566.43505859375
5039.17724609375
3275.8408203125
5334.69580078125
3960.19140625
3908.73681640625
5867.14990234375
3057.0048828125
5194.44091796875
3053.463134765625
3886.84912109375
5041.109375
5171.90478515625
4866.8974609375
4111.2685546875
3912.86474609375
3716.8369140625
5706.30712890625
3672.80908203125
3818.77685546875
5205.81640625
3782.394287109375
3737.588134765625
3327.765869140625
3673.65087890625
5796.93017578125
4098.71875
6439.7431640625
3692.5234375
3113.479248046875
3906.838623046875
2459.263671875
3094.638916015625
4284.2353515625
4036.882568359375
3754.686767578125
4235.07470703125
4534.49951171875
3842.08642578125
3090.57568359375
3269.045654296875
4859.87158203125
3529.342529296875
3995.599365234375
4354.79345703125
3473.17919921875
3026.127685546875
4674.55322265625
4780.28466796875
3885.62890625
4645.900390625
3936.784912109375
3911.11767578125
1848.8984375
4116.19921875
5948.94873046875
3477.360595703125
4489.8525390625
4523.0654296875
3301.51904296875
3863.980712890625
4593.25537109375
2895.212646484375
3565.647705078125
3429.154052734375
3381.048583984375
4017.39306640625
2488.357177734375
2642.109130859375
4545.97412109375
3363.86474609375
5382.7177734375
2839.14599609375
4022.21337890625
4579.578125
3051.58251953125
5258.2666015625
2942.40576171875
4623.9736328125
4025.920654296875
3571.458984375
4695.9970703125
3145.93359375
3863.534912109375
3601.192626953125
4182.58544921875
3162.060546875
3807.12158203125
4293.98291015625
4389.53662109375
3602.94091796875
4683.86376953125
3080.880859375
4291.12451171875
2334.52685546875
4224.14208984375
4163.6455078125
6051.86328125
5774.20556640625
5529.38623046875
2969.01416015625
4119.7177734375
4132.3232421875
3578.34814453125
4025.73681640625
4692.52490234375
3308.814453125
3466.457275390625
4609.75830078125
4783.3681640625
3222.047607421875
3207.65771484375
3756.465087890625
4209.88623046875
3431.414794921875
3346.23681640625
2942.291015625
2962.93994140625
3184.92529296875
3509.69091796875
2803.075439453125
3366.914306640625
4918.10888671875
4065.744384765625
3283.75
2940.127685546875
5422.490234375
4631.65869140625
2971.823974609375
6225.876953125
3745.9267578125
3100.959228515625
4386.5654296875
4305.1572265625
4511.7119140625
4081.189208984375
3617.0283203125
2642.939453125
3122.47021484375
3905.2255859375
4074.82763671875
4494.400390625
3486.1259765625
5312.111328125
4558.5166015625
2159.703369140625
5487.72265625
4140.9921875
4519.06787109375
4381.9169921875
3488.25439453125
3398.12109375
6842.77197265625
3430.410888671875
3215.448974609375
5007.79248046875
3296.252685546875
4479.5927734375
3700.140625
4230.53515625
3286.703125
3793.029052734375
3931.9560546875
4049.412353515625
4560.8505859375
5454.6298828125
3040.71728515625
5201.88427734375
3399.144287109375
4423.19287109375
4063.6572265625
3483.65087890625
5949.66455078125
3136.2548828125
4170.09765625
4253.91796875
3538.255126953125
3408.9423828125
5524.51416015625
4240.5185546875
4200.01171875
4693.90576171875
3222.536865234375
4150.7919921875
4054.985107421875
4637.47509765625
4758.80224609375
2531.0634765625
5085.64501953125
4839.84228515625
4489.4990234375
5283.513671875
5420.99462890625
4132.71044921875
5072.271484375
5528.34375
3812.830078125
2491.497314453125
6409.18359375
2624.78271484375
4163.68359375
3576.12255859375
4826.00537109375
4768.48291015625
4613.18505859375
4406.8388671875
5711.9052734375
4302.40966796875
3685.684326171875
5787.53173828125
3516.556884765625
4479.583984375
5537.95703125
3415.76904296875
4270.45849609375
5551.88623046875
5804.1748046875
5559.4111328125
5766.8232421875
5660.439453125
5278.599609375
4239.7978515625
6094.5234375
2333.2236328125
4645.84716796875
2904.475830078125
2290.44287109375
3575.0
4367.7099609375
4119.35400390625
3551.063232421875
3923.179931640625
6059.80712890625
4144.6484375
2908.15234375
2827.1005859375
2689.152587890625
5002.8212890625
3514.05419921875
5256.8876953125
2913.5439453125
3317.8984375
5047.8251953125
2551.584716796875
4804.783203125
3743.10986328125
4790.4580078125
4680.67529296875
5600.64892578125
2975.84326171875
3939.532470703125
2354.183837890625
4679.1474609375
5884.87646484375
4586.2470703125
2995.24609375
3794.71435546875
3275.02587890625
4022.892333984375
2917.3134765625
3015.5947265625
3401.437255859375
3574.25830078125
4525.5615234375
3659.957275390625
4901.27490234375
3071.67919921875
5951.96875
4490.08251953125
2207.3857421875
4954.41064453125
5980.783203125
3593.30908203125
6078.26513671875
4055.05859375
4102.96826171875
5529.40869140625
2568.60693359375
4850.43896484375
5419.71142578125
6396.814453125
5370.3173828125
4638.041015625
4995.2685546875
3624.8984375
5394.0302734375
5811.75341796875
2985.811767578125
4395.23291015625
2917.687255859375
3530.384765625
4950.37255859375
5938.73046875
3634.6484375
3394.089111328125
4337.9482421875
5433.9501953125
3195.976806640625
3130.580810546875
3881.175048828125
3502.7724609375
3838.937744140625
3107.8408203125
6008.30517578125
5401.017578125
4479.91015625
3215.32177734375
5115.740234375
3851.691650390625
4804.40185546875
5028.54345703125
2330.578125
5122.6435546875
3772.259033203125
4617.14013671875
4760.60009765625
5291.5302734375
4325.2255859375
5321.92919921875
2068.00830078125
3650.43310546875
3287.357666015625
5709.396484375
4058.460693359375
3942.34912109375
4006.76611328125
5665.45068359375
5618.02734375
5123.76220703125
2844.42431640625
5721.5537109375
3946.22509765625
3459.37646484375
2971.673583984375
6374.13818359375
3806.38427734375
4529.69140625
2736.741943359375
4985.51318359375
3741.13671875
5142.69482421875
4468.435546875
2419.533447265625
4430.28271484375
4482.236328125
5736.2353515625
3537.252685546875
3843.283203125
4099.34326171875
3749.7392578125
3787.6552734375
4581.07421875
4553.96142578125
3532.681884765625
4162.564453125
3216.9150390625
2556.37353515625
4383.56298828125
3043.349365234375
3909.36474609375
4242.322265625
3743.87158203125
2930.139404296875
3591.185791015625
3737.351806640625
3076.29248046875
4970.8740234375
3271.794189453125
2717.882080078125
2982.624267578125
4544.28173828125
3419.09228515625
5655.8662109375
4027.931640625
3610.03076171875
4039.5634765625
4591.2587890625
3452.849365234375
4153.43505859375
2224.627197265625
4333.5126953125
3683.605712890625
5401.765625
3428.730712890625
4732.00146484375
3786.678955078125
4465.353515625
4027.522216796875
4112.7861328125
4897.7705078125
2577.806884765625
6139.6328125
4765.8115234375
3901.493896484375
3022.18994140625
3592.758056640625
4987.306640625
4411.38232421875
5514.1796875
2823.667724609375
3244.66748046875
4471.708984375
4209.1845703125
3137.89990234375
2491.241943359375
4992.009765625
4261.87353515625
3802.442626953125
4029.242431640625
5047.78466796875
5307.67626953125
5367.912109375
5354.05419921875
3027.7783203125
5958.46826171875
3093.214111328125
3787.61083984375
4932.92626953125
3650.37255859375
2771.468994140625
3060.8740234375
5644.62109375
3620.45361328125
4808.11279296875
2808.76513671875
3710.1865234375
3683.235595703125
4245.98046875
2813.278564453125
4589.728515625
4648.7080078125
4989.08544921875
4493.44140625
4232.1552734375
4166.2490234375
3343.968994140625
4719.17138671875
4189.7197265625
3860.659423828125
4547.939453125
3214.78076171875
3840.857666015625
4149.22216796875
5277.60986328125
3649.639892578125
3282.937255859375
2651.063232421875
5231.34228515625
5340.9755859375
2702.765625
3644.47021484375
5085.0126953125
5784.65283203125
4062.877685546875
4842.6162109375
4585.3291015625
4262.10595703125
4577.60302734375
5020.26318359375
6121.56494140625
3257.229736328125
2823.99169921875
3240.014404296875
4253.5732421875
2324.743408203125
2275.00146484375
3171.7998046875
4342.22509765625
3241.12841796875
4278.90478515625
2999.9501953125
4702.13818359375
3651.0576171875
3674.74560546875
4219.7841796875
2482.395263671875
2502.923828125
3860.857421875
5320.28955078125
2862.914306640625
2963.254150390625
3515.17919921875
2980.173095703125
3019.165283203125
3207.329345703125
3667.990966796875
5152.72216796875
5954.13525390625
5331.27197265625
5211.47119140625
5006.90380859375
3716.18017578125
4992.8203125
2458.18896484375
5048.263671875
3911.461669921875
5761.02734375
2629.917236328125
3623.613525390625
4075.02099609375
3098.6015625
4978.43798828125
5369.21533203125
4649.30810546875
3858.0341796875
5012.85986328125
4234.67138671875
4565.87255859375
5297.5322265625
2902.242431640625
5368.6474609375
3005.057373046875
2969.568359375
4982.04541015625
4709.1025390625
5173.060546875
4653.37451171875
1902.91162109375
4554.1357421875
2672.744873046875
4535.04052734375
5374.25
3253.30908203125
3158.132568359375
5621.7958984375
4716.71630859375
5605.31689453125
3737.683349609375
7213.228515625
3100.650146484375
3973.081787109375
2379.605224609375
4422.38232421875
5420.7236328125
3669.0302734375
4045.54931640625
5465.830078125
4590.46826171875
5041.68701171875
6069.2998046875
3639.934326171875
3250.205078125
3006.125732421875
4481.54296875
5734.93115234375
4638.0849609375
3093.397705078125
3853.66650390625
4434.9755859375
2815.220947265625
3225.948486328125
4360.12890625
4275.84033203125
3081.772216796875
3939.57470703125
3753.5341796875
3274.5009765625
4498.95458984375
3507.69970703125
3020.4892578125
2963.687255859375
6533.7568359375
2676.3291015625
3477.659912109375
3030.596435546875
5016.12890625
3840.363525390625
2938.7841796875
4928.14697265625
2393.92578125
4170.328125
4531.0751953125
5691.7509765625
4773.45361328125
4148.36376953125
4134.49462890625
2851.74609375
4597.5361328125
3050.447509765625
4465.65380859375
4758.5859375
5061.12451171875
2851.720703125
4777.77783203125
3588.61767578125
4751.97705078125
6401.62841796875
4680.7734375
4117.8046875
5313.1455078125
4461.38818359375
5266.53955078125
4100.671875
3828.869873046875
4280.85302734375
5145.13037109375
4431.02783203125
5712.58544921875
3530.946533203125
3721.427490234375
5520.306640625
5915.81494140625
3036.592529296875
5184.70849609375
3366.065673828125
3252.80908203125
2349.50048828125
3968.454345703125
4377.33056640625
3832.0576171875
3028.957275390625
2741.958251953125
4319.15380859375
3437.571044921875
4300.78515625
6008.48046875
4834.80419921875
2552.540283203125
6464.0986328125
6375.78662109375
3346.0556640625
2818.31884765625
4604.0439453125
2445.1103515625
4527.35693359375
4944.826171875
4567.5888671875
3967.761474609375
2798.326171875
3411.5849609375
5404.06640625
4920.783203125
2388.823974609375
3457.404296875
5295.94970703125
2286.39990234375
5440.90283203125
4327.73681640625
3016.814453125
5590.36865234375
3539.5498046875
3248.715576171875
3494.971435546875
2376.332763671875
4830.20849609375
3053.707763671875
5114.72802734375
3911.52490234375
2986.6591796875
5965.2294921875
4189.96142578125
3563.1005859375
3391.616943359375
4327.9755859375
4274.40576171875
3046.250732421875
2868.733642578125
5452.04052734375
2568.1708984375
3545.59814453125
5749.39306640625
4576.89111328125
4237.6435546875
5444.6162109375
5152.05322265625
4541.0078125
4386.0986328125
6855.12841796875
4346.6171875
2478.85693359375
3492.644287109375
2833.529296875
3617.5107421875
4384.32861328125
4401.6572265625
4313.56640625
4843.26123046875
3377.069091796875
3405.27734375
3826.666748046875
3376.49658203125
3247.07666015625
4645.57275390625
4062.61083984375
2373.50048828125
3768.46142578125
3934.84814453125
4668.1767578125
6201.6396484375
2411.27294921875
3174.591064453125
5522.29736328125
4911.56689453125
3008.2783203125
3967.6357421875
5752.82568359375
4273.89501953125
3957.60986328125
3857.0400390625
4325.43212890625
3319.5908203125
4259.85693359375
5691.662109375
4328.7353515625
3767.651611328125
4249.51416015625
3084.88232421875
2735.005859375
4013.362548828125
3430.733154296875
4050.652587890625
2898.623046875
4456.30615234375
4705.9912109375
5462.2705078125
2226.184326171875
4281.2607421875
3186.29248046875
5539.79638671875
2910.885986328125
3973.498046875
4164.91796875
3797.801025390625
5380.21435546875
4487.1728515625
5266.748046875
3278.165283203125
2790.463623046875
4533.18115234375
4317.34033203125
4001.32177734375
4222.150390625
5437.69189453125
3832.936767578125
4029.52685546875
3972.976806640625
4343.42236328125
4094.044921875
4951.2607421875
5176.91162109375
4586.611328125
5790.27978515625
5242.8662109375
4472.1083984375
6180.9716796875
3301.9326171875
4495.97216796875
3799.5341796875
3944.901123046875
4570.67578125
4675.40380859375
4743.6220703125
6969.5595703125
4633.1806640625
4947.05224609375
4661.51806640625
4563.73779296875
2177.011474609375
4280.068359375
3228.74609375
5876.7998046875
6481.82373046875
5079.64013671875
3393.709228515625
4762.92138671875
3379.577392578125
3173.368408203125
5128.3466796875
3618.676025390625
3381.553466796875
4047.104736328125
4963.20166015625
2927.50439453125
3522.781494140625
5444.310546875
3548.70751953125
3261.34228515625
5606.05810546875
2996.440185546875
3052.112548828125
3582.145751953125
5283.63623046875
4197.50634765625
4989.5078125
3559.99609375
5207.93115234375
3345.681884765625
3576.9130859375
3371.39013671875
4831.62060546875
2857.21240234375
4985.3544921875
4262.8212890625
4448.54296875
4426.58837890625
3641.264404296875
4630.90185546875
4805.5048828125
4807.80029296875
3149.81689453125
6069.7265625
4449.94482421875
2168.387451171875
2178.293701171875
5132.9384765625
4975.1171875
2592.94091796875
4723.35009765625
5186.34130859375
3460.93359375
4178.259765625
4573.4638671875
5148.28173828125
3481.251953125
4601.669921875
2861.26904296875
4233.53955078125
4673.2197265625
4029.842529296875
4516.796875
5227.115234375
4292.29345703125
5318.98974609375
4683.0751953125
4161.60498046875
4061.09521484375
4333.2529296875
3853.41357421875
4973.1591796875
3384.0107421875
4599.14794921875
2542.186767578125
3206.465087890625
3607.22314453125
3699.420166015625
2642.099853515625
4227.71533203125
4621.17041015625
4783.640625
4807.81494140625
3516.466552734375
3563.01171875
4363.4794921875
4451.0595703125
2334.047119140625
5417.20556640625
5531.6513671875
5050.052734375
3894.860595703125
3142.18505859375
4623.1044921875
3429.37158203125
2610.238525390625
3491.032470703125
3649.966552734375
3708.094970703125
2701.87890625
2630.044677734375
4846.70166015625
4353.94775390625
4819.77001953125
4875.26806640625
3694.111083984375
4850.1728515625
3788.6435546875
3815.927490234375
2884.60107421875
4039.772216796875
4488.3798828125
4743.76611328125
3031.877685546875
4092.58984375
4673.11376953125
3188.292236328125
2271.568115234375
3072.16943359375
2812.204833984375
2652.04638671875
2793.522705078125
4693.14013671875
3161.3017578125
3073.923095703125
3350.754150390625
4230.7705078125
2727.21826171875
3362.591796875
2221.032958984375
3057.92529296875
2775.7666015625
3953.91064453125
4514.9501953125
3956.72509765625
3897.799072265625
2842.8427734375
4249.3330078125
5241.69970703125
3378.96435546875
3408.74853515625
1818.7916259765625
3268.08984375
3686.7451171875
2098.99169921875
4385.88818359375
2149.888916015625
3040.585693359375
4922.33837890625
3034.404052734375
1971.942626953125
2953.917724609375
3532.929443359375
4473.64111328125
2976.596435546875
4541.35302734375
2639.64013671875
2803.158447265625
2420.611083984375
4670.365234375
3471.31005859375
2929.154296875
4797.26025390625
4719.046875
3360.459228515625
3311.526123046875
1879.0738525390625
3773.04638671875
3260.5615234375
3493.946044921875
5203.58642578125
3090.1484375
4262.90869140625
2578.71484375
4023.46240234375
2357.642578125
2351.13525390625
3269.78076171875
4774.0791015625
4619.4443359375
3933.35400390625
4089.0947265625
3335.515625
2808.71875
4434.923828125
2355.481689453125
3907.333251953125
2179.630859375
3481.297607421875
3794.26806640625
5793.828125
4198.33154296875
3189.137451171875
3632.150634765625
4038.241943359375
2694.67138671875
5124.328125
4970.19189453125
4136.4921875
2182.98583984375
3724.2041015625
2153.83154296875
2132.887451171875
3841.91650390625
3274.223876953125
2532.439453125
3266.0126953125
5686.0625
4113.08251953125
3215.91943359375
3084.165771484375
4575.1806640625
4304.9072265625
2681.215576171875
3385.501708984375
4441.44873046875
3560.462646484375
2573.9130859375
5504.44873046875
3601.3701171875
2815.209716796875
3092.913330078125
3764.187255859375
2148.255615234375
3567.169921875
2369.6064453125
2068.897216796875
3408.3525390625
2390.502685546875
2570.271484375
4639.1962890625
2608.78955078125
3815.445556640625
3414.3759765625
3290.332763671875
3798.01318359375
2873.517822265625
3574.103515625
3808.147216796875
4143.2978515625
3347.467529296875
3824.35693359375
3354.0693359375
3708.49853515625
4370.89453125
4139.6025390625
4796.033203125
4791.501953125
3257.30517578125
2322.050537109375
3207.66943359375
3505.190185546875
2643.146484375
2714.258056640625
3263.708251953125
3555.168212890625
3023.542724609375
3305.454833984375
3194.188232421875
4215.603515625
2502.54638671875
3296.486083984375
4011.384033203125
3233.638916015625
4110.37939453125
4637.99267578125
1583.4271240234375
3388.9033203125
4164.89794921875
2446.2568359375
3067.945068359375
3314.874267578125
4260.22705078125
2816.08642578125
4125.26708984375
2027.2120361328125
2930.23974609375
4844.13134765625
4867.85546875
3678.487548828125
4656.40966796875
2820.82568359375
3404.671630859375
2625.239501953125
2277.02099609375
3639.638916015625
4149.95703125
4528.673828125
3516.377685546875
4128.6728515625
4924.43505859375
5309.5380859375
4569.16015625
4282.23486328125
2589.290771484375
2357.994384765625
3218.144775390625
5272.7802734375
3515.797607421875
3257.013427734375
3244.804931640625
3674.361572265625
2560.404052734375
3428.06103515625
4858.60888671875
2730.543701171875
4074.828125
3643.64599609375
3537.458984375
3834.369873046875
3179.766845703125
3911.87841796875
3070.880859375
3601.12744140625
4856.92529296875
4375.5947265625
4774.4580078125
4603.9619140625
4536.61376953125
4584.6484375
2641.76416015625
5205.6220703125
2891.67041015625
5579.54345703125
4721.40087890625
3032.931396484375
3301.062744140625
3017.234130859375
2641.28271484375
4708.0673828125
2916.34912109375
2895.010009765625
3055.6416015625
5533.27685546875
3883.42236328125
2077.906982421875
3558.946533203125
4648.5546875
4168.9052734375
2948.288330078125
3402.84521484375
4274.09521484375
2761.1640625
3134.062744140625
4978.9462890625
2584.625
2267.580810546875
4241.0556640625
1898.276123046875
4799.6904296875
4802.14453125
3553.099853515625
3648.713134765625
3139.815673828125
3542.85400390625
5745.93212890625
2666.47900390625
2660.020263671875
2728.22802734375
3337.80859375
5127.73583984375
3354.49267578125
2765.7744140625
4204.71630859375
4092.559814453125
2270.996826171875
4186.78955078125
2391.224609375
3819.853271484375
4321.12646484375
4846.60302734375
3727.62841796875
4239.392578125
4135.47021484375
4630.8232421875
4036.36474609375
4437.86865234375
2381.12255859375
3590.250732421875
2192.542724609375
2586.585205078125
4356.17333984375
3710.2548828125
3697.94970703125
4381.1044921875
2572.756103515625
4571.82861328125
3624.170654296875
4006.31494140625
5918.97119140625
2622.6455078125
2676.18310546875
4810.9130859375
2498.195556640625
2789.634033203125
3277.16015625
4540.8603515625
3428.290771484375
2700.37890625
3863.965576171875
4591.0537109375
3335.524169921875
3502.997314453125
1859.61083984375
2405.923583984375
3661.31689453125
3835.434326171875
4337.08837890625
3829.230712890625
2136.31494140625
3404.7333984375
4919.32373046875
4455.25927734375
2475.743896484375
2588.984375
3136.457763671875
4263.96728515625
2764.380615234375
2219.6767578125
2007.598876953125
4010.501953125
2851.651123046875
3913.93017578125
2148.322265625
2642.339599609375
5037.66064453125
2567.21826171875
2952.46484375
2940.954345703125
3471.576904296875
3792.545654296875
5009.89013671875
3755.6572265625
3831.9697265625
2132.09375
2346.861572265625
2807.238037109375
4133.193359375
3061.6650390625
2597.10400390625
2317.756103515625
2361.585693359375
3218.0234375
2777.09375
4307.361328125
2912.36279296875
3104.931640625
2631.656982421875
4148.65869140625
3088.22412109375
3283.01171875
3976.1865234375
3151.91845703125
2999.528076171875
1922.4173583984375
3586.960205078125
3699.59228515625
3513.980224609375
1674.345458984375
5122.7880859375
3821.39599609375
2134.695068359375
3490.361572265625
2723.61474609375
2715.723876953125
3749.095703125
3288.85595703125
3605.7998046875
3243.2333984375
3546.196533203125
3847.367431640625
4362.01220703125
1886.949951171875
4474.3935546875
3854.55029296875
3220.060791015625
3128.47021484375
3901.878173828125
3306.23974609375
4514.53369140625
4096.26806640625
3720.380615234375
3987.4599609375
2494.51953125
2069.401123046875
3005.3310546875
4714.26171875
2670.673583984375
3341.22412109375
4806.08447265625
3762.071044921875
4382.68115234375
3090.1494140625
3883.220947265625
4203.53173828125
4519.34130859375
4164.49267578125
3289.18603515625
2604.889892578125
3359.4775390625
2557.238525390625
1991.822998046875
3087.17724609375
3282.837646484375
2816.063232421875
3116.642578125
2513.741943359375
2655.0341796875
3174.431640625
3730.668212890625
3354.772705078125
3985.088623046875
2003.2320556640625
4521.8818359375
2454.61279296875
2831.3681640625
4293.45263671875
2884.669921875
3409.969970703125
2746.62255859375
4953.5341796875
4404.35009765625
4075.17431640625
4140.2421875
1671.6978759765625
3460.826416015625
4428.5537109375
3925.17724609375
3908.342529296875
4679.5439453125
3960.604736328125
4093.58642578125
4510.1708984375
3579.9267578125
4741.1162109375
3894.34814453125
4991.85546875
3525.181884765625
4350.09033203125
2381.66650390625
4156.47314453125
3503.871826171875
4794.92822265625
2586.305908203125
2553.576416015625
3758.609130859375
2787.333251953125
3103.01171875
1914.8515625
2574.02587890625
4638.9365234375
4276.00634765625
3733.9072265625
4907.5908203125
3040.91845703125
3390.41357421875
2430.595703125
5076.57470703125
2789.58642578125
3371.78759765625
3112.24169921875
2357.2373046875
3111.63720703125
2324.52197265625
4620.59130859375
3283.20556640625
3032.95849609375
4249.9921875
2669.755126953125
3700.29345703125
4949.83935546875
4456.15283203125
3953.66357421875
4095.394287109375
3673.83154296875
4536.09716796875
3858.9267578125
3604.512451171875
1934.4373779296875
3695.8125
4941.09912109375
2915.999755859375
2690.982666015625
4229.7890625
3541.687255859375
3592.10693359375
3552.176025390625
2886.769775390625
1876.404296875
1822.5494384765625
2418.610595703125
2176.1181640625
3394.296630859375
3072.743896484375
3808.754150390625
1989.47216796875
3406.628173828125
2737.242919921875
4213.3623046875
4160.58544921875
3073.48095703125
3109.1689453125
2911.214111328125
4238.4970703125
2121.867919921875
3189.861572265625
3350.756591796875
2804.130859375
3324.6630859375
3736.268310546875
3354.5302734375
4929.48046875
4055.899169921875
