7163.2236328125
7745.71630859375
6829.46142578125
7744.5087890625
9382.75390625
7404.57470703125
7156.3544921875
7108.56494140625
6397.09326171875
7592.7763671875
6373.63134765625
8447.30859375
8009.51953125
7035.5244140625
7718.5078125
7140.37353515625
7023.3994140625
7346.2021484375
7198.47119140625
7541.724609375
7317.89990234375
8129.64794921875
7248.4853515625
8725.353515625
6433.9599609375
7213.00390625
9129.3125
7823.3701171875
6405.41455078125
6827.11279296875
7481.8671875
6808.4697265625
6746.55322265625
7553.26513671875
7176.033203125
7845.80126953125
6847.326171875
6879.02490234375
6927.4033203125
6348.0498046875
7013.33447265625
8673.15625
8013.228515625
7600.8720703125
6639.5869140625
7273.4501953125
6712.1669921875
7676.39697265625
6866.26806640625
7308.55615234375
7110.88330078125
7800.12890625
6912.75537109375
7182.9345703125
7726.13134765625
6986.70166015625
7847.87548828125
6639.1337890625
6734.64306640625
7860.39208984375
7731.04150390625
6869.82861328125
7481.86962890625
6925.29296875
6449.548828125
9026.822265625
6592.73779296875
7801.310546875
8014.7666015625
7122.53125
6018.00341796875
8832.505859375
7686.259765625
6679.70849609375
7687.87646484375
8084.1220703125
7324.86865234375
6698.83642578125
7769.76611328125
6963.7763671875
10260.03515625
7758.14111328125
7658.27294921875
6139.65380859375
7714.7333984375
8252.4931640625
8908.3056640625
8185.29296875
8314.892578125
8534.5478515625
7009.36474609375
7831.2001953125
8705.2470703125
7396.73291015625
10434.7431640625
6679.79052734375
6978.12451171875
8304.59765625
8686.3779296875
8269.943359375
7076.07958984375
9428.802734375
7811.26025390625
8131.7119140625
6889.26171875
8327.4462890625
9605.6650390625
6756.4794921875
6726.97998046875
9267.970703125
7763.6611328125
6744.1533203125
6636.6552734375
6864.51806640625
7600.0166015625
6640.9716796875
6939.44677734375
6916.69873046875
6274.935546875
6670.84375
7055.87109375
7303.51025390625
7292.0771484375
6839.2333984375
5652.3671875
7128.98291015625
6138.0869140625
6304.41943359375
5576.4755859375
6489.7314453125
7189.66455078125
6775.92626953125
5485.52392578125
6471.1171875
8654.3857421875
6387.88525390625
7383.94775390625
7126.6728515625
6311.9951171875
8512.333984375
6912.478515625
7234.73291015625
7718.134765625
7246.3994140625
8246.8125
7256.9365234375
6248.1630859375
6240.24609375
8074.125
7762.02197265625
5484.04150390625
6952.0029296875
6451.45654296875
6622.974609375
7786.51220703125
5889.86376953125
7223.75
5834.591796875
6190.6416015625
7274.89208984375
7669.29150390625
7004.63818359375
6640.216796875
5707.94384765625
7588.31884765625
5998.94775390625
6273.212890625
7574.39697265625
5653.1064453125
5749.236328125
7391.09619140625
6919.00146484375
5659.1533203125
5397.17529296875
5903.0361328125
6986.65673828125
5913.85009765625
7177.830078125
5841.7744140625
6122.7578125
6560.830078125
5760.11572265625
5540.55224609375
6061.2001953125
6446.009765625
6445.76806640625
6506.8994140625
6500.60009765625
4947.65234375
5489.8837890625
5659.2529296875
5084.21044921875
6058.9921875
5353.587890625
5896.36865234375
6597.03173828125
5829.650390625
6455.01220703125
6249.37890625
6008.42138671875
6064.6572265625
5434.5390625
5073.78662109375
6387.75341796875
5512.3935546875
4813.77490234375
5322.11083984375
7065.21630859375
5276.6005859375
5837.9482421875
5732.34814453125
4902.32470703125
6328.861328125
5640.91455078125
5922.318359375
5373.8671875
6379.23291015625
5909.626953125
6605.01953125
5351.01806640625
7401.884765625
5453.60693359375
6346.6650390625
6984.89794921875
6204.173828125
5394.86962890625
5193.3095703125
5979.1318359375
5603.40283203125
6271.92041015625
6364.943359375
5478.232421875
6373.814453125
5181.26708984375
5538.22705078125
6797.09033203125
6756.99609375
5867.50048828125
6250.96142578125
5482.09130859375
5541.6669921875
5681.14892578125
6210.5380859375
6019.44970703125
5561.27587890625
6073.97802734375
6231.455078125
7296.85498046875
5722.32421875
6591.93505859375
6865.22216796875
5512.81201171875
5963.84375
6252.60888671875
6316.54541015625
6079.8017578125
5462.84130859375
6029.685546875
7325.22314453125
6396.35791015625
5525.125
5248.42626953125
5159.6201171875
5816.298828125
5387.1552734375
5538.115234375
6069.59375
6181.634765625
5289.85302734375
7176.337890625
5493.890625
5053.2744140625
5577.35888671875
7103.68310546875
4704.5810546875
6257.22314453125
6944.490234375
6725.2236328125
6058.57177734375
5088.41259765625
5397.5966796875
5469.9755859375
5937.548828125
5578.001953125
5541.48388671875
6469.4765625
5225.81640625
5839.35009765625
4322.01806640625
6308.2705078125
6608.05712890625
6080.251953125
5877.56787109375
5930.57666015625
5089.373046875
4376.22802734375
4689.65869140625
5069.88916015625
4631.2470703125
4560.5634765625
5302.75244140625
4920.76806640625
6287.5888671875
5866.513671875
5083.044921875
5025.16796875
4481.73974609375
6155.47119140625
6142.3232421875
5809.78857421875
6145.96826171875
5175.20556640625
5740.6376953125
6169.65869140625
5030.35302734375
6557.5234375
5778.95361328125
6299.625
5511.7919921875
5667.32958984375
5597.0654296875
5662.3505859375
5168.8125
4908.724609375
5474.2939453125
6113.43017578125
6262.62158203125
5265.12158203125
6033.58447265625
4657.14501953125
5554.443359375
6316.6162109375
4878.212890625
5150.9912109375
6397.9501953125
5150.14306640625
4978.0205078125
6815.99609375
4615.998046875
5592.85498046875
6084.4296875
4915.13134765625
5413.12109375
5365.55126953125
6572.9365234375
5840.6962890625
4700.55859375
5196.01025390625
5107.548828125
6037.13037109375
4504.22216796875
6074.61865234375
5246.51611328125
5261.55419921875
6211.78857421875
4418.2890625
4974.76806640625
4359.0302734375
5125.6630859375
5312.70361328125
6894.5595703125
4418.35888671875
5133.81201171875
4750.8037109375
5156.55615234375
7250.3388671875
5241.85693359375
5146.923828125
5037.69287109375
4681.91650390625
4876.40380859375
5009.4716796875
5412.70458984375
6807.81494140625
4804.826171875
5059.8720703125
5252.47216796875
4920.2177734375
4787.02880859375
6484.41015625
5143.36572265625
5786.9990234375
4825.6875
4716.248046875
6134.58837890625
5599.421875
5363.88427734375
5263.38720703125
5300.5419921875
5611.9501953125
5987.75
5481.1357421875
6672.63134765625
7985.08154296875
6376.46630859375
7646.92626953125
5992.4013671875
4973.3916015625
5620.189453125
5439.55126953125
4866.21728515625
4995.51708984375
6423.70556640625
7447.705078125
5424.33447265625
4588.7470703125
5691.60791015625
4840.40966796875
6093.85986328125
6237.03369140625
6374.66650390625
7212.3828125
6369.021484375
8309.783203125
6565.103515625
6562.9951171875
8723.44140625
6781.69482421875
6457.044921875
5996.216796875
6325.92529296875
6748.388671875
5570.95849609375
6426.06689453125
5665.0068359375
5729.1484375
8578.908203125
6284.02685546875
5870.84130859375
5304.0263671875
6859.89794921875
5593.40087890625
5569.0625
8651.095703125
8737.6025390625
6114.52197265625
7555.37548828125
7368.63134765625
7179.55859375
7178.02880859375
6021.873046875
6859.4619140625
6376.69775390625
7159.45947265625
8287.7177734375
7100.3115234375
6488.4228515625
5184.0947265625
7986.2216796875
5759.76708984375
7802.9169921875
6151.228515625
8626.7724609375
6826.5517578125
6646.466796875
6800.72314453125
7110.978515625
5573.26220703125
8333.69921875
7632.50390625
5180.224609375
6965.59521484375
7179.92138671875
6038.69140625
6400.90380859375
6656.6572265625
6899.61376953125
5934.93115234375
6734.28173828125
7121.71484375
7561.4951171875
6730.62646484375
8671.24609375
8479.822265625
8094.98046875
8171.716796875
8830.5810546875
7528.74658203125
8335.4443359375
8886.5625
8602.7333984375
8566.5390625
8310.333984375
8161.431640625
6992.23876953125
8307.89453125
8459.865234375
7498.90966796875
6390.76513671875
7326.65869140625
8089.12841796875
9610.8505859375
8952.8271484375
8783.1376953125
8966.98046875
11414.3916015625
10113.2353515625
9636.005859375
10349.52734375
9199.6943359375
10312.5888671875
9654.7734375
9566.2685546875
10051.02734375
9335.3310546875
8629.451171875
9172.740234375
9076.7392578125
9699.4306640625
10022.7421875
10152.6767578125
8902.7978515625
9267.6845703125
8599.4189453125
8678.849609375
8501.6708984375
8713.1357421875
7694.5830078125
8893.0693359375
9184.3515625
7539.38525390625
7778.62841796875
8088.6611328125
8922.744140625
9879.306640625
7850.64111328125
9787.24609375
9404.6708984375
9174.603515625
8086.78173828125
6983.56787109375
9157.1572265625
8643.1484375
6972.68359375
7898.5361328125
8087.59033203125
7830.98681640625
8563.6162109375
7600.23876953125
7397.68017578125
6248.88134765625
6464.88671875
7704.2646484375
6074.30126953125
7222.46044921875
6624.8671875
7297.32470703125
7554.1884765625
6566.74658203125
6875.5263671875
6753.56982421875
6266.88134765625
7110.69384765625
7899.26611328125
7839.169921875
8437.6611328125
6734.63330078125
7089.39501953125
6651.56787109375
6301.93701171875
7680.287109375
7280.828125
6956.6728515625
7002.853515625
7968.18310546875
8561.4541015625
7472.9052734375
7726.10986328125
8867.8876953125
7452.451171875
6734.12646484375
6175.75537109375
6578.33203125
8219.3427734375
6423.70703125
6559.2919921875
6426.21484375
9175.2294921875
6463.20458984375
9309.2744140625
8511.69140625
8218.36328125
9666.36328125
9294.73828125
8989.5205078125
9192.4423828125
10249.81640625
9108.435546875
9130.6328125
9508.029296875
8401.6630859375
9795.7021484375
7333.15625
7088.35546875
6794.2705078125
6958.52197265625
7306.0283203125
7633.09521484375
8230.41796875
7620.537109375
8891.0693359375
7288.9169921875
7273.39990234375
7319.65478515625
8402.6005859375
7929.693359375
8499.2021484375
7014.78857421875
8819.853515625
6684.6103515625
9946.5576171875
8990.7470703125
9194.6552734375
7428.0244140625
6997.29638671875
9380.58984375
7537.91455078125
6659.51025390625
7463.5888671875
8926.048828125
9628.107421875
8408.1298828125
9328.3994140625
7783.04638671875
7896.7255859375
6586.76513671875
8184.06982421875
6145.48291015625
7738.26171875
6721.3603515625
8168.39501953125
6058.81689453125
6278.7646484375
7578.65966796875
7864.8916015625
5914.4814453125
8306.96484375
7649.15966796875
6798.7734375
6391.4248046875
6168.29443359375
7974.3681640625
4921.748046875
4313.4326171875
6023.82470703125
6824.98486328125
6524.400390625
7334.7431640625
7963.185546875
6248.01611328125
7496.01318359375
3077.51806640625
3781.0927734375
5211.66259765625
4585.2373046875
3166.4501953125
4008.55078125
4356.7021484375
4377.42431640625
4255.537109375
4922.60302734375
4231.78466796875
3915.05224609375
4418.1904296875
3346.91357421875
3360.687744140625
3569.7197265625
3637.064208984375
4468.54248046875
4031.8427734375
3567.1015625
3335.551025390625
3790.19482421875
5024.685546875
3407.479248046875
3784.6376953125
3746.183349609375
3727.337646484375
4386.95458984375
3818.73828125
3610.94677734375
3364.848388671875
3412.53662109375
3404.557373046875
3112.306396484375
4121.26708984375
3926.12646484375
4192.24560546875
3278.141845703125
4499.6962890625
3545.776123046875
4008.23828125
3563.52685546875
3521.255615234375
4338.4013671875
3410.49609375
3374.400634765625
4425.5537109375
4303.18798828125
3075.8916015625
3454.619873046875
3317.056884765625
4347.42626953125
3393.176025390625
4053.76806640625
3694.259765625
3807.0732421875
3489.245849609375
3156.52685546875
3634.84765625
4835.7919921875
4228.5263671875
3503.45849609375
3946.453125
3047.52685546875
3776.097412109375
5822.60791015625
3373.73681640625
3840.178955078125
4769.77880859375
3007.02001953125
4193.75634765625
3612.74169921875
3404.78564453125
3214.759033203125
2849.514892578125
2962.571044921875
3845.465576171875
2933.568115234375
2609.388671875
4041.563232421875
3353.44775390625
3598.713623046875
3589.571533203125
3899.81103515625
3229.876953125
4280.3232421875
3416.803955078125
3098.971435546875
3115.740966796875
2847.297119140625
3204.6298828125
2774.236572265625
4242.17626953125
3635.092529296875
3440.057373046875
3101.419189453125
3430.966796875
2680.327392578125
2919.8525390625
3657.495849609375
3593.931640625
3720.329345703125
5320.57861328125
4471.13623046875
3288.809814453125
2698.135009765625
2401.395751953125
4223.373046875
3019.71337890625
3739.812744140625
3322.44970703125
2967.9501953125
3586.001953125
2760.380126953125
3252.352294921875
3495.3251953125
3934.634765625
3163.255126953125
3733.98779296875
4436.5322265625
3317.127685546875
3608.817626953125
3167.902587890625
2811.588623046875
3129.513916015625
3352.16357421875
2947.0517578125
3523.514404296875
4034.558349609375
3506.879150390625
2801.46923828125
3525.174072265625
3401.92822265625
3325.13720703125
3300.161376953125
2838.8134765625
3859.8017578125
4723.712890625
2542.35107421875
4052.9501953125
3094.852783203125
2460.2880859375
3747.970947265625
3793.444091796875
2553.615966796875
4153.37548828125
2928.058349609375
3012.55419921875
3677.22021484375
3621.08935546875
4245.83642578125
3200.97314453125
3030.346923828125
2970.311767578125
3363.874267578125
3220.73583984375
2611.30419921875
3955.6533203125
3675.120849609375
3503.40478515625
2573.24853515625
2409.8427734375
3893.6533203125
3107.20849609375
3391.45068359375
3225.34814453125
4010.97021484375
3922.07080078125
4890.375
3397.151611328125
2517.807861328125
2929.687255859375
4173.95654296875
2704.796142578125
3396.6064453125
2889.89599609375
3603.82861328125
4776.24365234375
2833.44140625
3651.693115234375
2890.96728515625
4190.3193359375
2852.139892578125
2694.434814453125
2948.23974609375
2572.365234375
2494.6865234375
3448.455810546875
3443.691650390625
2669.92236328125
4023.834228515625
3402.58251953125
2688.12890625
2461.40625
3154.505615234375
2948.237548828125
3011.35693359375
2519.203857421875
2717.020263671875
3149.832763671875
3152.6767578125
2610.103515625
3342.3818359375
3822.96435546875
4286.48681640625
3259.084716796875
3023.652587890625
2577.404296875
3913.995849609375
2714.713623046875
3084.9775390625
3284.8740234375
2826.518310546875
2865.341064453125
2542.302978515625
3135.28564453125
2756.161865234375
2647.28369140625
2829.130126953125
2699.84033203125
4197.1513671875
2805.1689453125
3249.101806640625
3006.63232421875
3834.34326171875
2797.233642578125
3098.350830078125
2352.3203125
2973.7060546875
3093.865966796875
2232.460205078125
2924.3017578125
2978.541015625
3547.307373046875
3729.187255859375
2757.03955078125
3119.514892578125
2685.0185546875
3903.11474609375
3414.8984375
2640.3427734375
2789.79638671875
2547.94091796875
2736.522216796875
3269.454345703125
3195.239013671875
1971.3125
3257.78271484375
4339.64013671875
3323.771728515625
3384.694091796875
3494.560791015625
4001.165283203125
2759.888427734375
4592.40380859375
2801.32763671875
5131.95703125
2808.072509765625
2645.64599609375
4892.4951171875
3649.0380859375
4454.55126953125
4691.16162109375
3223.830810546875
3538.64404296875
2688.32861328125
2937.050048828125
3336.7880859375
3085.17919921875
3385.034912109375
3592.727783203125
4773.03515625
3494.29345703125
4353.1220703125
3360.781494140625
3766.171630859375
2845.784423828125
2826.612060546875
2787.06005859375
2771.302490234375
3027.9189453125
3414.133056640625
3083.519287109375
3567.01806640625
3238.037353515625
2617.244140625
3466.830810546875
2831.702392578125
3560.2509765625
2933.282470703125
3973.733154296875
4009.014892578125
2743.772705078125
3215.471923828125
3058.24853515625
2842.360107421875
3262.842529296875
2407.77783203125
3957.35009765625
2701.14599609375
3136.174072265625
3358.397705078125
3432.77978515625
4261.49462890625
3256.747314453125
3108.99560546875
2880.57568359375
4093.05224609375
2258.771484375
2618.13525390625
2875.3662109375
3389.239990234375
2930.490966796875
2655.761962890625
3348.491455078125
2270.89404296875
2887.4873046875
2690.63427734375
2713.448974609375
2796.59814453125
2519.073974609375
2256.226318359375
2347.734619140625
3924.77490234375
2558.779296875
2594.579345703125
3012.99609375
2429.965576171875
2756.27490234375
3356.3798828125
2979.736083984375
3737.393310546875
2402.8525390625
2513.585205078125
2816.814453125
3395.275634765625
3340.27685546875
3219.883544921875
2743.10302734375
2120.761962890625
2832.736572265625
2641.984130859375
2900.056396484375
2412.46337890625
3276.804443359375
3087.102783203125
2701.56396484375
2593.416748046875
2240.695556640625
2009.1304931640625
3554.946533203125
2482.156494140625
2274.744873046875
2976.942626953125
2453.51611328125
2665.0029296875
2450.78564453125
3201.584228515625
2702.36279296875
2947.679443359375
2764.483642578125
2428.9814453125
3032.216064453125
3024.29150390625
2425.04931640625
2567.329833984375
3143.29736328125
2853.092529296875
2591.817138671875
3003.07080078125
2213.501953125
2512.90478515625
2824.340087890625
2868.937744140625
2748.540283203125
1966.813232421875
2598.674072265625
2595.0068359375
2777.211669921875
2880.0390625
2772.593505859375
1844.8970947265625
2909.791748046875
1922.9007568359375
2395.8974609375
2804.355224609375
2814.05859375
2467.0302734375
3336.260986328125
2384.169921875
2449.9501953125
2943.8017578125
3415.074951171875
2885.726806640625
1790.501953125
2415.690673828125
3002.76904296875
2111.50146484375
2887.79150390625
2613.661865234375
2281.6943359375
2115.08056640625
2482.8681640625
2121.970703125
2756.928466796875
1839.3836669921875
2872.63134765625
3168.923095703125
2702.158935546875
2369.651611328125
2493.896484375
2603.171142578125
2533.220703125
2711.6826171875
1945.930908203125
2298.6611328125
2184.869140625
1807.748779296875
2298.36328125
2360.0498046875
2070.097412109375
3132.440185546875
2142.165771484375
1882.50927734375
2393.008544921875
2076.195068359375
2220.920166015625
2691.599853515625
2291.04150390625
2846.572265625
3668.996826171875
3575.165283203125
2568.83056640625
1908.717041015625
2685.034423828125
1707.5792236328125
2873.721923828125
2965.5498046875
2204.903076171875
2281.30419921875
2461.965576171875
2292.48388671875
2580.2998046875
2482.045654296875
2298.981201171875
2251.588134765625
2535.23486328125
2021.304931640625
1950.4495849609375
1905.447998046875
2423.0341796875
2066.385986328125
2265.594970703125
1858.101806640625
1907.7274169921875
2268.0966796875
2168.660400390625
3042.138427734375
2378.056884765625
2514.66943359375
1906.222412109375
1952.4691162109375
2290.417236328125
2833.494140625
1843.29736328125
2822.70849609375
2236.53173828125
2590.8095703125
2264.240966796875
2232.796875
1929.6280517578125
2769.28271484375
2762.05029296875
1912.4815673828125
3252.8359375
1506.7501220703125
2308.781494140625
2094.54443359375
2786.10986328125
2062.67724609375
2061.476806640625
2961.7333984375
2117.429443359375
2868.273193359375
1975.052490234375
2371.49609375
2440.022705078125
2994.09521484375
2280.051513671875
2117.01513671875
2673.8115234375
2991.040283203125
2353.653564453125
1803.1954345703125
2456.978515625
1683.9833984375
2091.114501953125
2811.894775390625
2054.27392578125
2103.6494140625
1921.8857421875
1546.375
1878.4383544921875
2515.61181640625
2820.66748046875
2064.997802734375
2227.376953125
2064.355712890625
2127.79150390625
2025.8748779296875
2316.415283203125
1871.558837890625
2502.75146484375
2223.609130859375
2629.588623046875
2222.815185546875
1987.094482421875
1953.2066650390625
1839.654296875
2163.586669921875
1956.632568359375
2309.20703125
1762.8936767578125
1953.2542724609375
2270.785888671875
2247.3623046875
1533.2462158203125
2296.917236328125
2317.21142578125
2840.5947265625
1455.514892578125
2073.577392578125
2575.50634765625
3298.717529296875
2095.091796875
2184.215576171875
2549.131591796875
2898.695556640625
2707.825439453125
3153.44189453125
2636.05517578125
3099.555908203125
2060.178466796875
3402.565673828125
3386.276123046875
2338.27392578125
2000.51611328125
2803.024169921875
3262.632568359375
3278.4599609375
2811.03466796875
2736.609375
2482.41064453125
1942.4697265625
2177.921875
3375.062744140625
2685.6953125
1952.4395751953125
1806.352783203125
2759.03857421875
2253.752685546875
3081.631103515625
1845.9974365234375
2587.12744140625
2258.9765625
2257.574462890625
2590.114013671875
2076.459228515625
2464.56689453125
2336.353515625
2254.688720703125
2618.345703125
2241.984130859375
3365.177490234375
1662.1322021484375
2282.684326171875
2290.940185546875
2114.2177734375
1472.32666015625
2608.70654296875
3491.020751953125
2341.4189453125
2577.728515625
2526.6435546875
3540.482666015625
2318.0498046875
3426.195556640625
3912.259033203125
2772.522216796875
2721.29931640625
3470.300048828125
2337.2138671875
2623.787353515625
2262.4404296875
3502.007568359375
2591.421630859375
3080.797607421875
3870.593994140625
2446.064208984375
2155.62109375
3254.31982421875
2119.640869140625
2653.784423828125
2653.78515625
1540.2054443359375
1853.05078125
1683.0113525390625
2619.4912109375
1988.75244140625
1772.026611328125
3341.915283203125
2043.4158935546875
2210.091552734375
2453.476806640625
3107.1494140625
2410.69091796875
3373.31494140625
1747.88427734375
2163.74267578125
2410.1923828125
1875.6761474609375
2302.961181640625
2943.505615234375
2560.161376953125
2532.406005859375
2606.138916015625
2409.889404296875
4002.635986328125
3383.805908203125
2761.165283203125
2039.665283203125
3685.265869140625
2722.236328125
3758.14990234375
2517.8134765625
3273.528564453125
3160.6884765625
2170.125732421875
2913.87255859375
3660.446533203125
3681.271728515625
3226.80029296875
2912.852294921875
2393.4814453125
3564.308349609375
4054.17822265625
3072.82568359375
2507.50634765625
4069.244873046875
4075.83837890625
2612.631591796875
2617.315673828125
3825.996826171875
2957.17236328125
3706.658203125
4314.43212890625
2762.865234375
3845.5
4126.7890625
3051.34521484375
3358.6416015625
3476.693115234375
3594.448974609375
3617.2900390625
5069.14794921875
4775.7412109375
3754.022705078125
4330.4423828125
3791.867431640625
3913.683349609375
3645.967529296875
3528.61328125
3410.44921875
3515.085205078125
4757.42724609375
4211.61181640625
3554.370849609375
4043.869384765625
3960.6142578125
3821.65185546875
3491.90673828125
3874.7548828125
3210.630126953125
3245.3623046875
3500.460693359375
3243.9189453125
2303.57177734375
2949.8525390625
3484.118408203125
2941.957275390625
3361.44921875
2480.5009765625
3161.36474609375
2610.674560546875
2705.897705078125
2474.535888671875
2320.574951171875
3108.628173828125
2093.227294921875
2917.84423828125
1849.7667236328125
3093.440673828125
2322.43017578125
2151.784423828125
2820.252197265625
2139.386962890625
2932.58251953125
3129.235595703125
1763.2109375
2265.2548828125
2238.02685546875
2453.125732421875
2734.1376953125
2010.6663818359375
1574.6588134765625
3737.760009765625
2601.238037109375
2638.354736328125
2028.45751953125
2623.124755859375
1913.945068359375
2012.3511962890625
3169.845947265625
2294.896240234375
3178.754150390625
2761.316162109375
2082.25341796875
2184.191162109375
1827.5408935546875
2041.9798583984375
1692.9913330078125
2388.75439453125
1585.4234619140625
2464.245849609375
2146.9365234375
3338.820556640625
1961.0115966796875
2479.6708984375
2208.8095703125
2504.23193359375
2286.489990234375
2147.325927734375
2758.5517578125
2756.140625
1800.377197265625
2984.426025390625
2371.08349609375
2386.7314453125
2707.181640625
2233.137451171875
2173.154296875
3571.4619140625
2296.406005859375
1818.4071044921875
2760.48681640625
3049.169921875
1553.845458984375
1874.271240234375
2709.01953125
1669.4405517578125
2155.212890625
1495.592041015625
2063.227294921875
1815.51513671875
2196.506591796875
2764.78515625
1435.77587890625
1728.735107421875
2354.548583984375
2086.0244140625
1917.228759765625
1800.239990234375
2624.524169921875
2009.820068359375
2055.539306640625
1760.45703125
1586.930908203125
2521.158447265625
1847.5338134765625
1846.3197021484375
2100.109619140625
2938.908203125
2649.097900390625
1749.22705078125
2783.511962890625
1624.0634765625
2563.298095703125
1450.9742431640625
1923.1153564453125
1800.8016357421875
2421.16796875
2667.079833984375
1513.05419921875
1834.9937744140625
2667.804443359375
2513.471923828125
2937.479248046875
1611.1240234375
2263.815673828125
1865.2528076171875
2171.369384765625
2048.149658203125
1849.6636962890625
2436.413818359375
2041.59130859375
2450.250244140625
2953.579345703125
3109.24755859375
2585.232177734375
1483.064208984375
1953.9395751953125
2279.359375
2699.89306640625
2205.02783203125
2433.843505859375
1817.8795166015625
2188.92138671875
2214.392333984375
2224.72021484375
1904.228271484375
2876.09130859375
2701.9560546875
3198.904296875
2181.517333984375
2231.36083984375
1578.891357421875
2058.48974609375
2691.436279296875
2224.820556640625
3025.017333984375
2977.900634765625
2719.67431640625
2354.764892578125
2729.776123046875
2736.950439453125
1848.432373046875
2423.78759765625
2122.156005859375
1936.015380859375
2417.9248046875
2950.53759765625
2674.849365234375
2960.677490234375
2738.1796875
1420.781494140625
2431.23828125
2711.70166015625
2153.8095703125
3967.531494140625
3280.760986328125
3110.5791015625
3087.4619140625
3130.896484375
2526.876708984375
3492.14404296875
2517.940185546875
2574.847412109375
3072.145263671875
3406.734130859375
3705.30810546875
2152.434326171875
3368.8251953125
2623.57568359375
3491.724365234375
3770.145751953125
2971.477783203125
2521.08935546875
3102.87841796875
2941.394775390625
2947.613525390625
2447.414794921875
2174.14892578125
2190.818603515625
3771.816650390625
3384.76416015625
2366.087646484375
3729.350830078125
3704.255615234375
4345.3486328125
2933.587646484375
2575.2001953125
4724.95458984375
3949.56982421875
4326.1240234375
4607.9619140625
3997.807373046875
3999.951416015625
3972.287353515625
3128.91064453125
3877.554931640625
3167.612548828125
3083.08251953125
3013.736083984375
3314.165283203125
4581.85888671875
3178.136474609375
3749.02099609375
4088.965576171875
3501.630126953125
3447.021728515625
3166.85400390625
2439.801025390625
3955.62646484375
3741.665771484375
2400.5380859375
2482.037353515625
3176.62744140625
3318.89501953125
4040.383544921875
4014.440673828125
5402.1962890625
4082.84521484375
3811.2119140625
4642.52001953125
3385.949951171875
3914.312255859375
3950.33349609375
4573.9580078125
3926.142578125
4085.83740234375
4282.05859375
4523.14892578125
5962.73876953125
3733.801025390625
4347.2978515625
4614.0078125
5091.39453125
5219.5634765625
5431.02880859375
4724.2021484375
5252.4599609375
4969.955078125
5495.0478515625
5565.98388671875
5807.2880859375
4834.73876953125
3444.712646484375
5711.84033203125
6204.921875
5529.44384765625
5550.7744140625
4752.50634765625
5018.7744140625
6207.80224609375
6453.2412109375
5888.51123046875
4301.75048828125
5511.39013671875
5667.576171875
5541.3017578125
5357.96044921875
4562.13037109375
5486.50830078125
5119.4892578125
5063.521484375
5587.49658203125
5038.7119140625
5752.3388671875
4415.70556640625
5535.53369140625
5808.87841796875
5253.06396484375
5398.46923828125
6320.27685546875
6566.08642578125
6372.97314453125
6392.6298828125
7070.8505859375
7124.47216796875
5801.2236328125
7667.138671875
6817.94140625
5934.16455078125
6845.5234375
6595.6396484375
6361.08837890625
6350.03125
6772.31689453125
6839.75390625
6462.0478515625
6157.7587890625
5442.43212890625
6765.62451171875
5465.74951171875
5844.6494140625
5808.10498046875
5132.77783203125
5690.82373046875
5094.62109375
5138.5029296875
5342.98876953125
5113.95068359375
5612.4697265625
4830.6015625
4507.35546875
4569.66064453125
4439.05859375
3658.03662109375
4437.14599609375
5349.16650390625
4193.4755859375
4339.9931640625
4577.11376953125
4900.43310546875
4914.12451171875
4736.73828125
4648.10400390625
4317.3310546875
3348.640869140625
4387.91650390625
3577.835205078125
3543.52099609375
3595.39892578125
4041.24169921875
3225.373046875
4274.8662109375
4100.98193359375
4037.58984375
3223.783935546875
3328.210205078125
4082.554931640625
3520.24755859375
2972.177734375
3110.9267578125
2701.022216796875
3131.964111328125
2525.6337890625
2278.201416015625
3178.69189453125
2889.366455078125
2315.60400390625
2285.681884765625
2541.79833984375
2299.66943359375
2992.200927734375
3401.15478515625
2914.289306640625
2730.85400390625
2655.8134765625
2454.841796875
2678.33203125
2231.4072265625
2575.559814453125
3267.682373046875
2827.0615234375
2362.420166015625
2748.484130859375
1762.392822265625
2673.378173828125
2270.26904296875
3121.185791015625
2737.9072265625
2701.024658203125
3329.690673828125
3329.49609375
2983.9326171875
2720.4580078125
2594.805419921875
3240.3994140625
2847.094970703125
2559.212890625
2875.28271484375
2540.5751953125
2038.2802734375
2313.290283203125
2495.811279296875
2529.2958984375
2859.58935546875
1830.1038818359375
1995.6640625
2366.489990234375
1591.2279052734375
1891.7244873046875
2446.21484375
1917.89013671875
1940.1278076171875
2597.55517578125
2009.683837890625
1714.63134765625
1987.750732421875
1951.4171142578125
1719.3192138671875
1654.96337890625
2144.465576171875
2002.5111083984375
1781.6375732421875
2175.0810546875
2713.104736328125
1564.9163818359375
1410.1304931640625
1452.798828125
1829.22412109375
1727.0875244140625
1578.3525390625
2248.06689453125
1820.7757568359375
2041.526611328125
2007.3599853515625
1789.3197021484375
1661.4603271484375
2142.533203125
1850.258056640625
2466.15185546875
2346.12109375
2254.25390625
2125.738525390625
1764.369873046875
2604.497314453125
2383.61181640625
1913.7615966796875
1996.415283203125
1717.601806640625
2155.29638671875
2208.431396484375
1915.9012451171875
2096.94873046875
2195.673583984375
1995.1903076171875
1855.119873046875
2803.09716796875
2270.37890625
3388.15087890625
2283.959228515625
2555.67138671875
1838.0594482421875
2038.958251953125
2105.81689453125
2084.8193359375
2223.269775390625
2390.488525390625
2476.489501953125
4098.88330078125
2694.896240234375
2149.547119140625
2805.04736328125
2686.873046875
2864.77490234375
2333.009521484375
2481.236572265625
2641.6162109375
2384.367431640625
2483.98779296875
1932.7542724609375
2853.129638671875
3022.088134765625
2555.73486328125
2777.05908203125
2732.85205078125
3442.526123046875
1888.5908203125
2465.588623046875
3514.93994140625
2216.72998046875
2410.43603515625
2912.61767578125
2080.862548828125
2949.93017578125
3778.993896484375
2599.735107421875
2817.312255859375
2613.4052734375
2491.052978515625
3427.940185546875
2700.06640625
2882.505126953125
2887.0126953125
2165.04443359375
2985.818603515625
2616.134765625
2875.925048828125
3487.566650390625
3413.221923828125
2942.02978515625
2852.57470703125
2849.343505859375
2428.446044921875
2198.568603515625
2177.855712890625
2362.6083984375
2733.294677734375
2763.059814453125
2219.474853515625
2508.900634765625
2684.628662109375
2561.132080078125
2794.409423828125
2337.195556640625
2281.277099609375
2845.010986328125
3206.229248046875
2833.026123046875
2376.734375
2983.164306640625
2678.49853515625
2892.58935546875
3294.489990234375
2761.801025390625
3509.13671875
2535.48681640625
3272.701904296875
2664.04443359375
3976.83251953125
3946.05810546875
2965.57666015625
2899.395263671875
3858.01220703125
2918.111572265625
3592.908203125
3781.6982421875
3772.673583984375
4492.4580078125
5058.6630859375
3793.436767578125
4082.161376953125
3880.199951171875
3616.005615234375
3798.768310546875
4711.591796875
4231.40673828125
4411.50634765625
4357.50341796875
3868.9892578125
3657.041015625
4203.70654296875
3847.2158203125
4281.77783203125
3437.1083984375
3758.33984375
3649.8427734375
3558.019775390625
3627.669921875
3536.004150390625
3334.29638671875
2855.2802734375
3115.66650390625
3561.481689453125
2843.4189453125
3065.109375
2978.593505859375
2789.487060546875
2556.8818359375
2424.951171875
3152.05859375
2717.187255859375
2099.93994140625
2618.501953125
2435.348388671875
2524.4375
2288.732666015625
1960.822021484375
2556.775146484375
2244.232666015625
2111.140625
2147.19482421875
1993.825927734375
2532.16357421875
1993.688720703125
2363.389404296875
2512.551513671875
2486.539794921875
2244.03515625
1958.3765869140625
1973.90869140625
2042.919189453125
2732.966064453125
2865.202880859375
2214.7041015625
2046.6246337890625
1831.3953857421875
2803.659912109375
2701.573974609375
2503.479248046875
1788.48046875
1660.517822265625
1664.5496826171875
2578.426025390625
1622.4571533203125
2180.840576171875
1855.5941162109375
2428.0966796875
1780.8634033203125
2024.7115478515625
2301.673583984375
1986.1658935546875
2252.90478515625
1423.51416015625
1923.532470703125
1974.243896484375
2151.002197265625
2925.001708984375
1834.953369140625
1693.38720703125
1726.0987548828125
1278.6944580078125
1753.271728515625
2188.13818359375
2025.825927734375
2600.54345703125
1683.7220458984375
1803.451171875
2173.809814453125
1825.9588623046875
1807.8612060546875
1930.0865478515625
1365.1351318359375
2262.703369140625
1838.197998046875
1825.8538818359375
1870.790283203125
2302.971923828125
2005.7333984375
1864.3929443359375
1982.26220703125
3301.853515625
1811.712646484375
2612.68359375
1801.35595703125
2003.226318359375
1912.59375
1920.99462890625
1931.478271484375
1930.8187255859375
1735.235107421875
1893.7137451171875
2504.645263671875
1862.7449951171875
1580.612548828125
1866.311767578125
1619.705078125
1734.8721923828125
1898.3187255859375
1612.939453125
2125.407958984375
2016.7021484375
1482.9583740234375
1736.268798828125
1656.544921875
1414.41162109375
1580.6937255859375
1394.031982421875
1429.70361328125
1436.51318359375
1338.749267578125
1488.0205078125
1364.3050537109375
1789.2850341796875
1658.5703125
1357.391357421875
1532.9715576171875
1356.1124267578125
1286.1827392578125
2319.185546875
1722.3817138671875
1082.2767333984375
1396.7596435546875
1293.979248046875
1225.5087890625
1574.4566650390625
1087.6094970703125
1439.29052734375
1261.2403564453125
1623.142578125
1638.249267578125
1411.009521484375
1782.4119873046875
1449.34619140625
1260.254638671875
1197.203857421875
1778.64208984375
1241.623779296875
1493.3525390625
1352.8199462890625
1154.4871826171875
1162.5882568359375
1361.887451171875
1292.35009765625
1340.61669921875
1420.47021484375
1253.070556640625
1201.99072265625
1113.660400390625
1287.03466796875
1159.15478515625
1233.2120361328125
1211.1331787109375
1223.1820068359375
1213.276123046875
1172.4608154296875
1374.079833984375
1436.8082275390625
1253.19140625
1383.4781494140625
1597.274658203125
1218.7747802734375
1343.9708251953125
1112.68798828125
1422.357421875
1129.244140625
1204.6844482421875
1199.6522216796875
1466.931396484375
1115.8734130859375
1296.822265625
1218.02978515625
1201.7266845703125
1185.8895263671875
1311.6258544921875
1118.9515380859375
1303.1195068359375
1111.0545654296875
1241.578857421875
1180.7584228515625
1262.5784912109375
1124.2021484375
1099.5460205078125
1166.7733154296875
1191.484619140625
1408.9561767578125
1364.6025390625
1111.593017578125
1217.732421875
1307.0186767578125
1352.369140625
1133.8267822265625
1202.7696533203125
1115.63525390625
1278.26318359375
1429.3350830078125
1184.6077880859375
1248.9554443359375
1134.347412109375
1151.7003173828125
1057.09765625
1571.54833984375
1094.5943603515625
1250.8836669921875
1283.523193359375
1393.3040771484375
1209.660888671875
1227.9384765625
1278.3526611328125
1217.836669921875
1226.1829833984375
1173.7840576171875
1179.509765625
1109.337646484375
1130.3321533203125
1163.717041015625
1220.9425048828125
1307.7242431640625
1200.9969482421875
1206.2769775390625
1093.0877685546875
1138.873046875
1184.528564453125
1147.6473388671875
1175.618408203125
1435.428955078125
1280.0128173828125
1237.740478515625
1197.6531982421875
1059.7943115234375
1101.7161865234375
1387.91552734375
1231.8985595703125
1119.9605712890625
1391.0955810546875
1418.9613037109375
1310.0511474609375
1260.3515625
1166.7510986328125
1194.9569091796875
1351.4071044921875
1462.0281982421875
1120.84423828125
1181.216796875
1073.4078369140625
1305.6517333984375
1253.2763671875
1142.3087158203125
1215.335693359375
1163.1654052734375
1232.0445556640625
1362.0128173828125
1214.42236328125
1285.2386474609375
1120.5213623046875
1217.9649658203125
1255.7877197265625
1653.25830078125
1258.283447265625
1251.381103515625
1249.806884765625
1075.24609375
1104.3563232421875
1234.42138671875
1141.9249267578125
1880.18115234375
1196.1329345703125
1139.637451171875
1807.8701171875
1265.822021484375
1211.7950439453125
1180.2237548828125
1426.4832763671875
1212.2642822265625
1141.406982421875
2138.24072265625
1205.0321044921875
1279.962890625
1087.7698974609375
1259.7288818359375
1198.790283203125
1274.8101806640625
1376.7310791015625
1164.6259765625
1120.1463623046875
1241.3983154296875
1344.4818115234375
1140.5740966796875
1051.1824951171875
1131.9273681640625
1393.79638671875
1219.5914306640625
1280.7335205078125
1250.5345458984375
1475.7445068359375
1221.55322265625
1215.9595947265625
1154.2669677734375
1132.1788330078125
1127.6807861328125
1158.46533203125
1410.404052734375
1844.4615478515625
1436.914306640625
1185.10595703125
1501.5552978515625
1131.44384765625
1151.7254638671875
1458.0594482421875
1074.556396484375
1179.29345703125
1235.341552734375
1533.6923828125
1172.392578125
1174.1846923828125
1100.7645263671875
1284.1622314453125
1191.5811767578125
1234.7476806640625
1190.430908203125
1314.4114990234375
1187.9366455078125
1358.0906982421875
1136.73779296875
1095.48876953125
1187.3863525390625
1503.05615234375
1237.90576171875
1195.1142578125
1290.3226318359375
1561.5880126953125
1118.954345703125
1183.9617919921875
1403.900146484375
1472.8619384765625
1375.2471923828125
1406.6683349609375
1142.3543701171875
1179.4642333984375
1195.9718017578125
1188.98095703125
1117.08251953125
1649.6253662109375
1193.85546875
1279.225341796875
1180.12158203125
1308.9796142578125
1216.2132568359375
1208.824951171875
1393.587646484375
1384.3984375
1189.604248046875
1125.929931640625
1255.5074462890625
1185.7852783203125
1353.7681884765625
1134.6768798828125
1088.371337890625
1318.7142333984375
1172.433349609375
1257.9107666015625
1246.72802734375
1326.9962158203125
1218.1656494140625
1233.302001953125
1385.4833984375
1241.4566650390625
1061.575439453125
1406.00146484375
1235.27978515625
1167.3121337890625
1299.993896484375
1276.29833984375
1276.384033203125
1209.3125
1280.4652099609375
1381.912353515625
1135.85595703125
1286.7015380859375
1071.6051025390625
1181.4417724609375
1163.973876953125
1242.8466796875
1259.2691650390625
1098.6015625
1101.43115234375
1203.1878662109375
1036.335205078125
1154.842529296875
1143.0989990234375
1264.3304443359375
1293.2816162109375
1130.222900390625
1223.830078125
1219.37158203125
1102.024169921875
1442.19482421875
1095.7178955078125
1164.4063720703125
1164.016357421875
1110.3804931640625
1311.3623046875
1472.5191650390625
1380.3968505859375
1096.7503662109375
1373.303466796875
1181.033203125
1400.9793701171875
1526.0867919921875
1357.6063232421875
1596.6300048828125
1257.6334228515625
1241.3360595703125
1397.783203125
1915.4342041015625
1250.693603515625
1077.9808349609375
1114.030517578125
1219.8951416015625
1108.0537109375
1489.7003173828125
1420.246337890625
1258.69384765625
1250.0933837890625
1109.1038818359375
1339.2017822265625
1205.06884765625
1308.6527099609375
1345.6600341796875
1228.188720703125
1109.81201171875
1142.69970703125
1244.950927734375
1096.392822265625
1176.9012451171875
1366.211669921875
1460.4261474609375
1086.1038818359375
1301.8636474609375
1343.242431640625
1216.904296875
1207.1475830078125
1479.5850830078125
1192.78759765625
1306.177978515625
1158.31005859375
1270.2861328125
1314.8406982421875
1294.0106201171875
1142.084716796875
1334.28076171875
1228.39990234375
1416.3009033203125
1378.490234375
1156.7159423828125
1169.8546142578125
1203.1373291015625
1775.9837646484375
1302.5159912109375
1593.33447265625
1325.19873046875
1236.8743896484375
1219.150390625
1654.3133544921875
2059.293212890625
1382.5208740234375
1975.5400390625
1949.2833251953125
1174.70654296875
1281.8929443359375
1253.921875
1355.688232421875
1795.0167236328125
1444.0810546875
1758.592529296875
1372.2479248046875
1259.25830078125
1372.10302734375
1879.407470703125
1595.5723876953125
1241.9578857421875
1549.0897216796875
1492.2923583984375
1689.3907470703125
1334.1719970703125
1315.4857177734375
1264.6458740234375
1243.470947265625
1664.7999267578125
1668.79296875
1341.3900146484375
1167.853271484375
1239.65869140625
1442.913818359375
1189.57470703125
1352.6209716796875
1412.292236328125
1492.55029296875
1163.9642333984375
1565.085693359375
1312.06982421875
1136.382568359375
1283.1878662109375
1523.6092529296875
1122.0750732421875
1239.4990234375
1211.9874267578125
1547.81005859375
1386.5703125
1312.216064453125
1356.462646484375
1326.9478759765625
1808.519287109375
1407.902587890625
1267.553955078125
1287.5986328125
1384.640869140625
1048.975341796875
1130.0823974609375
1179.275390625
1375.2166748046875
1122.587890625
1466.956787109375
1299.35009765625
1439.3875732421875
1374.336181640625
1467.23486328125
1322.734130859375
1202.3817138671875
1227.444091796875
1564.8568115234375
1710.441650390625
1327.558837890625
1302.4725341796875
1163.13037109375
1228.1370849609375
1117.1298828125
1258.9801025390625
1450.674560546875
1283.7203369140625
1494.4642333984375
1161.521484375
1276.6690673828125
1317.1524658203125
1279.7911376953125
1393.7867431640625
1283.580322265625
1425.4632568359375
1182.719482421875
1357.695556640625
1771.2916259765625
1269.63330078125
1359.9771728515625
1219.943603515625
1516.482421875
1389.0709228515625
1674.6717529296875
1189.1646728515625
1185.6549072265625
1209.5899658203125
1282.428955078125
1289.583740234375
1232.1986083984375
1291.0694580078125
1550.9388427734375
1569.5616455078125
1229.3006591796875
1444.225341796875
1245.1219482421875
1184.630126953125
1094.34619140625
1200.355712890625
1105.4715576171875
1344.919921875
1104.29296875
1239.4820556640625
1176.88134765625
1239.1024169921875
1215.0220947265625
1124.5927734375
1591.5321044921875
1287.6900634765625
1206.3511962890625
1244.7181396484375
1234.951416015625
1365.960205078125
1111.02392578125
1492.5333251953125
1251.17724609375
1238.39208984375
1224.2908935546875
1333.684326171875
1683.799560546875
1273.7137451171875
1200.230712890625
1204.1134033203125
1310.25244140625
1457.185546875
1466.770751953125
1243.78662109375
1369.00927734375
1483.664306640625
1366.4974365234375
1133.415771484375
1316.5086669921875
1442.332763671875
1151.0201416015625
1389.88134765625
1175.7786865234375
1182.6246337890625
1120.1986083984375
1295.661865234375
1310.756103515625
1391.309326171875
1350.9788818359375
1143.717529296875
1117.069580078125
1197.885498046875
1043.1986083984375
1174.3026123046875
1081.566650390625
1143.126953125
1216.4969482421875
1047.806884765625
1235.8819580078125
1169.909912109375
1279.748291015625
1109.8680419921875
1156.780517578125
1252.3792724609375
1067.2523193359375
1314.8572998046875
1126.4886474609375
1186.9383544921875
1201.817626953125
1350.4647216796875
1494.291748046875
1116.8455810546875
1136.8543701171875
1076.4742431640625
1265.3753662109375
1092.245849609375
1091.3724365234375
1072.2186279296875
1207.889404296875
1183.213134765625
1069.71533203125
1299.47998046875
1081.6195068359375
1076.45166015625
1084.180908203125
981.2587280273438
1094.298583984375
1068.2139892578125
868.2356567382812
1008.6849975585938
674.83154296875
578.6897583007812
1097.9439697265625
763.1109008789062
467.1974182128906
477.82183837890625
549.7081909179688
687.3416748046875
364.88531494140625
490.0142822265625
615.308349609375
1457.4208984375
575.741455078125
935.9334716796875
386.13134765625
462.0520935058594
337.4798889160156
598.2551879882812
725.6778564453125
562.9461669921875
429.9637451171875
379.103515625
503.915283203125
671.8355712890625
534.8876342773438
1122.1107177734375
777.0065307617188
870.7012329101562
585.0703735351562
775.532470703125
1173.2696533203125
663.5629272460938
372.0079040527344
1041.4593505859375
835.0278930664062
698.8246459960938
1167.7088623046875
1257.05322265625
1116.2384033203125
614.1636352539062
903.0816650390625
728.3110961914062
913.5402221679688
994.7879638671875
959.5950317382812
982.8877563476562
1151.0589599609375
576.5014038085938
778.9755859375
1006.7900390625
664.4495239257812
1004.0858764648438
832.5272216796875
577.4144287109375
850.9932861328125
792.7855834960938
1236.153076171875
1096.209228515625
718.7425537109375
947.49951171875
694.9309692382812
944.3887939453125
1067.72607421875
906.0014038085938
1000.9566040039062
1093.552001953125
1243.0987548828125
999.6028442382812
695.9605102539062
871.8261108398438
742.8091430664062
1179.6119384765625
1304.9439697265625
1243.6949462890625
1070.439697265625
1166.835693359375
719.779296875
1322.9964599609375
1087.2100830078125
1282.921142578125
1222.7813720703125
849.4252319335938
1086.947509765625
1208.5118408203125
1153.243408203125
1025.2091064453125
2079.404052734375
580.92431640625
935.2225341796875
1433.07080078125
1940.0028076171875
1032.7398681640625
1660.2149658203125
1491.564453125
1157.2003173828125
955.0614013671875
966.8966674804688
1388.1854248046875
2020.3316650390625
1262.4364013671875
954.22705078125
1100.607421875
1554.60888671875
685.079833984375
1996.9901123046875
1202.6351318359375
1465.481689453125
561.08984375
1128.548828125
679.200927734375
578.3446655273438
1849.9879150390625
1019.0098266601562
1674.6602783203125
1333.7940673828125
906.3597412109375
979.008056640625
1045.1085205078125
578.0955810546875
1224.845458984375
900.63525390625
836.3041381835938
647.9269409179688
1238.5531005859375
714.4038696289062
697.3533935546875
779.86767578125
1044.8624267578125
653.8857421875
660.896728515625
736.5443725585938
728.9220581054688
1003.7056274414062
713.4183349609375
1568.368896484375
889.2608032226562
778.6351928710938
795.6697998046875
1000.5458374023438
561.8630981445312
1026.3089599609375
1465.376953125
630.67138671875
1223.8621826171875
536.991455078125
447.7397155761719
647.150146484375
545.4381713867188
615.7745361328125
1773.0697021484375
621.5628662109375
1120.0511474609375
807.3453979492188
1314.88330078125
391.5599670410156
608.7000732421875
691.6141357421875
1463.837890625
613.2652587890625
721.4454956054688
563.5510864257812
811.4856567382812
891.484619140625
543.5759887695312
779.2312622070312
689.8042602539062
806.315185546875
1116.05029296875
317.816162109375
628.5105590820312
414.9068603515625
452.5359191894531
400.2336730957031
900.84619140625
1055.644287109375
245.3284912109375
492.9020690917969
1229.3330078125
744.0039672851562
603.9133911132812
475.8542785644531
744.59423828125
668.2930297851562
653.409423828125
1159.927978515625
536.2880859375
303.7469482421875
805.70068359375
542.973388671875
481.73028564453125
924.2512817382812
494.67022705078125
462.282470703125
618.7117309570312
392.3334045410156
503.4985656738281
647.7886352539062
500.0711669921875
607.7506103515625
1296.0531005859375
412.4963684082031
873.7046508789062
726.4553833007812
909.798583984375
955.4044189453125
403.9463806152344
715.9022216796875
512.0496215820312
670.7988891601562
292.1741638183594
353.658203125
636.190673828125
253.0978546142578
189.18521118164062
324.0596923828125
671.379150390625
410.0657653808594
518.2097778320312
501.91375732421875
433.93988037109375
542.9899291992188
411.3690490722656
708.884765625
308.6121520996094
457.9382019042969
442.3803405761719
597.86669921875
274.4714050292969
383.2177429199219
889.7846069335938
654.6461181640625
368.627197265625
576.1171875
606.3484497070312
585.1388549804688
646.1815185546875
718.94873046875
990.1539916992188
543.8145141601562
378.3153381347656
468.4029846191406
320.1847839355469
310.0323181152344
454.66107177734375
642.425048828125
219.78614807128906
205.880615234375
574.5590209960938
454.23382568359375
421.6285095214844
247.7817840576172
311.80096435546875
518.2957763671875
315.7364807128906
514.0339965820312
802.0420532226562
320.4996032714844
297.6514587402344
453.4126281738281
478.0961608886719
309.6166687011719
491.383544921875
496.9530029296875
311.974609375
728.0791625976562
653.6087036132812
525.4713134765625
539.650146484375
396.4835205078125
218.71823120117188
493.68695068359375
460.19049072265625
325.5177001953125
627.85888671875
539.4474487304688
704.229736328125
505.14727783203125
302.3114013671875
340.1551513671875
506.6619873046875
665.58544921875
530.8202514648438
447.0727233886719
730.0608520507812
535.3515014648438
405.7513732910156
229.8358154296875
482.924560546875
403.15509033203125
1147.2471923828125
299.360595703125
462.0995788574219
403.97454833984375
431.7540588378906
248.2119140625
519.9008178710938
524.5443115234375
444.6692810058594
805.0983276367188
235.0744171142578
865.5089111328125
480.0923767089844
236.68663024902344
910.1900634765625
354.3365783691406
343.7721862792969
637.0762329101562
572.4683837890625
371.897216796875
566.2724609375
439.2322692871094
855.4150390625
432.82415771484375
1609.69091796875
621.385498046875
1446.259521484375
986.2321166992188
1564.6180419921875
1470.6904296875
928.5092163085938
635.178955078125
1598.553466796875
1498.896240234375
1310.3555908203125
483.49267578125
1169.0611572265625
808.8974609375
1104.9547119140625
1365.3741455078125
854.6817016601562
2118.590087890625
1316.228271484375
416.43707275390625
656.1598510742188
1224.175537109375
467.3398132324219
616.7763671875
1483.911376953125
739.7532958984375
575.0979614257812
839.9789428710938
848.8004760742188
1278.0948486328125
1484.0645751953125
1046.427001953125
901.3659057617188
383.8672790527344
1585.66455078125
474.54229736328125
305.6560974121094
1202.175537109375
789.3760375976562
416.1939697265625
856.579833984375
674.2338256835938
448.5838317871094
614.734619140625
965.1942138671875
610.7252807617188
304.70721435546875
392.42333984375
1087.8212890625
479.34832763671875
443.4462585449219
607.5926513671875
544.7590942382812
649.0205688476562
440.3548889160156
1087.44970703125
474.66510009765625
395.1364440917969
182.07623291015625
385.85906982421875
207.91952514648438
498.17510986328125
159.50579833984375
368.2687683105469
623.9198608398438
862.9913940429688
410.0665588378906
646.4551391601562
554.899169921875
398.0728454589844
342.80975341796875
717.4751586914062
445.0191955566406
313.5357971191406
288.43048095703125
1078.734619140625
347.70703125
650.386962890625
231.21604919433594
455.9788818359375
568.0162963867188
482.5997619628906
250.21620178222656
169.483642578125
269.0419616699219
759.6297607421875
503.83294677734375
407.63812255859375
802.6613159179688
169.94998168945312
507.105224609375
345.23895263671875
433.1466979980469
356.8846130371094
288.8000793457031
360.4560852050781
352.3404541015625
401.95843505859375
251.42822265625
810.4990234375
434.2291564941406
135.567626953125
378.7400817871094
204.15985107421875
760.029541015625
1145.63134765625
473.6155090332031
225.582763671875
597.18603515625
418.62896728515625
610.3243408203125
339.2919921875
1352.649169921875
207.33056640625
409.87530517578125
420.7973937988281
339.5165100097656
330.92901611328125
539.159423828125
566.7120361328125
532.9530639648438
375.1764221191406
569.2516479492188
635.2525024414062
744.2139282226562
367.5845947265625
843.5938110351562
355.58392333984375
410.9120788574219
444.6571960449219
461.572509765625
192.4282989501953
461.38580322265625
223.77926635742188
161.49520874023438
511.7874755859375
474.5793762207031
361.0053405761719
599.8327026367188
838.0747680664062
387.5716857910156
423.5084228515625
1282.8935546875
880.3781127929688
388.269287109375
632.4514770507812
510.8694763183594
455.56866455078125
