4265.84716796875
5306.751953125
8141.54052734375
5592.94091796875
7662.48486328125
5709.4619140625
4484.59375
6668.35986328125
5123.58984375
6467.92529296875
5466.8369140625
6293.10009765625
4949.26904296875
5141.904296875
6265.71484375
5821.29052734375
6106.4287109375
6673.87451171875
4914.84814453125
6187.455078125
5222.1279296875
5257.62158203125
4715.44482421875
9317.0791015625
4920.25341796875
5842.353515625
8472.017578125
7644.96142578125
4931.3544921875
6618.17529296875
6233.38623046875
5397.13427734375
5421.72412109375
7268.89453125
6247.876953125
4341.3388671875
6619.09033203125
5890.74609375
5276.76123046875
4799.41845703125
5325.48095703125
6078.5927734375
8134.31640625
5682.86962890625
4058.708251953125
5953.611328125
6570.95947265625
6242.794921875
6161.31005859375
4933.44189453125
5471.5166015625
4944.9560546875
4834.37890625
5760.1103515625
6785.93798828125
5432.9404296875
7852.98779296875
5561.22509765625
5127.3037109375
4342.15966796875
6142.52197265625
5488.14697265625
5507.96142578125
4987.537109375
4849.78173828125
8929.591796875
5006.33154296875
4943.8291015625
7028.58447265625
4745.16845703125
5674.22119140625
4798.41455078125
6347.07861328125
4856.36767578125
4693.64306640625
4020.96337890625
5344.22314453125
4790.580078125
5411.0087890625
4007.84423828125
5828.8115234375
6150.58544921875
5679.79833984375
3957.376953125
6784.5751953125
5279.61962890625
6306.63818359375
8290.66015625
6569.48779296875
8091.30126953125
5259.98388671875
4664.79052734375
5878.38525390625
4646.6044921875
8319.6845703125
4218.77392578125
4348.1962890625
4649.15283203125
6219.13037109375
5633.841796875
6700.29443359375
7235.18505859375
4271.59716796875
7783.44775390625
5805.70947265625
4163.7607421875
8242.822265625
5782.87060546875
5840.5546875
7031.591796875
5347.76318359375
6469.7880859375
6608.94677734375
4908.0283203125
4825.69091796875
4306.24951171875
5948.14453125
5581.30126953125
5448.638671875
3960.6005859375
4911.802734375
4606.064453125
5301.91650390625
4227.19140625
4963.8662109375
5214.138671875
4070.380859375
6583.09814453125
4408.35693359375
3776.072265625
6015.974609375
4577.01953125
5059.169921875
5435.560546875
4912.6953125
5436.6640625
4108.93994140625
4397.443359375
4203.298828125
5856.787109375
5229.0771484375
3543.526123046875
6542.68359375
5187.166015625
7442.89208984375
3027.11279296875
6455.05322265625
3723.03662109375
5365.80859375
5115.3037109375
5133.8251953125
6262.62841796875
5465.53466796875
5283.69775390625
4169.263671875
4853.5498046875
6024.021484375
4555.32275390625
4431.2783203125
5902.90478515625
5959.5380859375
4908.48193359375
4827.6953125
3969.134033203125
5013.59619140625
4951.43994140625
3464.651123046875
6947.80224609375
3865.5048828125
4497.515625
5671.99462890625
5269.75390625
5067.82861328125
3779.06982421875
4590.5654296875
5306.7587890625
5236.236328125
5327.3662109375
5059.03271484375
4365.5830078125
5948.77783203125
6112.56689453125
3705.013916015625
5279.548828125
5442.57666015625
4991.51611328125
4977.4482421875
4824.86865234375
5723.43701171875
4340.25537109375
4698.01123046875
7068.06787109375
4678.19775390625
4776.01318359375
4007.173095703125
5741.36962890625
4350.29296875
3780.685546875
4219.4462890625
4273.173828125
4744.94970703125
4763.41552734375
4986.0517578125
3584.443115234375
4858.11279296875
4014.697509765625
3426.854736328125
5783.77734375
3594.526123046875
4434.8466796875
4507.35693359375
3382.289794921875
4516.2666015625
4250.24267578125
4195.2119140625
4094.45263671875
4363.44775390625
4254.53759765625
3818.760986328125
4338.14892578125
5991.8662109375
3666.494873046875
4105.80224609375
4136.93798828125
4657.47119140625
5422.3974609375
4333.443359375
5177.8212890625
3589.67431640625
4894.5205078125
3168.83837890625
6901.19140625
5684.31298828125
5649.61865234375
4985.22705078125
4085.1708984375
7102.43212890625
4444.55615234375
7317.537109375
4546.23876953125
3253.01171875
5785.3828125
6047.56494140625
6338.96484375
5336.46484375
4042.281494140625
6013.46142578125
5033.52978515625
6204.47216796875
3741.9892578125
3765.35009765625
5294.123046875
4726.5244140625
7491.08837890625
7656.7431640625
5554.853515625
4714.31591796875
5009.20849609375
4758.84521484375
4424.89111328125
6583.638671875
5830.7685546875
4796.986328125
4319.10546875
5031.70263671875
3776.4501953125
7856.25830078125
4945.70947265625
6738.7451171875
4421.6005859375
5428.123046875
5616.185546875
7021.3271484375
4255.92626953125
3788.236083984375
5691.7958984375
7079.1220703125
4656.95703125
3806.8408203125
5414.24755859375
4126.42041015625
7314.69482421875
6544.93115234375
4326.5693359375
5069.6005859375
4193.87109375
4486.94970703125
4510.4013671875
5608.6640625
6710.75048828125
5193.1962890625
5625.17041015625
4796.04638671875
4033.75146484375
5853.68310546875
4274.595703125
6657.9033203125
3944.682373046875
5459.908203125
6684.2177734375
4153.638671875
4080.343994140625
5587.5703125
5754.85791015625
4715.12841796875
5551.8466796875
5446.6796875
3606.99755859375
4306.9287109375
4500.7880859375
4039.255615234375
3955.05810546875
4424.228515625
3574.09814453125
5428.37548828125
4034.86181640625
5193.1201171875
4718.09228515625
4259.88671875
4166.8603515625
4555.470703125
3707.267333984375
3725.125732421875
2570.7568359375
4820.59521484375
5270.50244140625
3886.454833984375
5807.49951171875
5051.650390625
4682.7294921875
4505.470703125
3814.19482421875
3772.830810546875
4569.19482421875
5694.990234375
5048.50390625
3684.15234375
4349.9580078125
4117.79638671875
5751.3212890625
4065.1982421875
4769.10546875
4541.49658203125
3413.971435546875
4776.978515625
4605.38623046875
4409.37109375
3307.861083984375
3619.657470703125
5678.2333984375
2692.1943359375
4297.35986328125
3072.285888671875
4692.82861328125
4124.01123046875
5006.48291015625
3014.17333984375
3784.471923828125
3590.516845703125
2988.381103515625
5044.35986328125
3339.48974609375
4734.775390625
3753.990234375
2937.759033203125
3753.927734375
5562.1806640625
5405.5
4904.90966796875
4951.4345703125
3198.64501953125
5962.8779296875
3291.900146484375
4552.0380859375
3704.22900390625
4124.92822265625
3553.633056640625
3463.237548828125
3672.091064453125
4618.0390625
3438.810791015625
4074.60009765625
3570.677490234375
4416.79150390625
3534.832763671875
4219.48046875
4174.34619140625
4423.98046875
3360.724853515625
2932.84228515625
2943.431640625
5364.458984375
3203.9541015625
4020.22998046875
5307.939453125
6449.48974609375
3038.146484375
3175.606689453125
3978.21240234375
3343.1484375
4649.93798828125
4748.3720703125
5271.060546875
3903.328125
4676.142578125
3902.411376953125
3460.10693359375
2637.7705078125
4052.1865234375
3062.369384765625
4055.31689453125
5464.39501953125
4564.61962890625
5216.38525390625
4691.5712890625
3147.753173828125
5642.76025390625
4714.31640625
3975.44140625
4476.07470703125
5144.34423828125
5138.24169921875
3094.621826171875
5051.23291015625
3285.544189453125
3714.05517578125
6123.16162109375
4192.7783203125
4761.37109375
3787.940673828125
3559.626708984375
4184.3154296875
3500.638916015625
5014.09716796875
5701.18408203125
2954.234375
4094.311767578125
4489.23828125
4664.80517578125
3798.8642578125
4360.61181640625
5029.9541015625
1816.8974609375
4141.1318359375
4421.736328125
4967.56201171875
3857.57666015625
4021.4755859375
4692.8837890625
5150.41357421875
6841.5302734375
3342.55029296875
6014.35791015625
3935.744384765625
4895.1376953125
5690.3583984375
5586.8525390625
3932.767578125
5536.875
4844.8759765625
4351.78369140625
3617.37890625
4111.43359375
4775.20458984375
3352.823974609375
5013.9404296875
4906.25146484375
5852.25634765625
5219.75390625
4846.93603515625
3584.453369140625
5156.09521484375
7161.400390625
6736.9345703125
6069.771484375
4071.30078125
6013.50146484375
5358.23779296875
5056.2353515625
4860.4697265625
5611.17138671875
3806.977783203125
4148.1171875
5814.35888671875
4026.99658203125
3682.4541015625
4510.17578125
3472.97314453125
3465.210205078125
3933.57568359375
3558.542724609375
3178.534912109375
4734.388671875
3166.3740234375
4597.46923828125
4556.01123046875
4554.8212890625
4065.552490234375
5762.69775390625
4397.19287109375
3081.05224609375
3507.15087890625
3452.505859375
5626.5107421875
3978.835205078125
3927.853515625
4992.2431640625
3451.040771484375
4045.56689453125
3491.18994140625
4581.15234375
3412.890869140625
4297.63037109375
3377.14501953125
5136.23291015625
2989.466552734375
5406.28466796875
4914.765625
4087.423095703125
3905.44677734375
3200.76611328125
5223.43359375
4520.1513671875
3131.12841796875
3271.82666015625
4558.25830078125
5294.32177734375
4070.919921875
3530.777587890625
3300.801025390625
4043.63525390625
3956.47607421875
3143.55419921875
2264.46435546875
3095.013916015625
3649.326416015625
3431.402587890625
5675.2197265625
3887.2451171875
4568.97900390625
3944.048095703125
5816.4677734375
3484.8466796875
3024.88232421875
7144.18505859375
2686.834716796875
3840.489013671875
3825.6318359375
3211.48779296875
2589.18994140625
5187.9931640625
4146.04150390625
4483.98828125
3003.82421875
5193.14794921875
3833.99658203125
2700.1328125
3802.38427734375
4441.8876953125
2890.1708984375
4236.39501953125
3448.493896484375
4086.555908203125
3195.0869140625
4154.54833984375
4203.27490234375
4751.185546875
4178.89111328125
4128.77685546875
4978.54541015625
4933.291015625
4470.9326171875
4760.76708984375
5090.56201171875
4127.4365234375
6629.73046875
6503.2822265625
4878.12744140625
4788.1240234375
3615.0400390625
3624.579833984375
3383.4326171875
3413.659423828125
4804.30078125
2386.560302734375
6507.669921875
3151.990966796875
4820.716796875
5084.44677734375
4652.76904296875
5547.12548828125
3596.69775390625
3374.696044921875
3373.58349609375
6460.63134765625
4160.77197265625
3063.131103515625
4244.1416015625
5787.37890625
5004.21875
6272.23193359375
3295.026123046875
2893.001220703125
3381.06591796875
5526.22509765625
5363.81787109375
5213.81591796875
4912.4267578125
5125.58349609375
3908.50830078125
5725.94384765625
5389.3916015625
6160.7529296875
4731.8994140625
4248.7216796875
4383.5009765625
6018.60693359375
5186.4560546875
2932.6982421875
4578.2314453125
3144.55029296875
3852.3408203125
4795.14501953125
4879.4267578125
3809.383056640625
3008.751953125
4743.84521484375
5494.83203125
3754.39990234375
5020.45556640625
4691.7353515625
7318.06884765625
5686.9013671875
6081.67724609375
4749.20703125
6201.34326171875
3747.08984375
5487.4765625
5786.4228515625
8443.5478515625
5476.7587890625
6291.7763671875
6501.2705078125
5772.8671875
7629.61474609375
5822.44140625
4847.00244140625
6103.18017578125
5437.06787109375
5128.0146484375
5340.29248046875
6523.00048828125
5562.45458984375
6854.42333984375
4192.10205078125
5825.8505859375
6152.51123046875
5316.14208984375
4807.193359375
5644.81884765625
4206.4287109375
6679.56640625
6477.64453125
5124.66259765625
3773.126708984375
6180.4716796875
7642.14501953125
6308.27197265625
7311.23974609375
6258.4033203125
7345.2861328125
5297.73779296875
4884.44384765625
6808.6630859375
6586.8916015625
4661.41552734375
5284.5625
4936.912109375
6484.5244140625
3755.075927734375
6951.17529296875
5516.91650390625
5496.40869140625
5458.56884765625
5486.3388671875
2615.448974609375
5007.60888671875
3684.090576171875
4939.88525390625
5407.4130859375
7602.23291015625
5013.4921875
6190.7421875
6410.26806640625
6988.9267578125
3058.588134765625
4799.650390625
5607.923828125
4360.8662109375
7134.71826171875
4349.265625
6319.5322265625
7292.89453125
6284.556640625
4641.392578125
4967.5576171875
4994.6376953125
4331.40380859375
4077.388916015625
5219.84619140625
4109.189453125
3134.126953125
5493.27880859375
3371.103515625
3200.269287109375
5698.48388671875
5535.3818359375
4193.55859375
6717.9951171875
2880.552734375
6075.751953125
3748.88720703125
3787.68017578125
4804.8876953125
3798.775634765625
7434.037109375
5037.99365234375
5941.06298828125
5786.18115234375
3182.001953125
3959.482666015625
3152.92431640625
3553.441650390625
3287.365966796875
5117.56640625
3494.119384765625
6609.78173828125
3959.915771484375
5530.08447265625
4510.7001953125
5330.5712890625
5102.7685546875
5059.84765625
5136.81103515625
5384.68115234375
4123.12451171875
5664.56494140625
2681.4072265625
2705.681396484375
5239.93896484375
4764.93798828125
3383.708251953125
6789.16650390625
7789.0927734375
8642.1123046875
4163.51806640625
5111.77783203125
4076.730712890625
6499.90673828125
5003.39404296875
4052.365966796875
6061.39501953125
5487.06982421875
4493.03759765625
3311.04443359375
3080.6650390625
4819.11328125
6990.63525390625
5620.109375
3845.3310546875
3481.105224609375
1638.8428955078125
5377.73974609375
6139.95556640625
5027.5849609375
3044.436767578125
3715.88916015625
3249.13427734375
4193.00390625
5633.51953125
2995.30908203125
2761.408203125
4205.4453125
2866.848876953125
3238.216064453125
4085.260986328125
4713.32568359375
5778.23779296875
3580.533203125
3481.29736328125
3300.0
4795.25390625
3390.376953125
5906.29296875
3399.169921875
4960.375
5058.10693359375
4839.0537109375
3038.5400390625
4736.59130859375
1775.2684326171875
3273.728515625
4190.087890625
5518.720703125
3790.928955078125
5420.65576171875
5823.39697265625
4209.60205078125
6395.50830078125
4829.513671875
4700.4169921875
5678.3271484375
4707.89990234375
5233.7470703125
3258.92529296875
4045.1708984375
3206.778076171875
6096.986328125
5324.18701171875
2452.705810546875
4475.83740234375
3446.2216796875
3069.962646484375
2954.079345703125
5683.0048828125
6549.55517578125
3698.905029296875
2930.123046875
6254.32177734375
5089.59130859375
6246.39111328125
6854.5595703125
5152.65625
3863.850830078125
6899.0732421875
3268.744140625
2815.61865234375
6237.07470703125
5880.060546875
4020.437744140625
4401.5
3803.13525390625
2363.1689453125
3676.138427734375
2938.5244140625
3923.869873046875
2281.711669921875
3533.8251953125
2213.74169921875
3079.4873046875
4808.58544921875
2702.16650390625
2785.073974609375
3431.8349609375
2178.395263671875
2919.39111328125
2793.81103515625
4069.223876953125
3867.19091796875
3594.49658203125
3094.522705078125
2428.637939453125
2817.187744140625
2344.55078125
4651.3076171875
2419.906005859375
5081.37158203125
5082.46142578125
4370.814453125
3792.817626953125
5166.0166015625
6854.26708984375
5068.15966796875
4655.2421875
3432.49658203125
7360.79443359375
3278.116943359375
4739.1298828125
3359.776123046875
3790.099365234375
6384.90625
4598.58203125
5093.07763671875
5054.37451171875
3785.479736328125
6482.548828125
4970.890625
6723.86474609375
4030.01611328125
3708.55859375
4439.37890625
7202.8203125
5045.20947265625
5359.3876953125
3248.402587890625
6786.43310546875
2464.996826171875
2197.60400390625
4902.98388671875
3645.752685546875
4370.94970703125
7187.31298828125
5141.62890625
5181.763671875
5075.2294921875
6572.71337890625
3635.7802734375
6020.62646484375
3437.28076171875
5368.88134765625
6862.52783203125
4906.13623046875
4597.2392578125
4907.1083984375
4941.24365234375
5283.29052734375
4697.37109375
5825.71533203125
3514.14501953125
5815.5615234375
3913.30810546875
5599.27783203125
3393.8466796875
3235.582763671875
6613.6328125
4740.14501953125
7082.4853515625
5214.65966796875
4757.6748046875
5022.2197265625
4694.52197265625
6119.28955078125
5453.64111328125
4141.873046875
4793.00634765625
4356.8935546875
5924.99853515625
5410.68701171875
4554.115234375
4326.400390625
4554.39208984375
5171.400390625
6052.0712890625
4924.52783203125
2647.74853515625
4692.119140625
3426.305908203125
6223.24609375
6234.7880859375
3372.55517578125
3619.56689453125
4352.26220703125
2690.6552734375
4788.7177734375
3896.244873046875
3728.10693359375
5532.5263671875
4088.38427734375
3095.185791015625
5278.98974609375
4186.7578125
5866.39208984375
4362.5166015625
2946.30859375
2202.083984375
5958.0634765625
4476.056640625
3259.30517578125
6076.98486328125
5430.26953125
4999.90380859375
1617.90673828125
4665.9052734375
3448.827392578125
5056.83056640625
2744.144775390625
3900.22314453125
4764.3662109375
4204.365234375
2665.164306640625
6723.16552734375
5443.89306640625
3491.178955078125
5114.501953125
5630.73681640625
4472.58056640625
1886.6802978515625
3556.764404296875
3026.837646484375
2395.482177734375
3409.379150390625
3324.29248046875
4042.86767578125
3272.734375
5214.05615234375
5394.044921875
4936.63037109375
2544.85986328125
3635.1494140625
3304.931640625
3288.298583984375
3724.6494140625
6270.33154296875
4708.42431640625
5680.51513671875
4769.27978515625
3830.01171875
2334.408203125
3021.093505859375
2514.093505859375
5921.044921875
4338.03662109375
4935.32958984375
5339.71630859375
5626.60986328125
3476.024169921875
5219.5087890625
3870.063232421875
3937.4716796875
7575.40625
4583.61962890625
3332.33740234375
5289.55224609375
2352.81103515625
5785.6806640625
5149.03759765625
4256.6611328125
5349.20458984375
5671.84765625
2197.91015625
3321.707275390625
2629.371826171875
4482.82861328125
3394.24169921875
2967.565185546875
2607.93359375
4538.2158203125
4666.4765625
3260.70654296875
4201.068359375
2759.2109375
2506.824462890625
3563.642578125
2752.468505859375
5810.6064453125
4501.212890625
3348.609375
4894.7265625
2080.72509765625
2944.9384765625
4138.1962890625
2370.435546875
3136.915283203125
3146.697509765625
2125.103515625
4086.61572265625
4434.373046875
1696.1986083984375
5886.603515625
2422.142822265625
4810.22216796875
1475.8955078125
3331.26416015625
4093.99658203125
1887.404541015625
4675.04150390625
2084.34228515625
2548.73486328125
4672.80224609375
3677.24609375
3199.2119140625
2645.003173828125
5824.6650390625
5484.9912109375
4942.369140625
2638.562744140625
3987.689453125
2746.908935546875
4146.78564453125
2395.213134765625
1823.177490234375
2204.384765625
4446.09521484375
3074.251953125
4586.916015625
3958.493896484375
4475.34033203125
3618.07080078125
5183.2021484375
3813.830078125
3370.500732421875
5209.91357421875
4170.6591796875
3681.756591796875
2969.8984375
4363.75830078125
4497.123046875
6515.3837890625
5084.56494140625
4124.77978515625
4924.96142578125
2632.32666015625
3760.310546875
6068.78466796875
5467.19921875
2806.2431640625
5777.951171875
4101.46435546875
4151.0185546875
5759.20849609375
4134.40869140625
4433.453125
3515.004150390625
4030.0625
3967.89306640625
5541.97705078125
1756.67578125
2875.308349609375
2857.10595703125
6218.8701171875
6098.19189453125
4696.71533203125
5978.44140625
3425.51171875
3690.048095703125
4709.71533203125
4254.4267578125
5188.40625
2638.38525390625
5977.8798828125
3562.48681640625
4303.41357421875
5684.5673828125
3386.65087890625
5100.8505859375
5274.12939453125
2670.8310546875
3800.32275390625
6799.35888671875
4249.30908203125
5700.96240234375
3659.453125
4251.91064453125
2738.906494140625
3567.931396484375
2861.039306640625
4967.5068359375
5262.73291015625
4045.225830078125
2584.43212890625
3261.833984375
4017.616943359375
4355.66259765625
5796.8994140625
2531.91845703125
5470.439453125
4792.00537109375
3967.9990234375
2648.83642578125
3442.053466796875
5827.36962890625
4129.73974609375
3507.36328125
1757.47412109375
2623.341552734375
4052.567626953125
3801.22998046875
6049.509765625
3646.801513671875
5754.06298828125
3179.74560546875
4399.9853515625
2595.43603515625
5855.38671875
3628.07080078125
3131.8623046875
4211.5927734375
4324.474609375
3844.474365234375
6808.69189453125
2830.164306640625
3610.48095703125
2405.08251953125
2022.5145263671875
3575.314453125
1707.680908203125
1552.8792724609375
2444.852294921875
2048.927001953125
2293.32275390625
2557.7958984375
4338.2861328125
2230.294921875
2878.470458984375
4549.12109375
2457.89697265625
2749.411376953125
4372.43505859375
2394.073974609375
3456.69775390625
4627.3447265625
3680.041748046875
2328.152099609375
2410.224853515625
1836.51513671875
4352.22900390625
2842.4814453125
4366.74658203125
3018.812255859375
3483.234130859375
4996.81787109375
5351.45703125
3183.03662109375
4079.5751953125
3594.729736328125
3591.139404296875
4003.59521484375
3795.366943359375
1699.6407470703125
3313.299072265625
2856.28515625
2096.836669921875
5798.375
6532.974609375
2711.32958984375
4969.0302734375
4143.7421875
2511.289794921875
2174.090576171875
4945.669921875
2213.25146484375
2791.839599609375
2892.21435546875
1235.1767578125
2299.254638671875
4309.85205078125
2407.557861328125
4111.72216796875
3570.65478515625
4538.7890625
4762.30029296875
3379.105712890625
4207.69873046875
2583.394287109375
5456.0634765625
2729.193115234375
2560.56591796875
2995.546630859375
2828.111083984375
2335.497314453125
1945.4154052734375
2007.4383544921875
2387.8740234375
2246.067138671875
2416.59423828125
3270.01416015625
3575.659912109375
4617.4990234375
2466.255126953125
3642.85888671875
5641.51123046875
4063.054931640625
1980.483642578125
4223.48876953125
2834.21533203125
2786.58837890625
4926.87841796875
4029.740234375
4222.75390625
1669.865966796875
3128.019287109375
6290.0029296875
3643.37890625
3164.755615234375
3623.052734375
4666.00341796875
5693.9296875
2633.769287109375
4326.88037109375
3505.26904296875
5367.89990234375
3158.023193359375
3406.127685546875
3678.63916015625
3104.995849609375
2952.750732421875
4625.353515625
4622.1357421875
5552.44287109375
2499.724609375
3759.751708984375
5480.49658203125
4567.6318359375
4883.3486328125
3420.193359375
3835.455810546875
3360.30859375
4014.25
5078.95947265625
5364.83203125
4121.03759765625
2312.480712890625
7328.0986328125
4224.5986328125
7210.2119140625
2203.8642578125
3704.76025390625
5880.3994140625
3939.02734375
4180.9736328125
5505.34375
4506.7138671875
1533.0859375
4137.5849609375
4438.65625
2625.48095703125
2446.500244140625
3357.3115234375
4950.8671875
4845.7197265625
4801.83349609375
3819.74658203125
3662.96826171875
4644.17041015625
4571.99609375
2778.805419921875
4696.41064453125
1558.0367431640625
5442.56982421875
3771.5166015625
4943.2255859375
5155.99853515625
2914.696044921875
4138.84814453125
2983.1533203125
3447.807373046875
4703.82421875
3825.31005859375
3957.41650390625
3694.70849609375
5785.37939453125
5196.4521484375
3267.7607421875
2741.640380859375
4517.0087890625
5998.83642578125
5716.2421875
3154.023193359375
2745.056884765625
2355.457763671875
2051.190673828125
3568.750732421875
6091.86181640625
4674.53759765625
5333.70458984375
4030.790283203125
2937.40234375
3568.13427734375
2085.65625
3045.458984375
4709.20556640625
2852.298095703125
3506.253173828125
3077.02685546875
2232.05517578125
3419.1884765625
3065.895263671875
4795.60693359375
3819.232421875
2881.966796875
1634.6378173828125
1223.17578125
3018.2666015625
3709.77001953125
2973.27734375
2007.6221923828125
2063.1884765625
3069.65234375
4352.7294921875
3986.0048828125
4320.763671875
3178.7099609375
2877.27685546875
2875.119873046875
4643.04443359375
3568.142333984375
3111.16162109375
3648.591796875
4142.39453125
2602.3486328125
5808.79443359375
2112.526123046875
6213.7900390625
2878.723876953125
4118.47900390625
3203.557373046875
3644.669921875
5664.615234375
6552.7685546875
2503.89892578125
3786.57470703125
3888.749267578125
4634.51416015625
1701.1729736328125
3696.195556640625
3108.37255859375
4368.873046875
3280.800048828125
2319.9990234375
2637.5849609375
6085.81640625
2194.89111328125
2517.177001953125
3799.619140625
3242.456787109375
4647.50537109375
3983.07861328125
3730.829833984375
2399.322509765625
1991.890869140625
5506.291015625
2252.038330078125
3776.98681640625
4371.84130859375
3569.917724609375
2563.7802734375
2691.269775390625
1591.563720703125
5709.326171875
2653.569580078125
3224.051513671875
4492.44482421875
4422.71533203125
3251.394775390625
3186.01806640625
3555.662353515625
5786.5068359375
3567.024169921875
5575.3046875
1938.5
2011.4212646484375
3494.78759765625
3622.262451171875
4208.89453125
2699.406494140625
4235.7060546875
3294.6015625
5280.17626953125
2218.476806640625
2265.62841796875
5220.00537109375
2854.928955078125
4413.89453125
5147.2373046875
3883.626708984375
3944.31494140625
5471.59033203125
3453.05810546875
4700.951171875
4766.06298828125
5204.73583984375
3493.974365234375
2216.292724609375
4752.76708984375
2473.894775390625
2815.02490234375
5057.126953125
3310.47021484375
4433.27392578125
3586.12841796875
3648.864990234375
2991.751953125
4572.87646484375
5354.71826171875
3289.620849609375
3229.605224609375
3087.500732421875
3573.59521484375
3859.884033203125
4255.76953125
3382.16357421875
4184.201171875
4431.73779296875
3229.516845703125
4779.0166015625
5364.4560546875
5985.70556640625
4587.572265625
2513.365478515625
2208.118896484375
4825.04541015625
5090.029296875
3201.08154296875
3508.649169921875
5016.66455078125
2136.073974609375
3385.135986328125
3778.87353515625
3720.166015625
6029.94677734375
4346.3583984375
4646.54345703125
2523.652099609375
5506.619140625
3715.642578125
5600.97705078125
4185.27490234375
4827.1279296875
5234.59326171875
4624.4873046875
6226.462890625
5648.20068359375
3437.409423828125
3181.57763671875
4667.994140625
5918.349609375
3215.1259765625
3439.3857421875
3232.567626953125
3700.716796875
3947.747314453125
2988.176025390625
3600.919921875
3361.3515625
3441.323486328125
5108.64794921875
4033.517333984375
5172.2900390625
3516.523193359375
5056.33203125
4714.72509765625
1881.3853759765625
4476.3330078125
4338.59619140625
4734.49658203125
4869.17724609375
5156.89453125
5997.8544921875
4299.5576171875
3543.42236328125
3520.99072265625
1888.761962890625
2030.1790771484375
3144.1259765625
3194.805908203125
4744.2529296875
4793.2177734375
4006.183349609375
4088.96826171875
1297.473876953125
4502.50390625
3038.66064453125
2437.193115234375
3695.89990234375
3949.185791015625
2811.853759765625
4956.23876953125
2759.908203125
5325.78955078125
4471.07861328125
2889.46337890625
5418.873046875
4104.4833984375
3535.67431640625
4803.435546875
4420.04833984375
1538.5753173828125
3554.625
4565.91357421875
3792.1767578125
4289.953125
3042.767333984375
4976.4462890625
5870.7080078125
3560.844970703125
4258.623046875
4419.05517578125
3018.20361328125
5951.4072265625
4465.42626953125
2282.291015625
4142.1611328125
2914.498291015625
4707.90771484375
4600.7978515625
5576.18798828125
4619.1455078125
3546.497314453125
3475.150634765625
3332.147216796875
3390.649169921875
5055.400390625
3056.907470703125
4115.33935546875
5959.79345703125
6135.93505859375
4983.1376953125
2999.0673828125
4619.67138671875
4885.953125
4799.14501953125
3956.931884765625
2628.8994140625
3510.258544921875
4337.1064453125
2839.198974609375
5630.32421875
3616.7880859375
3984.0849609375
1741.612548828125
4947.494140625
5172.837890625
4863.41845703125
3595.5283203125
4835.279296875
3893.056640625
2857.258544921875
4631.912109375
4184.94482421875
4288.9814453125
2241.2060546875
5446.66845703125
5245.89501953125
3420.427490234375
1607.1083984375
3929.241943359375
3704.98388671875
4457.5302734375
5320.2841796875
4251.93798828125
4749.138671875
4664.9287109375
4104.7685546875
4394.05859375
4022.35888671875
4297.18017578125
4640.71337890625
3416.160888671875
2616.184326171875
3510.849365234375
2844.98681640625
5069.09228515625
4131.888671875
2898.7314453125
1272.513671875
2824.522705078125
2777.984130859375
3353.031005859375
3190.064208984375
2707.295166015625
1229.9561767578125
3408.344970703125
4540.16015625
3312.50439453125
4381.29833984375
4298.57666015625
4241.3173828125
3349.243408203125
4217.8974609375
3567.42724609375
3870.134765625
2026.06201171875
2558.77392578125
2672.1708984375
2796.13720703125
3516.296875
2341.089111328125
3155.102294921875
3057.73828125
2859.271484375
2317.73876953125
1854.5211181640625
2181.6953125
1903.431396484375
3394.58935546875
2366.059326171875
4202.98193359375
2228.719970703125
2421.838623046875
3684.24560546875
3197.2890625
3578.02490234375
3362.412353515625
1507.7188720703125
1958.666259765625
2576.676513671875
4164.494140625
2461.110595703125
1798.65380859375
1434.84423828125
2995.987548828125
1563.2882080078125
1279.60986328125
2009.0316162109375
2620.669921875
3794.255615234375
1857.782470703125
1681.087890625
4596.78271484375
3646.4814453125
4512.6484375
4567.06396484375
2895.791259765625
1143.426513671875
3885.019287109375
2949.167724609375
1764.974853515625
2861.898681640625
3854.39501953125
3357.084716796875
1174.0174560546875
1283.773193359375
1847.5594482421875
3267.971435546875
2100.308349609375
1568.8619384765625
2257.8984375
3594.5869140625
4031.881103515625
2905.7275390625
4004.352294921875
4245.53466796875
2057.102783203125
1948.718017578125
2361.102294921875
1318.6153564453125
4189.25390625
2662.385986328125
3739.7685546875
2502.042724609375
2244.0810546875
5229.23974609375
1896.6796875
3674.017333984375
2254.037841796875
2616.259765625
1515.138427734375
2576.882080078125
4208.6826171875
1897.394287109375
2987.624755859375
4222.2216796875
2881.78759765625
1467.7430419921875
2116.381591796875
2308.41015625
1433.5181884765625
2692.84716796875
1442.4951171875
2613.0234375
1943.88916015625
3732.287353515625
3442.1083984375
1177.781005859375
2299.17333984375
2715.3408203125
3015.9482421875
1412.7510986328125
1890.5521240234375
2334.635498046875
1301.072021484375
3835.153564453125
2691.033935546875
2383.536865234375
2587.9375
2090.798095703125
1009.1079711914062
2863.862548828125
3123.1123046875
1893.057373046875
3670.44775390625
2722.1376953125
2028.7904052734375
3464.390625
3338.816650390625
2043.1669921875
1739.0545654296875
3785.12353515625
1468.1004638671875
1840.5733642578125
2365.29345703125
2220.412841796875
3356.2685546875
3627.23486328125
4509.49609375
927.7512817382812
2145.95751953125
4381.13623046875
3221.861083984375
2790.121826171875
4338.68896484375
1669.7294921875
1649.08740234375
2578.849365234375
3272.552734375
3136.81640625
4344.8359375
2696.85595703125
3682.24853515625
4044.175048828125
2290.115966796875
2952.8291015625
1757.5313720703125
2694.015869140625
1276.027587890625
3571.852294921875
2283.603759765625
2635.922607421875
2519.201904296875
3065.591796875
2706.798828125
2856.490966796875
1435.0150146484375
3679.3701171875
2637.10888671875
3959.014892578125
3052.463623046875
2697.38232421875
2634.54052734375
1383.0606689453125
2858.066650390625
1433.6282958984375
4930.7998046875
2801.17041015625
1033.6690673828125
2215.526611328125
3276.978271484375
3219.477294921875
2879.479248046875
1917.735107421875
2823.304443359375
4057.80859375
1874.595947265625
2140.3583984375
1911.75830078125
1708.02783203125
1983.836669921875
2633.495849609375
2288.177734375
2307.416015625
1965.51416015625
2536.104736328125
3055.14599609375
3741.12646484375
3472.839111328125
1824.73095703125
2292.1865234375
910.5504760742188
2950.771728515625
4042.87646484375
5242.47607421875
1689.9119873046875
1041.1768798828125
1982.6961669921875
4330.9765625
3478.243408203125
3530.666015625
2093.3798828125
2535.72509765625
2257.40380859375
2951.95751953125
2657.227783203125
2498.473388671875
2326.4990234375
2755.238525390625
1823.5413818359375
1903.517578125
3667.89990234375
2290.5615234375
1842.5870361328125
1574.0455322265625
1832.275146484375
1672.9490966796875
2220.442138671875
997.8487548828125
3045.894775390625
2013.714599609375
3689.260986328125
2085.803466796875
1874.2862548828125
4032.033447265625
2159.287109375
2170.68212890625
4151.76806640625
2561.0126953125
4097.91455078125
2109.9892578125
2503.665771484375
1833.2938232421875
1749.2032470703125
1962.8038330078125
4420.16943359375
2051.1103515625
2710.96484375
2243.50341796875
3522.750732421875
1290.063720703125
3133.585693359375
3593.803466796875
4939.26025390625
3917.77685546875
3996.937255859375
1222.445068359375
2829.160400390625
3824.650146484375
2634.65625
2616.186767578125
3126.777587890625
2280.81103515625
1507.1942138671875
3835.79833984375
2446.278564453125
1470.0728759765625
761.2049560546875
2265.046630859375
3761.783935546875
1659.9482421875
4011.28271484375
2689.71923828125
2754.640380859375
3976.901123046875
3450.9677734375
6276.46044921875
2516.832275390625
3175.4375
2896.358642578125
5037.16552734375
3537.90673828125
4476.1533203125
3387.948486328125
4084.293212890625
4154.69873046875
3331.60400390625
2419.516845703125
4028.15673828125
4237.07373046875
2623.3466796875
2961.241455078125
2762.148681640625
2915.814208984375
3788.91259765625
3816.02490234375
5202.5283203125
4476.72119140625
1878.5308837890625
2508.55712890625
1824.0433349609375
4882.60302734375
4735.1201171875
3943.536865234375
3887.625732421875
4454.35009765625
2252.78466796875
2504.61279296875
2248.14111328125
958.7450561523438
5738.06884765625
1570.7091064453125
1195.8837890625
2462.866455078125
2427.74560546875
2433.508056640625
3520.493896484375
5309.48876953125
4391.412109375
3261.16357421875
4691.02880859375
2421.509765625
1980.674560546875
2478.230224609375
3615.217529296875
3797.49658203125
1711.569580078125
2286.6953125
1636.2816162109375
2679.53955078125
2444.241455078125
2574.154052734375
2369.33154296875
2914.3876953125
3093.622314453125
1404.784912109375
3024.49267578125
2006.2384033203125
2002.1673583984375
1278.07763671875
2586.0771484375
2810.79638671875
3714.631103515625
3198.580078125
2946.2666015625
2089.50927734375
3351.4755859375
3104.33642578125
3813.402587890625
2265.356201171875
2611.519775390625
2552.364990234375
3556.20166015625
4230.5751953125
2458.979736328125
3051.41845703125
5813.82177734375
5424.65380859375
2421.18603515625
4457.3291015625
3903.17578125
2504.63916015625
2237.201416015625
2382.39990234375
1719.552001953125
4260.37890625
4003.19970703125
3884.631103515625
1089.24169921875
3340.795654296875
3606.9482421875
2223.32568359375
4519.2255859375
5341.03125
3670.565185546875
2901.959716796875
4265.27490234375
3420.51611328125
3622.140625
4312.15283203125
839.7706909179688
3875.401611328125
5124.6787109375
3309.4482421875
3982.480712890625
4801.810546875
3623.36767578125
3045.461669921875
2515.926025390625
2505.75634765625
3352.130859375
1484.44091796875
910.4998168945312
4054.835205078125
4732.00439453125
4706.84912109375
3967.328125
2378.994873046875
2274.982666015625
1803.4212646484375
3671.2880859375
1790.0166015625
2956.55322265625
1252.1644287109375
3611.95361328125
3397.396728515625
2796.859130859375
2798.785888671875
3381.0634765625
1736.4117431640625
2070.25927734375
3803.294921875
3961.257568359375
4115.26708984375
2854.9658203125
2195.205078125
3798.8408203125
4597.60986328125
2780.12548828125
4319.689453125
2819.096435546875
2346.883544921875
2096.7177734375
1650.282470703125
2088.05810546875
4092.279052734375
1897.4808349609375
3014.005859375
2174.067626953125
2204.488525390625
1476.1961669921875
3451.89599609375
4164.845703125
1751.5
2878.255126953125
3315.4697265625
1041.2030029296875
1244.841796875
1290.8236083984375
2528.57421875
1666.65283203125
4433.67626953125
900.1712646484375
975.5504760742188
3888.65771484375
2293.368896484375
1816.2904052734375
1013.7286987304688
1022.961181640625
2064.763427734375
1951.3922119140625
2811.143310546875
1658.5455322265625
2045.8250732421875
3755.287353515625
2310.94970703125
912.3587036132812
2037.1424560546875
2117.372314453125
3280.156494140625
3215.265625
3110.91015625
3381.919189453125
3485.395751953125
3808.41650390625
2128.953857421875
2853.31298828125
3093.939208984375
4718.9287109375
3996.05322265625
2370.2060546875
1931.48876953125
1854.6187744140625
1251.6163330078125
2746.0361328125
3532.21337890625
1731.477783203125
4378.26123046875
2537.687255859375
1435.0313720703125
3470.9326171875
1678.1534423828125
3831.3193359375
1575.6246337890625
3656.26171875
1611.5096435546875
1640.3787841796875
1968.994873046875
1638.1661376953125
1527.9212646484375
2810.165771484375
889.2404174804688
3026.301025390625
2869.47412109375
2441.07275390625
1976.7705078125
1473.9599609375
911.2789916992188
3177.38671875
3103.49072265625
927.7298583984375
4103.65625
4556.73095703125
2681.43017578125
2194.68896484375
3990.873291015625
3177.091796875
4073.432373046875
1513.7655029296875
1445.392822265625
1370.0821533203125
1378.5950927734375
2697.787353515625
2673.374755859375
2956.52978515625
2295.813232421875
1843.0479736328125
2944.5390625
3470.67822265625
3346.057373046875
1177.9908447265625
3166.86669921875
3484.0615234375
1454.42822265625
3411.947265625
4208.505859375
3147.85009765625
1437.8297119140625
948.6500244140625
2029.8162841796875
1930.71240234375
2153.682373046875
1862.9813232421875
2851.872802734375
2525.033935546875
3000.517333984375
1679.5452880859375
3504.43310546875
3738.166748046875
3028.546875
2466.8447265625
1423.242919921875
2966.416015625
2720.308349609375
2105.252197265625
2004.4083251953125
2885.396484375
2236.452392578125
2038.536376953125
3693.630126953125
2484.400146484375
2905.934814453125
2419.42626953125
4700.7666015625
1904.2220458984375
1357.70849609375
3124.406005859375
1509.9425048828125
1830.0921630859375
666.0341186523438
1717.8424072265625
3240.465576171875
2956.88818359375
4223.9619140625
2164.2158203125
1091.93701171875
2281.984375
5099.3603515625
1014.407470703125
2602.805419921875
2695.503173828125
1728.0787353515625
3790.85693359375
2603.51123046875
2431.22265625
1742.607177734375
2040.8822021484375
1407.71337890625
2166.825439453125
1243.4857177734375
2529.46337890625
1305.523681640625
2479.288330078125
3799.90087890625
1526.456298828125
1088.6673583984375
3374.118896484375
2172.863525390625
3095.68994140625
3559.874267578125
2668.819091796875
2600.83154296875
2514.814208984375
772.754638671875
2539.045654296875
722.4360961914062
1192.805908203125
1542.5198974609375
3133.440185546875
2024.858642578125
2646.679443359375
3035.834716796875
2040.1041259765625
1636.5816650390625
2696.69775390625
3149.00341796875
1890.0302734375
1680.086669921875
2045.7913818359375
1751.8624267578125
3824.204345703125
3831.58984375
1332.3082275390625
2971.767578125
1766.467529296875
1034.385498046875
3383.068115234375
1980.8724365234375
2849.561279296875
3052.772705078125
3576.66259765625
3930.37744140625
2825.770263671875
2149.321044921875
2628.026123046875
1585.6632080078125
3429.023193359375
2446.2275390625
3372.744384765625
1607.0386962890625
876.7918090820312
1345.1002197265625
3275.15087890625
3493.843994140625
2969.075927734375
2064.052734375
3035.540771484375
1772.904052734375
2036.0699462890625
3419.80078125
4561.99609375
3159.8359375
4303.251953125
1790.4495849609375
2268.6123046875
2410.354736328125
3648.897216796875
1686.4921875
3001.262451171875
1901.1612548828125
3114.7177734375
2517.80078125
1406.3692626953125
1634.3846435546875
1552.5220947265625
1642.6572265625
1533.37158203125
1227.1968994140625
1741.8228759765625
1101.632568359375
823.6707763671875
3015.039794921875
3476.255126953125
1187.177978515625
2617.172119140625
2397.85888671875
2320.221923828125
1121.8802490234375
1454.2554931640625
733.0494384765625
1606.289306640625
3423.5322265625
1701.8695068359375
3247.251708984375
1287.7705078125
2541.950927734375
2535.423583984375
2876.4052734375
2248.889892578125
1383.3321533203125
2279.1875
2734.865966796875
775.9850463867188
1489.51904296875
1752.9967041015625
2445.810302734375
1757.94091796875
2987.961669921875
973.1873168945312
1383.5562744140625
1065.078125
2434.12939453125
2320.0771484375
1406.4500732421875
1491.21875
2345.616943359375
1664.0562744140625
3223.24609375
2544.25244140625
1921.7474365234375
1551.7852783203125
533.7822265625
3177.89990234375
2430.810546875
2669.376953125
1581.51708984375
1510.236328125
1075.7677001953125
1427.4765625
1637.9853515625
2481.1435546875
1188.4832763671875
1609.5673828125
2041.444580078125
1112.3046875
1963.970703125
844.5758056640625
1635.5924072265625
952.9664306640625
1666.0673828125
1511.6248779296875
2048.028076171875
1379.0040283203125
1649.62158203125
2025.7572021484375
2048.197265625
2448.178955078125
2566.50146484375
1369.76708984375
1931.682861328125
1489.466552734375
1154.7696533203125
1594.6077880859375
2055.5791015625
1523.2020263671875
2018.9766845703125
1787.4296875
974.7135620117188
1822.1959228515625
1092.811279296875
1616.178466796875
3602.8818359375
2017.13037109375
588.87109375
2630.634521484375
3937.278564453125
2420.35986328125
678.9437255859375
2971.16162109375
2908.009765625
2940.80517578125
3115.08642578125
1983.7696533203125
2913.42529296875
1828.30078125
1255.892578125
3796.578369140625
650.0975341796875
1484.4859619140625
2727.49853515625
1744.7188720703125
1553.7415771484375
1567.9307861328125
3174.29345703125
2280.54150390625
1395.760009765625
710.2061767578125
3530.661865234375
2662.54150390625
986.518310546875
1135.865966796875
1611.617919921875
1681.9332275390625
937.8472900390625
1712.3359375
1518.1307373046875
1227.8153076171875
2383.7275390625
1360.969482421875
2521.46728515625
3399.477783203125
4223.2578125
946.2322387695312
2302.204345703125
3634.864013671875
1366.2530517578125
4033.0693359375
3226.52978515625
594.1737060546875
2000.38037109375
3676.442626953125
1874.8634033203125
3834.388427734375
4186.1064453125
3181.263916015625
1154.7752685546875
2830.373046875
974.791259765625
2659.904052734375
3483.855712890625
1361.184814453125
1311.9906005859375
3207.672607421875
1145.9761962890625
2929.70068359375
2491.34423828125
2940.204833984375
1426.80126953125
2517.67041015625
2163.992431640625
2547.028564453125
832.8649291992188
3457.2373046875
723.7176513671875
1499.4013671875
3190.2275390625
1773.3936767578125
797.24462890625
2623.02978515625
2231.239013671875
761.5220336914062
2632.02978515625
2724.6474609375
2013.415771484375
2407.14990234375
576.3721313476562
2637.465087890625
2802.79443359375
933.8768920898438
3455.4384765625
2188.552978515625
2568.705322265625
1800.7572021484375
3242.533447265625
984.3433837890625
3206.44189453125
3123.3876953125
3513.457275390625
2391.426025390625
2350.0771484375
2580.423095703125
3534.3994140625
1543.7333984375
1088.152587890625
1829.6712646484375
1601.4041748046875
2210.132568359375
2170.295654296875
2174.1923828125
3347.979248046875
3976.999267578125
3100.9560546875
2159.20556640625
1639.4998779296875
3590.67822265625
2247.171875
2896.75
2364.056884765625
2186.417236328125
2521.540283203125
2761.26171875
3247.373046875
3492.909912109375
2079.68603515625
3896.645263671875
2262.681884765625
2883.708251953125
2725.3828125
3110.454833984375
2129.0068359375
2362.255126953125
2727.69775390625
3188.965087890625
2422.124755859375
2223.049072265625
2333.812255859375
2542.869140625
3342.093994140625
1300.391357421875
1465.560302734375
1791.0849609375
2756.148193359375
2546.048828125
2417.676513671875
1646.6683349609375
2593.678955078125
2521.03515625
1320.2701416015625
1245.7855224609375
1399.0374755859375
2682.571044921875
1373.24658203125
2319.14990234375
1285.0667724609375
2281.21142578125
2649.881591796875
1723.7166748046875
2077.789306640625
2514.092041015625
2343.7158203125
1916.5201416015625
1608.119140625
1262.963623046875
2029.608642578125
1408.1658935546875
2342.6328125
2179.151611328125
2290.295166015625
2097.289794921875
2279.79931640625
2414.13720703125
2079.22900390625
2517.506103515625
2236.37744140625
702.40283203125
1041.594482421875
1886.4241943359375
3347.380615234375
2528.672119140625
1479.1346435546875
2153.52099609375
1241.5927734375
1863.8912353515625
2496.338134765625
2268.0419921875
995.0835571289062
2496.26318359375
1284.7088623046875
1109.053466796875
1403.3621826171875
1535.148193359375
3246.830810546875
672.3438110351562
1816.547607421875
2344.46484375
610.6550903320312
2072.100830078125
1405.3853759765625
2191.2685546875
1682.174072265625
1723.361328125
1963.0906982421875
2246.493408203125
2104.535400390625
2956.990234375
1642.80908203125
1052.147216796875
1231.3441162109375
1796.2999267578125
2161.72314453125
3253.59765625
1274.9490966796875
1623.277587890625
1215.7225341796875
2676.476806640625
1190.1929931640625
1997.18994140625
1847.3763427734375
2910.9619140625
1359.17626953125
1866.7503662109375
1375.1383056640625
1258.003173828125
2103.93798828125
3095.466064453125
2128.53271484375
3129.259765625
2565.772705078125
2125.211181640625
2540.934814453125
3394.557373046875
1542.8349609375
2153.835693359375
1830.76611328125
2523.4560546875
1417.439697265625
2114.046142578125
2591.86669921875
2081.62060546875
3237.317626953125
1201.6971435546875
2371.8857421875
1136.86328125
1865.54248046875
2487.690673828125
1206.00048828125
991.4331665039062
1192.933349609375
1849.9466552734375
2109.440673828125
1008.5591430664062
2697.888916015625
1730.4888916015625
2448.487060546875
2264.693603515625
3336.48974609375
717.7835693359375
2251.79638671875
2426.008544921875
1350.37255859375
1864.9449462890625
2356.994384765625
791.5927734375
2196.618896484375
2997.3369140625
1995.4349365234375
1394.6221923828125
1165.565185546875
1606.51123046875
1933.385009765625
1189.6953125
939.2769165039062
1650.9932861328125
2219.894775390625
1772.7855224609375
3143.26318359375
3005.3115234375
966.7462158203125
988.3069458007812
1084.6455078125
1007.0238037109375
635.520263671875
2360.22314453125
1934.211669921875
2614.852294921875
1842.4437255859375
1371.031005859375
1046.96630859375
2499.64306640625
1908.271728515625
1277.3836669921875
1043.55859375
559.1238403320312
1636.6849365234375
1528.5313720703125
1940.7525634765625
1752.6492919921875
1177.003173828125
1352.42236328125
581.8258666992188
982.11328125
903.0923461914062
2539.03662109375
1194.1341552734375
1180.59619140625
2312.1669921875
1439.37451171875
930.872314453125
311.3985595703125
1443.8531494140625
2610.039306640625
2416.04345703125
1017.9849853515625
2243.04638671875
1609.2491455078125
1064.544921875
552.0078125
1271.880126953125
828.4856567382812
1100.9317626953125
1456.737060546875
501.839599609375
1519.3092041015625
913.7114868164062
1526.65087890625
436.9722595214844
1130.3558349609375
3482.18408203125
1815.475341796875
914.8789672851562
2319.79931640625
954.8814697265625
1084.9163818359375
765.0349731445312
2004.924072265625
3072.36328125
2845.083984375
2506.33837890625
1533.9903564453125
1462.97998046875
2363.012939453125
1085.293701171875
1918.6903076171875
2403.635009765625
2067.3095703125
507.7406005859375
2451.914306640625
456.7883605957031
2995.429443359375
2153.73193359375
1226.5537109375
1376.539306640625
746.5350341796875
1049.6964111328125
525.9240112304688
1318.3848876953125
721.1420288085938
1948.24169921875
2517.171142578125
2656.684814453125
2248.440673828125
1552.2572021484375
2360.6103515625
2517.071533203125
2163.461181640625
912.1842041015625
374.287841796875
2780.245849609375
3370.114990234375
2534.077880859375
1378.9134521484375
1482.4620361328125
787.7468872070312
2117.75439453125
1391.96240234375
1774.3057861328125
1714.5028076171875
1205.87158203125
1992.1802978515625
1383.298828125
1464.899169921875
1117.8040771484375
1030.6767578125
791.973388671875
2198.491943359375
438.734130859375
1512.84033203125
1464.5037841796875
1901.0208740234375
1976.5048828125
883.2754516601562
1784.0692138671875
826.0283203125
1225.5328369140625
1247.50634765625
1156.0714111328125
520.708740234375
1162.7010498046875
892.375244140625
883.3056640625
2011.291259765625
1157.3671875
962.3233642578125
1220.73681640625
1396.2213134765625
413.5164794921875
1163.7193603515625
323.2499694824219
1317.39013671875
2338.02978515625
1897.811767578125
1579.95263671875
1857.630859375
2133.76318359375
2356.58203125
2679.150390625
2164.05908203125
994.6528930664062
1194.5692138671875
1212.9132080078125
1787.1363525390625
720.1470336914062
2178.962158203125
902.633544921875
1704.4241943359375
1716.388427734375
1608.3812255859375
1667.351806640625
553.9981689453125
2039.4212646484375
1571.9898681640625
331.0536804199219
1150.899658203125
272.87518310546875
1843.7672119140625
1504.794189453125
952.9151611328125
307.9165954589844
1399.1519775390625
492.31976318359375
817.0689086914062
613.6065063476562
352.8326721191406
1412.755126953125
2331.114990234375
1575.23583984375
694.840576171875
747.9995727539062
1280.1287841796875
1841.357421875
636.7643432617188
2275.909912109375
1306.976318359375
1344.89111328125
1762.974853515625
1933.643798828125
1516.1295166015625
1852.149169921875
2161.379150390625
2235.680908203125
1346.6900634765625
884.7495727539062
1970.009033203125
1990.3599853515625
2157.343994140625
2006.0911865234375
1018.3683471679688
1746.918701171875
2118.395751953125
1628.6099853515625
2412.447998046875
1275.9522705078125
1646.9263916015625
1825.6392822265625
1704.6771240234375
1207.12646484375
886.26171875
523.7333374023438
975.4231567382812
2423.27392578125
1584.026611328125
1156.0867919921875
1184.3465576171875
695.12255859375
1496.30908203125
3082.31689453125
1705.2681884765625
338.0666198730469
714.6280517578125
1504.9407958984375
1702.88330078125
970.0078735351562
1805.1119384765625
1927.42822265625
2168.408935546875
474.7688903808594
1404.2830810546875
1179.3572998046875
1668.4886474609375
1579.35791015625
1713.60546875
1406.7127685546875
2402.33935546875
3150.437744140625
2575.998046875
3026.475830078125
2519.898193359375
2852.89599609375
2898.8681640625
2711.63525390625
1078.4384765625
3693.445556640625
991.2353515625
2732.60888671875
2132.690185546875
2821.979736328125
2287.679931640625
2816.735595703125
811.1101684570312
2356.17333984375
2544.381103515625
2804.240234375
1581.50634765625
2753.676025390625
1832.9942626953125
2972.625732421875
2633.9208984375
2032.7049560546875
1218.864501953125
2263.852294921875
1124.121337890625
1175.883056640625
2531.5966796875
1801.7420654296875
2304.8271484375
1452.589599609375
3000.9765625
2815.451904296875
1213.478515625
1939.0382080078125
3013.33984375
841.50830078125
3644.008056640625
2327.121826171875
3221.97314453125
2226.55810546875
2875.384033203125
2745.643310546875
2528.690185546875
4316.7333984375
916.6860961914062
3028.735107421875
3656.880615234375
3877.97900390625
3695.166015625
3200.41845703125
3771.089111328125
4783.474609375
2400.676025390625
3384.30517578125
3102.0859375
3630.185791015625
3962.051513671875
3319.7939453125
3361.588623046875
2680.64501953125
2321.999755859375
2589.401123046875
3526.021728515625
2875.15185546875
2823.808349609375
3285.892578125
1913.0240478515625
3363.0341796875
2877.51904296875
2458.988525390625
2379.744873046875
2121.1474609375
1665.6517333984375
2883.290771484375
2940.87353515625
1771.3878173828125
3206.3701171875
2521.434326171875
2443.978759765625
4024.471435546875
3146.02734375
2648.822998046875
3214.951904296875
3038.59912109375
3364.318115234375
3847.02685546875
3172.053466796875
2986.513916015625
2157.107666015625
2289.59130859375
2622.945068359375
2845.908203125
3184.9677734375
3570.472412109375
3569.040283203125
4669.41455078125
4275.77294921875
3250.4951171875
3700.049072265625
3731.95263671875
3291.631103515625
3409.458984375
3547.44921875
3857.086669921875
3916.9990234375
3889.18994140625
3329.982421875
4618.6630859375
