175.91363525390625
178.1024627685547
273.5094909667969
535.2169189453125
321.8075256347656
374.47698974609375
146.01168823242188
277.4909362792969
332.8939514160156
456.57958984375
310.9422302246094
463.0156555175781
242.36993408203125
508.43145751953125
357.7879333496094
189.4626922607422
397.7225341796875
163.53660583496094
627.5028076171875
189.1248779296875
167.5475616455078
157.28956604003906
762.3557739257812
205.0265655517578
249.53785705566406
268.32611083984375
519.3906860351562
356.7248229980469
216.6346435546875
197.3791046142578
564.9490966796875
475.6795959472656
460.65362548828125
330.9272155761719
400.40155029296875
297.33074951171875
268.0189514160156
189.35423278808594
579.6237182617188
256.8990173339844
408.2431945800781
720.98681640625
503.301025390625
195.39332580566406
325.2815856933594
587.8572387695312
226.99600219726562
331.5382995605469
174.1858673095703
305.230224609375
235.6704559326172
215.00894165039062
403.07476806640625
289.871337890625
478.47393798828125
217.527587890625
240.18995666503906
366.96356201171875
153.40887451171875
373.34771728515625
391.0087585449219
206.86834716796875
407.6545715332031
247.08609008789062
266.60284423828125
429.8672180175781
146.2533416748047
314.796630859375
266.9247741699219
131.7719268798828
182.86756896972656
244.42970275878906
587.306884765625
328.3883972167969
176.48944091796875
137.53794860839844
404.69573974609375
167.2081298828125
322.8034973144531
353.25537109375
853.3125
448.2366638183594
384.30645751953125
311.5589904785156
450.15478515625
445.58782958984375
270.534423828125
242.7611083984375
537.1561889648438
221.99432373046875
200.375732421875
146.84925842285156
241.60635375976562
267.62371826171875
656.5628051757812
168.84063720703125
205.76478576660156
549.0487060546875
226.53468322753906
188.76583862304688
168.1642608642578
300.97216796875
359.7698669433594
304.0286560058594
175.81019592285156
443.8665466308594
416.9871826171875
332.02117919921875
231.07534790039062
241.45748901367188
604.1254272460938
625.3702392578125
285.8338317871094
369.15594482421875
167.56295776367188
345.86529541015625
300.4407653808594
509.9351806640625
259.3875732421875
142.49716186523438
361.833984375
261.0745544433594
210.5831298828125
524.5700073242188
314.1165466308594
415.77960205078125
363.56915283203125
145.34829711914062
363.23028564453125
579.7044067382812
319.34124755859375
655.690185546875
253.3137969970703
1003.4993896484375
682.1493530273438
472.92657470703125
222.0908203125
399.8999938964844
545.7007446289062
495.2069091796875
254.83432006835938
280.068359375
235.51170349121094
1076.90234375
179.8408660888672
247.72474670410156
319.86395263671875
277.1360778808594
366.7476806640625
451.9089660644531
540.431884765625
239.9709014892578
310.4670104980469
831.5154418945312
282.728515625
147.66238403320312
290.64166259765625
626.6331787109375
409.3923034667969
623.814208984375
555.6627197265625
462.8815612792969
276.7720947265625
269.94586181640625
636.1473388671875
582.9778442382812
326.7442321777344
187.9014434814453
348.0699768066406
553.0994262695312
281.7541198730469
382.0495910644531
156.482177734375
638.1290893554688
367.3292541503906
801.129150390625
148.02169799804688
227.91514587402344
296.8047180175781
256.1629943847656
179.25601196289062
330.8169250488281
504.88336181640625
154.75555419921875
265.64544677734375
242.76748657226562
439.83624267578125
421.63726806640625
294.2716369628906
218.70526123046875
313.07421875
259.1092529296875
644.3727416992188
285.6554260253906
309.4693298339844
484.738037109375
523.0659790039062
369.8976135253906
495.3672180175781
555.1660766601562
906.6451416015625
388.0337829589844
231.95730590820312
180.07249450683594
289.79510498046875
348.9016418457031
327.3561096191406
998.3956909179688
301.4840087890625
377.8970031738281
186.2904510498047
308.9110412597656
418.2674865722656
217.89149475097656
562.7318725585938
180.4392547607422
337.921630859375
528.5213012695312
340.68121337890625
257.7157287597656
389.0945129394531
332.6524658203125
472.6996154785156
238.43006896972656
357.1537170410156
318.58929443359375
237.68572998046875
362.3196716308594
312.3760070800781
241.81207275390625
204.7364044189453
210.36587524414062
844.467041015625
217.2107696533203
462.4555358886719
191.1611328125
238.75045776367188
471.746337890625
280.15093994140625
274.87701416015625
300.957275390625
220.7553253173828
205.94224548339844
273.95086669921875
439.2375793457031
331.5967102050781
315.6063232421875
301.1291809082031
229.80809020996094
359.3259582519531
242.58958435058594
262.56488037109375
397.5494689941406
507.0887756347656
357.1171875
763.9639892578125
273.7181091308594
342.7592468261719
390.0757141113281
348.3269958496094
249.75204467773438
240.5596466064453
329.75030517578125
415.2283020019531
245.47134399414062
263.27606201171875
250.6993408203125
241.9581298828125
157.29103088378906
236.97569274902344
206.51358032226562
254.5299530029297
359.28302001953125
212.16363525390625
416.8484191894531
224.24781799316406
672.353271484375
396.4057312011719
229.46556091308594
172.06053161621094
506.7586669921875
125.69617462158203
209.40386962890625
350.19970703125
195.39051818847656
263.8380432128906
183.51141357421875
442.9157409667969
193.84292602539062
199.4662322998047
223.16607666015625
206.61891174316406
174.43899536132812
250.7720489501953
280.03875732421875
202.78465270996094
258.87957763671875
529.64306640625
359.1734924316406
231.57534790039062
305.3627624511719
181.49057006835938
389.41864013671875
229.34774780273438
542.8355712890625
402.6241455078125
288.1770935058594
135.5259552001953
781.84326171875
269.18994140625
369.7868957519531
215.0667266845703
120.47926330566406
156.48605346679688
125.79716491699219
241.12646484375
637.7991333007812
279.92022705078125
506.6751403808594
265.7518005371094
193.35113525390625
280.34136962890625
226.0641326904297
178.54844665527344
132.44613647460938
235.15386962890625
188.30625915527344
196.69297790527344
646.2828979492188
113.97669982910156
123.68156433105469
301.20892333984375
200.09808349609375
226.7407684326172
188.97401428222656
273.6075439453125
294.9024963378906
357.6261901855469
185.84536743164062
183.10345458984375
350.23052978515625
172.5048065185547
215.71360778808594
291.18994140625
181.73410034179688
232.72897338867188
201.94615173339844
140.7198028564453
239.16958618164062
171.30369567871094
229.57369995117188
504.17523193359375
286.6651916503906
503.1002197265625
385.32550048828125
170.390625
186.24864196777344
405.9200134277344
290.06866455078125
311.641845703125
201.3568115234375
272.6391906738281
430.0958251953125
529.98681640625
238.3524627685547
255.78968811035156
245.97181701660156
310.54400634765625
164.07534790039062
133.52133178710938
374.9601745605469
232.7202606201172
425.43902587890625
373.06231689453125
303.1543884277344
279.44189453125
210.8147735595703
205.64599609375
139.85394287109375
172.6339874267578
240.33084106445312
228.2228240966797
166.5077667236328
361.5186462402344
230.9283447265625
402.54498291015625
439.0192565917969
298.9309997558594
124.3301773071289
175.84588623046875
221.84689331054688
201.03390502929688
280.4430236816406
139.3797607421875
107.48181915283203
346.2779235839844
141.76443481445312
156.7637176513672
284.68487548828125
153.37501525878906
422.230712890625
163.8232421875
152.69813537597656
246.00189208984375
312.4847717285156
265.0504455566406
244.1688690185547
142.56092834472656
394.3516540527344
340.7100830078125
306.5013732910156
378.3424987792969
143.0141143798828
189.01519775390625
577.412353515625
551.6422729492188
1029.7388916015625
314.4945068359375
346.5843505859375
216.054443359375
732.9923095703125
189.56239318847656
313.7792663574219
307.3738708496094
241.8494873046875
265.99700927734375
634.33154296875
187.25245666503906
197.97694396972656
332.408447265625
466.3475036621094
288.9859924316406
149.35752868652344
133.31886291503906
476.8542785644531
206.81484985351562
210.81993103027344
222.0290985107422
147.11016845703125
323.5089416503906
294.937744140625
286.829345703125
471.9051208496094
168.48870849609375
127.40401458740234
329.34490966796875
282.16192626953125
276.12664794921875
270.0345153808594
193.4532470703125
225.5162353515625
151.48326110839844
123.13516235351562
237.7425537109375
144.0979766845703
134.6060791015625
196.0452423095703
224.96885681152344
144.4086456298828
340.0711669921875
213.18141174316406
143.16661071777344
223.5916290283203
341.7447204589844
164.32408142089844
218.9639434814453
460.6144104003906
258.31097412109375
127.1054916381836
269.7222900390625
675.7823486328125
310.6913146972656
158.9334259033203
433.8419494628906
451.5267028808594
252.90933227539062
248.1062469482422
210.22787475585938
341.4063720703125
236.24192810058594
272.53033447265625
177.76284790039062
151.87167358398438
186.02587890625
597.9037475585938
198.21987915039062
276.03375244140625
329.0439758300781
210.4097442626953
365.9813537597656
269.4678955078125
206.4850616455078
130.34115600585938
300.6719665527344
136.96339416503906
411.97894287109375
336.8346862792969
454.9485168457031
109.25414276123047
196.198486328125
212.62042236328125
290.35064697265625
171.08706665039062
355.93450927734375
445.0532531738281
149.0621337890625
495.0962219238281
273.6445007324219
126.24883270263672
357.87158203125
167.91261291503906
289.3943786621094
408.17864990234375
178.06918334960938
125.38016510009766
774.5408935546875
228.65475463867188
240.35198974609375
110.03086853027344
252.67079162597656
438.1004943847656
265.30267333984375
181.5764617919922
306.8426818847656
205.95130920410156
502.16217041015625
155.3356170654297
293.65850830078125
132.45626831054688
290.67034912109375
207.98410034179688
302.52252197265625
122.38729095458984
158.97193908691406
887.043701171875
306.4085388183594
266.0278625488281
403.4913635253906
206.2449951171875
204.69589233398438
672.0703735351562
123.17677307128906
164.45469665527344
148.40106201171875
127.94000244140625
192.89093017578125
176.9055633544922
134.30223083496094
161.76878356933594
264.68890380859375
207.39968872070312
381.58148193359375
188.55438232421875
404.4751892089844
295.5192565917969
175.67930603027344
156.34649658203125
490.4456481933594
241.78427124023438
229.3409423828125
175.50352478027344
118.3565444946289
479.4648742675781
257.19891357421875
208.59056091308594
208.93359375
202.88352966308594
249.8201904296875
649.9967041015625
154.23355102539062
126.00688171386719
232.3666534423828
612.8729858398438
202.89437866210938
192.635009765625
175.42745971679688
140.10086059570312
192.70103454589844
633.4937744140625
220.94998168945312
286.9499816894531
230.1533203125
249.36996459960938
164.45213317871094
133.42649841308594
206.4847412109375
201.50634765625
154.83116149902344
166.18357849121094
265.2685241699219
154.9735107421875
147.7537384033203
293.39031982421875
171.95631408691406
196.11817932128906
200.3233184814453
290.56915283203125
174.41519165039062
212.75894165039062
227.37655639648438
160.7918701171875
327.063720703125
303.794921875
422.5496826171875
350.5225830078125
127.48941802978516
232.116943359375
231.087646484375
227.8181915283203
216.0511932373047
129.4882049560547
200.20567321777344
275.7180480957031
180.9363250732422
279.10113525390625
166.03392028808594
134.84596252441406
144.92417907714844
179.03311157226562
141.54823303222656
148.85162353515625
113.7352523803711
493.1094970703125
294.9698486328125
257.5285949707031
152.37957763671875
129.61927795410156
190.1162567138672
198.08343505859375
213.40713500976562
497.9605407714844
338.5299377441406
136.73089599609375
192.70204162597656
153.24191284179688
521.1704711914062
179.51817321777344
252.75860595703125
462.9393005371094
136.79290771484375
129.20797729492188
135.92233276367188
194.02371215820312
151.2787628173828
145.44668579101562
365.2903137207031
322.7330017089844
276.6444396972656
145.6068572998047
399.47772216796875
212.202880859375
136.2800750732422
133.06787109375
134.9620361328125
104.78630828857422
326.39013671875
110.85485076904297
262.36761474609375
164.01553344726562
143.84414672851562
177.2608642578125
249.80010986328125
101.21223449707031
93.7101821899414
148.59292602539062
343.7329406738281
164.20852661132812
201.43994140625
184.16348266601562
111.74877166748047
107.47265625
231.57354736328125
272.2804260253906
275.62921142578125
97.19403076171875
172.90753173828125
245.2778778076172
117.04508209228516
302.20318603515625
220.46432495117188
127.79548645019531
208.84793090820312
109.38580322265625
143.02085876464844
113.49105072021484
153.66238403320312
158.4232635498047
408.138671875
106.07487487792969
242.3590087890625
181.0093231201172
176.64134216308594
119.65713500976562
152.7891387939453
288.70245361328125
117.71432495117188
220.6175994873047
207.80581665039062
204.9996795654297
175.6371612548828
226.19532775878906
165.26589965820312
99.86109161376953
212.91578674316406
222.41116333007812
140.05001831054688
169.54827880859375
114.66033172607422
400.28875732421875
250.84962463378906
504.468017578125
183.27072143554688
106.61865234375
357.5813903808594
123.20117950439453
268.8556823730469
821.0716552734375
283.9015197753906
146.4337921142578
323.23492431640625
187.8131103515625
354.5264892578125
104.7988510131836
241.08673095703125
218.17469787597656
171.7921142578125
147.88217163085938
286.63720703125
196.4217529296875
435.2338562011719
93.25140380859375
265.8229675292969
161.82798767089844
200.26577758789062
192.77352905273438
252.2211456298828
230.06051635742188
104.00020599365234
183.6532745361328
217.50115966796875
244.5555877685547
134.21389770507812
122.12042236328125
500.15496826171875
146.41876220703125
147.19329833984375
237.26791381835938
169.21751403808594
242.08201599121094
286.6556701660156
243.53271484375
176.5935516357422
186.9296875
382.6937255859375
533.0653686523438
841.1583251953125
165.63003540039062
195.50025939941406
177.146240234375
168.47393798828125
141.36917114257812
251.11375427246094
124.89994812011719
372.72332763671875
113.78539276123047
230.21788024902344
228.15316772460938
156.49063110351562
106.61089324951172
311.7802429199219
120.5976333618164
262.3844299316406
134.42686462402344
188.59896850585938
258.0373229980469
108.8788833618164
580.2796020507812
115.72109985351562
283.09552001953125
156.35902404785156
110.9261245727539
117.35086822509766
168.10220336914062
120.43773651123047
141.15216064453125
114.35327911376953
234.50123596191406
251.0313720703125
280.5238342285156
97.45762634277344
136.07920837402344
306.4036560058594
123.94796752929688
242.65089416503906
104.54132080078125
199.28326416015625
88.13223266601562
296.86090087890625
120.63459014892578
106.05377960205078
221.8815155029297
517.6021118164062
99.22710418701172
179.50230407714844
190.08384704589844
127.88617706298828
145.3333282470703
200.38629150390625
160.12257385253906
206.9728546142578
177.27471923828125
132.2049102783203
160.48683166503906
430.49981689453125
274.90740966796875
129.02813720703125
162.7755126953125
137.2694091796875
266.26605224609375
232.29983520507812
386.3482360839844
127.83544158935547
197.07232666015625
139.34922790527344
187.65145874023438
164.18556213378906
197.4114227294922
157.61190795898438
668.9354248046875
104.6981430053711
183.77618408203125
136.0896453857422
125.72403717041016
281.4930419921875
131.2830810546875
114.39408111572266
124.20387268066406
152.8323516845703
140.05880737304688
116.98338317871094
188.25588989257812
226.6904754638672
457.1803894042969
226.99786376953125
243.5939178466797
243.87730407714844
126.04878234863281
246.76370239257812
308.8331604003906
166.77261352539062
152.31723022460938
138.9417266845703
250.806884765625
446.2867736816406
150.8528594970703
218.61489868164062
182.71295166015625
192.97390747070312
174.7740020751953
115.47161865234375
189.88772583007812
377.43267822265625
121.90524291992188
117.5672607421875
160.01564025878906
160.87521362304688
178.60865783691406
105.00434112548828
359.0039367675781
237.9517822265625
124.70877838134766
266.91546630859375
126.50892639160156
156.13729858398438
93.35025787353516
114.49210357666016
309.7759094238281
289.7765808105469
123.3022689819336
102.8311767578125
96.95098114013672
147.04086303710938
332.7254943847656
115.62776184082031
120.0811767578125
225.15953063964844
244.1759796142578
197.2209930419922
226.83392333984375
249.12594604492188
121.83914947509766
208.1473846435547
125.01342010498047
109.11172485351562
120.11539459228516
136.3223419189453
338.65960693359375
118.84611511230469
100.59273529052734
190.32061767578125
112.04187774658203
129.40921020507812
116.36552429199219
148.60069274902344
113.65132141113281
215.22215270996094
120.16549682617188
497.94439697265625
514.9155883789062
104.50031280517578
393.2919616699219
144.87774658203125
262.3572082519531
256.6184997558594
91.8586196899414
177.84254455566406
124.24195861816406
156.9749298095703
551.5703735351562
105.24160766601562
99.51187133789062
117.07318115234375
176.46865844726562
190.4163055419922
333.10205078125
185.9105682373047
196.14389038085938
116.28455352783203
313.30767822265625
113.51396179199219
120.5557861328125
124.1742935180664
88.4276351928711
124.2174301147461
221.85943603515625
205.16879272460938
95.82852172851562
117.7286376953125
212.44203186035156
312.1388244628906
874.4865112304688
112.29029083251953
192.50228881835938
162.41847229003906
143.63787841796875
141.25714111328125
146.03355407714844
206.07699584960938
122.64973449707031
110.39232635498047
401.9278259277344
97.82828521728516
125.19364929199219
201.341552734375
449.7955322265625
141.831787109375
196.52520751953125
119.77772521972656
164.08644104003906
122.53541564941406
184.53514099121094
143.8876953125
143.72454833984375
207.31396484375
160.80703735351562
123.73965454101562
119.85549926757812
121.16645050048828
126.47810363769531
111.33010864257812
149.36875915527344
189.9391632080078
228.72047424316406
284.9713134765625
447.01123046875
186.03277587890625
98.38041687011719
133.6607208251953
188.1198272705078
169.55279541015625
340.5576171875
120.3698501586914
297.0372314453125
230.97259521484375
282.5490417480469
182.43531799316406
287.94366455078125
131.87802124023438
129.4646759033203
110.21856689453125
287.4369201660156
210.2081756591797
89.19689178466797
263.1587829589844
376.6467590332031
199.9595184326172
111.1466064453125
338.5145263671875
229.6557159423828
95.24586486816406
96.26903533935547
231.11166381835938
269.5797119140625
152.12840270996094
112.4374008178711
104.0882797241211
206.98635864257812
91.89507293701172
358.9937438964844
153.4401092529297
86.29815673828125
164.25485229492188
126.72927856445312
251.40614318847656
153.72439575195312
151.6635284423828
107.76629638671875
156.6134490966797
202.5689697265625
626.2556762695312
172.61483764648438
196.83021545410156
128.8614959716797
504.9504089355469
139.046630859375
137.6412353515625
113.24705505371094
164.0315704345703
176.3941650390625
178.1139678955078
162.05857849121094
120.5025863647461
130.60992431640625
201.78895568847656
92.93244934082031
144.30918884277344
163.4163818359375
267.9344787597656
90.91986846923828
186.87501525878906
198.81094360351562
276.3898010253906
184.1717529296875
415.0978088378906
382.07940673828125
164.32261657714844
133.971923828125
106.31048583984375
135.3883819580078
274.5577392578125
115.30913543701172
167.4876708984375
119.26834106445312
108.13526153564453
177.3366241455078
132.34539794921875
87.33841705322266
242.80238342285156
131.17547607421875
218.00103759765625
99.1309814453125
118.56678771972656
155.5106658935547
163.29342651367188
232.189697265625
88.0739517211914
194.05352783203125
109.07434844970703
103.31817626953125
120.11421966552734
191.68441772460938
144.61972045898438
124.49736785888672
125.4464111328125
145.88876342773438
158.29737854003906
133.84608459472656
110.91287231445312
79.14337921142578
178.4281005859375
740.6298217773438
427.4371032714844
128.2529754638672
97.54766082763672
195.10043334960938
351.10205078125
87.14348602294922
91.81531524658203
88.94872283935547
91.3543930053711
367.78173828125
339.5338134765625
195.36697387695312
91.44827270507812
93.23114013671875
384.6985168457031
106.44911193847656
176.38449096679688
142.45294189453125
185.97166442871094
123.24932861328125
216.9026641845703
124.12776184082031
130.6613006591797
119.78055572509766
108.43949890136719
105.82848358154297
96.08351135253906
138.2712860107422
165.96469116210938
443.432373046875
96.33316802978516
130.8687744140625
171.9115447998047
118.10205078125
103.86911010742188
225.6629180908203
168.34756469726562
306.52728271484375
406.42822265625
92.78516387939453
99.38276672363281
128.92091369628906
97.41878509521484
242.14796447753906
552.2465209960938
120.54757690429688
206.7638397216797
122.69148254394531
92.18661499023438
121.36742401123047
438.64044189453125
145.37081909179688
131.77394104003906
187.94358825683594
115.16748046875
117.37303924560547
205.95785522460938
112.865966796875
89.03866577148438
107.76563262939453
120.34101104736328
131.72787475585938
84.86048889160156
160.4967498779297
178.6127471923828
91.35137939453125
103.23768615722656
248.2031707763672
111.23426818847656
170.2053985595703
173.06515502929688
90.53776550292969
103.79898834228516
253.5251007080078
126.25645446777344
110.10643005371094
136.7110595703125
180.2218017578125
193.20660400390625
89.75800323486328
193.20504760742188
165.88818359375
144.57298278808594
103.79849243164062
86.9443588256836
95.56914520263672
98.96052551269531
84.65159606933594
108.53877258300781
101.11124420166016
82.66385650634766
108.69903564453125
71.78002166748047
122.52997589111328
111.71937561035156
81.0920639038086
211.39410400390625
88.83255767822266
200.66371154785156
87.669921875
74.57173919677734
129.40089416503906
80.63410186767578
216.62136840820312
187.68328857421875
334.8699645996094
103.2600326538086
95.9067153930664
101.88573455810547
91.10151672363281
208.44265747070312
169.218994140625
144.26637268066406
86.05725860595703
115.30599212646484
169.71646118164062
149.29002380371094
224.2241668701172
123.66184997558594
86.94320678710938
87.87422180175781
178.69232177734375
172.96469116210938
77.2654800415039
96.56208038330078
384.5744934082031
83.24683380126953
84.2191390991211
137.5123291015625
104.72179412841797
104.99179077148438
122.53007507324219
131.3134765625
87.0366439819336
102.57296752929688
108.41639709472656
339.0713195800781
158.65626525878906
87.6082534790039
96.64720916748047
98.17146301269531
88.16111755371094
81.73654174804688
295.43017578125
107.77162170410156
108.70882415771484
253.94464111328125
93.17088317871094
248.71343994140625
123.75358581542969
118.18073272705078
131.4354705810547
207.6278076171875
315.9267272949219
90.09740447998047
90.58456420898438
100.88410949707031
205.77188110351562
379.26446533203125
103.43864440917969
99.7359619140625
159.66278076171875
111.06747436523438
96.2977294921875
218.24913024902344
116.22099304199219
121.5840835571289
110.26554107666016
154.14454650878906
152.5709991455078
450.8499755859375
93.58788299560547
211.25982666015625
217.42237854003906
150.78839111328125
103.0357894897461
105.79632568359375
161.6433563232422
283.48773193359375
117.47815704345703
237.04525756835938
122.09984588623047
126.27693176269531
190.66900634765625
82.0028305053711
104.33650970458984
83.49877166748047
121.03404235839844
80.45904541015625
123.44096374511719
421.9513244628906
147.30242919921875
101.18214416503906
189.00936889648438
99.03887939453125
149.1522979736328
161.9483184814453
186.99227905273438
175.8392791748047
109.70482635498047
108.32359313964844
109.06735229492188
157.53839111328125
320.688720703125
257.54638671875
412.64935302734375
124.77772521972656
96.95343017578125
115.59159088134766
327.5458984375
147.45806884765625
324.9512023925781
126.87943267822266
130.99127197265625
108.0289535522461
231.07350158691406
266.9658508300781
186.9371337890625
104.29386138916016
87.49120330810547
83.3000717163086
116.31234741210938
101.29520416259766
97.45604705810547
120.93579864501953
163.4430694580078
82.39534759521484
120.4500732421875
229.8944091796875
277.5238342285156
74.47161865234375
343.2656555175781
120.06289672851562
128.8599090576172
438.4860534667969
190.89498901367188
84.6158218383789
128.77146911621094
149.0141143798828
109.34112548828125
175.30392456054688
148.9048614501953
227.3594207763672
172.74822998046875
141.72154235839844
81.10083770751953
257.984619140625
104.4754409790039
75.7718276977539
130.89390563964844
88.7635726928711
259.6912841796875
93.31175231933594
155.41896057128906
522.5873413085938
118.01825714111328
84.91521453857422
109.38119506835938
160.4059295654297
164.86895751953125
399.8116455078125
98.6686782836914
113.8601303100586
134.14334106445312
109.45830535888672
209.51239013671875
474.0972900390625
208.2985076904297
261.00262451171875
96.41643524169922
112.82551574707031
121.73455810546875
140.8048858642578
118.07479858398438
185.20753479003906
297.7747497558594
107.76586151123047
207.9996795654297
130.31375122070312
189.75051879882812
93.20398712158203
115.95182800292969
106.09695434570312
167.77984619140625
194.08004760742188
155.0839385986328
149.5764923095703
286.0083923339844
94.47867584228516
123.88119506835938
153.8953399658203
217.45767211914062
438.1180114746094
135.0099639892578
114.88689422607422
106.71002197265625
113.18138885498047
100.49577331542969
161.32736206054688
207.31051635742188
94.11431884765625
75.05012512207031
131.4608612060547
112.14508056640625
84.8870849609375
112.26226043701172
167.0145721435547
247.44921875
246.65155029296875
83.80530548095703
155.85308837890625
76.67192840576172
94.7879638671875
391.75762939453125
124.68851470947266
148.24147033691406
82.32850646972656
100.14598846435547
241.6400146484375
186.9971923828125
135.4580078125
162.09912109375
125.9304428100586
108.5409164428711
157.28587341308594
96.25579833984375
131.7591094970703
367.5085754394531
85.95558166503906
97.35911560058594
138.69644165039062
85.04559326171875
375.5517578125
177.1863555908203
161.78814697265625
230.36062622070312
120.28974151611328
108.44384765625
248.57203674316406
231.67526245117188
200.97621154785156
331.3245544433594
225.44244384765625
125.31044006347656
83.13912200927734
128.41140747070312
110.63081359863281
379.3781433105469
139.1672821044922
122.72331237792969
151.22654724121094
180.69235229492188
91.86216735839844
121.64200592041016
119.67010498046875
114.97095489501953
143.56678771972656
194.95265197753906
94.87867736816406
320.2178955078125
104.86296081542969
96.19439697265625
268.5670471191406
136.37709045410156
115.59473419189453
110.1722640991211
178.80677795410156
89.7649917602539
87.22737884521484
110.95101928710938
80.37350463867188
168.22171020507812
283.4233703613281
142.44683837890625
77.90804290771484
95.30917358398438
233.62014770507812
459.1319885253906
166.38328552246094
72.8692626953125
561.3436889648438
202.5274658203125
137.947509765625
88.09693908691406
75.02464294433594
257.4874267578125
216.7989501953125
167.7704620361328
129.3668670654297
72.98976135253906
93.23304748535156
125.35826110839844
160.5686798095703
83.3672103881836
90.67838287353516
285.81341552734375
118.15499877929688
88.64907836914062
121.53263092041016
109.95996856689453
84.0103530883789
85.10030364990234
81.11756134033203
105.10198211669922
105.00345611572266
194.87655639648438
100.92286682128906
84.45073699951172
96.37943267822266
129.55860900878906
156.58949279785156
96.08331298828125
108.41556549072266
91.92023468017578
279.43548583984375
145.0845184326172
79.65681457519531
118.61878204345703
154.09381103515625
76.52960968017578
85.43327331542969
222.59327697753906
167.76597595214844
83.90083312988281
84.2779541015625
173.84396362304688
85.57176971435547
82.51542663574219
179.7542266845703
206.917724609375
99.0950698852539
81.29547119140625
127.71348571777344
72.83946228027344
175.55638122558594
102.86841583251953
139.70848083496094
89.92964172363281
118.10598754882812
98.52952575683594
514.259521484375
73.95819854736328
91.84646606445312
86.53816986083984
76.21504974365234
76.26009368896484
111.89474487304688
98.2110366821289
107.14783477783203
322.9653015136719
121.03713989257812
115.59135437011719
78.30821990966797
74.35540771484375
84.69869995117188
126.53761291503906
178.15028381347656
77.63935089111328
77.60899353027344
82.58073425292969
75.32614135742188
139.06759643554688
112.88487243652344
150.75350952148438
276.95263671875
91.98458099365234
174.58226013183594
93.92906951904297
92.15364074707031
260.89715576171875
130.33755493164062
97.88551330566406
145.24266052246094
512.9598999023438
125.2055435180664
147.60926818847656
221.79489135742188
133.50344848632812
238.38864135742188
157.8350830078125
100.6076889038086
98.25904083251953
95.74893188476562
362.4648132324219
168.5648956298828
223.45118713378906
110.72979736328125
79.08775329589844
167.7805633544922
83.67604064941406
78.92501831054688
94.86073303222656
105.29606628417969
363.2206115722656
87.60580444335938
116.29440307617188
249.24354553222656
266.6353454589844
82.94297790527344
95.06978607177734
73.36246490478516
95.53681945800781
159.0595245361328
417.3870849609375
166.11642456054688
78.03678894042969
94.79901123046875
74.91897583007812
135.91246032714844
79.5818862915039
243.35704040527344
172.73764038085938
202.49786376953125
120.65360260009766
101.53265380859375
127.5156478881836
98.34700012207031
96.52188110351562
134.36181640625
74.19966888427734
273.63525390625
83.87418365478516
82.80338287353516
69.91246795654297
82.33441162109375
289.2336730957031
139.00807189941406
105.40724182128906
93.68976593017578
105.74246978759766
105.54952239990234
169.6881103515625
136.24600219726562
189.43048095703125
354.5526123046875
104.39244079589844
109.6106185913086
215.3459014892578
81.19402313232422
80.40696716308594
240.33900451660156
111.90789794921875
195.273681640625
193.16758728027344
147.1092071533203
147.53421020507812
95.16666412353516
110.46664428710938
139.74484252929688
102.34166717529297
182.51251220703125
205.3693084716797
200.86717224121094
114.7193832397461
99.33001708984375
98.95809173583984
112.71524047851562
109.22482299804688
179.18637084960938
345.90008544921875
93.9488296508789
417.3942565917969
98.43775939941406
276.031982421875
563.1632080078125
313.8536376953125
108.26515197753906
73.51991271972656
109.97059631347656
100.01424407958984
73.55583953857422
177.15679931640625
77.98485565185547
133.5233154296875
122.95561981201172
144.39512634277344
125.40827941894531
273.8646545410156
84.9271011352539
66.54344177246094
100.38359832763672
93.76607513427734
66.2427978515625
187.73126220703125
179.32949829101562
68.37972259521484
81.7667465209961
150.3603057861328
101.2364273071289
182.10540771484375
147.34141540527344
97.87625885009766
393.14691162109375
234.92144775390625
81.90371704101562
102.82184600830078
268.180908203125
113.88018035888672
112.60653686523438
124.93426513671875
136.03041076660156
183.5606689453125
83.06200408935547
133.6888885498047
270.9127502441406
109.12928771972656
96.9132308959961
155.1056671142578
180.92416381835938
116.94895935058594
178.6288604736328
84.69556427001953
104.17969512939453
247.90667724609375
63.171836853027344
191.2053985595703
97.5656509399414
75.67342376708984
132.7540740966797
119.61653900146484
120.13395690917969
126.19088745117188
101.78771209716797
131.1092987060547
125.61310577392578
98.08882141113281
90.42803192138672
109.82926177978516
494.3103942871094
100.58448791503906
82.8781967163086
117.01847076416016
108.36019134521484
148.52452087402344
134.16835021972656
90.5107192993164
120.54645538330078
70.31747436523438
80.36327362060547
95.60916137695312
86.81266021728516
115.37901306152344
118.22837829589844
183.88621520996094
81.04190826416016
178.12623596191406
85.00907135009766
146.11167907714844
134.3634033203125
100.67047119140625
237.78941345214844
74.99224853515625
77.29345703125
102.40174865722656
184.1334991455078
76.90074920654297
72.90409851074219
126.0666732788086
111.64076232910156
206.51040649414062
106.91963195800781
214.311767578125
120.64824676513672
78.73432922363281
120.28083038330078
245.0582275390625
231.91732788085938
88.24581146240234
90.33843994140625
81.0126953125
101.02296447753906
115.22150421142578
101.5773696899414
138.2589111328125
71.90262603759766
120.03921508789062
188.3891143798828
66.68910217285156
167.02102661132812
71.32686614990234
85.30069732666016
103.27904510498047
260.7474365234375
101.85401153564453
98.09187316894531
93.36573028564453
119.15725708007812
256.60125732421875
115.85090637207031
69.59612274169922
87.93222045898438
135.74197387695312
200.92848205566406
152.58058166503906
122.62297058105469
265.9515380859375
71.21394348144531
132.4423828125
159.69671630859375
101.88101959228516
80.18305969238281
377.3103332519531
65.74199676513672
263.2434387207031
169.866943359375
104.73783874511719
91.4039077758789
148.35414123535156
105.3796615600586
150.6658172607422
107.64427185058594
137.0529327392578
73.84866333007812
69.10107421875
219.6413116455078
288.2238464355469
196.74229431152344
177.3736114501953
314.1217956542969
94.06949615478516
73.35142517089844
89.5890121459961
70.36932373046875
73.13368225097656
161.26092529296875
78.22318267822266
78.84528350830078
269.13238525390625
64.30376434326172
91.19354248046875
257.7556457519531
73.48249053955078
91.59689331054688
135.72079467773438
208.07276916503906
82.72564697265625
86.19660949707031
199.48863220214844
120.90410614013672
125.40103912353516
147.4787139892578
118.57072448730469
118.09080505371094
187.37115478515625
250.27261352539062
160.0802459716797
130.05740356445312
120.1329116821289
88.11603546142578
123.68073272705078
119.28031158447266
144.12588500976562
78.96192169189453
80.38732147216797
204.0182647705078
187.0037841796875
121.4925765991211
71.4107437133789
195.66860961914062
170.91441345214844
193.41529846191406
127.46536254882812
82.80970764160156
161.67501831054688
87.08585357666016
168.0194091796875
147.37571716308594
83.96361541748047
167.37588500976562
116.22710418701172
146.88050842285156
99.7020492553711
109.31230926513672
219.40452575683594
210.60792541503906
128.11990356445312
269.23492431640625
68.56216430664062
135.4163055419922
147.92962646484375
83.9134292602539
77.0869140625
85.224609375
216.3733673095703
89.6617202758789
65.72596740722656
225.62661743164062
120.51021575927734
153.1931915283203
69.77249908447266
101.65380859375
88.79774475097656
92.54151153564453
103.54215240478516
83.10285186767578
278.8924865722656
119.90575408935547
126.77716827392578
103.26439666748047
432.429931640625
150.6174774169922
73.6848373413086
103.76832580566406
80.75000762939453
69.69477844238281
82.55316925048828
595.5656127929688
73.48316955566406
217.656494140625
92.1860122680664
124.541748046875
126.92021179199219
139.0355224609375
102.64986419677734
101.54012298583984
149.1523895263672
93.57830047607422
114.8800048828125
124.48728942871094
68.32333374023438
96.55237579345703
100.3282470703125
78.54491424560547
101.78697204589844
77.9137191772461
110.99190521240234
80.02164459228516
71.9042739868164
206.41651916503906
125.25296020507812
128.32823181152344
83.69214630126953
86.7092514038086
60.10148620605469
290.6625061035156
172.05967712402344
94.74268341064453
88.51057434082031
89.12361145019531
84.07076263427734
709.6865234375
264.5335388183594
214.52920532226562
254.4654541015625
119.17092895507812
132.75184631347656
156.18666076660156
158.66319274902344
122.06803894042969
164.14813232421875
79.1822738647461
211.17359924316406
125.76306915283203
84.83206176757812
79.6641616821289
88.16987609863281
93.30807495117188
102.72403717041016
140.85105895996094
91.99259948730469
88.89002990722656
123.37505340576172
77.79474639892578
96.36848449707031
82.1739273071289
438.8888244628906
119.66280364990234
78.66084289550781
103.58739471435547
73.45291137695312
117.52728271484375
93.22113800048828
221.37051391601562
87.05504608154297
61.154869079589844
72.72505187988281
151.12538146972656
94.78077697753906
78.312744140625
158.53932189941406
64.0112533569336
261.7983093261719
123.88530731201172
107.29904174804688
85.11766815185547
79.06029510498047
163.23342895507812
74.24393463134766
68.76531982421875
66.13921356201172
75.29247283935547
102.02055358886719
169.4123077392578
96.6371078491211
69.15544891357422
121.49890899658203
94.90633392333984
71.90203857421875
171.09381103515625
88.5675048828125
105.11341857910156
63.39693832397461
72.3760986328125
186.31405639648438
59.95488357543945
99.9570083618164
118.28353881835938
116.6399917602539
216.7205352783203
92.34916687011719
77.62135314941406
93.6145248413086
116.50750732421875
155.12698364257812
68.5216064453125
76.27484893798828
126.86185455322266
168.4739532470703
317.6327819824219
79.66159057617188
153.058837890625
140.8671112060547
118.82103729248047
127.15646362304688
63.270816802978516
82.82879638671875
140.19969177246094
114.12086486816406
267.4845886230469
86.6717758178711
95.8497314453125
82.00391387939453
155.1703643798828
162.61529541015625
385.2792663574219
90.00648498535156
63.138160705566406
142.95162963867188
122.39739990234375
67.58179473876953
357.414306640625
139.54019165039062
74.39702606201172
103.46682739257812
86.57833862304688
198.9815216064453
219.29957580566406
129.972412109375
103.07559967041016
98.60890197753906
69.55208587646484
138.19139099121094
80.29426574707031
145.05880737304688
102.77091217041016
65.81340789794922
126.81970977783203
171.25453186035156
100.6768798828125
57.09761428833008
106.22413635253906
91.85897827148438
162.13751220703125
162.5061492919922
116.405517578125
118.45564270019531
64.59831237792969
93.54952239990234
109.94178771972656
108.11198425292969
383.6720886230469
68.64319610595703
149.7239532470703
83.20906829833984
110.87711334228516
108.75814819335938
217.47769165039062
54.77325439453125
227.6307373046875
74.66888427734375
210.55677795410156
131.1710662841797
163.10865783691406
103.05973052978516
162.5724334716797
123.91939544677734
78.27633666992188
227.7032928466797
88.66261291503906
84.02313232421875
106.26007843017578
140.57447814941406
65.60345458984375
104.50323486328125
121.65357208251953
91.26409149169922
101.425048828125
106.71614837646484
78.36125183105469
94.81462860107422
73.8189926147461
120.03516387939453
71.73831176757812
108.74993896484375
159.819091796875
132.6116180419922
75.13638305664062
98.81871795654297
77.16631317138672
113.9459457397461
97.10745239257812
248.6544647216797
141.67735290527344
141.39503479003906
141.1513214111328
80.28028106689453
106.59124755859375
178.55343627929688
113.36074829101562
212.1724853515625
302.4527282714844
78.7787094116211
164.225341796875
88.86746978759766
60.1767692565918
106.64348602294922
352.6166076660156
69.13202667236328
88.31437683105469
62.939815521240234
354.7564392089844
60.3478889465332
61.167022705078125
123.10702514648438
227.3961639404297
90.8785171508789
76.8796615600586
142.52264404296875
269.102783203125
118.24279022216797
183.3645477294922
263.6361083984375
127.97520446777344
100.68653106689453
54.735076904296875
58.050392150878906
94.49674987792969
62.76871109008789
99.8272476196289
100.59576416015625
70.2578353881836
122.7301025390625
114.20626831054688
122.63394927978516
95.02935028076172
82.51740264892578
131.3154754638672
129.89852905273438
87.71998596191406
98.70354461669922
86.4586181640625
138.96449279785156
111.57575225830078
73.12940979003906
96.31221771240234
129.32582092285156
111.41637420654297
108.66187286376953
65.06594848632812
146.87918090820312
105.23943328857422
79.11190795898438
77.88511657714844
137.9447784423828
98.56893920898438
88.71290588378906
78.17823791503906
138.86842346191406
118.23974609375
72.63034057617188
94.58015441894531
102.96163177490234
113.0797119140625
108.8011474609375
110.00369262695312
85.01237487792969
91.86223602294922
107.26325225830078
134.8690185546875
62.36192321777344
88.0636215209961
482.6650085449219
121.28356170654297
127.41361236572266
120.42529296875
99.8852310180664
72.69377899169922
108.88722229003906
136.80990600585938
84.32711791992188
105.11386108398438
84.24578857421875
79.37484741210938
132.54803466796875
124.25421905517578
184.39088439941406
86.57221984863281
234.2542266845703
216.4934539794922
91.53597259521484
293.756591796875
60.58068084716797
99.67416381835938
230.1778564453125
86.36095428466797
65.69261169433594
127.75182342529297
212.59896850585938
71.5900650024414
80.6856689453125
121.85090637207031
71.78060150146484
80.03905487060547
150.30136108398438
543.69775390625
86.95718383789062
68.67498016357422
233.9881134033203
149.36550903320312
121.6737289428711
68.8156967163086
55.863773345947266
211.2028045654297
111.2531967163086
237.83181762695312
267.0802307128906
132.71212768554688
239.51980590820312
111.43047332763672
71.73815155029297
59.65275192260742
69.59709167480469
76.63297271728516
86.64434814453125
95.90184783935547
94.8488998413086
125.30766296386719
135.95852661132812
92.52338409423828
72.26689147949219
83.74486541748047
227.63697814941406
73.70183563232422
86.2005615234375
475.42529296875
123.6738510131836
63.9849739074707
63.17044448852539
259.1026306152344
57.87742614746094
284.7857360839844
79.62831115722656
80.81775665283203
91.95106506347656
147.90516662597656
300.20587158203125
95.35572814941406
96.53311920166016
138.13784790039062
72.4651870727539
187.1798553466797
79.31293487548828
135.44151306152344
125.82994842529297
136.01698303222656
451.7364501953125
94.36984252929688
68.07356262207031
133.46405029296875
120.77217864990234
88.02860260009766
80.57173919677734
100.22354888916016
153.11178588867188
87.61221313476562
87.08038330078125
63.40585708618164
182.61712646484375
73.38783264160156
84.46005249023438
151.92724609375
76.87873840332031
143.433349609375
106.14134979248047
57.31102752685547
183.0034942626953
247.10824584960938
116.13896179199219
122.15492248535156
57.750465393066406
78.92890930175781
79.17835998535156
59.39162826538086
89.60508728027344
101.13970947265625
244.98085021972656
79.66322326660156
160.12765502929688
224.4990692138672
74.80113220214844
124.23141479492188
131.7424774169922
100.1190185546875
89.3077163696289
177.18055725097656
208.95957946777344
400.2941589355469
121.17823791503906
68.08467864990234
118.63867950439453
126.09059143066406
65.54827117919922
225.08433532714844
139.70277404785156
154.3260498046875
84.20075988769531
51.188594818115234
173.7809295654297
85.86319732666016
80.54898071289062
204.16561889648438
164.24111938476562
54.30928421020508
130.1123504638672
152.17068481445312
71.61743927001953
136.53021240234375
131.65689086914062
161.28897094726562
111.1213607788086
99.06464385986328
89.94605255126953
55.86054611206055
77.4351806640625
124.80247497558594
86.09468841552734
140.73936462402344
104.95536041259766
107.02278900146484
180.7592010498047
71.76775360107422
56.27421569824219
122.24366760253906
145.3837890625
207.9981689453125
78.10203552246094
185.8660888671875
143.16998291015625
83.60330200195312
287.1825866699219
185.25894165039062
160.3794708251953
104.67240142822266
86.18817138671875
62.76180648803711
121.8643569946289
61.93378829956055
84.40039825439453
163.7471923828125
113.68289947509766
84.26799011230469
94.51123046875
89.59746551513672
75.20713806152344
132.56793212890625
72.22622680664062
60.860172271728516
119.7367172241211
63.51360321044922
63.15292739868164
211.36141967773438
60.81161117553711
93.23052215576172
62.0098991394043
118.54901885986328
194.77671813964844
52.578590393066406
90.29915618896484
107.9095230102539
61.72294235229492
400.39794921875
90.56968688964844
53.58210754394531
111.48200988769531
94.25634765625
146.52783203125
52.430782318115234
121.33554077148438
134.41677856445312
63.07023239135742
70.04635620117188
142.94068908691406
126.46391296386719
79.56977844238281
80.54150390625
301.0460205078125
100.53008270263672
167.37326049804688
123.24317932128906
94.83618927001953
107.62705993652344
79.11138916015625
62.957847595214844
109.91952514648438
213.44406127929688
146.4147491455078
102.01683044433594
76.59591674804688
148.5758514404297
79.88079833984375
86.41535186767578
65.25852966308594
111.46299743652344
96.24886322021484
114.21495056152344
92.20162200927734
101.4593505859375
96.06758117675781
112.9352035522461
87.34947204589844
86.15338134765625
146.5903778076172
96.75031280517578
67.27705383300781
85.89584350585938
142.7981414794922
143.56761169433594
62.515167236328125
63.57368469238281
106.26422119140625
164.96820068359375
76.83917236328125
66.27018737792969
73.67935180664062
213.37771606445312
78.55270385742188
386.73028564453125
126.77418518066406
163.83938598632812
184.1879119873047
68.5717544555664
53.72541809082031
122.99815368652344
89.46885681152344
62.82935333251953
68.73838806152344
75.24516296386719
198.11036682128906
70.41517639160156
63.521636962890625
78.68762969970703
102.32818603515625
54.562957763671875
67.88040924072266
52.694725036621094
145.572509765625
72.47288513183594
56.69589614868164
110.59130859375
77.72432708740234
88.4627685546875
67.88084411621094
54.728580474853516
238.5304718017578
53.162967681884766
74.58473205566406
116.0451889038086
121.6206283569336
71.17719268798828
113.1480941772461
274.2350158691406
102.57890319824219
62.65192413330078
53.455928802490234
72.28352355957031
65.14360046386719
62.99354553222656
113.48934936523438
155.67935180664062
48.371849060058594
82.6048355102539
77.0174560546875
68.55656433105469
80.16729736328125
207.48165893554688
104.64393615722656
64.26815795898438
48.74435043334961
77.42045593261719
65.75940704345703
255.19631958007812
58.67311096191406
88.5617904663086
104.91431427001953
53.98948287963867
60.919105529785156
63.7832145690918
77.73939514160156
113.52135467529297
78.2252426147461
139.85818481445312
73.22545623779297
81.5656509399414
98.6917495727539
281.9808044433594
65.22314453125
153.8103790283203
153.92735290527344
121.31495666503906
75.50102996826172
183.85317993164062
189.77938842773438
69.8768539428711
80.21468353271484
96.54964447021484
198.34188842773438
104.24871826171875
55.47420883178711
68.70284271240234
85.95860290527344
78.02223205566406
76.50827026367188
67.92398834228516
280.9291687011719
67.95024108886719
230.88307189941406
83.73593139648438
170.74700927734375
88.83283996582031
92.06310272216797
89.49198913574219
78.99027252197266
89.34283447265625
62.38035583496094
82.97651672363281
60.9355583190918
66.61957550048828
57.67560958862305
53.483604431152344
186.63796997070312
56.2994499206543
54.159271240234375
193.64498901367188
58.1787109375
185.7653045654297
50.89909744262695
62.71853256225586
64.7948989868164
59.264286041259766
50.27504348754883
51.48351287841797
65.91960906982422
116.4468765258789
56.64313888549805
133.77081298828125
138.087646484375
76.27960968017578
74.02843475341797
112.81969451904297
120.80685424804688
71.67372131347656
45.54100036621094
53.55847930908203
100.55924224853516
117.49527740478516
96.47284698486328
138.2494659423828
107.75934600830078
59.73832321166992
125.31023406982422
59.61140441894531
197.17562866210938
111.46820831298828
144.11915588378906
101.84650421142578
156.5887451171875
57.26571273803711
97.2949447631836
141.80154418945312
77.7589111328125
54.4700813293457
67.9395980834961
51.396446228027344
57.475494384765625
80.72452545166016
287.217529296875
98.64176177978516
96.11573028564453
179.81881713867188
120.70416259765625
117.31173706054688
65.86177825927734
64.18518829345703
259.1294250488281
58.14683151245117
163.9710235595703
113.26534271240234
84.33564758300781
74.12349700927734
235.3176727294922
216.59727478027344
341.769287109375
109.14249420166016
312.24322509765625
64.06748962402344
60.58525848388672
355.9659118652344
76.33362579345703
67.82962799072266
66.26338958740234
61.78926086425781
82.1565170288086
110.77236938476562
45.93222427368164
88.78992462158203
188.88052368164062
100.88621520996094
149.4139404296875
56.993682861328125
53.2050666809082
79.82861328125
82.58344268798828
95.3260498046875
73.35294342041016
272.7301940917969
93.32875061035156
119.39161682128906
371.2767639160156
55.45025634765625
102.41801452636719
80.60951232910156
151.73577880859375
106.14551544189453
59.05152130126953
73.53521728515625
61.49700927734375
109.62812805175781
54.26786422729492
92.67591094970703
90.81140899658203
147.16542053222656
204.59165954589844
97.47957611083984
128.66806030273438
50.888187408447266
102.07408905029297
71.00076293945312
125.24156951904297
140.15225219726562
48.22265625
118.41735076904297
73.64982604980469
83.79267883300781
46.500431060791016
56.73921585083008
99.41632080078125
89.56049346923828
128.87303161621094
69.37554168701172
252.39906311035156
135.61361694335938
77.41236114501953
141.87115478515625
259.3018493652344
76.40890502929688
108.0019760131836
136.22865295410156
121.08354187011719
48.80073928833008
56.327152252197266
66.2598648071289
71.38418579101562
44.729820251464844
121.5351791381836
73.47522735595703
83.87931823730469
62.78676223754883
136.65228271484375
53.10407638549805
114.98694610595703
48.77339553833008
164.29486083984375
53.36394500732422
94.7887191772461
54.95774459838867
57.373504638671875
209.7943878173828
50.96635437011719
46.12833023071289
69.98860168457031
54.058921813964844
61.29118728637695
44.435062408447266
69.48573303222656
43.50431442260742
114.35282135009766
43.587894439697266
42.80019760131836
65.01892852783203
71.54402923583984
158.25045776367188
78.00666046142578
92.70609283447266
69.74906921386719
51.16069030761719
63.225791931152344
47.64235305786133
46.758792877197266
90.19084930419922
72.21575927734375
339.1360168457031
241.30657958984375
75.26014709472656
46.90915298461914
153.68710327148438
57.650081634521484
85.53377532958984
72.31336212158203
48.36976623535156
106.04647827148438
99.73180389404297
85.5495376586914
48.43022537231445
40.87331771850586
117.1495132446289
185.4603271484375
185.71121215820312
171.709228515625
41.68327331542969
108.33552551269531
62.02093505859375
62.9991569519043
106.19171142578125
85.32392120361328
43.96467208862305
55.54429626464844
74.44862365722656
58.886417388916016
45.306888580322266
69.4663314819336
90.59577941894531
52.74271011352539
71.43711853027344
99.2781982421875
60.28193664550781
78.9298095703125
61.56231689453125
95.58959197998047
48.21659851074219
61.44630432128906
83.93751525878906
146.60968017578125
125.60380554199219
55.17198944091797
95.80558013916016
43.271202087402344
48.145599365234375
165.66078186035156
88.60266876220703
98.8917236328125
79.11111450195312
248.34878540039062
107.58094024658203
46.45500183105469
82.86862182617188
77.88459777832031
60.592681884765625
88.74906158447266
106.5809555053711
108.66088104248047
108.6384048461914
57.60744857788086
112.67955780029297
169.02191162109375
55.59290313720703
48.063812255859375
44.55881118774414
66.61601257324219
155.67454528808594
45.18751525878906
61.11794662475586
45.164398193359375
106.84729766845703
39.82963180541992
112.78266143798828
76.75867462158203
48.47235870361328
106.58672332763672
48.555416107177734
47.70270919799805
97.17266082763672
75.49932861328125
84.91083526611328
54.72883987426758
69.22826385498047
63.81596374511719
50.21072006225586
79.07308197021484
156.07864379882812
200.6862030029297
63.79609298706055
110.21697998046875
65.7967529296875
78.81011962890625
144.15818786621094
130.2821502685547
73.8377685546875
66.0244369506836
57.63742446899414
139.3702392578125
60.7226448059082
46.37223815917969
165.91261291503906
44.28784942626953
91.60272979736328
47.75759506225586
142.06895446777344
142.48513793945312
40.87809753417969
91.04598999023438
36.93808364868164
81.88064575195312
128.35072326660156
46.79225158691406
34.7606315612793
48.053871154785156
79.79694366455078
37.835731506347656
83.90254974365234
88.23939514160156
78.61659240722656
81.08167266845703
39.90665817260742
40.662723541259766
179.84988403320312
75.20880889892578
52.54536437988281
207.53314208984375
40.28392028808594
50.01425552368164
69.39878845214844
153.36322021484375
136.17547607421875
52.15316390991211
116.29148864746094
134.70562744140625
52.62871170043945
71.1002197265625
55.60737228393555
130.233642578125
39.41893768310547
184.51829528808594
93.31294250488281
52.027801513671875
91.90775299072266
85.42138671875
131.06735229492188
408.21466064453125
55.0169563293457
50.43349838256836
55.35286331176758
52.154300689697266
46.43527603149414
93.88463592529297
131.30393981933594
74.22749328613281
112.67469024658203
57.6025276184082
47.29370880126953
53.00630569458008
42.45523452758789
49.74067687988281
39.882389068603516
83.33688354492188
55.41141891479492
90.61846160888672
58.33463668823242
70.11983489990234
47.608421325683594
76.71192169189453
104.79234313964844
44.40650177001953
152.6662139892578
85.7674789428711
59.79513931274414
215.6954345703125
63.19607925415039
56.64435958862305
46.92511749267578
40.940093994140625
53.08601760864258
48.17958450317383
86.31958770751953
73.4571533203125
67.24818420410156
52.5181999206543
96.87340545654297
87.8125991821289
149.8028564453125
53.08992385864258
56.354270935058594
42.97650146484375
82.5206069946289
41.12790298461914
124.40179443359375
63.32622146606445
93.8887710571289
70.739501953125
49.962379455566406
52.9332160949707
205.8358154296875
86.62672424316406
42.72566604614258
49.907745361328125
60.30523681640625
127.8565444946289
133.32777404785156
60.68437957763672
45.45627975463867
61.548667907714844
186.193115234375
107.12367248535156
38.077880859375
43.52108383178711
45.649391174316406
54.653385162353516
42.42661666870117
39.37010192871094
112.36731719970703
40.83510971069336
75.29454040527344
82.9364242553711
108.07918548583984
131.069091796875
75.58698272705078
45.55821228027344
45.71216583251953
129.8872833251953
55.511653900146484
39.233463287353516
251.9405059814453
48.90525817871094
46.143531799316406
42.13163757324219
39.61811065673828
327.8594970703125
102.91307067871094
39.82600021362305
38.535919189453125
49.37269973754883
95.6185073852539
40.31095504760742
101.31202697753906
71.70527648925781
377.3130187988281
35.79021072387695
232.4609375
122.70800018310547
63.97076416015625
131.53514099121094
69.50030517578125
78.97948455810547
72.85826873779297
374.5367736816406
42.411346435546875
36.78219985961914
44.37568664550781
411.9838562011719
40.898460388183594
35.09767532348633
46.51782989501953
41.37936019897461
57.868995666503906
131.96034240722656
85.06420135498047
83.11962127685547
56.51668167114258
139.64540100097656
75.36015319824219
65.32185363769531
55.44413757324219
41.39396667480469
61.30107116699219
100.52703857421875
266.6303405761719
52.254127502441406
81.63874816894531
44.99887466430664
44.892757415771484
66.99240112304688
79.43490600585938
123.6734848022461
74.7507553100586
115.95489501953125
112.23612213134766
70.60649871826172
94.19437408447266
58.88983917236328
74.55911254882812
283.82366943359375
90.87921142578125
54.49751281738281
121.2504653930664
89.25591278076172
227.28733825683594
82.65845489501953
58.80696487426758
80.63491821289062
94.14627838134766
107.91127014160156
122.89483642578125
61.549415588378906
266.41162109375
44.015419006347656
49.060455322265625
93.39252471923828
51.265846252441406
56.5165901184082
37.8460807800293
42.86545944213867
51.53301239013672
175.20724487304688
62.877540588378906
40.8056526184082
42.94556427001953
149.76333618164062
42.28199768066406
71.64775085449219
109.19434356689453
42.989749908447266
43.371070861816406
94.36227416992188
62.16083526611328
378.9318542480469
39.593570709228516
72.39258575439453
82.60079956054688
141.89639282226562
51.64628982543945
87.4406967163086
65.60588073730469
39.480594635009766
37.99835968017578
115.30052185058594
94.14118957519531
153.5412139892578
99.88204956054688
95.06924438476562
59.56221389770508
43.33633804321289
70.54566192626953
73.83102416992188
132.1216583251953
141.14056396484375
82.25564575195312
74.61708068847656
34.3809814453125
100.65128326416016
115.5398941040039
70.77320098876953
130.88107299804688
47.64765167236328
204.6268310546875
128.90301513671875
153.92259216308594
50.00366973876953
43.626747131347656
60.42393112182617
55.82173538208008
107.8697738647461
55.27377700805664
72.6235580444336
458.91522216796875
43.39179992675781
113.99163818359375
170.68116760253906
64.15091705322266
140.54296875
77.30360412597656
99.48184204101562
585.534912109375
139.8639678955078
250.3552703857422
61.65165710449219
120.8257827758789
107.25907135009766
47.81032943725586
56.32661437988281
79.01521301269531
53.04905319213867
253.9373779296875
165.2469940185547
92.82137298583984
166.1190643310547
78.96882629394531
149.0857391357422
75.20343017578125
127.83387756347656
70.45524597167969
94.8174819946289
107.85780334472656
50.19855499267578
593.0261840820312
225.51022338867188
48.469520568847656
41.534175872802734
77.1585464477539
36.87447738647461
244.57582092285156
60.66353225708008
166.9349822998047
45.47627639770508
123.23478698730469
213.81808471679688
53.10773468017578
39.272216796875
136.43568420410156
35.936729431152344
57.051876068115234
38.43983840942383
69.33760833740234
49.50222396850586
65.02037048339844
63.018333435058594
57.52518081665039
53.06696319580078
70.79802703857422
41.396568298339844
143.1591339111328
112.40773010253906
166.0862579345703
94.44281005859375
46.01830291748047
68.52980041503906
63.43403244018555
176.88327026367188
58.249725341796875
33.97700881958008
43.19002151489258
132.265625
109.67129516601562
185.80128479003906
34.209068298339844
66.99999237060547
110.7574691772461
86.84590148925781
76.9448013305664
174.23704528808594
271.0180358886719
63.97163772583008
92.51070404052734
58.30766677856445
167.04287719726562
168.55813598632812
42.8170166015625
31.856847763061523
35.23175048828125
47.428836822509766
89.49720764160156
39.8265266418457
48.34221649169922
56.594722747802734
248.9139404296875
161.16868591308594
39.351070404052734
47.21123504638672
51.49424743652344
179.01852416992188
34.358272552490234
85.72419738769531
36.994300842285156
43.59612274169922
40.61591339111328
98.27921295166016
58.86789321899414
73.15935516357422
48.96066665649414
108.536376953125
182.94468688964844
47.10090255737305
47.135921478271484
45.31165313720703
33.503944396972656
41.60142517089844
96.13224029541016
35.124786376953125
72.85105895996094
187.67828369140625
53.2048454284668
85.31265258789062
32.31965255737305
32.39665603637695
59.08429718017578
33.8154182434082
144.7240447998047
185.81845092773438
65.4993667602539
208.1171417236328
41.63043212890625
368.9439697265625
98.4402084350586
165.26889038085938
135.1104736328125
84.01080322265625
75.14395904541016
70.32354736328125
75.30992889404297
109.81856536865234
74.21721649169922
40.74698257446289
131.37339782714844
38.95836639404297
96.30255889892578
133.0832977294922
93.75611877441406
214.4178009033203
47.43312454223633
103.05078125
47.99977493286133
118.08478546142578
43.260345458984375
154.21588134765625
59.74700927734375
175.66644287109375
137.48240661621094
33.39124298095703
77.9489974975586
36.97997283935547
39.34892272949219
106.36601257324219
187.1075439453125
82.1387939453125
46.48777770996094
41.69602584838867
47.87708282470703
46.43632507324219
120.32194519042969
130.4189453125
38.20728302001953
32.08611297607422
84.02433776855469
42.43721389770508
78.84537506103516
42.704105377197266
34.99212646484375
235.17347717285156
390.9915771484375
37.899566650390625
63.11476135253906
58.217952728271484
41.38901901245117
55.2620849609375
164.79518127441406
48.33597946166992
156.76290893554688
89.86866760253906
46.721107482910156
47.60123825073242
98.48560333251953
72.355712890625
144.8460693359375
77.11837768554688
53.458988189697266
46.86742401123047
163.6212921142578
44.90314865112305
85.23526000976562
45.23661804199219
46.389190673828125
43.61053466796875
48.30136489868164
201.48204040527344
103.04866790771484
37.97178649902344
42.399715423583984
85.60859680175781
50.14208221435547
99.33414459228516
113.65013122558594
50.54532241821289
39.444183349609375
56.825340270996094
39.928348541259766
38.016578674316406
53.4117546081543
39.968997955322266
55.04902648925781
41.93871307373047
39.33286666870117
39.910987854003906
88.56407165527344
87.3873519897461
47.40522003173828
44.102203369140625
38.03617477416992
58.87981414794922
53.548072814941406
98.03339385986328
46.062992095947266
46.28338623046875
42.6099739074707
79.12732696533203
98.8936767578125
38.491878509521484
196.55853271484375
46.38758087158203
42.22903823852539
46.847904205322266
33.52646255493164
33.330810546875
82.47406768798828
342.9048767089844
39.93792724609375
45.104610443115234
40.41461181640625
47.207035064697266
140.45191955566406
130.32054138183594
67.12442016601562
51.27101516723633
94.13367462158203
33.641361236572266
146.87022399902344
144.1929931640625
87.14347076416016
41.73341369628906
87.5456771850586
234.47337341308594
70.23368835449219
53.47037887573242
62.10306167602539
53.189476013183594
32.99600601196289
86.5954360961914
63.09561538696289
120.99073791503906
105.91624450683594
72.68773651123047
88.2032470703125
33.67430114746094
50.712562561035156
442.6418762207031
38.177391052246094
64.45228576660156
239.55723571777344
116.93791198730469
89.51093292236328
103.38916015625
42.37208557128906
36.07157897949219
243.41058349609375
310.52862548828125
102.80570220947266
225.1201629638672
204.9609375
74.56916809082031
68.98731231689453
255.44998168945312
64.88124084472656
56.24909973144531
65.92325592041016
122.55840301513672
209.3137664794922
56.22243118286133
93.39817810058594
41.41364669799805
86.70845031738281
44.63886260986328
60.28955841064453
70.35176849365234
44.62030792236328
73.83475494384766
49.515106201171875
47.928436279296875
51.619319915771484
43.39338684082031
40.24099349975586
59.581024169921875
51.01082992553711
102.85687255859375
78.90072631835938
66.69998168945312
70.100830078125
127.19020080566406
92.65918731689453
54.17073059082031
39.44129180908203
41.71745681762695
139.44186401367188
164.32373046875
42.031410217285156
57.99229049682617
218.3804168701172
54.515106201171875
104.75798797607422
30.601362228393555
150.22894287109375
181.5825653076172
35.715877532958984
74.53413391113281
174.63735961914062
42.92206573486328
49.397552490234375
35.52226257324219
87.7874526977539
422.83929443359375
76.52664947509766
91.03653717041016
31.70345115661621
57.996028900146484
128.90887451171875
45.38197708129883
79.4333267211914
69.38739776611328
63.95769119262695
34.43777084350586
81.33558654785156
46.155494689941406
71.30964660644531
30.8316593170166
79.01019287109375
246.97198486328125
44.94333267211914
62.0203742980957
40.787147521972656
55.368656158447266
40.201751708984375
84.13151550292969
172.478515625
34.74995803833008
57.96426773071289
57.490116119384766
54.89692687988281
89.20600891113281
182.13441467285156
80.61261749267578
89.41017150878906
60.09004211425781
50.864898681640625
100.65708923339844
176.91287231445312
157.56402587890625
62.87984085083008
60.111610412597656
38.31373596191406
39.93328094482422
36.00532913208008
37.131874084472656
194.23696899414062
195.23297119140625
33.02347946166992
106.1476058959961
41.72426223754883
36.5621337890625
79.45375061035156
73.56751251220703
45.04893112182617
96.78378295898438
126.78999328613281
67.10887145996094
87.94945526123047
39.453582763671875
90.76000213623047
53.62228012084961
40.5681266784668
55.49423599243164
27.893524169921875
46.264984130859375
46.814170837402344
130.2788848876953
40.7810173034668
39.86731719970703
139.61444091796875
117.49845886230469
32.87071990966797
73.1810302734375
28.82270622253418
61.67245864868164
30.703868865966797
29.82194709777832
62.057151794433594
45.29888916015625
74.10488891601562
74.37010955810547
39.08378982543945
30.47870445251465
34.92606735229492
121.81112670898438
36.47195816040039
123.85646057128906
58.359466552734375
60.92149353027344
49.35342788696289
92.85951232910156
277.2381591796875
99.03046417236328
35.64088439941406
38.7138671875
102.84617614746094
78.22566223144531
36.13671875
25.88214874267578
25.863826751708984
29.881681442260742
31.830482482910156
34.03866195678711
30.96224594116211
117.68865203857422
77.95155334472656
124.84156036376953
90.79759979248047
48.27720260620117
156.3708038330078
193.8213653564453
86.39655303955078
242.6612548828125
119.39614868164062
31.0200138092041
67.06278228759766
44.42863082885742
46.05305862426758
43.614646911621094
184.93682861328125
100.30549621582031
63.11774826049805
32.79347229003906
154.8043670654297
54.93938446044922
30.745363235473633
58.03657531738281
62.130977630615234
42.7139892578125
35.83900833129883
49.06798553466797
29.769454956054688
62.69525146484375
67.7054443359375
98.40882873535156
97.99950408935547
37.42499923706055
31.73157501220703
57.08898162841797
80.25244140625
44.73687744140625
216.644287109375
32.75383758544922
40.12113571166992
48.920433044433594
41.175254821777344
28.47964096069336
39.00200653076172
130.5040740966797
55.449462890625
49.877418518066406
113.6475830078125
122.03492736816406
123.95445251464844
93.36544036865234
70.10448455810547
44.921783447265625
38.67186737060547
132.3982391357422
58.5206413269043
278.368408203125
67.63946533203125
40.49504089355469
77.09906005859375
118.45242309570312
201.87432861328125
96.85201263427734
30.178253173828125
69.99920654296875
43.574092864990234
76.40364837646484
36.46900177001953
28.16192626953125
50.872684478759766
237.78343200683594
29.64017105102539
39.930301666259766
36.88285446166992
66.87403869628906
32.52259063720703
29.628250122070312
72.81024932861328
379.37237548828125
123.00806427001953
142.84307861328125
31.620147705078125
127.05250549316406
166.70021057128906
97.16690063476562
139.5395050048828
325.45770263671875
109.06536865234375
88.3752212524414
43.013397216796875
39.46919631958008
71.50911712646484
52.28130340576172
155.55860900878906
68.6764907836914
82.05084228515625
33.08312225341797
170.3603515625
95.5372085571289
42.967044830322266
93.62052154541016
43.27524948120117
82.854736328125
48.407657623291016
91.82942199707031
43.55238723754883
35.97936248779297
31.84769630432129
40.11231231689453
37.84491729736328
27.266267776489258
51.37882995605469
56.77942657470703
34.68791961669922
35.510066986083984
158.90115356445312
32.555870056152344
40.51137924194336
31.416358947753906
32.8284797668457
102.86439514160156
52.305355072021484
51.214298248291016
53.96547317504883
219.77911376953125
94.38560485839844
121.77825927734375
50.74108123779297
31.626361846923828
67.20268249511719
54.20922088623047
233.31094360351562
79.557861328125
159.85633850097656
31.75961685180664
33.18855667114258
38.605350494384766
318.7944030761719
34.739437103271484
30.005847930908203
121.82305145263672
45.571693420410156
147.02764892578125
64.37391662597656
162.79571533203125
54.1283073425293
45.97487258911133
93.42433166503906
125.26193237304688
194.0415802001953
110.97461700439453
49.203285217285156
60.02128982543945
30.761384963989258
122.3293685913086
43.294918060302734
35.1376953125
68.01210021972656
93.80902862548828
195.48251342773438
50.361785888671875
69.03226470947266
261.5562438964844
28.118423461914062
143.1847686767578
30.791973114013672
57.94040298461914
164.9866485595703
71.94203186035156
68.06835174560547
161.8920440673828
77.10142517089844
125.78036499023438
115.8480453491211
49.69169616699219
38.10152053833008
101.9485855102539
96.62124633789062
144.4413604736328
88.90937042236328
117.68743896484375
42.12427520751953
59.82639694213867
110.7961196899414
110.66963195800781
39.737518310546875
81.52641296386719
369.0985107421875
40.41327667236328
294.77862548828125
89.88294219970703
74.44731903076172
64.3156967163086
126.03206634521484
48.82229232788086
110.6773452758789
27.461185455322266
32.90983963012695
51.93873977661133
86.48492431640625
133.70159912109375
275.24334716796875
38.178916931152344
56.82774353027344
70.8636245727539
40.31926727294922
57.28794479370117
82.74972534179688
116.75213623046875
43.99216079711914
70.7843017578125
38.21139907836914
30.66216278076172
45.16115951538086
47.61922836303711
118.71781921386719
31.09454917907715
111.62504577636719
48.6273078918457
153.14552307128906
44.01350021362305
27.131074905395508
98.12335968017578
26.191957473754883
30.813934326171875
35.526756286621094
31.081655502319336
50.33012008666992
65.9432601928711
25.703081130981445
148.0470428466797
150.9861602783203
98.37876892089844
32.060604095458984
34.624969482421875
76.67310333251953
47.69678497314453
50.85871124267578
206.8275146484375
49.8749885559082
135.2588348388672
165.6360626220703
40.18185806274414
203.45823669433594
39.42987823486328
127.91846466064453
56.09327697753906
47.92989730834961
55.1031608581543
62.22653579711914
41.392635345458984
42.14122009277344
85.56423950195312
156.80032348632812
69.32806396484375
141.41004943847656
30.31024742126465
139.8035888671875
78.67533111572266
59.623409271240234
102.82362365722656
56.566070556640625
137.36566162109375
110.23323059082031
83.96492767333984
108.65251922607422
129.19100952148438
96.67723846435547
85.73361206054688
71.68678283691406
30.09977912902832
65.57992553710938
31.292949676513672
52.0950927734375
44.84892272949219
90.81879425048828
35.715789794921875
101.987548828125
43.86790084838867
344.7706604003906
34.443023681640625
30.01666831970215
80.18247985839844
69.59166717529297
68.89969635009766
57.212928771972656
36.35780334472656
38.250179290771484
180.95114135742188
60.12360382080078
221.06491088867188
38.39506530761719
74.9139175415039
51.846473693847656
41.11476516723633
343.9869079589844
32.6328010559082
27.58771324157715
77.29328918457031
125.63116455078125
37.067047119140625
93.36921691894531
48.47582244873047
145.7260284423828
30.264204025268555
40.54602813720703
51.51034927368164
39.2070426940918
45.148399353027344
80.2445068359375
53.536354064941406
119.62003326416016
42.91221618652344
152.50790405273438
52.4570426940918
152.66168212890625
88.16490936279297
135.98236083984375
35.955596923828125
43.06385040283203
100.34270477294922
295.273681640625
58.609893798828125
45.33591079711914
34.28111267089844
97.16464233398438
93.62765502929688
173.95619201660156
84.85104370117188
229.70211791992188
56.76905059814453
65.08602142333984
33.36536407470703
38.145748138427734
102.86901092529297
75.87860870361328
30.93119239807129
55.179656982421875
61.32117462158203
40.66919708251953
74.41667175292969
62.27393341064453
39.86180114746094
34.088401794433594
154.1724853515625
37.43054962158203
35.48300552368164
110.83671569824219
47.5787353515625
96.10002899169922
69.10713958740234
33.89200973510742
33.270076751708984
37.01958084106445
111.54004669189453
38.928001403808594
51.498870849609375
35.502315521240234
53.269100189208984
58.124000549316406
97.96295166015625
62.05877685546875
66.85604858398438
31.599151611328125
24.79981231689453
33.02866744995117
103.61708068847656
80.1041030883789
60.950199127197266
62.55127716064453
98.21114349365234
48.03322982788086
38.655067443847656
108.93106079101562
152.41629028320312
131.70082092285156
44.405029296875
96.12281799316406
149.8866729736328
43.15900802612305
46.189857482910156
63.37143325805664
98.97483825683594
51.13335037231445
42.327396392822266
180.830322265625
29.333267211914062
136.50430297851562
237.95623779296875
86.43997955322266
61.634735107421875
92.90026092529297
33.536598205566406
132.32334899902344
86.23037719726562
146.4128875732422
76.33480072021484
171.4591827392578
37.31372833251953
95.29840850830078
171.95457458496094
61.66912841796875
31.65935516357422
92.89138793945312
33.03152084350586
394.8430480957031
39.05855941772461
58.82749938964844
73.81040954589844
177.19964599609375
26.440942764282227
40.578773498535156
45.22380447387695
38.88154983520508
95.42637634277344
43.66884231567383
27.65083885192871
42.131526947021484
78.92085266113281
146.72525024414062
34.85332107543945
43.62971496582031
246.32191467285156
82.8254165649414
35.838714599609375
126.19100952148438
55.8597526550293
201.70291137695312
34.78490447998047
28.293067932128906
32.46885681152344
40.900516510009766
214.37840270996094
95.3465347290039
82.9140396118164
42.913509368896484
68.8169937133789
93.89492797851562
84.90536499023438
48.53398132324219
61.524818420410156
42.987518310546875
107.47660827636719
187.53952026367188
46.22710037231445
42.676883697509766
83.35063171386719
59.28702926635742
41.88825988769531
78.54222106933594
35.31012725830078
43.680362701416016
77.55121612548828
32.60580825805664
49.23966598510742
45.95951461791992
133.6602783203125
74.47802734375
60.97092056274414
210.4029541015625
85.9249038696289
75.0303726196289
35.01052474975586
95.8903579711914
29.836488723754883
40.50413513183594
42.23630905151367
71.6051254272461
39.833290100097656
179.53619384765625
43.64333724975586
45.879520416259766
75.03154754638672
121.25469207763672
178.72801208496094
158.41220092773438
177.51600646972656
30.902198791503906
43.48581314086914
67.89913177490234
46.89996337890625
90.63182830810547
34.50923156738281
119.88346099853516
31.49757957458496
52.77309799194336
28.31546974182129
121.60650634765625
61.64385223388672
35.30509567260742
154.8147735595703
113.11898040771484
264.98565673828125
65.24948120117188
35.921348571777344
106.01309967041016
391.64361572265625
56.91263961791992
201.15130615234375
88.56895446777344
22.645116806030273
51.83583450317383
