-221.59163302146948
-201.80878033856823
-213.57245110751927
-215.1138529120105
-214.6204359540587
-255.00245564556207
-228.68586273121358
-224.52092050337953
-214.9267416748691
-215.31087540190254
-260.7021610867778
-268.7116740742716
-227.89671884186032
-247.24443214637364
-244.67020144102105
-202.80532572235558
-240.2702290412558
-235.7260456650204
-232.18453979979392
-223.19857331443913
-221.24540080347478
-215.34120176917904
-223.11595546368613
-234.32030212644543
-234.9281496886252
-269.8172066286111
-244.26084736809386
-251.62423071333208
-197.64296209936333
-186.0375330874803
-263.47717996620247
-209.9666463769605
-207.7702298469681
-256.8400210342727
-222.73363859750097
-208.57847987876394
-235.62619010803195
-225.787332128696
-238.1491125540964
-222.4202895386011
-202.31346494115758
-214.44657255773942
-282.41793272893733
-225.21986252205255
-224.45450043328617
-220.87873079344658
-204.05604102403112
-244.980509069836
-204.81076247196495
-233.31957558132694
-241.85659122062765
-240.62792183928923
-250.66278498414889
-216.24368369895382
-261.601393375495
-249.4683351019721
-247.7069673982303
-210.05560033225785
-185.64766907520334
-205.21498748635582
-235.39881328973075
-227.57356834443146
-251.14792824529815
-201.9317584415757
-237.73747495679424
-259.55484089464215
-233.87438464613396
-243.62371719909322
-248.2909100377042
-238.21840825477202
-246.90191534447712
-235.32291727706263
-198.2384220617802
-216.14573982956964
-193.26654952210953
-227.1051439091798
-240.84831378738446
-207.94856541194235
-237.46115306289227
-228.5377852645118
-289.9647075508469
-281.8170174000752
-218.83787247880304
-231.56239640363214
-257.76470379994396
-254.24115944682254
-215.14190724874732
-226.45239051957077
-254.47937026142324
-272.85992020068613
-252.52010200116086
-249.19358083887445
-243.11945821787435
-248.136822877964
-254.60821721211585
-253.55900142047068
-290.55980871702025
-280.33381116035997
-252.2068262693721
-271.05356136765283
-250.31853832043356
-268.23936998915485
-293.9221168674537
-278.65153836397315
-290.85865802964753
-260.8445795389508
-243.56553260530907
-286.223815823515
-257.5767041876346
-271.63967255472437
-263.7334567279595
-281.8489117954781
-268.45382668542527
-268.4312705938794
-281.4212543193663
-281.9705152798154
-303.01335184863143
-296.2855083444555
-298.1045057670218
-275.53466624613395
-301.8487413469903
-273.57027772991717
-292.9369151962199
-282.5052697989589
-292.9991233282201
-301.0082776942655
-317.2989070742897
-286.81850369941014
-291.36568245370097
-317.2352663065556
-296.70284765392717
-344.4343197588121
-288.47687209596097
-320.016808795595
-308.99875199848435
-316.9965138734492
-277.3259574110348
-272.92619250400156
-308.20257245787843
-309.1768879157238
-284.4669021288496
-300.11913702936795
-283.0474966365002
-321.49520669668436
-287.397081412009
-285.5883913273981
-315.1995077796083
-284.9954390077045
-328.29992815603737
-311.38518562964913
-287.05997763761616
-298.33279012978363
-317.8937746520238
-283.21353286483384
-315.65140986038807
-300.5613353959412
-333.14393940408604
-308.66194542006644
-302.1066816473026
-323.830801541292
-321.02699154081216
-303.8364271967097
-338.4134178998015
-329.4626559609735
-332.63444559509327
-318.5015991002032
-315.5482481484951
-290.4577489231019
-320.9280648812732
-350.8362286560439
-289.68271392602765
-283.92676087188795
-273.3355476713282
-283.5424128813004
-297.90402616793585
-349.79341966267816
-259.564858790699
-322.84057213792653
-322.3306284268456
-329.44581445285326
-296.91779134991464
-321.6539193451664
-327.863391079621
-302.7837254225466
-335.59460205078574
-335.7592400564664
-333.71163735731176
-340.0911946473045
-313.53434592059114
-328.5320297017764
-287.6309153821112
-297.40482903197665
-343.89111118885455
-296.7039392949589
-330.62858540682885
-320.0425879751914
-330.5978152084855
-331.24536381595993
-319.7666481816288
-320.069014547476
-344.810164949177
-331.812474849393
-313.9639659591618
-305.5563432879495
-333.0851414990101
-322.63681079284584
-345.4840466016419
-339.35092061888963
-341.23005706513254
-337.18864736180893
-336.4155499170845
-358.81687907746704
-349.58195218563975
-330.82505302063475
-331.75991384340097
-344.76770937503386
-326.9281865134287
-312.3052689049315
-320.3476395823435
-326.3824751071768
-313.1615315499406
-315.42125685772805
-326.24088760453253
-309.44770775260054
-316.12017032628853
-331.91655018744285
-323.18616958194286
-317.87892048112593
-324.29072314096413
-284.38457081582385
-325.6311874385359
-302.55108314856886
-335.80106630730563
-306.36394807507946
-231.30133009506625
-331.1713551439927
-310.1563391679266
-339.26489082556986
-327.49979076534856
-298.6485255771904
-323.8372925269615
-336.43909397618387
-309.64959490522756
-300.29292051310205
-288.8272515845938
-292.6205746118858
-279.3751697890042
-312.7963202263523
-278.1583965773748
-315.6718262278504
-309.71277439606104
-305.5082221995774
-288.8892990544159
-320.89624038194745
-299.74619045132863
-326.05376833929006
-298.2809954585372
-314.98799166312364
-281.1447956594585
-330.4395766965067
-301.7950327319468
-310.77040595128926
-303.7232316468423
-333.0227967931264
-273.66852508331056
-301.2983843218693
-276.90270532910995
-312.30703385059456
-336.9120812690024
-344.1851993854393
-332.5489832361317
-319.3441573159991
-307.6785596782251
-342.3319463799522
-353.010529113869
-333.13697580016463
-344.4902465680452
-324.06715721620526
-320.5763253887544
-339.8348543760924
-365.2391069909247
-335.52296564019844
-321.24725437139466
-360.17008000750604
-334.31129957314914
-329.3048782516505
-354.13145899274156
-343.3712584027195
-312.1002113676049
-307.39033084915457
-355.99527199133865
-316.8912785283926
-326.96795306418954
-340.296607584428
-368.5185198666596
-331.6522664394847
-326.57781217569726
-331.8928351729034
-326.88481295209465
-330.3538289148919
-359.61244108741045
-335.4302608843492
-318.42191144930666
-338.0531035454154
-346.93336902115385
-344.4627371750666
-333.86861037266806
-316.50427465791324
-352.672406075278
-346.42445780229593
-352.0801458983707
-314.78193272967087
-345.89694949408386
-315.5871864248403
-342.74424326055214
-325.03372792466786
-325.4404420129848
-377.60540180711814
-358.8592473758742
-345.7825320134557
-333.8409849773467
-337.7302627871552
-331.6071142287707
-332.93218327869147
-333.9352410265112
-336.9621644496731
-341.81067537031237
-341.93859494018176
-350.9081759799462
-302.6576042608793
-334.4701601065135
-336.56983704915126
-326.9820096547945
-307.6668500590712
-324.9216171421405
-327.87633931318055
-310.2009633099407
-353.36273235255624
-309.55515980892324
-329.11815502241694
-340.35322125590454
-296.1152201462987
-290.38964509593103
-306.64811971731774
-326.7077492675597
-332.28855692993943
-333.36549024971794
-336.7498976881698
-324.59323573451155
-300.1159880046123
-314.6698738457196
-347.86155770676316
-341.52642741952513
-345.4653235078672
-339.7521711532693
-323.5754584256645
-308.08521872164033
-341.5366164526332
-325.44691308204057
-327.5610218381788
-303.1432754959085
-299.4704912263809
-345.7269832013267
-325.70842484585535
-319.59913994176486
-343.1332051618983
-333.6351901283481
-349.1842575796293
-321.0775649735714
-324.13063435796795
-313.41276743617004
-314.57548450131384
-363.14212544733306
-290.7693651809163
-313.89424093598296
-334.1210498622841
-346.7653782571317
-340.7593418133583
-321.42574953273686
-331.08354023258113
-326.61372750826433
-303.27972196029225
-324.20546760357536
-303.66508309617495
-302.04246603180724
-308.2613200176104
-325.65757486239113
-301.2086722271668
-287.85080206897067
-322.09720784044475
-316.8059272905605
-331.7864404415809
-311.57057629552907
-359.1500649983984
-289.61597441471423
-310.23366270331843
-312.35180799653716
-336.34419483306664
-298.78786355375496
-310.96412946786415
-317.295632791705
-300.50018282406455
-327.4617291766577
-342.68393147040194
-333.6669131595197
-319.2882001660023
-305.9924348830561
-329.2952589099609
-324.9691413671791
-333.16069461201675
-327.2864046908098
-323.52370368957304
-333.68840361328
-331.50195347052716
-327.5176018475719
-317.5514835027998
-344.08957997174195
-331.1282365079113
-337.0260116011229
-331.0910298860192
-318.48330300395037
-309.63937315298006
-314.2436904921251
-312.16309410423906
-321.0836194493608
-328.4694004286867
-344.89777947047276
-337.2483668998003
-337.7748461440541
-338.5903728437969
-358.8428259681575
-332.293324340101
-320.89501155677965
-312.4903282920533
-325.0932253701876
-321.6295300838203
-336.22456995549294
-316.22422494030866
-293.84847635886274
-298.14754917711457
-293.3514984404204
-313.72796405450464
-342.63315242595115
-301.267538304809
-323.27958109707504
-336.2293155965043
-269.9733203633017
-334.81594516844507
-348.42335491740687
-319.89126191692225
-316.31463333007486
-303.6939791664802
-297.07947240353064
-334.6445001262884
-332.1388715527589
-315.91928639485013
-283.3654519778063
-317.40893042989853
-277.74286171605246
-314.5362397378941
-280.0927955071063
-289.4138739528629
-274.0455768506173
-267.72746934256946
-309.04571528944945
-286.50423752230233
-316.40394302950085
-277.2293248601296
-324.263962245769
-279.9656810836459
-290.55641411995407
-284.9556952325182
-311.06832418087424
-322.8985478359544
-299.11581444408284
-269.07028892191306
-323.04324480038804
-284.38937185266695
-292.8290620547417
-291.77383476324235
-293.75376058014626
-281.72587802293754
-263.9650890123924
-292.8941470396351
-251.45824812753955
-297.13721792542356
-286.26309663091416
-272.1416037089948
-273.7443210124578
-232.12986552114495
-245.1641125882898
-315.3702464830691
-244.0234342830788
-317.0470762972675
-240.84537270638262
-333.9635710890027
-302.61946802332744
-288.9611932997244
-279.7373872320042
-268.22844595697984
-310.47712250796155
-269.7659931071568
-287.2097052332573
-357.76340334007546
-277.7322090563773
-292.9251429453293
-311.5407110607805
-295.09530650483555
-339.0564884935253
-337.60054143260425
-304.9875594595343
-291.93619339204884
-284.12559887147324
-318.1705876439649
-306.9221657710418
-285.23349761097467
-289.7940366592341
-292.10302853647613
-281.1809000799447
-283.9972259350536
-275.20365569471403
-265.2648549257019
-317.4040659657712
-323.87502240607046
-301.94389102645897
-288.79269523204863
-271.86323670495136
-305.76455492755457
-325.7134741356456
-323.4387918925811
-237.50923677193538
-307.5567118323096
-315.31089216147484
-297.9475821616544
-273.475522606977
-296.78877520617425
-272.84499011244475
-308.2297776157088
-294.9722568893107
-319.71751765561805
-280.9024291264443
-257.7788824050814
-304.16525434333573
-269.75709016716473
-305.9518688469542
-291.9539728748669
-360.28497055176524
-320.51122614103167
-328.3609983167405
-315.76464422381116
-336.1965381464322
-329.79682828929674
-306.73852380167443
-346.9361828374173
-313.62310700598323
-274.8482197506836
-327.3466998237038
-334.84674091634935
-322.5935563461604
-330.92675810159403
-312.550009931021
-318.5606286212616
-326.9319814510359
-307.9838664702893
-288.2955975938378
-322.5646740476499
-305.51041750201534
-312.92716970560946
-300.94531351908597
-317.2543884338038
-335.92564354061767
-338.5798278042414
-241.64301609644286
-299.46199589801967
-324.94861162825896
-281.3702195484611
-306.2652120363599
-307.56896094987405
-273.6677711997671
-277.20929677356537
-298.7591118617112
-288.7399154149319
-333.1380219929671
-320.86370896704966
-309.0976804249285
-308.30788248741203
-329.2844611364036
-308.67526372601907
-311.15471084828744
-305.87976467927933
-282.5208286592641
-329.66562423748
-291.78426829733974
-275.4916323757396
-289.05636359493917
-329.45207591052485
-299.05432710467426
-286.24994622165957
-307.43197969897994
-298.96049380840566
-270.0953344187312
-283.81987305512655
-280.8411294361451
-269.80260525886354
-335.7379941942752
-272.06537239976456
-302.039484218353
-274.13430454093
-320.56649830183346
-306.36695848279146
-300.671117165608
-294.9992138978239
-321.44271837551435
-280.92398873251074
-269.90510966470487
-273.2647803606433
-292.0437103958051
-292.2210835456468
-270.88964700621267
-296.1261568166355
-316.2767842302253
-288.44901676248
-347.9237688696202
-316.1657745740277
-325.30753712331864
-277.4170818696955
-297.3372688489544
-264.93625138270374
-298.89253063112307
-309.02216938423686
-273.0843026768492
-255.15432347921737
-267.39750963361405
-260.4905981657575
-293.94958343190007
-260.14996439680374
-300.89360599707766
-302.32196559679244
-302.1963099124308
-299.84867778110134
-316.2343101895559
-297.48686443085023
-296.89172636160305
-303.19190871422757
-257.42397676434075
-314.58322622030255
-274.28809404372004
-309.1582377567641
-310.84413803458006
-285.26310542070655
-279.27004713984905
-272.14581206475737
-278.3295510091583
-267.28086785850485
-266.6253949024582
-321.9370458819006
-263.43585188720783
-306.82056126845936
-286.8143819883692
-282.3110293997371
-276.9645628794466
-281.5218312859205
-250.41512100828214
-256.42485093541654
-288.9729630835971
-295.4355024171988
-268.923370179802
-221.9075958019945
-270.5367287731153
-292.72857147085836
-291.39516113536854
-281.2463955975474
-273.3445348266939
-276.77055341081183
-266.50911625698393
-225.57944142232378
-278.9594922363075
-279.355707933186
-286.12845155254945
-245.42403599918947
-234.36529099231797
-245.7899209645937
-278.13015749692136
-277.7437223798017
-286.31742032723173
-253.71549186891355
-257.0771314174158
-260.4359223179977
-287.80806255328105
-273.7768817314362
-237.4442940181513
-265.307673019682
-267.45948998534976
-281.6512058297522
-295.2615587980718
-247.29042535730372
-304.1230194703978
-260.9226802884733
-282.7401223336133
-278.8597749986007
-292.1662546226048
-253.17298843280344
-281.46665440435197
-319.099844605826
-319.9845088023443
-308.5952908898535
-282.5367668150107
-313.13433811672576
-320.02518608930336
-310.96663974958074
-344.0264385829757
-320.2258349217148
-291.0626269868774
-283.2561079216962
-282.85317707235896
-280.2549477205856
-331.70062756376365
-269.91301268694434
-261.2728933954388
-285.45346778441467
-287.6667801165619
-295.7608928340798
-267.8846075191281
-297.8398063902281
-331.087980664837
-313.97048302892085
-311.2402563930773
-287.88290592055205
-275.05761056041126
-297.3320301385003
-261.67887667253785
-319.73565129310606
-295.4605661030372
-274.38414203219577
-277.22441549076535
-265.3801087749973
-280.3752600135682
-270.3050899053643
-290.10550943993815
-309.00291193281464
-275.4113618668682
-290.48320512425664
-281.1980312798456
-263.67422317336013
-260.39258957735177
-283.7702886240722
-255.22922571478136
-289.0053912165898
-238.24255925693225
-286.9439771027701
-295.1679779946432
-287.45887625757916
-260.18654626701164
-225.0844376476898
-274.18730073165557
-235.7110703114184
-269.0594615067693
-277.7349513214058
-242.636531105539
-281.09103840878777
-287.1213870190191
-256.7918064982212
-237.5604976043755
-251.7986953105089
-302.7665934686647
-237.06266316271035
-290.96129892850223
-261.14058319495814
-273.2214328362309
-264.675344714394
-267.18864860948827
-285.62992219468936
-277.4024536364742
-288.36646682660216
-272.7616543932243
-237.5943042773116
-319.14451929815414
-280.12277927148637
-294.7714867311714
-284.3867037558202
-318.42601012022476
-261.57686416933166
-273.6833836723247
-286.5763233841001
-286.939402424759
-272.1917208144149
-258.5681220106727
-258.2471769165147
-285.71941639004126
-263.3196388515493
-294.02388970212206
-262.72262855503584
-293.0125687922682
-279.68250143054087
-282.4432499154729
-279.8841746379651
-280.265671993114
-289.662011287028
-260.0626644205138
-258.71268653067204
-260.94460403377263
-294.4853003732818
-237.42424888586612
-283.80030780325615
-297.2922387349368
-276.390563701332
-300.9260349480014
-266.7947477802453
-235.4792863283671
-247.94500737560915
-293.2650342956117
-273.12357390374115
-257.6504405751192
-276.88568484531356
-232.97453876236668
-252.58673505612938
-265.0257547961761
-276.78739941938386
-289.415932512003
-285.93659055775515
-264.8999408851365
-289.24793596737766
-222.27319129825807
-288.37893350873094
-295.1196457851064
-241.24167033157715
-247.83801165472298
-273.3873276731742
-299.07201199913993
-301.8845506221001
-270.3948894428895
-285.2632488219819
-275.12332241197987
-243.21687463957045
-295.70186287742337
-304.6803673835339
-257.91347965554786
-280.4236311802066
-282.7398088486036
-279.569179214374
-302.0195837529566
-265.82709217526923
-261.76856600419904
-302.9799529625079
-279.6678012101555
-304.7412559732354
-269.76552455257246
-295.8600215370716
-317.8137362148025
-243.34102045693749
-281.8673838331848
-275.21713311624717
-296.8346002994232
-266.14886492907874
-279.16179090401
-265.5539345410505
-330.2330933872262
-285.66156803389157
-294.79975241832904
-292.44747134785484
-291.1166994433494
-273.263838963666
-292.58440667732543
-273.8845733411543
-281.62425788790176
-278.5825355270907
-249.63643198608167
-276.52658843887957
-234.44326161801945
-247.4075643050436
-288.7850979850348
-290.78522225054786
-251.32993087130262
-273.9181540482045
-267.9078317582632
-243.64382137792856
-239.46054887068533
-229.3309494377512
-306.86024925514346
-302.75689270820374
-291.71644148087705
-270.4989776773639
-263.80244459001904
-235.67488920421698
-301.822453234123
-238.48468299796576
-296.73995808389475
-262.2425669014525
-256.3782314913311
-299.3025342087425
-223.2586945827628
-269.96191223965866
-237.33990980898437
-273.4263782240388
-286.8749788825231
-276.3391394806133
-252.24571751636972
-253.00675845831674
-282.04165301857745
-236.95763972044546
-264.7732260112262
-252.0747085878716
-271.89090352814327
-258.73967777207787
-272.1364434984774
-236.25819160743762
-257.744494783056
-274.8993439132542
-252.74087012294012
-297.3588336896804
-263.5224443093956
-288.9559365693408
-255.77736946265097
-250.5619842394754
-232.61656179248473
-251.52240285821907
-265.0492053435021
-252.93838072770401
-262.9008166466857
-296.28965922440887
-330.0593002658311
-272.98244203497563
-249.88420191625647
-272.29898512389866
-301.84213091235216
-303.8085953947626
-305.01621087171134
-294.5915596573558
-290.62133784993557
-280.21257011411825
-277.8633819173622
-278.353678421725
-297.6392041443436
-272.6748755177948
-244.17337624934027
-273.41309337179746
-275.88730435600746
-287.2924761154144
-276.11608040842236
-287.0051062804871
-319.19233306344665
-256.45745093459334
-273.59774048609563
-304.90052546169795
-279.0400710092259
-248.97078253430686
-282.73508036279316
-269.01396055057904
-288.777350755502
-279.1488676964679
-240.94085279012472
-271.97032843629574
-274.81276638363437
-286.0809341212424
-291.7049441620492
-261.8290023313383
-298.55737833619634
-269.3456069607033
-270.0664917146769
-284.8826440425041
-272.0129067266402
-272.9175626536595
-308.71375856254025
-261.95011331761395
-273.21187796592585
-291.23495676362575
-273.01657902144154
-287.61259117333395
-289.1829662662989
-271.7905233365359
-302.05516418955835
-286.60504835302936
-295.00095289929413
-289.72348075203337
-244.88384978493258
-244.17299973534153
-297.3546258864785
-247.09998917140976
-275.0176200441482
-282.9389765878675
-257.9023335923293
-294.10177305379113
-276.36412459046767
-275.0690640180792
-320.95517036136164
-283.40468094332095
-260.96441499962356
-293.38490860635613
-276.6145586068266
-285.3738823784288
-304.7027284277856
-260.61237716611254
-286.3958215881054
-253.40750482972672
-249.90405423129937
-270.889306299589
-300.74438323570405
-243.74565887782558
-264.83549225359724
-265.5032574485614
-244.12671998768766
-266.0196736688321
-269.520128862952
-249.65720023671358
-283.7833891157195
-253.59586227793952
-247.54037657673715
-275.0108685659603
-259.17691184922495
-285.75871684229355
-254.09744330456124
-246.09681506991902
-276.03391173920085
-269.8422190236558
-260.6028648278244
-246.74914326689895
-228.74447041185823
-249.91184927740983
-263.64594041746864
-293.733113529758
-242.28405701025918
-264.16630069445046
-243.58589928937505
-250.5550265843519
-265.8721450058812
-282.55009657701765
-279.0443825811341
-256.88475116104405
-265.5254650289968
-271.0867161401915
-222.31087831513344
-275.78180261695536
-266.93308768852603
-245.26116826700473
-272.9752995625952
-252.7870555516439
-221.4537802885743
-256.45318408998514
-255.245315333151
-221.21526169024077
-261.228199914398
-258.8508594541371
-257.7300360488283
-234.7158234302236
-231.28575284663754
-262.1061293723497
-290.55121249939293
-278.2877534000246
-240.25701882602726
-289.83569276064054
-259.70093230174973
-270.9638528943309
-268.75223639654223
-275.8560038871883
-246.36720703166645
-259.234557766501
-266.698136653785
-284.19814306023295
-262.79923053313075
-291.9889858070501
-252.64855009782042
-273.2245307549865
-251.23012326651704
-287.6361227443199
-300.04659665370735
-253.11527951939004
-287.81845058016347
-238.9716692427462
-270.9692735974249
-278.15873088252397
-295.7377607398538
-270.6546649878653
-266.0875202598934
-260.75043868008225
-303.00030477143736
-271.99483518825934
-281.1785373094832
-303.45282860616294
-295.3826280249667
-297.07806410595674
-335.34015090461395
-316.170515200024
-316.33821603845365
-288.2472214392142
-263.6894698932791
-293.9788023699474
-271.7713314675958
-304.4877807959331
-266.5611458416756
-266.44291070927653
-310.6634214860768
-276.4841600475079
-288.95338631048855
-235.4517578540973
-259.94131632641023
-259.7714653890191
-251.61040094811335
-266.12448882521164
-263.6424579802424
-284.07644445970135
-296.1453506566248
-283.1126144338516
-281.8761582962119
-269.1001131916719
-251.92841303088653
-269.0270377352864
-269.8747952924556
-288.7475662884708
-264.5839129404918
-280.19169670981756
-297.66932490331203
-255.09733341570833
-283.1261396692214
-269.37386114324215
-279.21787911071897
-266.30314053442163
-295.391620551096
-296.29701877913453
-268.48324839857145
-282.12583712022797
-243.30925027270732
-259.2168754279314
-256.44585540843116
-276.66047249143065
-277.48994208265344
-312.25457787149213
-244.84601160161077
-276.6053399414162
-277.02781124073493
-272.6564930282758
-257.6702201879144
-292.8501447158161
-261.1021889848221
-233.3419617057976
-242.09108137735157
-252.62857409986412
-294.7276682390091
-285.5192991913823
-243.52989913816683
-263.98997650844814
-288.87132021651087
-284.4945407004521
-267.6954995726458
-294.4031194265401
-264.52253893746774
-266.89469011936575
-257.8670362244197
-282.8239089146414
-294.62571364449104
-290.47195040470865
-279.83620736969635
-285.7877762396814
-232.93727767301527
-258.6141836009847
-250.18298924275595
-269.55487929628924
-254.81083234596463
-273.7901937875216
-248.0291375247864
-266.4828017727074
-264.65597206494056
-295.940513350528
-282.64262137829746
-238.4127899362406
-254.7281185860505
-279.31485651984974
-291.7734053867191
-213.4531451556649
-251.99757655434624
-269.38729711548854
-264.8193312909365
-246.41416965088607
-297.5861375909735
-270.5151395320903
-270.2568420118086
-288.398870314926
-236.0913828241662
-290.05918016074077
-274.5412988104391
-312.90400297761647
-280.1791882891698
-280.4308894660571
-300.2563431392209
-272.47268647021104
-310.196170857987
-260.51743407439716
-295.1211961435763
-291.1461747170906
-281.9021124434862
-284.7370385973833
-274.3871935843007
-293.4537850826051
-301.6177032513798
-291.2134368384145
-235.20759022226233
-300.1104407273308
-253.64680349974208
-273.68107932303724
-251.34437492115012
-242.00788552965577
-279.6430201137417
-247.15924895155504
-277.0294439509407
-233.54082034668244
-244.9536676123542
-280.3495654512002
-296.29697460028495
-238.3678289467876
-268.36309831001995
-259.49258363695674
-291.48527802750186
-251.96795179364278
-299.3583702781781
-270.99501872102815
-271.1531989704464
-259.809982195285
-263.43777635269737
-270.80100320862516
-289.05675864489683
-291.3500806174714
-261.1265842006288
-279.16726979576146
-314.1576750216029
-271.8556769481777
-320.674414731223
-273.91637447088226
-286.83955088212565
-278.15467194075507
-268.8057581899594
-280.6336699532412
-287.8180834477365
-282.9403233450464
-259.4212224409835
-317.82796200580015
-297.1416952760079
-310.3053913281645
-301.3224324356743
-300.8224364130658
-307.3855784005458
-319.810248505622
-316.3756032314453
-304.7998939547796
-300.709480935422
-307.4605802023469
-260.27833669299696
-290.23807128590965
-298.83254408065443
-311.61463813671435
-316.8543433807605
-264.56754637621793
-286.0271189916589
-298.4435599285954
-292.296936873209
-290.6753218520784
-283.69437719332313
-271.5169959508796
-296.73952190177965
-262.71528425957626
-273.45589091066586
-284.0079087000531
-282.3012887801335
-333.0633425794042
-289.21080636031445
-303.9547322470472
-299.61133928084223
-310.6083250734896
-295.6215165334645
-310.74028975222996
-253.50972840292562
-259.22182234418943
-302.52458366416033
-260.09995379097927
-314.47210051125467
-304.33607360883485
-274.35925823460707
-299.3850382913329
-304.9947350103302
-290.3127023842272
-348.3227321871133
-313.14764886844864
-283.45297523286405
-288.07755829348275
-317.56582723891154
-298.23908357575965
-306.68509490753235
-280.071832841561
-295.22348442336283
-321.7022456453943
-297.35274708205856
-323.2535060693167
-322.25026017879384
-327.3124362986597
-337.26300728788283
-326.2890969456273
-303.6406446330683
-308.9707866529519
-333.9722389318339
-313.1174559968061
-296.610691688284
-312.21475035520234
-334.881653302926
-315.162217225561
-280.79384402208717
-334.1815808133982
-282.9854419459903
-319.0642522923851
-324.8648491987242
-289.7981432547932
-316.12829052315726
-309.10168155814233
-300.93578480554663
-314.6212814609569
-323.8573991314421
-304.75748846765964
-280.28988322709404
-348.72170088384934
-334.5368174074224
-316.74459284955606
-323.1907649388602
-298.6352049727715
-306.26398363575004
-305.961817242334
-270.6713174480927
-312.46740412173267
-291.2644443400392
-350.5105277196137
-337.95068053756006
-317.858458635454
-320.9886858273138
-311.8650898939607
-321.84622836137754
-284.49868934752016
-333.9919386154254
-311.8117582213281
-310.54688954656143
-326.2175198476912
-280.3165361059872
-252.55320049301778
-303.45574838316725
-309.0360189400624
-262.2199584068492
-255.127048639807
-264.51987774759664
-305.3268764247706
-252.2183168165296
-256.5813464305469
-255.39143040365724
-263.4598911696809
-261.7902399596888
-272.92915355680833
-261.0598912974194
-267.84934853391127
-238.12083116071193
-310.39505643568486
-279.0358147256582
-280.97059837206587
-287.3364699086679
-269.80797801977945
-302.22880477510944
-280.43276214709397
-283.02408640010276
-277.1335064528538
-312.53310057383806
-310.48268964713975
-279.51777530786376
-256.4401033854364
-308.00060458790006
-290.22696454736536
-277.89472485031354
-298.9461243322014
-291.766552571606
-299.2614149910265
-268.3750768493921
-296.46726998496086
-285.18658971768826
-278.76454561469416
-285.18688902608983
-303.2805094213264
-248.53167833426892
-287.56416608414145
-247.7589113973439
-262.0803346736171
-246.91185994684764
-265.6265329916981
-280.13241467915736
-261.0403307144503
-279.69327006420167
-237.2122056388957
-284.71958571986715
-279.8355662671263
-288.18712685680833
-314.94482990232524
-254.29388908688958
-256.55526038625953
-305.10459604121905
-301.9044434572148
-271.9214216380721
-268.2250473150581
-249.41804178481166
-295.8635109942272
-298.998096236043
-271.72453141107474
-272.3808286292361
-272.487103733064
-285.1269582160028
-266.74441745329136
-300.31873243363043
-277.070138759762
-257.2743711923618
-305.1097513649804
-267.216032221017
-233.8665781745965
-289.40352484930696
-275.2027693141407
-261.67980735832305
-254.90553306415
-272.7240076190102
-285.00370787506824
-252.08607975690882
-273.4068312511123
-255.6505207538681
-280.0711733134898
-251.95791570548968
-260.2000090957453
-267.8844140416906
-284.24418194363955
-298.92631261017243
-279.6371870084202
-248.3212626955143
-270.5601735217982
-277.27036289413746
-250.29229468593712
-317.7405257423638
-330.200366323691
-228.9723923614647
-297.0835524894328
-251.30879181430657
-313.05080631181266
-257.49333291862774
-277.07188884118176
-265.9891746748242
-297.77158802695726
-295.282896261425
-263.6640589436999
-319.93454971116734
-283.3846594877148
-318.26339275086434
-298.239086760486
-289.7419694379349
-295.51950595987046
-260.81434518446963
-282.4711021878642
-295.8013160433136
-246.34305759445718
-318.6226279316144
-249.30380500559238
-276.9399275723266
-315.4063722264568
-270.40242749720903
-302.3316069826268
-282.7170451869205
-292.9485503237669
-278.30922928077604
-276.7433677685352
-273.1526648694733
-268.62724326075534
-262.25404761586447
-280.303817579518
-276.44465182536214
-261.0064583235667
-264.37394355080266
-281.2228510549336
-267.35907212052905
-266.9045337402262
-239.24425961514936
-238.20031945797157
-256.08594031672754
-262.0641426608103
-249.48306656586007
-252.04703104443584
-257.9157796670736
-284.4653199758702
-254.49043412714073
-268.54772254835206
-279.6429817938466
-275.18843332630456
-239.96289440436
-305.68973327685734
-234.01521996512798
-265.72647461383633
-254.6341676562076
-286.28176349690386
-260.9334563194418
-265.348187833746
-294.69787297272046
-298.9131219082833
-285.2056510873793
-257.84773959981385
-246.2843452572309
-275.7800892887967
-261.96097943736584
-320.7469606320272
-253.91437994801294
-277.70010336879375
-278.4339824901499
-281.9662524354708
-242.70913523231786
-254.54502667748753
-218.55010266671087
-305.72364127131715
-315.6461885091632
-237.7242881257087
-280.22338341815714
-261.2667822404591
-296.05840332546757
-272.48211194705885
-256.9785474449193
-233.67937322653836
-295.63201399552213
-260.13400552376095
-265.78508154107647
-256.41127087924906
-275.3556094365849
-268.72355332454373
-283.35435252591685
-276.3248664404029
-264.90857437365884
-284.78661556009126
-281.8948913163658
-252.72317916585217
-279.98593136569843
-270.58243594889046
-258.5935471247268
-246.44475292029026
-267.978852708735
-267.6593584836916
-297.1817811534813
-242.01110600796665
-262.1226148575347
-254.49004960098677
-244.2895769276585
-285.9652997606386
-300.98134019557676
-262.40891784254956
-242.82707179096013
-292.1368237861466
-270.3346072677663
-270.9315625946631
-246.8691316604586
-255.86357171477204
-263.7405196148004
-236.94222153021082
-241.55660750369634
-247.61732443242056
-294.5389910025233
-225.02673807303034
-276.3344087688932
-263.2141909778354
-269.1457288445633
-239.7002683729443
-282.2676998563329
-249.1980607257291
-235.6629177990049
-250.4318147368004
-250.57639729318737
-252.59200642108112
-299.1805811374768
-264.58444475946135
-231.6834762611867
-261.1928752411295
-277.5880992772206
-268.1535940957029
-275.16492910523107
-254.62582089951792
-262.3283824338471
-260.4441362180903
-265.66033196739403
-251.07876347554813
-230.36902202007255
-274.0187209424354
-225.55977263702118
-272.45838219744775
-257.4645428125872
-234.41992185241145
-286.24615388882023
-268.9576998379457
-250.97985950505497
-246.20797683285355
-245.5457456918627
-282.9940470528117
-245.7451656835676
-229.77979132829932
-246.71730363661007
-273.29603961822
-251.77542906612697
-233.47748531075663
-267.90140967931075
-280.1678924741636
-236.8824373553656
-262.4682794412806
-245.39852151904188
-255.13163469698299
-280.87494673127685
-255.95953017414115
-262.64914109624783
-256.470414952987
-259.973069277697
-271.8833798928802
-270.1078319221086
-283.83967776384316
-240.51382711410702
-240.73077942059854
-272.02967234641795
-272.46047773653095
-280.0471439376768
-249.78053658067233
-251.92040591828135
-245.68514565654934
-230.9131002100488
-274.36715545271454
-243.14848375654614
-258.82136728317556
-245.45544764246742
-297.33098932743303
-267.48276350513726
-241.8084348118898
-243.50339926128453
-245.51505202156244
-232.36676177733102
-259.4745502100487
-269.2652771959874
-243.63015619424397
-230.71989618747295
-276.93680327989694
-251.26328308152367
-264.78989502938873
-287.5158879863436
-241.00276108760528
-263.72400376541907
-234.08184654745318
-265.84280885784284
-278.6372840422463
-257.0919959969619
-282.2383584156513
-211.8165388845269
-264.38868464078564
-244.76103617666803
-284.4217285814814
-231.61336396107234
-239.2072211843656
-284.39450311787135
-242.9202082043701
-243.742154807862
-237.6916921406626
-263.9473213616362
-272.0033701366798
-261.70080807723605
-294.3728990553609
-272.27621807277046
-196.49219237445362
-256.04008262223107
-234.0552151391267
-217.7056880265724
-256.74479967258094
-235.44472820920248
-243.48772682503363
-237.81009147505296
-240.54448239460078
-226.10079403381766
-217.63107090111643
-236.02797040366175
-237.00360616836335
-247.91245465051958
-229.23551208055324
-278.22792279632
-241.3575891651262
-233.5946206632325
-256.6043517025105
-246.0654016756931
-223.9731785603844
-246.98016691323437
-238.21564890504666
-216.60262462485278
-211.60472566724243
-254.1316293229685
-283.1156205647362
-254.14002203494834
-246.27033583648225
-229.30947726365798
-232.2372350090571
-230.90972517687916
-252.47289320412654
-249.38141737824208
-237.16566331412832
-240.56780929373718
-221.21381535880198
-235.44028883105287
-236.73632094971268
-203.79605690346494
-235.90961649014508
-237.83555384737713
-263.62388103581657
-263.35449432285435
-253.8539527953075
-258.12057536231424
-249.22834018311136
-245.51902982435786
-230.31119827285127
-253.3476424242876
-292.601844942785
-275.5616187639973
-234.96790015282465
-229.1676849125131
-259.0431242211526
-237.4658710944085
-209.44918728568052
-232.42218794897204
-239.89024324039997
-229.28521840841697
-214.75299295183936
-215.89101875548704
-236.92428270780306
-225.44398356899575
-222.40960473602405
-271.41710380866164
-237.16912190994086
-253.99330025912627
-262.8493858206394
-228.53932966834697
-233.94041208148897
-226.5185072876576
-247.6518684769795
-222.60330240998516
-232.14644426778355
-240.21045236133193
-242.23404551000723
-227.5580158946385
-227.09027273785796
-241.05289488448972
-228.27070547697684
-218.71155154132992
-224.4938054114493
-234.03182506165058
-268.7933137442778
-235.45774300574647
-235.48860600805745
-242.48281487602517
-210.29795771270162
-207.05812765139245
-238.0017820885139
-234.6619755235668
-245.63193827691939
-269.5221773173941
-232.175705181674
-244.94282494818722
-236.4358774725876
-293.71481564113094
-248.48689730419028
-227.18241786225076
-277.01465550833944
-219.82487726460496
-231.6757568581621
-252.11744051744017
-266.22887132355606
-277.6380356110076
-275.5563761458134
-252.21065614835777
-230.7334869525761
-252.16563655328173
-249.51731505962985
-248.7939833009961
-243.01195720670222
-235.50004096405888
-270.71265510572164
-256.7583885472527
-229.124059093805
-275.08056519236766
-240.78287276047035
-225.97969939968027
-277.60473365810617
-267.140930239784
-227.53330511861077
-314.0477019529125
-251.04537931509407
-255.47710566646862
-287.32550883867776
-263.8975572685149
-258.5464271478486
-212.75100000165247
-242.92168279762507
-280.61445450452834
-276.20036351503876
-258.8244769364415
-229.58839852625925
-281.7055921204646
-280.9960598731351
-256.1481604008669
-276.473641312235
-244.01918731871785
-276.2453077138754
-254.36818285990265
-251.22717935169496
-294.6145492569745
-214.86840929555686
-244.20761965369147
-253.16706478978722
-247.37873421887068
-256.1758756999716
-288.4268363967856
-210.66506664097136
-244.2846952703982
-285.3154024536883
-230.66383807576284
-272.1751467407477
-240.52798670762303
-253.9706532824352
-235.6797188445354
-233.83580977449307
-286.7201553518223
-256.23985015875564
-273.66958702803623
-279.0278639828566
-270.2316483493114
-261.34596966332515
-248.81572892598106
-289.09873647487734
-226.5883876906807
-238.81546270324526
-284.99486415954175
-245.06027616712004
-256.22618916135366
-280.15880330002585
-268.96123636527864
-264.4932195003301
-270.2593445697141
-252.67976343918988
-284.46463571667687
-264.9121233773865
-242.21783114701566
-287.9802931235647
-272.68791734361037
-268.9966676951177
-284.09712047790526
-247.19837627848526
-291.77880965395155
-267.8905579693047
-285.000603833329
-270.79737362170295
-286.29296105253894
-305.51783859477064
-276.07340027055545
-268.8279230569654
-262.1424669251668
-290.8825745150558
-290.4397437753862
-257.8262124983125
-301.3895842251968
-224.9947031806244
-231.88974677435846
-260.61197157379024
-269.403400909158
-250.60554690123305
-278.0414854973991
-250.0060459344352
-271.83647200892716
-255.90295691999196
-260.581009329787
-263.1956864498311
-268.16123105957206
-281.4928908489795
-276.91481554340226
-279.7974285709861
-280.53578599262835
-239.15172950606205
-298.03304072079624
-232.71864332331398
-240.49027177865156
-286.3720729344535
-286.42916603844924
-251.19237328176882
-263.1928741896703
-260.2718756655171
-260.4489033733456
-275.6998456613569
-282.18397171042335
-241.80445753358018
-295.3965676384797
-281.0123420850704
-259.6683847396205
-234.14833312561456
-273.0947970862468
-271.34202641078684
-244.85486104755464
-252.93453711710782
-237.02254461425315
-232.2075002623952
-228.6341479904142
-286.50499145580227
-271.64557365085386
-245.04996481533811
-264.77744365088586
-289.8335544334724
-253.6629367891697
-287.1175666756865
-271.2041915981505
-262.1202500770081
-297.2617964725713
-260.1049450852149
-261.36782909590227
-260.1288322319407
-285.2328497448916
-278.44312423192423
-271.714341414405
-294.4951822597187
-235.73213444433935
-298.3220537035949
-304.5433711565261
-265.0037998175326
-239.5157666295409
-241.20694379545333
-290.9978970129888
-261.01371292052204
-298.1052992336723
-254.57016902207653
-268.97323181176773
-249.03334897869416
-254.2796554857387
-249.4365595691383
-273.76145333180057
-256.24872779247016
-264.1620273156887
-239.34056130512653
-258.29825534972935
-270.38619480132076
-280.93394996124516
-279.14904693046367
-281.55937164725395
-288.64838581255106
-254.0451094823416
-278.4489135177196
-299.5223776126619
-215.13102826879748
-252.97601225121107
-279.29872305717134
-258.9182562420845
-271.4509133588964
-279.13708436346866
-270.2622837541827
-280.89245008306426
-245.32419399447002
-253.61461895568024
-231.4774055551727
-257.26216871438805
-263.01161921711633
-248.71767095548674
-266.85837678318734
-276.42473886474147
-283.5159946329053
-282.95543444448685
-262.4709866169458
-277.3278992939306
-270.0386513714277
-235.03401370529025
-281.0819677409901
-316.44536405062473
-258.01835042309887
-260.4046624362434
-274.39819985731214
-269.96499541868894
-260.3724781757951
-283.7633479270838
-257.662163089303
-271.55342384504786
-279.2152259164444
-298.7233770692684
-296.6245306325412
-261.38928421501464
-263.08268966055914
-230.27596826374668
-266.6472244024485
-232.5770467820289
-256.84489749362456
-249.3893567177955
-242.68278676326034
-246.53653113045664
-229.12735653515452
-226.12445804741262
-275.86644889863567
-235.17276196972375
-246.5856333219645
-235.0713909312077
-250.9389215674099
-246.61950633434816
-234.13263501605465
-239.92628065525543
-242.45374460903133
-268.77299660540643
-277.32685212105685
-233.33393493551756
-223.69669580417275
-267.03867812212417
-284.8849266103583
-278.39895829161196
-276.9453698668677
-237.598980307381
-260.82935083851225
-260.1211630404929
-239.9432938047999
-269.1259382903135
-265.74995017665435
-259.3627367956954
-253.8628040781243
-253.41115035832433
-280.67601672964923
-262.41694300372797
-280.39298869927063
-269.8325316459582
-254.38638114698264
-249.64091870756081
-257.22138423450286
-233.82644993656558
-283.05654582454224
-246.21068311469102
-254.65033918924746
-231.84362161827912
-243.16611609876935
-261.6913436952237
-273.7022707754211
-260.8370882008468
-256.1875400268568
-249.9696599666073
-243.71617190574932
-250.16542723001058
-264.25053618801326
-249.09360665116355
-246.59480272655946
-232.57987038243968
-232.30670524308516
-246.56872645151697
-268.58087715357686
-244.7026744238844
-267.9293843236045
-241.43383881072555
-285.19223240538696
-229.56249963877252
-254.06265055426215
-266.6911088780008
-260.8114361263315
-249.8589304272177
-253.46767161192233
-233.77080484070723
-280.4335642550311
-239.45985877053778
-243.1937727697468
-251.95780177600886
-239.2967372905734
-252.1974052631885
-266.4772243950429
-220.78880662006134
-256.8943184951144
-255.25508518061548
-249.32021420318824
-269.13594435393856
-227.75725047106883
-231.77608315948348
-250.11148887590795
-271.17277663357993
-239.10345230898486
-260.85068910760583
-283.3098629931128
-233.29870512791993
-263.1472441407461
-237.45909305352373
-245.9595186043661
-239.83624640307966
-222.14859026892685
-219.9602148986392
-258.8073889548521
-253.54287116756993
-265.5093102719311
-245.07364615558865
-242.21331143453708
-261.91025937542105
-221.81275481931036
-281.58731057617365
-249.90780246397674
-246.7179877997705
-259.8834679782401
-272.162249801865
-283.71141472076624
-224.32380278676044
-225.42442075696576
-245.24911097211998
-237.8341122219526
-213.04175056833014
-272.8218950272748
-254.36994575095065
-244.09062356783747
-254.15671428203586
-227.049750637733
-234.87814310229896
-234.63972865207734
-236.45695372746627
-265.880081484321
-253.41422156671734
-217.80323422993126
-238.9688607460613
-257.4132957805524
-242.6873874023538
-220.59154799565147
-264.13787303080437
-281.79867262862973
-243.4735565294887
-236.6056249464512
-294.46863337584773
-242.70552427158503
-238.5088523819786
-261.00935534977555
-266.76856587341376
-282.23716189292077
-270.27564164855255
-237.27965170144728
-255.62570965433866
-243.30557299536895
-289.9983555918903
-235.99056262981645
-283.37750079510386
-228.6156150122817
-254.08581797772052
-273.83041817203446
-226.91538087206288
-257.5766997480377
-274.17113443739896
-251.2249691044295
-240.8340429821427
-251.41102254343986
-256.7353061186932
-232.7057343276235
-259.70110935505045
-251.6468862923747
-267.7804033117575
-255.98868660539108
-234.67569172263893
-273.13404462763435
-264.76192423821476
-262.817762609788
-267.89293970969663
-249.78298593456626
-288.4599332990132
-229.57755477162175
-250.33104617822215
-275.13724158319553
-248.80198810061066
-275.16496201005145
-260.95269947427164
-240.63636736707582
-252.65831284186652
-252.80845520185352
-270.53255402975765
-273.21537776736557
-216.03450534052521
-216.28113082372158
-239.79085618940485
-247.0339853344131
-261.75834992061846
-260.9926734343551
-244.47509393002295
-262.2433553132049
-244.22507678834057
-253.09239270520786
-254.4515615190953
-254.1872015621046
-224.3560895930416
-243.00862517073526
-274.47175527472336
-233.30196241828526
-243.34953059005548
-242.9113299859756
-272.43056566926543
-271.9468589195992
-240.75080680328495
-225.87835562602814
-265.54616349114065
-224.15866582307024
-267.8149419760285
-270.29335403070996
-226.35166447212322
-212.6770646993413
-236.79877681397255
-228.1861531930263
-237.90894622716127
-230.41225313118778
-231.89732443818616
-263.21457272791366
-234.11025098374887
-266.0054373789082
-234.80434147299133
-257.3491711991975
-259.5172757448779
-252.7688481000725
-260.47616894959094
-255.6733824405586
-272.85082677308253
-253.8790082529288
-271.5319690812271
-295.71448706593696
-225.97363908452334
-254.52472300999227
-221.8093988474053
-255.3101275470462
-256.87255474343897
-249.63847316178624
-233.71933453719257
-285.6975694879371
-243.30921917746886
-234.0612439661723
-285.3141567226947
-248.94113259236423
-283.39521010433185
-271.25585615997363
-247.3212143810131
-249.35109441211554
-248.72815324272568
-221.5501729583595
-240.71792958715798
-233.69750452260655
-229.42785940040415
-234.28127760406406
-251.48459506730498
-235.3455521168977
-234.35350244956751
-221.46563526278294
-242.2163241448464
-256.3516960988074
-262.1818676131637
-271.4615290532064
-245.71437639330304
-242.6387840804311
-255.542431054757
-236.6570379668119
-257.0271566568996
-215.98404489334797
-266.46165998442876
-248.66285846505195
-291.7803851333465
-286.4301979971535
-243.26264961441655
-273.1050540889795
-272.2826487274302
-286.76239042449606
-260.61612370094383
-252.16986900204876
-268.30830548898126
-227.59111298297643
-247.23301756071533
-227.6037870883508
-291.11285243129714
-266.20709973024634
-240.54252608636108
-241.50259917346185
-239.2413347634452
-232.1126941293287
-240.43091690157758
-231.79960660562517
-250.3211985073206
-244.52691124261491
-288.03262257112203
-231.11446595848946
-243.80785472634992
-258.38829244086935
-265.42755854730297
-262.7644895534962
-265.553066232557
-255.68744288150378
-270.59784850785655
-248.14605796999828
-243.80420470261362
-247.07562131365913
-216.4015108291752
-241.6206648766833
-237.7487018136618
-235.02131774628833
-264.7371394081178
-233.03502101386744
-242.93700408995284
-270.6954484723743
-247.11086666209852
-266.1735244225687
-231.14461450053594
-224.35224386341866
-259.0966395804511
-250.14675629444676
-259.22438662867336
-266.61649839177966
-231.55109432468845
-226.02614304348361
-225.2750273894702
-284.8662017909073
-229.60130538721936
-255.10197740261265
-220.59882140937898
-267.93977428319886
-237.4661732633053
-220.48815035045905
-253.75395614666846
-232.9281278266074
-228.5327268998605
-252.73812763311244
-246.13495529915676
-235.91609080220894
-217.3809948214075
-241.46464488191157
-215.34903350417983
-203.51004712358358
-269.30861852415796
-229.35934680929878
-252.25263621954628
-254.640666548377
-270.3804141828682
-250.8104539117328
-236.8147122411994
-223.59673042657863
-255.74708383877459
-265.6450754223076
-218.5719593298536
-229.1590621229393
-239.45133036716106
-202.89846792475979
-244.72145504380984
-271.17928816859273
-236.95567666343612
-230.03417724404983
-263.18230684186125
-245.21315113676633
-252.8286828829821
-260.3954923068867
-256.01141385664346
-255.4767282731773
-232.09545782054252
-235.36639741474042
-245.68239192935343
-275.3651896392936
-218.73383659059164
-283.49309999828563
-221.82732697875855
-210.28660748238195
-235.73339392560445
-226.81969164116666
-247.62634472805053
-241.73479602575617
-257.4250830131174
-244.15111462050788
-228.2595672114107
-235.68479946725472
-227.76723758902978
-245.29859259261386
-237.6402243180961
-231.96430731090473
-255.9477475650384
-230.83813275885655
-221.6105313673541
-282.671606469007
-227.1956030208762
-195.15330050652477
-215.74447440696463
-251.53111345480326
-226.3731589672651
-230.16249268628638
-269.437534111478
-268.52047384347
-242.34287481915732
-241.01910604007958
-252.24175515451722
-259.6670951530424
-247.88998062189478
-275.76361514694196
-252.21394024357124
-248.92434987475542
-251.86489024015563
-292.19912649360174
-219.8404772083838
-263.39027853290213
-249.80537088938425
-221.4639607216153
-222.12519120103497
-215.66333342739026
-255.22414361381058
-273.2282338962908
-275.540137670296
-233.27576017870865
-258.37716193204557
-283.09525274054454
-250.8513849915389
-236.59263187689572
-207.24015079140088
-225.4394289565986
-249.80251642556752
-272.0913018765161
-243.70707573537265
-229.25225276082153
-247.81610121881536
-233.16052149362878
-278.1874207583396
-243.5916700267333
-225.18467459979797
-258.7067678622185
-215.94203187457907
-275.0932326210619
-262.10293231342905
-245.61137512359983
-227.68768707595711
-259.4543605089829
-228.02431414036818
-248.6763746861671
-254.37047174339187
-209.18067643254176
-232.15124581308248
-268.497358126447
-229.65558540668877
-251.13328048664386
-227.61481385259412
-262.3639830437141
-224.31113362387083
-251.26117228397663
-237.26851177738016
-243.43977136679243
-266.867024603472
-304.0762934193141
-220.25189415944197
-238.03811549195802
-246.01369488871833
-286.1212476942602
-245.36735446148444
-245.47893740843017
-257.6788084848056
-246.64636257843844
-264.27120256072607
-232.09970710261553
-277.89912481141005
-229.05854306172057
-245.8630454134232
-230.5553454096451
-267.19075435246066
-249.28654524670796
-286.0668039217593
-233.31470356083128
-271.7175247626788
-249.39547941718118
-256.7321751002843
-249.0078403370182
-224.59692428756526
-276.5440359309646
-299.5710846484935
-216.0588064858066
-251.1862255685856
-249.2628909243926
-254.86086747573285
-243.6986464155674
-231.1752864881197
-251.3184037509772
-241.71372975920582
-294.62680864158574
-274.1710765550156
-257.90568257663244
-288.13742556509135
-287.4080892657963
-260.15328772141174
-221.80620578311886
-290.4336007739578
-261.7331127317891
-292.28534767447536
-251.999243963605
-297.8849402914352
-266.75296426898035
-309.3920834422519
-267.0249826920305
-236.6570223951204
-303.3500642390369
-266.4675154491095
-260.09442183775457
-227.62515867353744
-307.8826195609082
-280.4787609495167
-283.1413637262833
-286.0655884835433
-269.4551043323014
-263.99684778561857
-291.23456189399724
-275.38009808341417
-233.05618791766926
-244.39112679494096
-261.3652482169049
-236.03218368567155
-252.41334799245573
-269.760658769864
-263.6305449405016
-289.0084050064669
-314.29971058680724
-243.9583488472889
-247.13202200903464
-282.4552686833894
-245.76397779121731
-270.1126281429592
-245.47381884928163
-282.5223325447921
-269.498383454917
-255.18669921150803
-282.871283966149
-265.31899283290414
-282.5744346350906
-280.3516049404262
-219.03453198577336
-281.52098212021093
-290.77001664590557
-250.6100453024809
-227.5994965572812
-287.5367495744075
-253.74667712949065
-305.92671996884695
-249.09853899734955
-245.96475898686873
-222.0279825321984
-220.11695435792655
-274.3955482892165
-257.1546290264431
-227.86565051510883
-234.50154280407037
-248.8327373942809
-241.99618425240627
-226.031280274815
-251.61759474037797
-216.1759732339005
-258.19763873997
-225.99673734790764
-240.73227694417187
-210.69342698502396
-247.0162943974056
-219.60889363143792
-255.94013632540316
-214.16749459512621
-230.26553747389957
-235.19607467656198
-257.350636549662
-233.9343000148068
-239.6913144787298
-223.88411428451187
-226.55632167151867
-246.5950142506345
-210.45778300473663
-249.1375650975795
-234.29457025348367
-224.57594213866417
-222.68206179476132
-214.80735476041883
-259.786077006764
-231.33954911181317
-249.01830292205813
-241.2109948244356
-228.62633747246474
-235.03460840004544
-234.68721107548515
-233.12115766467406
-244.90651252765642
-252.08252936822078
-246.77046362981727
-238.15300801281114
-251.39787044566066
-270.84381905369423
-240.15562163550283
-226.851735291814
-210.37225306278071
-247.2929265239687
-235.09610778024285
-248.3316272047074
-230.50838384414735
-228.47439234024625
-256.47283824132523
-271.1708870568246
-253.65084153550998
-229.4620566905682
-230.0153127459947
-262.56151083797533
-220.3874653470524
-258.49696345982943
-235.86482392422838
-245.77157934100762
-231.55944642980563
-217.1610267899456
-212.2758768622794
-240.99396867381952
-290.8128861395756
-237.18164532731407
-239.05245304270642
-230.10201496633627
-283.4521296073133
-221.08833251921843
-229.9929598739523
-239.13456404887415
-243.83312213082192
-234.1803641807831
-210.72350049750509
-254.0687279508975
-245.26495334347788
-240.26182321507227
-257.5031467812868
-255.89404530021693
-237.02334530492564
-248.4056428606286
-235.46347066258176
-217.67682274614756
-229.7862741162982
-259.46978075648116
-252.53741326035123
-230.2412611642934
-241.8972800479521
-224.5754930900501
-251.65786382111102
-262.5342774297923
-245.70270729368198
-228.92618708987283
-265.9235038598649
-249.8302251728436
-232.33345524062045
-220.8766196547247
-223.91292643551847
-279.3201868212236
-234.0494032219937
-246.74983009379415
-235.42308693814172
-270.42967945203054
-226.2912011227187
-258.810542854816
-241.76767518485514
-225.76632098365044
-232.4510164253045
-233.764223330278
-217.55582506339064
-269.0391550668631
-254.06591864227298
-219.97978057827123
-238.13398052498815
-243.41214331520968
-299.38927606033633
-245.2797189114595
-244.04612478062808
-225.06541629342956
-266.66406261323846
-216.95662843755895
-248.79062695820127
-230.47265257756507
-248.84750262488055
-247.19418438757964
-270.75592921596837
-237.5975463379683
-261.0393638793126
-217.77976116654028
-221.32032471247692
-275.22220098824243
-274.29612070119015
-255.66320279837905
-258.0651088754345
-242.3742258101373
-285.077345842559
-239.07920019574118
-227.27563634111314
-258.45319319177537
-235.13011295863782
-232.96579717337102
-215.76536909034638
-234.36102892239325
-234.55226119663376
-242.4108724705292
-267.3224959118313
-238.39412444265326
-221.3055225898034
-230.178191630647
-241.1186930317306
-216.12776350190495
-249.12607842726297
-245.76760712985163
-239.79629019267793
-269.8607645646525
-225.7668251317188
-240.5482546432775
-279.31546629726125
-240.8915175240809
-254.60234218099606
-221.68444642591544
-243.53083127101763
-225.36537709775217
-216.46906719168643
-220.74440491754865
-241.05414286144554
-262.58830679755107
-260.7243126563535
-240.77997703991613
-223.73189004847154
-217.10165217545702
-230.06731805225547
-236.74807197691385
-237.00995355735716
-219.29913963339612
-237.03362879530422
-253.24202080657352
-243.62183014253424
-223.4328986036079
-219.35435252397934
-225.6403454490423
-238.34031530767209
-221.91902884173157
-238.95861339013254
-239.4920702686266
-236.6665977778594
-241.61225074481027
-229.35863214150186
-210.52010564867874
-278.67826631786016
-225.4845242763859
-243.24547640011593
-218.0734228421315
-249.99214108632762
-242.9258170122987
-258.8096875130742
-230.57615520222262
-254.20056016815818
-233.3814842235273
-245.75287939283075
-235.48464985242651
-246.92582065322944
-240.34589497140547
-281.0784734215365
-264.9647108519337
-214.12314686614542
-251.76595353833994
-269.21686892233106
-233.7800087358574
-255.45978415879682
-242.5041443888407
-249.48151027534067
-222.9471014943321
-265.5454007862884
-211.83259279268935
-260.92313185623686
-233.96406468873096
-219.100555664576
-268.0451320649959
-227.01182435714188
-245.90150446681542
-218.4829941529136
-268.0583435195734
-279.17141656960985
-230.6758847060011
-212.13155572630723
-234.8787939606837
-257.5551271358413
-224.83809445480895
-237.7141100873788
-223.7887449866835
-213.87055430770334
-225.52591634473066
-268.96592995220857
-233.71607777466858
-249.13214911321242
-256.48970599014626
-200.0548566367503
-230.47889956897524
-211.97919519555748
-223.18596879051992
-239.49675836962598
-247.7390548002452
-251.3876898990224
-240.4746575350061
-233.32425565243747
-284.9321272248628
-250.39312865545946
-265.60356205361273
-287.692201996623
-227.5549294390197
-218.48925884328625
-246.65933285107477
-228.7610612505734
-243.6632645484417
-248.60145020214065
-259.6683981994797
-232.8141428048284
-219.19678821626283
-233.11344552152966
-242.19526414405092
-233.2323980262197
-220.33459078314272
-227.64606438048946
-223.07169549491954
-200.59468377668816
-230.4787398202942
-221.86182058455984
-208.4758298829948
-236.29951526915096
-237.7412487245653
-244.58163781083056
-185.64932879987632
-218.50696955872502
-217.9667630359649
-226.61927002225525
-266.394952267882
-221.20969505081024
-226.01865449410693
-250.21090830946252
-248.41698114745125
-246.34335948685063
-221.88570859635547
-230.33797126916397
-212.78775928591912
-225.0315840919601
-256.14234189899184
-212.34654078989183
-230.44637287666941
-239.31392750183596
-236.26351590995586
-244.250524717401
-219.90879444382077
-251.98774895105865
-263.9581371235618
-235.30991894452478
-265.1025325359483
-256.47124228558937
-281.9020231089254
-237.9780586996499
-230.46516541419444
-218.50624229492436
-257.6905741344993
-259.08838269948166
-210.60023344500325
-226.4743102075475
-264.0510457808472
-230.0569196869668
-224.8669672407219
-232.1465586318421
-252.49495167287392
-207.77267720853263
-210.77866028483635
-250.937115892631
-209.66489365403987
-228.33680650261613
-233.6422215945311
-252.9901323036888
-212.95708864036553
-217.44358161205503
-238.78959828861753
-255.31806143624402
-238.06447877033074
-232.02480996134886
-223.9446234502839
-244.84182109016112
-259.5450378676792
-212.2688598965119
-216.66334295042827
-231.47280803287222
-272.93292272127496
-225.3528777388891
-253.0768945628674
-246.9216353748871
-251.3102415214919
-268.65665938508585
-204.46845586161442
-243.226226281524
-224.60729237712994
-234.81059905840965
-235.20607829990107
-234.5695549043644
-276.26111444524383
-232.17076034672056
-218.488022251019
-243.27465941986543
-267.4047334589942
-199.83919800274424
-221.0035696671199
-275.05505788605774
-225.5269992227968
-239.22449871216548
-222.58855828863267
-212.75819761296538
-210.7106831685643
-238.7300197193157
-244.29156187092934
-249.8192672863664
-251.02605022552268
-241.01426713541542
-219.7279436203931
-215.51079642819388
-268.9500924113477
-220.21675099197824
-236.11094376206137
-234.41264164817443
-245.56837665375858
-280.5950830477327
-234.04124650421016
-188.15812626953527
-219.22268600692547
-232.1923130949383
-241.72113605324094
-243.21779295194688
-205.5706052320794
-237.36840306386213
-232.30875776326843
-212.83157983966208
-235.99858306312456
-228.75382034855
-247.49856357298162
-223.74469817176373
-222.14740209580893
-209.33673992318413
-231.23312837419064
-243.06882176440303
-194.99819730318464
-200.704174948557
-231.96201534290267
-249.30804794862914
-224.12866835372188
-242.60100894550902
-234.60293752745036
-237.18970249957465
-236.59868103155026
-266.9678353082828
-256.4391627472103
-237.730275513254
-229.55877673167925
-217.78573927291757
-214.49824624850083
-232.67953477353663
-244.70459837285978
-240.6647741805901
-268.94754626025053
-226.79938291274829
-274.8829475625297
-220.6106662786019
-257.2589185858592
-249.51632877253627
-201.8018510412188
-277.96209462457193
-209.28963753182435
-241.0834748746238
-236.08617740619786
-224.3677889139243
-233.05547106607634
-235.46381498655285
-210.9085423231841
-215.87186917337863
-261.439832369241
-221.28625862846258
-284.25875760771737
-225.00767607076295
-236.6458056281715
-231.14844669375606
-246.8190770725592
-192.79152537589368
-227.78090782645046
-215.1707774046816
-216.79682827593203
-265.8710089683578
-218.63631787024505
-216.56922194942743
-250.42027645865875
-232.60474363523124
-217.27106172276893
-240.51765303078258
-240.98440654571476
-240.42572811697522
-202.0148410681723
-230.44612639288465
-237.37500798416997
-278.2221164880488
-255.2192185977874
-281.64298809633743
-249.20629371430147
-203.6732261353917
-249.05350530349128
-259.1762926979519
-218.59786380100815
-267.8687687032936
-220.3918683035277
-217.1912549578543
-256.9356480390484
-235.34280813060593
-240.24517733565295
-238.79012244024136
-222.69740951946295
-228.4130836084343
-249.9346237994055
-210.78803882722838
-240.91568577015357
-230.54089749126405
-232.27929196443955
-237.40112060265295
-208.8705625257876
-299.83601472283215
-255.00938105372217
-234.67239294015928
-250.34916681872244
-262.8641049381455
-275.6668039272506
