0.9088533520698547
25.976985931396484
-5.216203689575195
14.41954517364502
29.17576789855957
-9.35539722442627
12.32579517364502
9.71437931060791
11.438591003417969
30.985092163085938
5.188776969909668
7.341545104980469
-1.5175013542175293
-8.983648300170898
6.87706184387207
0.8449958562850952
3.391770839691162
9.744471549987793
2.1229586601257324
24.803485870361328
17.6939754486084
1.171401023864746
16.818206787109375
-0.12003923952579498
8.606695175170898
28.68680763244629
16.633886337280273
0.519193708896637
1.2476011514663696
22.631664276123047
24.43022346496582
9.588123321533203
-10.40487289428711
19.622692108154297
-7.031041145324707
7.463631629943848
3.9559240341186523
-6.145130157470703
4.18206262588501
-1.192320466041565
-3.2492918968200684
22.5653018951416
8.734086990356445
2.995609760284424
6.936039447784424
3.7862939834594727
-8.106943130493164
4.295987606048584
-5.500943183898926
2.828244686126709
5.31973123550415
1.3092989921569824
16.383485794067383
-3.0304718017578125
-15.585274696350098
3.39259934425354
4.701358318328857
5.519214630126953
13.94400691986084
-13.3566255569458
2.162832021713257
-20.28272247314453
-19.55503273010254
7.449290752410889
-12.49436092376709
3.8306126594543457
-8.000718116760254
-2.6254050731658936
17.63242530822754
21.388580322265625
5.216300010681152
13.057320594787598
-23.71741485595703
-6.121983528137207
14.56966495513916
-18.083417892456055
-13.51323127746582
14.006418228149414
-12.142574310302734
-7.087608337402344
-8.35283374786377
-16.152921676635742
-0.7055213451385498
-17.988374710083008
-1.7014578580856323
-11.729061126708984
-5.86585807800293
-4.597286701202393
12.115796089172363
7.394651889801025
7.253364562988281
-6.07400369644165
7.179993152618408
-0.21356937289237976
20.771713256835938
18.857616424560547
4.012466907501221
5.124581336975098
0.5576213598251343
-1.8024307489395142
7.255697250366211
2.5929508209228516
-2.8515570163726807
6.595630645751953
0.5650479793548584
-9.508955955505371
7.838198184967041
-4.27982234954834
-10.096168518066406
-9.606132507324219
-13.605627059936523
7.812233924865723
3.572378635406494
13.702033042907715
2.1604957580566406
14.724142074584961
-21.537046432495117
-2.168165683746338
-12.394736289978027
-4.489076614379883
-29.045486450195312
-9.633756637573242
11.118481636047363
2.2961740493774414
30.814430236816406
14.484904289245605
-13.82901668548584
-4.9515180587768555
-8.626752853393555
-2.5068538188934326
-7.136810302734375
17.77105140686035
-5.6916632652282715
11.269417762756348
22.101646423339844
-17.48659324645996
5.444356918334961
-14.554398536682129
-8.152624130249023
3.8416783809661865
-2.0129752159118652
-10.428853988647461
-12.781579971313477
-8.309009552001953
8.9207181930542
0.00570310465991497
9.244512557983398
13.644185066223145
-3.4000532627105713
12.146722793579102
-18.298603057861328
-17.362836837768555
-6.704769611358643
5.448668956756592
-2.0815188884735107
8.97318172454834
12.484481811523438
-15.560879707336426
0.07746239751577377
9.30765438079834
2.7838077545166016
-1.6238936185836792
-4.595521926879883
-3.737251043319702
-1.9876601696014404
10.52575969696045
-7.001581192016602
10.603525161743164
9.171953201293945
-7.060488224029541
-21.338491439819336
2.9882946014404297
-10.558478355407715
16.629009246826172
-4.140146255493164
4.417428493499756
6.4794464111328125
7.3140106201171875
-22.099231719970703
-13.00857925415039
2.2199630737304688
14.18073558807373
0.020582670345902443
-0.7876415848731995
-8.420063018798828
2.6322438716888428
-14.964914321899414
-1.61565363407135
-0.5216729640960693
-1.446911334991455
13.389840126037598
32.43544387817383
0.09216109663248062
-19.946189880371094
-3.252505302429199
-7.921217441558838
11.282715797424316
4.976507663726807
2.5420424938201904
-12.299036979675293
1.1542917490005493
-7.869389533996582
-3.8799591064453125
2.256586790084839
7.042597770690918
-3.0785388946533203
7.4366936683654785
-18.48130989074707
-3.2172837257385254
31.1002140045166
3.9924659729003906
-1.663182020187378
-8.329503059387207
-0.2611605226993561
-2.523531913757324
11.892304420471191
-6.446806907653809
14.536808967590332
3.198207378387451
-14.73912239074707
-2.136491298675537
-6.721045970916748
-4.371692657470703
-1.9228540658950806
-4.873715400695801
-8.230513572692871
-6.276898384094238
-5.964455604553223
7.340085029602051
4.814018249511719
-2.917748212814331
32.829795837402344
8.354257583618164
14.689949989318848
6.8799662590026855
-8.29510498046875
-13.094856262207031
-1.3383986949920654
2.323917865753174
-1.339592695236206
14.94420337677002
-6.502668380737305
11.116108894348145
0.2296895831823349
2.135646104812622
-2.4661624431610107
-5.387612342834473
21.698274612426758
18.951108932495117
6.900052070617676
15.844253540039062
3.1706690788269043
18.72866439819336
-0.8361284732818604
26.910545349121094
-14.12679672241211
-9.56408977508545
-0.5131629705429077
-15.792854309082031
9.3917236328125
-4.935894966125488
2.965867519378662
-10.891987800598145
4.369086265563965
-3.420762300491333
2.5938713550567627
-15.814614295959473
12.74436092376709
-1.480081558227539
-28.001882553100586
-20.203224182128906
1.6610181331634521
-19.989595413208008
1.8120263814926147
5.001168727874756
4.3983612060546875
-12.17323112487793
-1.1941004991531372
13.432713508605957
15.088679313659668
12.283976554870605
0.39467906951904297
-3.5200130939483643
-8.733182907104492
5.304129600524902
-25.30074691772461
-4.03069543838501
-14.877291679382324
-13.456446647644043
-7.1971611976623535
-11.65764331817627
16.589059829711914
-6.954006195068359
0.36839476227760315
6.421995639801025
-15.272920608520508
-25.65833854675293
-14.260400772094727
-4.963765621185303
1.573903203010559
6.520392894744873
-15.9163236618042
7.4337158203125
3.0859529972076416
-3.8538296222686768
0.6020646095275879
13.072229385375977
1.4120657444000244
25.047391891479492
6.270407676696777
10.444740295410156
18.43680763244629
6.988386154174805
9.567265510559082
8.641314506530762
-2.8078792095184326
6.194073677062988
3.3826191425323486
10.999032974243164
-17.803863525390625
0.9519041180610657
2.9384727478027344
2.8726837635040283
-16.646333694458008
5.016932010650635
-8.95733642578125
-9.910992622375488
8.714693069458008
-11.98835277557373
-14.054484367370605
8.161636352539062
-20.053449630737305
-16.828893661499023
-7.261209964752197
-9.365570068359375
-2.2704460620880127
9.547588348388672
1.117316722869873
-9.143136978149414
13.507818222045898
-5.23632287979126
-3.9184837341308594
10.17694091796875
5.6249542236328125
-11.662090301513672
9.165095329284668
4.494302749633789
13.779531478881836
-9.798967361450195
-14.534026145935059
-8.799656867980957
3.0351598262786865
15.836079597473145
-22.197940826416016
-26.555742263793945
4.378211975097656
-3.954150915145874
-2.093467950820923
-6.722060680389404
-0.5712413787841797
-26.20218849182129
-4.100189208984375
19.946048736572266
2.517380475997925
-3.3729991912841797
3.959841728210449
-8.779631614685059
18.600915908813477
3.478628635406494
-4.439751625061035
-10.594017028808594
5.637120723724365
-4.624794006347656
-2.360715389251709
-0.996512770652771
-3.4858834743499756
2.01041316986084
22.4879207611084
-8.535209655761719
-1.077659249305725
15.422137260437012
-5.647485733032227
8.221696853637695
2.8384506702423096
-11.128612518310547
-7.303920269012451
16.626895904541016
-10.09372329711914
4.997585773468018
0.24739134311676025
16.09203338623047
-7.837808132171631
-7.298177719116211
15.635825157165527
0.703867495059967
5.159608840942383
6.761221408843994
-12.531532287597656
-9.409826278686523
14.692530632019043
-14.109007835388184
8.011884689331055
3.8903303146362305
-3.424518585205078
-18.328336715698242
2.3496038913726807
-8.042025566101074
15.090185165405273
-15.599761962890625
-9.71017074584961
-7.830954551696777
1.6571118831634521
3.200627565383911
-15.24560832977295
13.329710960388184
-2.5343239307403564
4.187469482421875
-3.3307340145111084
18.676342010498047
1.5008848905563354
8.080767631530762
1.527979850769043
9.537057876586914
17.416662216186523
13.1494722366333
20.46388053894043
3.584024667739868
22.901124954223633
20.940298080444336
-6.229064464569092
-13.135248184204102
-15.885138511657715
-1.5368040800094604
-13.96177864074707
6.448852062225342
-7.347348690032959
9.515772819519043
5.511131763458252
0.9225983619689941
-10.797754287719727
2.299776077270508
8.872978210449219
17.287996292114258
-19.27886390686035
-3.5869884490966797
-3.3334672451019287
14.48269271850586
-8.632792472839355
17.725522994995117
-3.353278875350952
7.073015213012695
-25.810392379760742
0.2139752358198166
2.0565876960754395
3.323080539703369
-0.36674392223358154
-7.300341606140137
10.750349998474121
-1.4766076803207397
-15.93083381652832
6.3619842529296875
-1.7759547233581543
-14.421072959899902
2.5282416343688965
-1.6884868144989014
-1.349530577659607
-12.000334739685059
7.0979814529418945
-9.940508842468262
12.049689292907715
17.68663215637207
-0.2954367399215698
5.085685729980469
-5.37221622467041
-7.364003658294678
3.372124195098877
7.072012424468994
-4.2331061363220215
-7.203239917755127
0.687494158744812
12.83178997039795
6.163806438446045
20.13648796081543
1.3743112087249756
-4.627163887023926
26.039432525634766
8.030942916870117
8.656352043151855
7.510757923126221
16.315031051635742
12.018921852111816
-2.54905104637146
13.972373962402344
-13.917595863342285
-0.6980699896812439
1.236635446548462
-24.45827865600586
-12.453428268432617
9.8035306930542
-16.567981719970703
-7.283514499664307
13.339734077453613
1.8139909505844116
-24.774885177612305
-21.281322479248047
10.673819541931152
-8.192220687866211
4.6888203620910645
21.796123504638672
-2.6437714099884033
-9.495885848999023
3.1627817153930664
-23.70357322692871
-13.932905197143555
-0.9102954268455505
-19.622642517089844
17.603290557861328
-4.169010639190674
-8.179052352905273
-5.617236137390137
7.157167434692383
8.944388389587402
10.206686973571777
2.235604763031006
12.4573392868042
0.941467821598053
23.579761505126953
15.217785835266113
0.11718226224184036
3.37563157081604
10.49443244934082
-20.411602020263672
-9.725738525390625
-8.821420669555664
-7.990478992462158
23.47875213623047
-31.843263626098633
-2.716524600982666
-9.629281997680664
-25.9901180267334
-10.455082893371582
-2.285935878753662
-7.318363666534424
-3.909965753555298
-0.3155716359615326
-9.140385627746582
-11.81292724609375
-17.302570343017578
19.58551788330078
-19.93988800048828
5.395833969116211
1.5967068672180176
-1.7158286571502686
2.1884937286376953
21.33420753479004
0.5810868740081787
-15.81853199005127
-3.5631582736968994
-1.3796724081039429
-12.317399978637695
-9.11477279663086
15.836137771606445
-7.49521017074585
-8.741842269897461
14.109479904174805
-14.826231002807617
0.1810511201620102
-9.954955101013184
-4.388644695281982
12.49921989440918
7.766754150390625
-5.824600696563721
6.376192569732666
-0.9566194415092468
4.605740547180176
-0.3922165036201477
3.541815757751465
-5.529677391052246
14.896528244018555
34.344242095947266
-9.046128273010254
-9.067367553710938
13.238868713378906
-2.7782068252563477
2.4460363388061523
2.4853322505950928
6.809742450714111
18.819664001464844
12.76855754852295
6.968013286590576
0.5511410236358643
22.01005744934082
28.115629196166992
-7.492476940155029
6.820439338684082
-4.547752857208252
13.174654006958008
-19.763599395751953
-4.927412033081055
-9.555757522583008
-24.202953338623047
7.952143669128418
-27.037534713745117
2.3983347415924072
-16.32714080810547
7.802452087402344
1.5504708290100098
10.090642929077148
0.5911325216293335
-17.611074447631836
-3.171767473220825
-9.565567970275879
-13.859343528747559
9.451698303222656
3.880276918411255
6.043426513671875
-3.561599016189575
-19.94341278076172
-13.095867156982422
-11.982836723327637
6.019285678863525
-5.995964050292969
-11.942068099975586
-13.060391426086426
18.88102912902832
-8.666885375976562
-16.316604614257812
-9.676690101623535
18.429744720458984
-15.873834609985352
-12.984335899353027
-2.3013641834259033
2.7274043560028076
-2.3672635555267334
0.14546649158000946
5.057775020599365
-9.252605438232422
7.123650074005127
11.856400489807129
10.716095924377441
9.201702117919922
-6.215566158294678
9.793725967407227
25.41718101501465
2.612482786178589
8.118867874145508
4.758073329925537
4.714691638946533
-0.7182810306549072
-5.3184661865234375
3.427219867706299
-30.502071380615234
16.437519073486328
-2.3706040382385254
13.31360912322998
-12.349403381347656
-7.9298577308654785
-6.708226680755615
-15.687661170959473
5.695854187011719
-14.008627891540527
29.81479263305664
-6.612057209014893
-2.810694694519043
0.8334056735038757
-7.278839588165283
-18.973758697509766
7.658265113830566
21.55584144592285
-15.06485652923584
0.07058543711900711
8.979450225830078
3.745373249053955
-15.476326942443848
3.2420568466186523
-1.2354451417922974
-0.8677220940589905
-7.352853775024414
-15.876591682434082
-6.698611736297607
-5.506077766418457
2.166410207748413
11.503520965576172
-9.212871551513672
-6.847864627838135
-6.089030742645264
-3.1984589099884033
4.254523277282715
-7.527942657470703
-9.871272087097168
16.25904655456543
20.65760612487793
10.262645721435547
5.673349857330322
23.77797508239746
21.49753761291504
-7.635099411010742
18.248945236206055
21.722822189331055
-0.28732991218566895
-4.855062007904053
5.325416088104248
18.46959114074707
-0.9257981777191162
15.0361909866333
-1.2916098833084106
-4.63827657699585
3.357841968536377
-33.04349899291992
-7.029542922973633
12.664377212524414
10.6441011428833
3.11936354637146
-20.98525047302246
7.046990871429443
-23.831937789916992
-4.80203914642334
-4.984128952026367
-2.3139960765838623
11.672571182250977
-1.7599661350250244
-17.244155883789062
5.6650471687316895
23.004310607910156
0.45176947116851807
5.9472270011901855
-17.243833541870117
14.730107307434082
-2.324916124343872
-7.650662422180176
-9.691805839538574
-25.97974395751953
-7.285739898681641
1.932442545890808
-7.141875267028809
-10.825942993164062
8.695282936096191
13.083246231079102
-4.126179218292236
20.694198608398438
4.496274948120117
-0.4869931936264038
-21.871553421020508
5.8610358238220215
-0.7780836820602417
12.784903526306152
-3.990535259246826
4.494105815887451
9.203895568847656
-19.102710723876953
-22.246471405029297
-8.349702835083008
10.254573822021484
-3.0785293579101562
14.616567611694336
-2.358879327774048
11.734397888183594
-1.1323671340942383
-15.980361938476562
11.557906150817871
5.131740570068359
20.17699432373047
-13.109406471252441
12.470409393310547
6.603799343109131
-19.247451782226562
4.05954647064209
1.2663291692733765
5.337767601013184
-13.699288368225098
-11.162672996520996
-26.054651260375977
-19.72957992553711
16.126129150390625
2.505298614501953
5.773155212402344
2.3655850887298584
-9.628080368041992
7.528557300567627
-1.4212095737457275
16.41440200805664
-18.997150421142578
0.6479392647743225
23.384288787841797
-14.092796325683594
-26.332500457763672
-3.8771517276763916
-2.693251848220825
-13.847197532653809
12.709290504455566
-17.7840518951416
27.218738555908203
-18.658241271972656
-8.485640525817871
-6.7592244148254395
-11.73013687133789
-18.066967010498047
4.13315486907959
-16.179885864257812
-8.501477241516113
4.028172969818115
-1.4889904260635376
0.22926859557628632
23.866880416870117
-19.43719482421875
3.26619029045105
7.015995502471924
-3.0358269214630127
9.153094291687012
9.324615478515625
-0.49705368280410767
15.312485694885254
14.18132495880127
12.079412460327148
14.438735961914062
3.6132583618164062
3.1067349910736084
12.413329124450684
-24.790334701538086
-9.027225494384766
-0.37481606006622314
4.182519435882568
-5.492094993591309
-23.30893325805664
15.521737098693848
15.753217697143555
5.071621417999268
4.098759174346924
-12.562750816345215
-14.141554832458496
-2.673236846923828
8.501946449279785
-19.07450294494629
-13.075833320617676
5.985701560974121
-4.766947269439697
1.796316385269165
0.153778076171875
17.555156707763672
-25.297870635986328
6.0894083976745605
9.424489974975586
-16.355188369750977
-2.3479950428009033
-8.715360641479492
-5.276412487030029
0.6618955135345459
-5.791487216949463
3.5987048149108887
3.9248383045196533
26.01313591003418
14.362726211547852
3.846494436264038
-20.81454849243164
-11.123834609985352
9.463147163391113
-3.808887243270874
6.8782219886779785
11.558831214904785
-14.27720832824707
-11.058213233947754
-25.907609939575195
0.8011570572853088
-27.429624557495117
-10.842558860778809
10.217714309692383
4.278520584106445
-1.6947264671325684
-17.826862335205078
8.069570541381836
21.531660079956055
1.325036644935608
11.086766242980957
7.683765888214111
22.224979400634766
-1.4576690196990967
6.376646041870117
-5.934041976928711
1.0497034788131714
-2.3600051403045654
11.218116760253906
23.18071937561035
2.3048551082611084
8.822366714477539
4.3639726638793945
-11.568493843078613
-11.105978965759277
-16.444429397583008
1.7456040382385254
1.5332281589508057
-20.992420196533203
11.175163269042969
-12.066787719726562
-0.20996631681919098
-26.32662010192871
0.9824702739715576
9.69139575958252
-9.86772346496582
10.82787036895752
4.470654487609863
2.496659517288208
8.359554290771484
-25.156442642211914
4.69321346282959
-3.458141803741455
-10.360762596130371
-0.497956782579422
-3.7058115005493164
16.793630599975586
2.969825267791748
-9.586613655090332
2.1670305728912354
-2.9025027751922607
-7.6971259117126465
16.005172729492188
-17.837663650512695
3.0280232429504395
17.22616958618164
-2.7901477813720703
3.462491512298584
9.081046104431152
-28.00107765197754
26.560317993164062
-11.913003921508789
-16.04642105102539
0.4642350673675537
-14.208061218261719
-7.0999932289123535
-11.154629707336426
15.758209228515625
15.339781761169434
-8.401957511901855
-4.603071212768555
-1.7404402494430542
1.3033665418624878
-4.856813907623291
-10.496835708618164
-6.041755676269531
23.104524612426758
6.6473259925842285
22.77342987060547
12.796993255615234
9.263040542602539
26.57936668395996
-15.16815185546875
-3.832176923751831
18.05965805053711
4.271543025970459
-0.12397241592407227
29.934717178344727
-10.667903900146484
-18.66319465637207
8.588522911071777
-7.226263523101807
13.333163261413574
-9.927288055419922
0.14288949966430664
-2.455306053161621
-8.389023780822754
-10.081599235534668
6.2888922691345215
11.120845794677734
17.62596321105957
-4.381717681884766
4.379380226135254
6.512417793273926
9.826898574829102
2.1379141807556152
-8.844406127929688
4.203851699829102
-1.517721176147461
-10.20132827758789
-7.518613815307617
10.701217651367188
-1.238249659538269
5.996140480041504
-1.4997897148132324
-11.430139541625977
14.562360763549805
-2.763110876083374
-4.8536152839660645
-30.737085342407227
-7.994210243225098
7.634272575378418
5.227865219116211
8.72488784790039
-16.524763107299805
8.397425651550293
-0.6163231134414673
-2.8838369846343994
-10.215494155883789
4.988955020904541
-11.29000473022461
-4.987247467041016
7.299676418304443
3.1238813400268555
2.776292324066162
4.3162522315979
8.68421459197998
-1.075211763381958
7.969541072845459
5.809451580047607
-9.284252166748047
-9.813618659973145
-11.773858070373535
10.344919204711914
-4.3404221534729
-6.138608455657959
-4.865701675415039
-20.75662612915039
-17.365299224853516
-1.2732833623886108
-23.987394332885742
-7.516726970672607
-13.203707695007324
-3.053776264190674
-11.86561393737793
-5.387677192687988
5.99185037612915
-7.962077617645264
-0.5708143711090088
9.34085464477539
-7.101715564727783
3.2150230407714844
-2.3048081398010254
15.258798599243164
10.663627624511719
0.25873926281929016
9.179871559143066
-9.340788841247559
-7.486772060394287
18.285388946533203
6.599203109741211
-23.66618537902832
-6.671833515167236
-1.9083142280578613
6.051601886749268
15.272542953491211
-4.9735426902771
-3.129004955291748
13.254205703735352
-7.9648756980896
-7.733789920806885
-0.579903781414032
-12.428961753845215
6.364214897155762
21.244693756103516
3.231367588043213
19.240556716918945
-4.165306568145752
-8.14743709564209
-8.198140144348145
0.015603396110236645
-6.473250865936279
-9.061781883239746
7.67741060256958
-13.35657787322998
15.748050689697266
-0.1548967808485031
-11.400774002075195
0.2952006757259369
2.164294958114624
10.446866989135742
14.538798332214355
6.157721996307373
15.877564430236816
3.3427600860595703
-9.657990455627441
12.821393966674805
-13.788846969604492
-0.5540521740913391
4.334709167480469
12.230413436889648
20.99708366394043
-5.369002819061279
6.278425216674805
-0.6620688438415527
10.211784362792969
4.370357990264893
-5.578955173492432
-1.9400744438171387
9.572641372680664
-4.678647994995117
19.516555786132812
2.4973881244659424
-1.8303977251052856
-2.7131288051605225
-10.861720085144043
-17.12429428100586
5.896378993988037
-5.313199520111084
23.689271926879883
-0.6274415850639343
22.44664192199707
-9.194026947021484
5.463603496551514
-16.466585159301758
-30.657915115356445
-2.097182512283325
-1.7657537460327148
7.412417888641357
0.8636208176612854
14.669289588928223
-18.66434097290039
13.602547645568848
23.52495765686035
8.912723541259766
10.101062774658203
-2.9522526264190674
-3.682461977005005
-6.029601573944092
-10.378091812133789
-5.944237232208252
9.327481269836426
-4.160236358642578
-1.0151809453964233
8.967442512512207
-19.007442474365234
-12.007160186767578
-1.9638142585754395
-5.7486252784729
-25.489194869995117
-2.3736257553100586
-2.138011932373047
3.4169957637786865
2.5908312797546387
0.5413358807563782
-0.017544934526085854
-5.071782112121582
0.8928516507148743
2.919384479522705
1.7331417798995972
-6.124007701873779
1.212369680404663
-12.179763793945312
21.047779083251953
18.7667236328125
28.73178482055664
-3.9859440326690674
18.89108657836914
0.7369863986968994
13.916903495788574
20.969942092895508
-5.595562934875488
-3.703861951828003
17.62907600402832
-11.311267852783203
-19.627445220947266
-17.666584014892578
2.576392889022827
-4.41817569732666
19.93092918395996
-5.2337422370910645
-11.831621170043945
-21.446178436279297
7.916009902954102
-21.65078353881836
-5.070847511291504
-0.6317741274833679
0.9696364998817444
17.732223510742188
-1.4962034225463867
-7.10648775100708
6.971415042877197
-1.2413617372512817
-4.702998161315918
-6.319794654846191
-3.4338159561157227
14.090008735656738
-4.777703762054443
-1.3853062391281128
3.8031702041625977
3.950991630554199
-1.8721563816070557
-0.782605767250061
8.532444953918457
6.208905220031738
-25.916868209838867
4.489651679992676
22.33050537109375
0.3173772692680359
8.739972114562988
-2.5132319927215576
6.3370466232299805
-0.5144794583320618
3.6256463527679443
3.4241743087768555
-15.797062873840332
-4.763104438781738
-28.721052169799805
-3.756969690322876
13.638547897338867
-40.26383590698242
-20.09694480895996
-6.615123748779297
-11.740923881530762
-4.864982604980469
1.0227628946304321
-28.996742248535156
-3.7307958602905273
-8.645636558532715
3.4705963134765625
-5.311586380004883
-15.035185813903809
-2.232900857925415
6.60114049911499
-13.157371520996094
-6.355494976043701
-10.320745468139648
2.956611156463623
12.801416397094727
-8.11971664428711
19.710020065307617
9.157804489135742
7.821971416473389
10.480679512023926
8.707470893859863
-21.080249786376953
10.165785789489746
10.875141143798828
-23.036468505859375
10.9569730758667
-8.6156587600708
-15.182826042175293
-8.01468563079834
-10.658530235290527
-17.080978393554688
-0.41079723834991455
20.5444278717041
-3.3867928981781006
-20.9780216217041
-9.322587013244629
-9.445730209350586
0.8786617517471313
1.6052356958389282
20.292238235473633
1.8907716274261475
8.830974578857422
-3.2765612602233887
23.450393676757812
11.464570999145508
0.4465882480144501
-8.699433326721191
0.532985270023346
6.159111976623535
2.4476897716522217
-5.59157133102417
13.764816284179688
2.8456175327301025
16.449535369873047
3.477447986602783
-14.053284645080566
3.399282932281494
17.637399673461914
12.511194229125977
-3.6685726642608643
-0.4346159100532532
3.866431474685669
-37.222076416015625
19.538806915283203
-22.710935592651367
11.180676460266113
-10.401878356933594
20.06406593322754
-12.13142204284668
18.96579933166504
-0.2885473072528839
0.9121975898742676
8.61110782623291
7.710012435913086
-4.329390525817871
1.2168928384780884
-6.79618501663208
6.762238025665283
-3.7129716873168945
-16.521074295043945
0.9358500838279724
15.632445335388184
7.553765773773193
-11.1192045211792
1.7847766876220703
0.3467569649219513
23.317028045654297
-1.207614779472351
-1.46786630153656
0.6887312531471252
10.249580383300781
8.87728500366211
0.4060007333755493
-7.425943374633789
7.347813606262207
1.5411791801452637
-1.8505624532699585
8.289538383483887
-26.215259552001953
-12.200486183166504
-10.076190948486328
7.965027332305908
-3.1504125595092773
2.6063132286071777
1.9119594097137451
6.298984050750732
0.5258004665374756
6.929882049560547
10.521209716796875
-16.470380783081055
1.654821515083313
-39.68935775756836
-12.478715896606445
1.0952855348587036
-18.81633186340332
7.334744930267334
-6.646855354309082
-12.578378677368164
-5.638252258300781
-10.966479301452637
-7.515005588531494
-4.922086715698242
-27.251211166381836
-15.056403160095215
0.012855314649641514
-2.4826836585998535
18.617679595947266
-10.350058555603027
6.376293182373047
-9.323678970336914
-3.1547741889953613
6.852670192718506
-5.328787803649902
18.779701232910156
1.6741828918457031
-9.563467025756836
10.690287590026855
-3.1511905193328857
8.0248384475708
11.0354642868042
-0.5594512224197388
-17.848743438720703
-15.932169914245605
-6.504146099090576
-16.167869567871094
6.687097072601318
8.534414291381836
4.76857852935791
-25.753124237060547
2.205327033996582
-7.411853790283203
-10.155372619628906
-2.5575907230377197
-8.557175636291504
-18.167835235595703
15.234455108642578
0.38591915369033813
1.3942065238952637
2.9844000339508057
16.641414642333984
-1.5600509643554688
6.757538795471191
11.80492115020752
-1.3978503942489624
-3.267651081085205
-2.677546262741089
21.671016693115234
7.830389976501465
0.9798458814620972
5.404298782348633
19.857696533203125
-9.688796997070312
15.343428611755371
13.258256912231445
16.079910278320312
21.46955680847168
-15.976102828979492
-26.415443420410156
-25.734527587890625
-17.465328216552734
-11.607939720153809
1.9987577199935913
-14.583813667297363
6.032750129699707
-5.751006603240967
-5.90770959854126
-16.43109893798828
-5.834230899810791
5.850371360778809
10.307600021362305
-9.116413116455078
-9.823363304138184
8.9038724899292
-5.038670063018799
13.91983413696289
-5.494565963745117
-2.070685863494873
-2.748037815093994
-10.595597267150879
-19.5758113861084
-0.6691555380821228
3.9011390209198
-24.59295082092285
4.439643859863281
24.234464645385742
7.918736934661865
2.817671060562134
3.3282296657562256
-13.069279670715332
-3.9191629886627197
15.659741401672363
15.042635917663574
18.201250076293945
20.32770538330078
9.367666244506836
6.774321556091309
-1.0009891986846924
11.795890808105469
-26.17791175842285
-17.5576229095459
21.67745590209961
1.0780543088912964
17.506881713867188
-11.556276321411133
-4.064126968383789
-3.7703497409820557
-9.507944107055664
26.59358024597168
-17.564624786376953
7.54030704498291
-14.632244110107422
-5.066728115081787
8.045400619506836
1.9136791229248047
1.1604323387145996
3.88838529586792
3.027841091156006
15.71399974822998
5.592843532562256
-11.771347045898438
-0.5759105086326599
11.324800491333008
11.321385383605957
0.5758744478225708
-6.115560531616211
-11.663979530334473
7.980380535125732
1.4780973196029663
4.929695129394531
-8.5576753616333
11.833389282226562
2.2649319171905518
-10.0587797164917
-4.314947605133057
-11.099522590637207
-18.26297950744629
-9.396824836730957
-3.14308500289917
-5.718775272369385
-6.551527976989746
1.9764529466629028
-4.585937976837158
3.8593060970306396
-12.052440643310547
-20.47146987915039
12.883810043334961
17.558258056640625
-16.005373001098633
7.362199783325195
9.903738021850586
-4.506520748138428
-3.210716724395752
1.611142873764038
16.59255599975586
-16.6743221282959
2.969459056854248
4.237950801849365
-12.453569412231445
-18.78784942626953
-3.2906970977783203
-13.151928901672363
-14.339950561523438
7.82663106918335
4.87728214263916
3.4806106090545654
-2.3716769218444824
-13.924030303955078
1.9447951316833496
-12.486351013183594
-10.272998809814453
3.0270299911499023
-4.754953861236572
-8.26267147064209
24.696617126464844
9.269599914550781
8.673046112060547
-19.12734603881836
4.6893086433410645
-3.2399041652679443
-4.880368232727051
-0.207285076379776
14.526479721069336
18.160961151123047
10.2499361038208
17.211219787597656
-5.344734191894531
-10.01467227935791
-19.57069969177246
2.3539235591888428
19.33296775817871
1.6633639335632324
1.2131571769714355
-15.741350173950195
-1.145337462425232
-14.654308319091797
-8.738384246826172
16.952560424804688
-4.763396739959717
-4.159236431121826
-5.944475173950195
-9.265433311462402
15.829301834106445
5.981759071350098
15.2483491897583
-11.33629322052002
-5.72996187210083
16.079395294189453
-6.425503730773926
-7.657638072967529
12.040233612060547
-5.861388683319092
-24.071128845214844
-3.5334482192993164
3.4757285118103027
1.552857518196106
-0.9340564608573914
3.5423972606658936
-6.728266716003418
9.952982902526855
-10.320610046386719
10.83536434173584
-2.4315717220306396
12.058782577514648
-5.863069534301758
-12.175119400024414
-1.5687373876571655
-7.689143180847168
21.148401260375977
17.19028663635254
19.013805389404297
10.182249069213867
-3.32533597946167
21.797883987426758
3.1260201930999756
2.146538257598877
14.219585418701172
-1.2128727436065674
-17.97274398803711
32.33003234863281
1.7292888164520264
-3.6609694957733154
-1.0584039688110352
-20.893213272094727
-2.123162269592285
5.262176513671875
5.304303169250488
-1.3351844549179077
-8.122291564941406
-0.9056496024131775
1.2460116147994995
-6.118936538696289
-4.720167636871338
1.8762637376785278
10.881301879882812
18.97954750061035
14.048595428466797
16.738924026489258
11.385303497314453
8.499773979187012
6.484571933746338
-1.3952282667160034
10.720885276794434
10.730413436889648
-13.842185974121094
23.198488235473633
-10.217331886291504
2.9209492206573486
-8.326898574829102
18.483591079711914
-16.494659423828125
20.46328353881836
0.8708652257919312
-3.1529958248138428
7.668867111206055
-0.9694684743881226
-11.780116081237793
-5.864743232727051
-18.58832359313965
0.942959725856781
-10.218583106994629
-1.4381850957870483
-8.467320442199707
-16.131837844848633
-5.145753383636475
7.626239776611328
-15.789573669433594
6.158674240112305
4.080155372619629
2.7121317386627197
-1.1409562826156616
-10.700214385986328
14.055766105651855
7.2372355461120605
-4.24334192276001
16.063581466674805
-2.3438806533813477
-4.014773368835449
1.941095232963562
15.868566513061523
2.030341863632202
-8.433354377746582
-23.250459671020508
28.057538986206055
-14.450277328491211
16.674713134765625
-24.400066375732422
-10.80465316772461
-4.721257209777832
0.06625562906265259
14.412456512451172
-4.119929790496826
-1.8492480516433716
-13.14331340789795
7.418951034545898
-27.78495216369629
-14.242463111877441
-4.95491361618042
-18.940963745117188
-2.3173701763153076
14.581055641174316
-6.879621505737305
12.893481254577637
24.854379653930664
17.892620086669922
-2.568593740463257
4.146991729736328
12.883909225463867
-2.1584529876708984
15.978066444396973
5.196854114532471
-9.425914764404297
-12.945174217224121
11.32945728302002
-22.00190544128418
-4.1738667488098145
14.696989059448242
24.401601791381836
8.318915367126465
6.795085430145264
3.878779888153076
7.8688578605651855
-22.427780151367188
-8.389161109924316
-10.013923645019531
-28.692869186401367
6.918511867523193
16.713062286376953
11.991090774536133
13.18299388885498
0.6316876411437988
-29.041093826293945
-27.656436920166016
1.345178246498108
-3.908754825592041
9.009875297546387
0.7913088202476501
-11.276347160339355
12.711152076721191
-1.7107967138290405
-8.414871215820312
-26.867040634155273
2.4029924869537354
-18.992534637451172
1.9799741506576538
-13.773884773254395
-6.987256050109863
9.186725616455078
5.351117134094238
-4.9309468269348145
-17.530197143554688
9.014938354492188
-9.737649917602539
-18.980060577392578
-3.6979122161865234
-23.39723014831543
4.839596748352051
11.561980247497559
1.3717210292816162
7.034135341644287
-17.317148208618164
1.348257303237915
-12.905757904052734
-8.549771308898926
-10.052543640136719
-2.6158463954925537
1.8112564086914062
-2.180515766143799
-24.467191696166992
5.040243148803711
4.587698936462402
7.595191478729248
-2.178029775619507
-15.164533615112305
-9.432522773742676
-1.77419114112854
-2.6745941638946533
0.3908537030220032
-6.983468055725098
6.544802665710449
0.6060437560081482
-10.432146072387695
-5.122200965881348
-10.991561889648438
4.380273818969727
-8.374711036682129
-11.348916053771973
5.017611980438232
1.2527390718460083
6.937342643737793
-21.59140396118164
-6.765223503112793
2.8114101886749268
12.727836608886719
-16.377988815307617
21.017946243286133
11.210269927978516
-1.6535727977752686
-8.28629207611084
1.7136753797531128
27.20042610168457
0.6133657693862915
22.1267032623291
7.8884406089782715
0.4039374887943268
-6.16635274887085
12.038379669189453
-1.4020916223526
2.765475034713745
-5.104313850402832
7.286411762237549
10.914965629577637
3.5250067710876465
16.033538818359375
4.604376316070557
-2.521498918533325
-14.741196632385254
9.841438293457031
1.680266261100769
-16.300939559936523
-4.091785430908203
3.487679958343506
12.01933765411377
0.9699682593345642
-5.671078681945801
-11.714261054992676
6.939187049865723
6.073147773742676
0.9170644283294678
-4.334589958190918
-25.53448486328125
18.053733825683594
-4.72055196762085
-4.142830848693848
-4.561895370483398
-12.91960620880127
15.233048439025879
-2.729201078414917
-0.1717800796031952
-14.530667304992676
-4.07082462310791
-14.545304298400879
-1.7300535440444946
-9.506282806396484
-6.833150863647461
-1.4542601108551025
-3.457839250564575
-11.322956085205078
7.4280877113342285
8.139636993408203
-4.302766799926758
16.438873291015625
1.0113886594772339
-3.658552646636963
-14.644695281982422
-7.665130138397217
-12.142183303833008
11.539093971252441
-0.23304270207881927
17.17233657836914
3.176903247833252
-5.659966945648193
22.71870231628418
14.252941131591797
-9.896431922912598
4.29083251953125
9.997197151184082
-5.030706882476807
14.757741928100586
10.95355224609375
-10.000975608825684
-25.228008270263672
10.827814102172852
3.9646785259246826
-5.828239917755127
-0.6405375003814697
4.980255126953125
12.484313011169434
-12.392854690551758
4.39572286605835
-2.781980276107788
12.030465126037598
-8.511445045471191
-5.2071919441223145
-1.5707883834838867
8.673643112182617
-9.178123474121094
10.101794242858887
-0.22443565726280212
0.5873461365699768
-6.751588821411133
9.395626068115234
8.215436935424805
-3.979926586151123
4.856349945068359
-8.95064926147461
2.438232660293579
20.667322158813477
0.17307837307453156
-7.609335422515869
5.77189302444458
5.526163101196289
1.0054123401641846
-9.227404594421387
-7.713991165161133
-13.660520553588867
2.7244205474853516
-1.211835265159607
-5.74524450302124
-11.331188201904297
-0.5779591798782349
-10.290109634399414
12.976585388183594
6.491162300109863
-30.36549186706543
4.828999042510986
20.43693733215332
-1.5775009393692017
-4.007054328918457
-8.823009490966797
-7.946493625640869
0.254498153924942
-13.415772438049316
8.958329200744629
-10.725313186645508
16.9800968170166
9.935046195983887
14.276144027709961
6.656010150909424
-7.879831314086914
-4.981120586395264
4.644637107849121
27.02903938293457
3.2633283138275146
-6.3965535163879395
1.2907811403274536
0.13065621256828308
-6.845313549041748
2.4366493225097656
-4.105716228485107
-7.598866939544678
6.974447727203369
37.258026123046875
5.727818965911865
-3.8513431549072266
-4.6145172119140625
6.523334980010986
-4.499558448791504
-10.319210052490234
2.1681909561157227
12.132356643676758
3.266299247741699
32.660545349121094
-8.718316078186035
-15.509459495544434
10.237116813659668
9.028249740600586
-1.0188087224960327
-13.98575210571289
-9.150091171264648
-15.129441261291504
15.75135612487793
5.059258937835693
23.319080352783203
26.056245803833008
4.878375053405762
-0.2561139762401581
-18.82917022705078
11.624621391296387
1.4649291038513184
5.5697922706604
-17.17156982421875
-7.614222526550293
18.317466735839844
-12.156250953674316
11.641890525817871
-24.5948486328125
-8.719621658325195
3.752031087875366
-3.802574634552002
6.42726993560791
20.049457550048828
12.801610946655273
-2.109168291091919
-5.45200252532959
1.9334046840667725
11.395383834838867
1.6499016284942627
-10.469552993774414
-4.077676773071289
-1.5746004581451416
-8.0607328414917
7.3968610763549805
14.92707633972168
11.391093254089355
-12.99264907836914
-21.92755699157715
0.01182722207158804
-12.54350471496582
-21.759862899780273
-2.886098623275757
19.12808609008789
10.213171005249023
-2.7246854305267334
-16.727581024169922
18.793109893798828
-1.8981459140777588
-14.354548454284668
23.38885498046875
11.836647033691406
17.252899169921875
20.735645294189453
0.8959782719612122
-10.219895362854004
5.155659198760986
24.105533599853516
9.095541954040527
2.9021973609924316
-11.11053466796875
-2.9992387294769287
10.883036613464355
-18.041990280151367
-5.2711944580078125
18.435510635375977
0.007270537316799164
-1.7368414402008057
18.848703384399414
0.5876936912536621
-0.3463985025882721
-1.4471006393432617
-3.958953619003296
-7.721786975860596
10.87161636352539
9.029309272766113
5.809521675109863
-9.500598907470703
-2.0333940982818604
-4.301673412322998
9.778748512268066
0.9143989682197571
-5.874790191650391
1.5971522331237793
-3.6802995204925537
-17.813413619995117
-0.14911378920078278
1.1251524686813354
12.658076286315918
-10.079277038574219
-6.468505859375
-7.498439788818359
5.37290096282959
14.794397354125977
-18.66197395324707
-7.278398513793945
5.90831184387207
10.299875259399414
4.736156463623047
0.5145131945610046
8.967415809631348
1.7605156898498535
3.1400153636932373
-6.826435565948486
0.9136139154434204
-0.554916262626648
12.527029037475586
15.535470962524414
13.860831260681152
6.2199931144714355
-21.377872467041016
-20.708221435546875
-12.75103759765625
14.47893238067627
-4.309025764465332
10.303970336914062
-2.765439033508301
8.560070991516113
-5.042055130004883
-7.866584777832031
-8.996097564697266
-6.251236915588379
10.767881393432617
-9.543179512023926
6.129724025726318
-14.229368209838867
19.089405059814453
-5.422415733337402
7.280640125274658
-5.772557735443115
19.34259605407715
-10.096489906311035
-21.14566421508789
-17.739347457885742
-14.228397369384766
-18.004222869873047
-20.988126754760742
-1.0443941354751587
-2.574429988861084
-11.676773071289062
7.761571407318115
-5.561644077301025
15.281506538391113
26.258472442626953
6.338993549346924
5.560847759246826
0.30932125449180603
16.755794525146484
-2.0745327472686768
-0.5887140035629272
0.47397202253341675
-11.8541898727417
4.492094039916992
-14.634623527526855
-20.09674072265625
13.700424194335938
2.376703977584839
9.95829963684082
5.285956859588623
16.20799446105957
-9.225312232971191
-8.457526206970215
1.0891481637954712
3.2576684951782227
2.2984061241149902
-20.307750701904297
0.19671335816383362
-1.7871443033218384
15.30082893371582
12.686261177062988
25.394689559936523
-12.81376838684082
-7.924063205718994
-0.07579321414232254
0.036047618836164474
-24.042251586914062
9.195459365844727
-7.151482105255127
0.9340741038322449
-6.652579307556152
12.052905082702637
16.136171340942383
-5.2147536277771
-7.563671112060547
5.998407363891602
-26.992982864379883
-15.31558609008789
14.94930648803711
-21.065074920654297
-9.853148460388184
23.45853042602539
-8.88050651550293
8.434977531433105
-12.38226318359375
-10.30607795715332
-11.222508430480957
-5.557156562805176
6.088902473449707
11.946146965026855
-16.362600326538086
13.357149124145508
0.5281040668487549
-11.475680351257324
14.000571250915527
10.137809753417969
3.6081035137176514
-2.420699119567871
-1.650850534439087
11.648279190063477
-4.329353332519531
2.455070734024048
25.19101905822754
0.8401585221290588
-14.937699317932129
19.58487319946289
11.979829788208008
5.16663122177124
-7.83460807800293
6.253028392791748
1.543947458267212
14.611202239990234
-3.7077763080596924
-1.3535070419311523
-10.962203025817871
2.8927223682403564
13.148019790649414
-14.149049758911133
-4.030022621154785
-19.93709945678711
-11.619405746459961
15.223295211791992
1.797896146774292
-20.5250244140625
-9.701929092407227
26.932235717773438
1.9712697267532349
4.832946300506592
10.281468391418457
9.25655460357666
-10.83853530883789
8.024057388305664
-11.061771392822266
-16.234956741333008
-3.3722476959228516
5.2764668464660645
6.260126113891602
-13.929189682006836
-5.936699867248535
-8.233680725097656
0.6615386009216309
-11.186261177062988
-11.694798469543457
-4.900116443634033
-13.689993858337402
15.597500801086426
-10.262184143066406
-11.163857460021973
3.3527207374572754
1.346011757850647
23.509862899780273
29.026519775390625
-6.305649280548096
-11.668425559997559
6.464725017547607
-5.8338212966918945
18.877883911132812
13.842964172363281
-0.9303592443466187
-3.296400547027588
1.78528892993927
1.2630630731582642
-7.392845630645752
-10.382070541381836
-1.8229546546936035
-2.918139934539795
1.8219431638717651
10.551417350769043
-6.9827752113342285
10.055716514587402
-11.987728118896484
-12.014716148376465
-9.570985794067383
1.1937601566314697
-16.496849060058594
-12.558576583862305
2.530196189880371
-0.6464356184005737
14.058695793151855
-4.2034101486206055
-17.888160705566406
3.5111358165740967
-12.291814804077148
-7.351995944976807
-1.1572316884994507
-3.725416660308838
15.196515083312988
2.7886874675750732
1.5523784160614014
0.18537938594818115
7.696634292602539
-3.1282641887664795
3.646575450897217
15.572972297668457
-19.15329360961914
11.483922958374023
-1.0820362567901611
3.7194039821624756
-6.34769868850708
-5.5860772132873535
8.150687217712402
2.370091676712036
-4.255056381225586
8.653717994689941
-16.761634826660156
5.728099822998047
-10.408573150634766
17.817277908325195
-10.259145736694336
1.0438158512115479
5.5450053215026855
1.043015718460083
4.499607563018799
9.424013137817383
-4.695938587188721
-3.9893972873687744
1.062076449394226
7.840183258056641
10.906673431396484
-9.496488571166992
-10.899626731872559
-0.7032140493392944
6.117989540100098
-14.94815444946289
-24.636795043945312
-23.27510643005371
-1.3076375722885132
-2.602099895477295
-14.630579948425293
18.02469825744629
1.2922974824905396
10.319347381591797
13.477877616882324
7.416032791137695
3.5029497146606445
4.974246978759766
-0.9697607159614563
3.809422016143799
-7.158270359039307
7.313859939575195
0.7486348152160645
7.814901351928711
7.519016265869141
-2.473219394683838
-16.607685089111328
-20.31241226196289
-23.250986099243164
5.782988548278809
-20.645639419555664
-5.567648410797119
-13.53852653503418
-18.910327911376953
8.52552604675293
2.3476035594940186
6.667899131774902
7.3162522315979
0.6359220743179321
-8.036425590515137
1.0184963941574097
-29.177953720092773
12.24096965789795
15.756653785705566
-7.288250923156738
-1.7627395391464233
-10.830375671386719
-9.79039192199707
-10.592611312866211
-8.64015007019043
-13.889230728149414
4.789244174957275
-2.888838291168213
-0.16058745980262756
2.486267328262329
2.1812493801116943
3.8442060947418213
-6.211990833282471
-6.051769256591797
-4.155953407287598
7.331666469573975
-7.278543472290039
-7.248456001281738
20.932222366333008
0.876393735408783
-10.993666648864746
-6.510462284088135
-0.5777766108512878
-3.9349098205566406
-13.112967491149902
-31.98116111755371
-28.016878128051758
-25.19022560119629
-26.2864933013916
-30.41453742980957
-28.821212768554688
-17.104473114013672
-3.1538445949554443
-23.11956214904785
-1.3399486541748047
-30.80768585205078
-1.7095056772232056
-26.71879005432129
0.7093920111656189
-28.742271423339844
-10.495585441589355
-11.322691917419434
-17.494535446166992
-5.573173522949219
0.19311092793941498
25.464977264404297
24.715713500976562
16.761369705200195
-4.7601728439331055
44.874908447265625
16.296566009521484
-19.484500885009766
-1.4220224618911743
-24.09845542907715
8.965563774108887
4.507835388183594
7.544306755065918
17.115903854370117
3.7858519554138184
24.124942779541016
-2.168489456176758
14.337579727172852
-3.327134370803833
-11.50227165222168
4.254422187805176
6.162755012512207
-11.76255989074707
-6.40658712387085
0.7074586749076843
2.758319854736328
-14.911186218261719
3.9942069053649902
4.127481460571289
-1.542634129524231
-1.982170820236206
4.658142566680908
-1.3640092611312866
3.863497257232666
12.310700416564941
-3.3006386756896973
19.740833282470703
-10.140554428100586
-8.990945816040039
-27.916555404663086
-12.955878257751465
8.168512344360352
7.7656731605529785
4.939268589019775
-13.224320411682129
-8.66329288482666
-4.112750053405762
10.760374069213867
0.8505935072898865
16.274839401245117
-5.257068634033203
3.3265092372894287
28.513917922973633
1.8767294883728027
13.584351539611816
-22.288846969604492
1.6542714834213257
0.0698043629527092
-4.5454421043396
2.3723928928375244
3.783752202987671
14.162007331848145
4.298844814300537
-4.33731746673584
4.996927261352539
-10.737621307373047
14.846898078918457
-5.619335651397705
10.572484016418457
-9.968488693237305
-9.826447486877441
6.423478126525879
-5.479788780212402
24.806251525878906
-4.062912940979004
7.180359840393066
1.127865195274353
-16.041582107543945
17.6669864654541
7.876519680023193
-5.6384968757629395
-20.59975242614746
22.241474151611328
-15.267507553100586
16.78341293334961
-5.899134635925293
19.012460708618164
4.650254249572754
16.097747802734375
8.054224967956543
-21.189151763916016
-2.7102582454681396
10.668428421020508
-3.6446800231933594
-7.395257472991943
-8.15625286102295
17.83881950378418
-2.2478268146514893
10.637638092041016
-3.503448963165283
-17.84580421447754
-9.831616401672363
-13.135051727294922
13.712742805480957
10.489961624145508
14.381139755249023
-2.4587934017181396
22.47586441040039
3.0274879932403564
10.571505546569824
-16.2515811920166
-4.194465160369873
2.4220614433288574
20.111448287963867
-6.644076824188232
-15.148808479309082
0.5303289890289307
11.459371566772461
-0.3675876557826996
-11.847070693969727
-12.964213371276855
6.84415864944458
4.8488450050354
2.61729097366333
3.472398042678833
6.752584457397461
0.36918118596076965
3.598583459854126
-9.901570320129395
4.440351486206055
-8.922224044799805
-0.7093476057052612
-5.009303569793701
9.430556297302246
-5.542022228240967
10.2272367477417
10.211098670959473
-12.026005744934082
-10.323559761047363
-11.073615074157715
9.320027351379395
4.5930280685424805
-10.272062301635742
-13.040750503540039
22.50275421142578
-2.584953546524048
-10.27115535736084
-18.63661766052246
-12.969453811645508
10.302124977111816
12.437821388244629
-17.778398513793945
-0.6645039319992065
-6.444173812866211
-5.52737283706665
-5.283323287963867
0.03600909933447838
10.038352966308594
0.59149169921875
1.4315041303634644
-6.547554016113281
5.438912391662598
3.509185314178467
29.542085647583008
-5.936460018157959
12.308696746826172
-6.531841278076172
7.518816947937012
-2.6109025478363037
6.017261981964111
18.925243377685547
-4.460537910461426
5.8726654052734375
10.024138450622559
-4.55857515335083
-1.336787462234497
25.078767776489258
-3.4092047214508057
14.904385566711426
6.732664108276367
-24.258434295654297
5.78718900680542
11.013388633728027
-3.093254327774048
24.546409606933594
1.738785743713379
3.5712032318115234
-9.229716300964355
-17.52350425720215
-7.945314407348633
8.011247634887695
-9.871746063232422
-15.434316635131836
-3.6217994689941406
16.70287322998047
-18.9056396484375
22.598196029663086
-17.63949966430664
-2.1814169883728027
9.237212181091309
-11.704209327697754
-4.6911797523498535
-0.8079155087471008
15.329794883728027
0.1418130099773407
6.780211448669434
5.3131422996521
21.278377532958984
-6.0383524894714355
5.284791946411133
-18.778533935546875
2.4557552337646484
-4.711185932159424
7.926522731781006
0.9849601984024048
1.4083340167999268
-13.904159545898438
0.4044411778450012
10.925344467163086
-19.216880798339844
-22.313831329345703
8.540024757385254
3.185509204864502
-2.656893253326416
-20.318254470825195
-2.8854644298553467
10.146946907043457
-6.029344081878662
9.30824089050293
-0.9555031657218933
-22.37609100341797
0.0699397400021553
-9.072005271911621
-4.543419361114502
-1.7937477827072144
-3.6026058197021484
-0.9781360030174255
0.027222931385040283
7.765198707580566
7.679609775543213
-18.915369033813477
16.447242736816406
-19.422529220581055
0.451617032289505
0.23378683626651764
18.139249801635742
4.700033187866211
-33.55897903442383
-22.567033767700195
-6.48685359954834
-1.584080457687378
15.258448600769043
4.332775115966797
22.259963989257812
-28.088045120239258
12.63436222076416
-11.020453453063965
-16.162935256958008
15.087087631225586
-21.652854919433594
-19.84139060974121
6.472960948944092
3.5449202060699463
-11.241186141967773
0.4678591191768646
12.342541694641113
7.5286126136779785
-14.156599998474121
-4.557208061218262
-11.157977104187012
-12.689359664916992
1.7497999668121338
-1.087436556816101
2.938668966293335
5.827812194824219
21.285202026367188
2.4426777362823486
-4.020758152008057
13.884395599365234
5.0296759605407715
-5.383825778961182
10.694283485412598
9.989514350891113
2.3037493228912354
-0.1769091635942459
14.391366958618164
19.152812957763672
-20.675512313842773
-22.875905990600586
3.781803846359253
-17.62213706970215
-21.06121063232422
-11.273107528686523
-12.512642860412598
-8.265918731689453
15.599267959594727
-14.679611206054688
-1.4228001832962036
-1.35874605178833
-9.917025566101074
-21.171388626098633
18.443004608154297
5.820278644561768
-6.705160140991211
4.154661178588867
-15.471753120422363
19.361616134643555
9.24864387512207
-14.244013786315918
13.769072532653809
3.0702412128448486
4.595411777496338
1.216899037361145
-8.996455192565918
-9.956271171569824
-1.5914288759231567
-1.2578637599945068
-1.7671327590942383
-2.992992639541626
0.36665529012680054
2.6988511085510254
24.258211135864258
9.132555961608887
2.6013071537017822
0.8382213115692139
-0.9843112230300903
4.674327850341797
-12.805658340454102
-4.618026256561279
7.210306644439697
-0.14018957316875458
-1.5559916496276855
-23.382076263427734
5.440358638763428
-10.478615760803223
2.239370107650757
-5.8415207862854
9.743250846862793
0.9438589215278625
-3.5117645263671875
14.203378677368164
6.212697505950928
11.975728034973145
-9.25310230255127
-6.424962520599365
-7.355275630950928
13.093791961669922
4.587896823883057
0.9696208834648132
2.380557060241699
9.740083694458008
-4.663444995880127
-1.3918511867523193
2.3510582447052
-3.2027626037597656
13.096864700317383
-7.601744651794434
10.148990631103516
10.935521125793457
-13.538220405578613
12.941858291625977
-6.922291278839111
-2.094837188720703
6.500291347503662
-1.6201845407485962
7.167131423950195
-2.9107139110565186
7.644651412963867
-15.552481651306152
-9.598003387451172
-7.569653511047363
-6.964807033538818
-15.727742195129395
-14.056676864624023
-31.369104385375977
1.0648072957992554
-14.68687915802002
1.376443862915039
-1.5621325969696045
7.272709846496582
13.746809005737305
1.2508736848831177
6.405078887939453
0.3066099286079407
7.225894927978516
7.941528797149658
16.202177047729492
-15.427528381347656
-1.7833138704299927
14.951737403869629
17.367095947265625
-21.979419708251953
-3.048139810562134
-5.554431915283203
-2.234114646911621
-8.649313926696777
11.858988761901855
-18.179174423217773
19.86138343811035
-2.905599355697632
5.869415760040283
-8.644535064697266
-14.274519920349121
-6.601256847381592
10.59065055847168
-15.291472434997559
15.524738311767578
4.539865493774414
20.108579635620117
22.753267288208008
-4.984076023101807
-0.8114475607872009
-8.43258285522461
-15.898324966430664
19.19293975830078
-14.925483703613281
0.8366566300392151
13.55224895477295
-6.714674472808838
-11.059891700744629
12.260163307189941
-29.603443145751953
-6.80989408493042
14.590370178222656
-1.368402361869812
-0.8254951238632202
-10.832852363586426
2.655778408050537
21.096750259399414
-0.5704816579818726
-7.475343704223633
-13.535176277160645
-10.60137939453125
12.560188293457031
0.05133483186364174
3.005432367324829
-3.7599666118621826
-15.462531089782715
25.489356994628906
-18.4473876953125
13.434802055358887
3.23384428024292
-2.790672779083252
14.34485912322998
15.641671180725098
-4.285471439361572
9.367036819458008
-16.03145408630371
0.46173179149627686
-8.589688301086426
1.6423059701919556
-8.792689323425293
15.252827644348145
-8.243118286132812
13.879782676696777
-25.49463653564453
-2.452927350997925
12.596102714538574
-6.72417688369751
3.0464141368865967
18.166833877563477
10.942116737365723
10.150402069091797
4.699869632720947
7.416348457336426
-4.055126190185547
3.5588600635528564
-11.16377067565918
7.914977073669434
0.6800364255905151
2.5351431369781494
-18.813535690307617
-6.668716907501221
-12.498111724853516
-1.743703007698059
-7.811671733856201
4.285397052764893
-14.814803123474121
5.317108154296875
-29.76420783996582
20.98410987854004
7.537628650665283
-11.897486686706543
5.176199913024902
15.323806762695312
17.77955436706543
11.578601837158203
-9.921300888061523
11.294404029846191
0.8833546042442322
14.42676067352295
-0.7165684103965759
-5.814949035644531
2.4943103790283203
-4.0421624183654785
19.72378158569336
-8.463558197021484
-18.172306060791016
8.336257934570312
-23.63504981994629
-6.897588729858398
14.849092483520508
-0.46612247824668884
6.4562764167785645
-2.9831979274749756
-4.451827049255371
2.8586111068725586
-1.9183037281036377
2.5224106311798096
-13.29385757446289
-3.8639822006225586
12.976317405700684
-2.247018814086914
-1.881790041923523
2.179053544998169
-18.20482635498047
14.633992195129395
10.926487922668457
-0.1318942755460739
10.25976276397705
-0.02515997365117073
10.299107551574707
-11.378520965576172
-7.982064723968506
17.597333908081055
2.7336933612823486
-2.0128488540649414
4.098445892333984
-6.388445854187012
-7.459900379180908
-13.749106407165527
-10.878499984741211
14.860245704650879
-11.431764602661133
4.768435955047607
1.3448327779769897
7.805690288543701
8.254044532775879
-3.2520837783813477
-1.0308619737625122
-6.3069610595703125
12.552377700805664
-16.995880126953125
-4.344719886779785
10.180219650268555
-1.1781998872756958
15.60866928100586
-11.089227676391602
-8.602441787719727
20.67587661743164
-13.250276565551758
-12.734251976013184
-6.309881687164307
-3.899487018585205
-12.02514362335205
16.087236404418945
-5.644916534423828
2.7624969482421875
2.2413830757141113
-23.215600967407227
17.87270736694336
2.5716536045074463
-6.377787113189697
11.24977970123291
17.711780548095703
-0.6366762518882751
0.8825295567512512
22.221357345581055
-7.7624921798706055
-0.06105344742536545
-8.94244384765625
3.4173223972320557
-14.430519104003906
-4.476566314697266
26.525585174560547
0.40740856528282166
13.336994171142578
-8.604557991027832
-24.602209091186523
-6.612020969390869
2.817908763885498
10.055741310119629
1.754104495048523
4.728644371032715
14.683816909790039
-9.932762145996094
-17.7464656829834
-9.048235893249512
-1.8383898735046387
-3.9920406341552734
28.1192569732666
0.3946978747844696
9.829008102416992
22.45224952697754
31.57589340209961
-2.4545698165893555
0.3253069818019867
9.058756828308105
16.13964080810547
3.0660459995269775
0.1998017132282257
16.801029205322266
-12.122023582458496
-7.074898719787598
8.573332786560059
-2.5769128799438477
10.195690155029297
-12.540206909179688
-20.03925132751465
-3.8770811557769775
2.474269390106201
17.85878562927246
7.465889930725098
4.509097576141357
3.681331157684326
-13.003697395324707
1.5696998834609985
8.492622375488281
-3.1274466514587402
-3.3522088527679443
-2.8297905921936035
8.7841796875
12.635838508605957
-2.445859670639038
4.552261829376221
-23.834474563598633
-2.9926950931549072
-4.187758445739746
-13.827672958374023
-15.02685546875
8.658866882324219
-4.6478705406188965
-14.855090141296387
17.189287185668945
20.60614013671875
-0.5234279036521912
16.39594841003418
-3.8324100971221924
-4.746635437011719
-6.681699275970459
-21.03020477294922
10.07870864868164
14.375511169433594
9.375208854675293
-17.536937713623047
2.02640700340271
17.099483489990234
-6.123436450958252
5.538825988769531
-13.057032585144043
2.7444896697998047
19.074865341186523
-15.827845573425293
-25.929603576660156
16.386381149291992
13.73874282836914
-6.812937259674072
6.261227607727051
-1.056937336921692
15.7484712600708
29.137588500976562
-12.89469051361084
2.1193509101867676
-7.224857807159424
-6.142897605895996
-6.734296798706055
-1.7492797374725342
-6.240233898162842
-10.257686614990234
-3.9634504318237305
-9.385149002075195
4.833316802978516
13.533432006835938
9.665331840515137
13.360780715942383
-13.976179122924805
-21.66385841369629
13.949244499206543
33.16707229614258
1.5906095504760742
3.2939040660858154
-12.605268478393555
20.296356201171875
-1.6498358249664307
4.689207077026367
15.580768585205078
-5.073535919189453
-1.325209617614746
12.233779907226562
2.341923952102661
1.3571062088012695
