13366.50088746247
12179.00088746247
13897.00088746247
12616.05020960034
11366.35220938928
14881.046372520475
12923.55020960034
14004.046372520475
13096.046372520475
11235.564179890765
12971.046372520475
12864.090937675648
13857.308640354317
14780.341521481561
13544.116079940915
13270.564179890765
12950.064179890765
12940.904066380821
13118.05595806372
11400.865287148856
12159.071669068213
13746.05020960034
11682.66445761823
13046.046372520475
12818.546372520475
11129.024135560836
11846.546372520475
13628.046372520475
13129.00088746247
11635.024135560836
11555.610327856919
12736.91775580847
13473.632138547757
11590.088155153877
13373.628573484219
12678.00088746247
11913.188304500005
14529.15873193884
12053.046372520475
12510.002264514853
13496.55020960034
11761.73296057104
12106.025907838477
12077.026394564642
12767.687962211652
12577.987341369251
13096.046372520475
12213.046372520475
12703.55020960034
12294.54366774319
12942.165991076805
12719.53299936508
11470.618589956843
12730.2758016561
14075.610327856919
12361.05020960034
12567.128573484219
12160.546372520475
11631.55020960034
14979.124131982433
12438.41775580847
14553.046372520475
13889.50088746247
11899.00088746247
13324.564179890765
12156.907558804964
13259.05020960034
12262.54282463898
11438.834341399126
11504.50088746247
12331.05020960034
11871.128573484219
14623.55020960034
12571.41775580847
13514.162362857978
14135.05020960034
13906.546372520475
11576.064179890765
13012.853428481638
13147.55020960034
12651.546372520475
14326.55020960034
12507.736989967085
13714.764279695652
12706.046372520475
13278.064179890765
12886.114565775422
13161.55020960034
11795.546372520475
11937.55020960034
11806.7758016561
13088.046372520475
12208.05020960034
12985.00088746247
11217.128573484219
11524.564179890765
12077.05020960034
12667.546372520475
12503.164616903337
12622.628573484219
12879.05020960034
12193.046372520475
13100.046372520475
12201.396431571544
12546.564179890765
13115.05020960034
11579.884564450993
12834.046372520475
13099.55020960034
13076.50088746247
13655.546372520475
12335.05020960034
12155.55020960034
11625.55020960034
12198.088155153875
11589.656135232059
14219.128573484219
12420.05020960034
13019.2758016561
13063.17449596811
15263.50088746247
13049.55020960034
11874.05020960034
12348.544407924861
10951.046372520475
11624.58654201497
13769.046372520475
13042.064179890765
13296.783415441565
13149.009845190334
13558.188612585784
11380.800220154377
12782.934859507364
11655.616079940915
11182.445094225313
14344.628573484219
12655.588298860433
13849.524942104774
12719.816455862363
11961.55020960034
12480.05020960034
13227.546372520475
13462.41843798383
12813.546372520475
12030.422018225861
12488.546372520475
11735.088135124906
11404.046372520475
12586.156135232059
11740.914590956882
14717.15051541568
13580.546372520475
13666.564179890765
11987.610327856919
13249.91843798383
11752.564179890765
12074.01503225387
14302.125497835803
12414.046372520475
11830.046372520475
12594.05020960034
13028.05020960034
12689.181144456079
13861.864591108124
12862.85220938928
11793.014501796066
12972.235168592999
12220.177354396363
11712.611144396054
12886.124130595974
14540.632137148506
12793.50088746247
13525.046372520475
11665.895196877074
13679.808640354317
12136.700767500652
12188.987341370272
12216.05020960034
14226.55020960034
13666.624131982433
12811.004899172824
11409.05020960034
12267.351219148106
12645.55020960034
13059.546372520475
12026.386462761346
13775.546372520475
13486.55020960034
12307.50088746247
12899.808640354317
11771.854047868004
10519.588155153877
12639.046372520475
14223.080502820385
12889.55020960034
13050.628573484219
12136.55020960034
12266.123395183995
12426.046372520475
13955.546372520475
12605.736277139444
13437.00088746247
13079.546372520475
12598.580502820385
12314.00243454644
13174.793326121315
11907.05020960034
13911.546372520475
13160.736591996296
10924.50088746247
11847.046372520475
12718.546372520475
13326.069206432137
12411.105551864255
12479.05020960034
11939.588155153875
13069.795635446164
11445.91775580847
12508.046372520475
14443.546372520475
12704.05020960034
13593.55020960034
12506.282061225904
13050.200732233623
13423.50088746247
13699.546372520475
13963.046372520475
13828.55020960034
12438.135939294829
12623.223778120533
12737.732960566906
10990.00088746247
12447.128573484219
11318.062561737917
11893.546372520475
13994.171340101904
13921.546372520475
13339.50088746247
12504.882269242047
12668.702190606147
11305.088298861274
13028.289862370308
12039.132138547757
12478.00088746247
13264.624131982433
12460.985403589528
14521.05020960034
11286.580502820385
11227.322093943018
11984.391294637682
11483.046372520475
12237.00088746247
11400.808640354317
12514.046372520475
10785.687962211652
13570.05020960034
13331.590244392713
12258.546372520475
13608.046372520475
11234.628573484219
12668.064179890765
12682.05020960034
13520.05020960034
11900.628573484219
12611.05020960034
11946.546372520475
13438.05020960034
11241.901765421131
12517.369788977996
15028.588155153877
13350.530224315538
12382.226399602983
14812.05020960034
12035.05020960034
12318.2758016561
12115.808640354317
13610.046372520475
12895.05020960034
11363.729198832942
11406.55020960034
11389.50088746247
12271.286288452939
12602.110327856919
12917.512183311843
12123.841521481561
14446.05020960034
12388.080502820385
13294.546372520475
13618.080502820385
12515.653552589902
13831.546372520475
11378.50088746247
12838.55020960034
12675.487341369251
12203.308640354317
13504.046372520475
15045.55020960034
13560.046372520475
12940.55020960034
12712.501881329032
12211.953944893983
14262.046372520475
12231.50088746247
12367.546372520475
12734.546372520475
12982.046372520475
11770.16258627892
12585.628573484219
11170.629381869223
12363.808640354317
12388.085241348714
11396.546372520475
11967.911635945862
11921.05020960034
11750.302100123783
13322.55020960034
12000.580502820385
12193.580502820385
11627.110327856919
13222.55020960034
12099.808640354317
11580.628573484219
11907.064179890765
13449.05020960034
11375.046372520475
12653.663275287441
12867.627636004752
11712.55020960034
12920.71428883182
12984.05020960034
12067.546372520475
13124.546372520475
13600.080502820385
12809.080502820385
13019.046372520475
12895.080502820385
11393.327458994836
12375.546372520475
13182.046372520475
11602.128573484219
13090.080502820385
12370.117183903172
11648.05020960034
11876.046372520475
13135.55020960034
11814.91775580847
11617.546372520475
11539.046372520475
13414.97618914899
13643.05020960034
13342.875135464752
12304.55020960034
11600.00088746247
13704.046372520475
15209.046372520475
12421.50088746247
12714.110327856919
12795.05020960034
12705.080502820385
12728.046372520475
14802.546372520475
12644.530495400932
11074.006118468813
12106.006118468813
12985.110327856919
12706.564179890765
13116.91843798383
11446.391296632668
12548.628573484219
12726.064179890765
13283.046372520475
11704.2758016561
12603.709870005223
12582.046372520475
12311.046372520475
13030.546372520475
12518.314942141737
11099.05020960034
13322.046372520475
12831.55020960034
11557.21428883182
13553.546372520475
11880.744546989099
12904.046372520475
13633.564179890765
13670.55020960034
11695.00088746247
13129.180523553183
12365.546372520475
13075.55020960034
11621.771086650655
13309.55020960034
12831.046372520475
12056.110327856919
12350.296236727345
12089.546372520475
11994.420378284287
14047.00088746247
13057.632138547757
11422.124130595974
14802.624130595974
12207.546372520475
12484.046372520475
12817.046372520475
14339.095909319736
12179.7758016561
12906.05020960034
11514.25575978518
14353.046372520475
12644.027840973878
12774.3121693873
12735.628573484219
12698.50088746247
14538.41843798383
11956.355283191571
12932.50088746247
12266.327458994836
12951.046372520475
11373.05020960034
12485.046372520475
11954.841521481561
12635.05020960034
12636.736591996296
11655.506915839022
11869.610327856919
11138.616079940915
12451.024135560836
11019.05020960034
11220.05020960034
12747.308640354317
14011.628573484219
13613.180905015408
12507.808640354317
13221.360934601988
12103.524135560836
12122.179714237252
11572.161678282297
12007.580502820385
12139.55020960034
13381.71428883182
12680.546372520475
12077.046372520475
11267.046372520475
14169.35220938928
12698.080502820385
12450.55020960034
11374.05020960034
13101.128573484219
11090.53993953933
12882.05020960034
11818.564179890765
14505.974225893417
12294.308640354317
12042.80672926341
12557.222415667988
11964.546372520475
12850.064179890765
11930.546372520475
12604.41775580847
13538.55020960034
11789.985966107395
13575.064179890765
14134.046372520475
12376.687962211652
12969.386462763432
12667.110327856919
12776.103011798614
11734.546372520475
13368.7758016561
11477.00088746247
11255.50088746247
12563.05020960034
12119.294565997548
12820.953944893983
12976.85986483842
11951.036252681968
11567.55020960034
12134.046372520475
12585.841521481561
12126.546372520475
11786.564179890765
11853.624131982433
11482.046372520475
12190.046372520475
12807.580502820385
10927.55020960034
11986.024135560836
11509.132138547757
12015.580502820385
11181.046372520475
11390.187962211652
12731.341521481561
11243.546372520475
12777.55020960034
11991.046372520475
12002.55020960034
13609.080502820385
12521.50088746247
10928.808640354317
13009.41775580847
12161.55020960034
10916.546372520475
11559.55020960034
13678.046372520475
15693.200767500652
11400.914590956882
12311.060395761184
11567.00088746247
10903.395392689465
12258.580502820385
12964.046372520475
11523.610327856919
13780.628573484219
13457.546372520475
11772.55020960034
13711.046372520475
10754.588155153877
12236.614565775422
12617.110327856919
12688.111144396054
11500.05020960034
11750.45743985906
11586.628573484219
12269.116079940915
11312.046372520475
12100.546372520475
10842.709274965016
10888.628573484219
12270.295635446164
11491.164651585166
11060.05020960034
13245.064179890765
12978.05020960034
12259.809149670606
12718.088298861274
10529.55020960034
14556.128573484219
11758.55020960034
12619.05020960034
14741.272429587181
12868.124131982433
12056.024135560836
12572.546372520475
12604.805076308385
11698.391294637682
13117.00088746247
12643.546372520475
13247.736591996289
10919.55020960034
13911.01992170552
11884.595058799798
12434.875849310722
12603.546372520475
12282.766393834489
10835.187962211652
12237.36371320808
13594.546372520475
12609.05020960034
12847.202780921534
13657.673689029703
12888.030495400932
11588.046372520475
12784.628573484219
13129.564179890765
11143.046372520475
13526.668067150662
12356.05020960034
13531.97581516516
12627.046372520475
11450.05020960034
11882.546372520475
12742.414590956882
12013.05020960034
12249.304886265929
12074.064179890765
12496.914590956882
12998.546372520475
12803.128573484219
11010.046372520475
10584.546372520475
12745.26639383592
13225.046372520475
11570.50088746247
12728.616079940915
12466.110327856919
12527.66258627892
11956.216123999175
11314.50088746247
11854.998373605658
11882.55020960034
12271.00088746247
10994.896431571544
10834.91775580847
12774.564179890765
11951.871246540126
12829.111144396054
11750.50088746247
13682.696270205415
12707.588155153877
12478.649382649608
14295.628573484219
11458.05020960034
14482.161517359917
12106.506915839022
13072.658735060868
11669.546372520475
12188.55020960034
11444.546372520475
11897.686064865318
14102.389481131682
12137.864946292366
12827.616079940915
13408.00088746247
11535.046372520475
11925.308640354317
11963.128573484219
12738.628573484219
14223.546372520475
13572.735952811085
13117.658557760546
11593.05020960034
15192.35220938928
12745.35220938928
13254.308640354317
11144.132138547757
13548.05020960034
13241.55020960034
12841.941826761864
11199.05020960034
14133.55020960034
14514.128573484219
12601.105379382887
12348.05020960034
13380.617308498873
12605.958125773352
12190.05020960034
13452.046372520475
12443.00088746247
11406.046372520475
11949.046372520475
11621.546372520475
12951.064179890765
11669.546372520475
10721.187962211652
11845.046372520475
11958.628573484219
11565.50088746247
12013.035295230233
12371.00088746247
12275.50088746247
11543.249025891706
15163.546372520475
11061.610327856919
12374.546372520475
11010.99999946688
12968.699027266057
12833.00088746247
12178.546372520475
13582.50088746247
12193.308640354317
13631.05020960034
10503.832955964604
12496.124131982433
12391.518532138725
11872.128573484219
12759.046372520475
13630.046372520475
11793.632137148506
11192.638378561795
13823.008009503854
12343.55020960034
11387.00088746247
11985.83606007336
13705.62502543853
12296.124131982433
12611.546372520475
12218.05020960034
13222.046372520475
13749.680905015408
12764.50088746247
13167.05020960034
12209.476107605222
11557.079862693461
13132.1142477389
12327.55020960034
12779.124131982433
12842.564179890765
11778.55020960034
13187.512698942764
13585.05020960034
11506.50088746247
11290.55020960034
11798.590244392713
12080.046372520475
11101.046372520475
11305.14320651645
12909.046372520475
11446.546372520475
11126.128573484219
12210.110327856919
12756.546372520475
11749.191142983536
11000.35922322026
12373.05020960034
11299.026908716436
12039.046372520475
12511.891294637682
11854.546372520475
15600.05020960034
13174.52209969465
11679.41843798383
11413.866786780314
12489.12036550474
13871.546372520475
12318.55020960034
14077.560879821604
12444.046372520475
13219.00088746247
12538.072635409515
11324.546372520475
12722.50088746247
13752.85229340998
11862.546372520475
11133.046372520475
12386.912573284451
12082.546372520475
13156.226399602983
11258.05020960034
12012.546372520475
12478.580502820385
12764.110327856919
15538.580502820385
12577.891294637682
12256.891294637682
13123.133013359995
13041.546372520475
11719.163275287441
11472.580502820385
12821.987341370272
11109.05020960034
12328.546372520475
12634.55020960034
13871.128573484219
11828.171925106166
12539.872411684695
11747.00088746247
12708.91843798383
12124.55020960034
11642.546372520475
14052.559430619936
13551.546372520475
12927.808640354317
11604.91775580847
12260.080502820385
11282.661959784004
12173.702190606147
11774.114565775422
12474.080502820385
13439.546372520475
11099.05020960034
11720.045966235632
10849.808640354317
12962.321536066911
11517.608487630225
11505.950398512638
13224.046372520475
11781.55020960034
11819.50088746247
12218.32220524962
13536.624130595974
12964.341521481561
13733.142393965856
13871.546372520475
11555.391294637682
11837.891296632668
12010.546372520475
12338.628573484219
13231.128573484219
11641.546372520475
12669.23425389291
10974.524135560836
13662.330777844865
12228.55020960034
10889.700767500652
13275.632138547757
14529.05020960034
12015.50088746247
11911.524135560836
13360.360930025388
11321.327324117832
13284.546372520475
10631.938848679658
13843.046372520475
12695.046372520475
12602.546372520475
13199.546372520475
14082.41843798383
12464.046372520475
13613.55020960034
12977.953944893983
12708.080299496292
12793.128573484219
13081.05020960034
10711.024135560836
14175.046372520475
12152.046372520475
12260.55020960034
12503.50088746247
11749.046372520475
11777.331383806726
12317.123686437602
11412.55020960034
11787.55020960034
11682.8534001191
11610.88840739177
11701.616079940915
11885.610327856919
11379.912433540614
14163.128573484219
13058.546372520475
12303.588298861274
11863.7758016561
12835.05020960034
14211.624131982433
11312.55020960034
11323.05020960034
11858.524135560836
12180.046372520475
12875.928804389783
13618.05020960034
12659.341521481561
11921.546372520475
13587.7946141492
13466.05020960034
11769.55020960034
12550.772011290443
12209.23296057104
12782.50088746247
11329.827458994836
14420.046372520475
11628.210309102247
11792.55020960034
13355.05020960034
12359.124131982433
12946.05020960034
12653.110327856919
12526.128573484219
12998.05020960034
12477.046372520475
12740.546372520475
11308.046372520475
11203.808640354317
12291.55020960034
13804.546372520475
13284.002796367624
11830.022789701723
12515.00088746247
11544.05020960034
11730.110327856919
13224.586519486656
13118.485966107395
14636.124131982433
12119.512266605805
14599.05020960034
13482.617254030556
11928.080502820385
12353.046372520475
12543.1692698584
14508.128573484219
11739.628573484219
11383.112274047011
12969.860934601988
11707.683156983448
11714.546372520475
10915.546372520475
12464.124131982433
11700.00088746247
12560.453944893983
12447.546372520475
12500.202780921534
11683.640036900111
10976.610327856919
12099.23801115795
11514.216123999175
12264.687962211652
13033.539025503022
12726.080502820385
12891.046372520475
12014.55020960034
12072.55020960034
14348.699027266057
11771.201145210383
12875.480458991262
12290.50088746247
14048.502897113036
12188.55020960034
11252.616026517435
13470.391296632668
11415.00088746247
11842.55020960034
12163.341521481561
11820.046372520475
14044.886462763432
11658.00088746247
12426.046372520475
12853.110327856919
12117.046372520475
12357.128460609605
10665.046372520475
11962.124131982433
12714.610327856919
11994.046372520475
12589.046372520475
12947.616079940915
11149.046372520475
13679.973262793741
11760.00088746247
10801.288326496346
12628.917856302198
11754.546372520475
11313.046372520475
14688.941826761864
10480.546372520475
12984.226399602983
13041.041090473527
11863.616894941235
12993.68327866128
12687.046372520475
12938.50088746247
11281.037722553676
11280.046372520475
12148.046372520475
12538.55020960034
11966.799496187363
12127.064179890765
12669.116079940915
12646.180905015408
12878.05020960034
10897.860934601988
12031.55020960034
11057.111144396054
11206.546372520475
11879.546372520475
10859.05020960034
13216.05020960034
12344.50088746247
11086.904254123705
12036.546372520475
12166.111144396054
10347.66937423131
12766.546372520475
13509.546372520475
11304.05020960034
12884.546372520475
11302.546372520475
12733.546372520475
12045.863713206345
12342.110327856919
12510.736809328058
12816.046372520475
11488.05020960034
11301.251489357057
11022.080502820385
12457.046372520475
11643.00088746247
11640.21428883182
11897.016280569713
12329.560395761184
12390.05020960034
12282.55020960034
12073.564179890765
12767.00088746247
13089.05020960034
11221.046372520475
12091.00088746247
11870.50088746247
12054.628573484219
12636.55020960034
11202.345829183176
12182.808640354317
12103.685845527107
14161.05020960034
12534.024135560836
11226.046372520475
12029.886462761346
11241.05020960034
13197.00088746247
11493.546372520475
12018.046372520475
11905.193204243817
12959.628573484219
11691.2758016561
13179.55020960034
12432.7758016561
11481.546372520475
11428.09828363403
12070.110327856919
11824.130821007344
11334.860930025388
12576.61515144727
11730.616079940915
11901.410937593475
12435.128573484219
12546.080502820385
13071.046372520475
11302.110327856919
12731.55020960034
12459.045966235632
12382.55020960034
13888.00088746247
13600.546372520475
11699.391296632668
14302.047001950668
12589.706181275265
13713.610327856919
12973.50088746247
13330.128573484219
12848.914590956882
11676.00088746247
13699.051066849013
12470.056084338908
11746.334341399126
13222.05020960034
12253.202780921534
12542.55020960034
11355.128573484219
11615.580502820385
12220.985966107395
11739.649498511752
13335.628573484219
12994.739067367644
11507.546372520475
11866.628573484219
14361.546372520475
13000.546372520475
12348.110327856919
11580.046372520475
11297.110327856919
12280.623418333931
12376.55020960034
11911.00088746247
13625.580502820385
12849.05020960034
12688.546372520475
13152.524135560836
11648.50088746247
11090.55020960034
12073.05020960034
11039.088155153875
12701.564179890765
12932.564179890765
13320.546372520475
12592.546372520475
12883.214803953833
13111.308640354317
11690.046372520475
13310.564179890765
11244.05020960034
12511.05020960034
13478.91775580847
12276.046372520475
12436.00088746247
11697.524135560836
11396.610327856919
12186.064179890765
11257.81770248374
12475.55020960034
13197.064179890765
11157.05020960034
13286.610327856919
12029.50088746247
11839.546372520475
11672.255600681723
11182.50088746247
12831.580502820385
11957.7758016561
12082.546372520475
11460.150850737822
12112.2758016561
12409.841521481561
12267.5902443915
11409.110327856919
12267.2264058517
10498.55020960034
12009.331747468432
12406.580502820385
12131.628573484219
12861.546372520475
13310.588298860433
11647.133921052196
12110.50088746247
10781.546372520475
11929.54160533453
10769.046372520475
12657.564179890765
11515.953944893983
13035.060395761184
14574.485966107395
12471.05020960034
12165.50088746247
11615.15051398616
12167.580502820385
11326.805356957018
13482.487341370272
11272.628573484219
10452.239911748813
11906.976107605222
11353.05020960034
12575.124587617893
12221.046372520475
12402.046372520475
12283.546372520475
12646.187962211652
11520.50088746247
12383.187962211652
12054.680523553183
11544.725021361472
13530.808640354317
12829.50088746247
12204.546372520475
12406.597259440985
14209.1692698584
12548.046372520475
12273.416167919364
12200.75689669636
12344.953944893983
12128.046372520475
12468.05020960034
12365.628573484219
12252.046372520475
12450.046372520475
11917.054584342244
13031.064179890765
12037.546372520475
12725.546372520475
11095.080502820385
10729.55020960034
10731.50088746247
12261.206689504816
10956.360152072986
12041.546372520475
11131.524135560836
10796.046372520475
12412.05020960034
12247.827458994836
10900.564179890765
12744.00088746247
13592.546372520475
13372.808640354317
12118.50088746247
12931.546372520475
11073.128573484219
12656.55020960034
13410.05020960034
14011.165327871868
11806.368038970119
14121.046372520475
12690.706689504816
12404.046372520475
12166.327324117832
11100.571521343303
12518.41843798383
12683.128573484219
12275.797353311036
12004.046372520475
12586.525907838477
12349.91843798383
12949.035295230233
11565.175796760937
12620.072185905301
12542.546372520475
12503.55020960034
11957.55020960034
12661.53197549884
12229.717988269196
11656.030495400932
11847.046372520475
14978.546372520475
12220.546372520475
10921.092288706328
12300.025173978896
11606.985966107395
12101.985966107395
12067.91775580847
13037.567662950074
12091.138718522912
11990.2758016561
13617.452671858748
13231.046372520475
16252.580502820385
12151.026571812246
11786.81336993947
17474.05020960034
14065.580502820385
12545.05020960034
13634.546372520475
12838.50088746247
12264.295635446164
17244.05020960034
12662.944158666123
13166.046372520475
12325.50088746247
13164.941826761864
14090.580502820385
13069.901761023611
12208.082135503131
14038.046372520475
13053.628573484219
13548.236591996296
12957.110327856919
11624.21428883182
13230.13610586643
11632.00088746247
12030.564179890765
12371.128573484219
12086.204314510507
12166.258666464983
14568.05020960034
12051.080502820385
11551.295635446164
14812.110327856919
12136.863098658632
13601.633424209233
13297.650512103488
13251.886462763432
13762.00088746247
14167.546372520475
12364.736591996296
11518.611475022108
13033.505984891297
14447.05020960034
13585.546372520475
14297.592241489694
12654.530495400932
12445.05020960034
11482.110327856919
12761.55020960034
11897.55020960034
12683.841521481561
10926.83606007336
11790.124131982433
12618.546372520475
13715.046372520475
12887.91843798383
12146.131433656275
13280.632138547757
12814.046372520475
11602.046372520475
12607.00088746247
11738.610327856919
12603.50088746247
14524.046372520475
12061.55020960034
11177.271086650655
11601.161515911639
12550.046372520475
12266.55020960034
11797.624131982433
18086.89129463768
11016.05020960034
14759.546372520475
11539.00088746247
13136.841521481561
11099.00088746247
13381.05020960034
11006.55020960034
12413.611144396054
12004.595507350336
11558.628573484219
11708.609943228257
12655.519948840421
11816.524135560836
12624.628573484219
11949.55020960034
12464.107229412208
13807.546372520475
12112.025907838477
11250.54557602587
11618.624130595974
13384.05020960034
11752.05020960034
12564.55020960034
10714.046372520475
12416.046372520475
12415.91775580847
11919.893912514728
11449.046372520475
11450.202780921534
12379.046372520475
12496.88677954389
11358.591783518512
12167.610327856919
12050.55020960034
11480.55020960034
13883.583471502234
12687.806296433271
12993.632138547757
11528.180937758052
11993.234259482988
12134.00088746247
12052.05020960034
12049.046372520475
12063.546372520475
11489.010108142058
11726.588155153875
13650.453944893983
12109.41775580847
15373.55020960034
13175.808640354317
11668.05020960034
13237.046372520475
11603.546372520475
12559.830465088873
12574.046372520475
12203.55020960034
12498.55020960034
12456.590244392713
12373.573461753664
14393.87644305495
13665.046372520475
12299.782061225904
12622.074538801098
11011.546372520475
13335.064179890765
11708.628573484219
13174.546372520475
12394.546372520475
11797.003811512426
12852.16528839064
11289.088298861274
12077.797091965258
12708.00088746247
11575.319275336673
12261.05020960034
11725.124131982433
12064.064151795288
12354.55020960034
14043.046372520475
13201.941826761864
12404.128573484219
13839.731584054634
11887.580502820385
11840.544249242066
11930.546372520475
14380.571163374383
12428.546372520475
12522.00088746247
13141.05020960034
12386.546372520475
13229.736591996296
13979.372411685903
11352.610327856919
12362.110327856919
12462.524135560836
12269.546372520475
11122.546372520475
12828.308640354317
11985.132138547757
11537.124131982433
13132.661517359917
12863.707534470077
12683.564179890765
11166.05020960034
11899.796236727345
12865.546372520475
11814.546372520475
11021.7324553184
12762.7758016561
11125.944355719157
11291.124131982433
11388.110327856919
10877.046372520475
13589.528260450505
14360.05020960034
14042.41843798383
13886.564179890765
12807.55020960034
11891.55020960034
12966.617308498873
11963.124131982433
12649.453944893983
12595.546372520475
13902.628573484219
12559.110327856919
11863.952509230743
11655.110327856919
13230.610327856919
13023.628573484219
11488.046372520475
12637.868033534834
11488.823558069485
12768.616079940915
13199.813869870091
12295.56910599495
12846.827458994836
13656.046372520475
12488.55020960034
12189.00088746247
14377.2758016561
11759.05020960034
11015.046372520475
11966.046372520475
12167.55020960034
12131.236762837074
13710.588155153877
12640.170353309763
11201.546372520475
11526.58092973973
10904.809726803498
10782.55020960034
11651.080502820385
11469.05020960034
11881.588298861274
11270.564179890765
13817.110327856919
13608.088155153877
11052.041606601604
12095.50088746247
11064.5522310386
12587.2758016561
12327.452903935377
12191.8121693873
12669.546372520475
10261.687962211652
13640.546372520475
11616.046372520475
12852.00088746247
12292.499939020436
11601.38451458007
12040.55020960034
11971.50088746247
11820.588214675236
11890.610327856919
11197.046372520475
11943.808640354317
13240.088296986065
11862.378444671293
11183.024135560836
11055.817997877819
11973.546372520475
12482.628573484219
13149.378115820138
11476.05020960034
11701.329913119007
11713.546372520475
12682.546372520475
11408.55020960034
11620.110327856919
12692.046372520475
12460.110327856919
12908.05020960034
13326.7758016561
12671.580502820385
12553.046372520475
12634.128573484219
12135.110327856919
12129.91775580847
12654.064800820797
12002.110327856919
13346.068940536295
13899.00088746247
11033.05020960034
10598.546372520475
13278.55020960034
11993.197247457916
11353.046372520475
12286.05020960034
12330.05020960034
11991.48927819884
10929.00088746247
13961.560395761184
11918.293994362517
12293.580502820385
12888.50088746247
13885.116079940915
12462.080502820385
12921.546372520475
13318.617308498873
11489.00088746247
11838.50088746247
11568.546372520475
12301.863713206345
13428.55020960034
12001.187962211652
13624.330777844865
12935.627117320533
12022.110327856919
12276.308856207708
13087.580502820385
10507.024135560836
11318.024135560836
12013.628573484219
13806.546372520475
12375.985403589528
12976.00088746247
13008.50088746247
12659.546372520475
11302.624131982433
11338.546372520475
11472.55020960034
11296.695527098473
12929.578633197036
12903.485966107395
13733.046372520475
11804.624131982433
10998.546372520475
11891.064179890765
12402.875035229043
13579.092288706328
12520.046372520475
12774.588155153877
12614.610327856919
11067.046372520475
12269.05020960034
12532.05020960034
13076.046372520475
12838.546372520475
11134.110327856919
11674.064179890765
11155.046372520475
13310.55020960034
13139.914590956882
11260.546372520475
12727.55020960034
12934.122338339175
11140.995585517005
12658.080502820385
14599.680937758052
12672.50088746247
12096.628573484219
12117.046372520475
12671.546372520475
12614.128573484219
12789.546372520475
11540.046372520475
12952.341521481561
11607.793139286225
12595.012940456714
12240.65051541568
12564.046372520475
14272.110327856919
12385.596515085816
12974.55020960034
11070.610327856919
11101.046372520475
10921.588135124906
11440.50088746247
12805.88679036861
10805.006118468813
11765.593731990255
12006.50088746247
11312.024135560836
12231.046372520475
13950.216297404975
10162.00088746247
11872.828593036711
12167.158557760546
12761.41843798383
14886.6692698584
12403.55020960034
11719.024135560836
11904.019663487612
12540.50088746247
13235.50088746247
12879.891294637682
12078.271657426312
13880.141340996188
12819.808640354317
12181.546372520475
11851.55020960034
11077.50088746247
11356.0902443915
11575.124130595974
12003.564179890765
11364.05020960034
12022.05137680746
12375.808640354317
11498.506915839022
11615.55020960034
13036.55020960034
10810.032996644548
12795.620309524074
11537.322093943018
12236.564179890765
10686.55020960034
12616.308640354317
10430.763996049534
11682.05020960034
11831.046372520475
11633.546372520475
11833.55020960034
13235.165409862711
11951.650674903645
13778.943065820073
11989.546372520475
12596.55020960034
12215.141966157558
12594.046372520475
13542.441826761864
12234.05020960034
11829.064179890765
13608.04915774473
11822.687962211652
11714.046372520475
12024.50088746247
12503.05020960034
12980.341521481561
11177.50088746247
11735.046372520475
12634.41775580847
11403.625318285292
12219.546372520475
12038.227345796116
12387.616079940915
11392.308640354317
12118.566372452357
12313.00088746247
14322.546372520475
10480.546372520475
12583.628573484219
11082.116079940915
14378.046372520475
12362.578767893034
12966.046372520475
11862.7758016561
10951.391296632668
12499.360934601988
12056.583174123682
13254.110327856919
11767.546372520475
14843.542020449286
13173.546372520475
12444.546372520475
13902.05020960034
12310.187962211652
11354.546372520475
12972.55020960034
11598.611144396054
10751.05020960034
11306.65051541568
12447.41775580847
12007.132138547757
11114.046372520475
13211.55020960034
11465.610327856919
11888.624131982433
13675.649465997572
13063.546372520475
11770.55020960034
14153.564179890765
12545.546372520475
11243.914590956882
10696.142582491248
11642.55020960034
12055.85220938928
11725.046372520475
11995.046372520475
13679.064179890765
13053.046372520475
12734.610327856919
14354.50088746247
12020.046372520475
10733.320214926192
11672.103750314513
11490.953944893983
12196.046372520475
14626.580502820385
15213.546372520475
12573.50088746247
12109.546372520475
11594.839729102569
11895.128309509737
13342.04366774319
11025.68445894519
12094.00088746247
12926.110327856919
16276.91775580847
11889.580502820385
13618.05020960034
12595.202780921534
13421.610327856919
12529.05020960034
11594.687962211652
11775.564179890765
12398.782061225904
14310.612274047011
11677.50088746247
13140.051066848257
14767.308640354317
12671.524135560836
14391.201476393127
12164.643935110365
11412.987746882434
12181.628573484219
11685.046372520475
13682.50088746247
12073.808640354317
13378.046372520475
12829.55020960034
13435.580502820385
13005.631620387589
12342.110327856919
12391.50088746247
14425.128573484219
11460.822093943018
12168.632138547757
11639.046372520475
12384.124131982433
14935.088155153877
13310.39346265119
12535.678515245385
12676.628573484219
12760.05020960034
13413.783415441565
12099.05020960034
12163.624131982433
13971.035295230233
12791.05020960034
13166.610327856919
12039.097799571306
13434.046372520475
13633.841521481561
12012.50088746247
12871.036199511638
12182.110327856919
14937.588155153877
13081.046372520475
12338.064179890765
11782.55020960034
14711.308640354317
11182.26925122918
12344.161517359917
13138.025907838477
13232.308640354317
12224.50088746247
10951.05020960034
12368.986314663181
10677.064179890765
11745.408118037261
12295.919666883941
12701.987341369251
11636.808640354317
12246.55020960034
12434.617308498873
12465.616079940915
11731.872411685903
11720.237527287414
12203.529352036205
11428.05020960034
11559.035295230233
12718.702190606147
13707.55020960034
11754.588298861274
11916.05020960034
13389.046372520475
12397.50088746247
11968.05020960034
11721.046372520475
12204.987341369251
12552.046372520475
13337.046372520475
11712.632138547757
11872.55020960034
12354.088298861274
12407.00088746247
15204.05020960034
11165.546372520475
12656.21428883182
12733.644226091259
12344.7758016561
13075.50088746247
11179.941259775194
12781.546372520475
12616.05020960034
13853.00088746247
12819.632138547757
14171.299496187363
12636.55020960034
13214.046372520475
12799.658557760546
12390.55020960034
13153.628573484219
13987.71428883182
11755.50088746247
12242.50088746247
13156.180905015408
11846.535295230233
12598.2758016561
13105.046372520475
14914.05020960034
13031.546372520475
13400.00088746247
12210.50088746247
12844.110327856919
11681.610327856919
12205.046372520475
13474.00088746247
11004.546372520475
11667.00088746247
13221.85220938928
12111.55020960034
11701.50088746247
13067.128573484219
11612.372411685903
11491.55020960034
13144.05020960034
14652.546372520475
11710.110327856919
12266.632138547757
13183.55020960034
12231.610327856919
11916.91775580847
11542.341521481561
13692.064179890765
12185.564179890765
12678.55020960034
11274.808640354317
12928.088298861274
12619.00088746247
12592.05020960034
11451.546372520475
13161.628573484219
11520.00088746247
12507.341521481561
12314.303463522341
13091.739064159605
11651.546372520475
11996.55020960034
12979.50088746247
12245.55020960034
13913.50088746247
12298.128573484219
11290.611144396054
12568.546372520475
12979.50088746247
11776.546372520475
12189.519093693129
12641.128573484219
13335.50088746247
12631.37232495397
13801.046372520475
12239.187962211652
12590.52341510558
12831.35220938928
13449.91082002443
12590.7758016561
13076.623395183995
11445.046372520475
12002.308640354317
15998.124131982433
11902.015629642912
11069.50088746247
12679.580502820385
13144.61707740994
13627.546372520475
13590.05020960034
12815.546372520475
13772.124130595974
11913.391294637682
14189.702780921534
11142.250468497958
11781.308640354317
11459.046372520475
12303.046372520475
13131.55020960034
13043.55020960034
11976.624131982433
11158.524135560836
11995.546372520475
13038.18126293824
12522.080502820385
12029.580502820385
13567.046372520475
12313.632137148506
12640.546372520475
13263.50088746247
11878.891296632668
10313.905379237298
11594.088298861274
12793.046372520475
13531.046372520475
11843.583471502234
13123.083471501663
13935.206689504816
12201.110327856919
11668.546372520475
11889.627135715378
10254.50088746247
13526.362936045678
13394.274868021284
11837.628573484219
11417.50088746247
12569.05020960034
13672.610327856919
13321.440069634918
14005.046372520475
11334.05020960034
12073.987341370272
10528.071521343303
10650.046372520475
12094.05020960034
12416.046372520475
14142.546372520475
11600.640640471169
12194.05020960034
12099.030662393752
13644.36371320808
12839.046372520475
11259.55020960034
12823.05020960034
11603.808640354317
14653.546372520475
13078.05020960034
12141.776628434749
12837.441826761864
11427.610327856919
10887.036506217279
11310.797091964654
12532.088155153877
12594.841521481561
11992.726399602983
11272.035287722048
12186.564179890765
12631.05020960034
12499.05020960034
12068.046372520475
12791.795635446164
11898.046372520475
11243.128573484219
11338.546372520475
13044.05020960034
14329.302100123783
12097.560395761184
13461.546372520475
14573.50088746247
12832.187962211652
11039.580502820385
11900.91775580847
12519.046372520475
14100.632138547757
11284.873242263839
12501.046372520475
13959.181460558817
10838.628573484219
11639.872411685903
11162.588155153877
11231.396057410728
12388.546372520475
13186.55020960034
11710.273976759438
10699.393787280304
11652.56066459371
11868.00088746247
12711.124130595974
12489.110327856919
11647.625252606604
13901.046372520475
12066.55020960034
10920.5372114044
12046.546372520475
12724.55020960034
10805.841521481561
12087.480984932836
12267.046372520475
12533.91775580847
12307.55020960034
13263.05020960034
11527.55020960034
11631.223470624345
11769.088155153877
13780.81336993947
11997.628573484219
12588.046372520475
11525.216123999175
11896.73296057104
12386.00088746247
12876.632138547757
12497.91843798383
14237.132138547757
12199.120352560409
12452.291561388882
11178.546372520475
12656.594658868635
13246.05020960034
13177.91775580847
11726.110327856919
11296.795635446164
13403.046372520475
12812.046372520475
11676.808640354317
11463.55020960034
11367.046372520475
11998.55020960034
11458.658557760546
11940.046372520475
12015.580502820385
13301.55020960034
12249.50088746247
12924.128573484219
11740.482435956768
11026.524135560836
11266.546372520475
11650.00088746247
14234.55020960034
13968.00088746247
12817.524135560836
11138.046372520475
12088.140036900111
11328.391294637682
12298.546372520475
11652.85220938928
12270.128573484219
12282.85986483842
12632.808640354317
12719.546372520475
11261.564179890765
13368.55020960034
11678.50088746247
13423.046372520475
10914.827458994836
12260.0902443915
11866.50088746247
12531.85220938928
11062.046372520475
12778.094766962407
13549.046372520475
13597.694935251455
13989.61617480492
14083.024135560836
14213.05020960034
12435.891296632668
12352.05020960034
13123.546372520475
12127.046372520475
12853.05020960034
11741.391296632668
10602.00088746247
11914.046372520475
12095.046372520475
12657.128573484219
11240.610327856919
12631.064179890765
12360.046372520475
12047.83672089765
13382.05020960034
11767.064179890765
13875.35220938928
13468.546372520475
11722.263540061373
12031.55020960034
11423.981252082545
12025.546372520475
11184.117308498873
13372.7758016561
12393.016110378101
12563.132138547757
11679.663275287441
12408.546372520475
13651.05020960034
12770.05020960034
12552.546372520475
11373.046372520475
11736.128573484219
10750.151855044807
14269.2758016561
12943.046372520475
12391.111144396054
11957.860934601988
14368.046372520475
11792.38515803014
12508.05020960034
12428.180937758052
12884.124131982433
11145.110327856919
11206.610327856919
12589.035295230233
13448.55020960034
12082.064179890765
14862.505984891297
13715.085574790224
11209.661515911639
13919.886462763432
12591.546372520475
10806.05020960034
12900.064179890765
12305.610327856919
13839.046372520475
13178.046372520475
13075.546372520475
12655.05020960034
12017.8121693873
11450.546372520475
14189.487341370272
11330.046372520475
12882.05020960034
13298.564179890765
11304.046372520475
11615.41775580847
12193.064179890765
12935.391294637682
12685.00088746247
12053.05020960034
12479.35922322026
11964.564179890765
10725.734259482988
12379.046372520475
13091.546372520475
10839.7758016561
11913.046372520475
11778.05020960034
12898.610327856919
11843.05020960034
11692.50088746247
11293.7758016561
12341.280629628442
12497.763985260972
12721.42965319796
11803.187962211652
11166.55020960034
13446.046372520475
12742.474225893417
14148.662758548337
12733.046372520475
11228.546372520475
12017.057184149256
13962.580502820385
13104.55020960034
10592.716123999175
11841.046372520475
11423.308640354317
11335.525905277049
11757.363852135895
13455.808640354317
11904.046372520475
13029.836926977428
13370.124131982433
12224.01134306307
11647.914583644837
11622.546372520475
13628.05020960034
12786.7758016561
13445.55020960034
12226.55020960034
12841.546372520475
12805.080502820385
12439.00088746247
13344.71396715499
11284.546372520475
12696.580502820385
13106.588410041668
11632.14237914041
12457.178226302702
10649.524135560836
10541.546372520475
13036.546372520475
13335.046372520475
12058.05020960034
13114.03193349652
11084.035295230233
11122.564179890765
11938.55020960034
12862.628573484219
12639.546372520475
12101.546372520475
13217.35660743737
13061.485966107395
12743.080502820385
12182.841521481561
12492.546372520475
11756.124131982433
12831.207534470077
11751.546372520475
13519.907558804964
13223.05020960034
12802.546372520475
12013.064179890765
13196.046372520475
13865.580502820385
12037.55020960034
12547.05020960034
11263.624131982433
12711.046372520475
14437.71428883182
12674.50088746247
14694.046372520475
12694.685878117
12698.546372520475
13022.7758016561
11080.529352036205
12159.21428883182
12220.546372520475
12521.013359552382
11754.538210820874
12587.817696154925
12179.50088746247
11434.55020960034
14186.50088746247
11159.610327856919
12500.046372520475
11760.91843798383
12577.8030798175
12406.546372520475
11390.546372520475
12100.38534884203
12286.546372520475
11197.128573484219
13586.282061225904
12127.046372520475
13401.624131982433
10859.661959784004
13180.546372520475
12156.124131982433
11454.588155153875
11925.55020960034
12016.524135560836
11487.808640354317
12461.110327856919
12550.15513824603
12556.07646914082
11522.116079940915
11523.05020960034
13177.91775580847
13489.308640354317
12067.064179890765
11692.282061225904
13335.046372520475
15262.046372520475
14237.394481066041
12420.375849310722
11848.564179890765
13237.55020960034
10793.128573484219
11845.05020960034
11551.659438025801
11229.046372520475
11600.088155153877
11932.05020960034
12020.00088746247
11916.770419732686
12115.046372520475
12175.201930193985
11706.827458994836
12076.35220938928
11569.034085738122
11219.110327856919
11967.1589750834
13508.046372520475
13437.616079940915
13995.135838921442
11514.110327856919
13791.719719458119
12369.545408495136
13053.564179890765
13628.628573484219
11517.550329976866
12222.025905277049
11757.564179890765
11465.546372520475
12455.546372520475
13179.736721778336
12272.546372520475
14844.546372520475
11296.610327856919
10911.500443435758
12601.046372520475
12309.046372520475
12958.85986483842
13124.546372520475
13153.046372520475
12869.187962211652
13289.546372520475
11624.610327856919
12415.628573484219
11968.628573484219
12082.110327856919
12162.124131982433
11974.046372520475
12850.55020960034
12630.610327856919
12358.05020960034
11609.128573484219
13018.391296632668
13062.628573484219
11536.046372520475
12544.536340696272
13675.046372520475
13363.546372520475
12443.187962211652
13104.864591108124
13771.362198775845
27530.628573484217
17713.702780921532
17203.610327856917
16261.029154374308
19723.00088746247
19025.117747726137
14073.546372520475
-1.0
28945.56417989076
-1.0
28639.91775580847
-1.0
23370.636101471464
13155.132138547757
24353.616079940915
14391.545966235632
15677.580502820385
15259.05020960034
13956.546372520475
13190.546372520475
11335.046372520475
11259.546372520475
12445.808640354317
13573.046372520475
10289.546372520475
11554.687962211652
19432.546372520475
13076.371805135359
17786.61689575382
12385.55020960034
13825.2758016561
12847.080502820385
12164.85220938928
12857.046372520475
11319.546372520475
12681.085556105829
11950.546372520475
13013.546372520475
14932.41775580847
12607.55020960034
12527.55020960034
13412.00088746247
12665.132138547757
12043.521004386048
12708.55020960034
14295.132138547757
11858.05020960034
12273.077517878583
12455.55020960034
12839.610327856919
11934.216123999175
12823.28009521446
12740.046372520475
11893.771086650655
13246.046372520475
11466.589601319225
13477.166394348056
13665.110327856919
15575.064179890765
13835.064179890765
12017.91775580847
12098.546372520475
12244.550679443224
13822.046372520475
13064.55020960034
12579.05020960034
12445.55020960034
12628.546372520475
11586.55020960034
13755.278706869036
12116.55020960034
11352.00088746247
12394.466615930429
11564.715588991183
13948.124131982433
12450.580502820385
12457.61293700647
13026.546372520475
12124.546372520475
12299.580502820385
11579.298967600822
11930.32081546249
12928.128573484219
12379.05020960034
13640.768730715406
11889.546372520475
12535.50088746247
12209.046372520475
13833.046372520475
13623.546372520475
11867.2758016561
13232.110327856919
11041.546372520475
13095.546372520475
13075.05020960034
12185.078321788842
13782.628573484219
11090.116079940915
11633.046372520475
13256.046372520475
14149.049164033255
11053.566372452357
13844.546372520475
11453.564179890765
13004.564179890765
11450.546372520475
12062.55020960034
11416.05020960034
11749.008604758106
14508.546372520475
12288.046372520475
12604.55020960034
13395.546372520475
13581.628573484219
13263.046396097387
11266.110327856919
12767.05020960034
11589.686684813605
12636.546372520475
14710.55020960034
13129.661515911639
13553.530702190408
11551.55020960034
11710.05020960034
11407.046372520475
12792.546372520475
11007.50088746247
12279.487341369251
11407.00088746247
14311.624131982433
12599.046372520475
12472.099509036294
11201.23296057104
13434.55020960034
13587.110327856919
12133.638232848112
11672.453944893983
12186.05020960034
13832.046372520475
13303.046372520475
11534.7758016561
11775.046372520475
12204.080502820385
11954.546372520475
12818.391296632668
12514.080502820385
12141.05020960034
13384.50088746247
12144.546372520475
13176.046372520475
12597.128573484219
13075.05020960034
12200.78152558401
12583.05020960034
11842.018204762313
11895.879276590527
13559.564179890765
12968.55020960034
13556.134706002455
11712.610327856919
12358.55020960034
13165.628573484219
13911.05020960034
10945.024135560836
12381.116079940915
13423.046372520475
14269.55020960034
13413.2758016561
11728.064179890765
12035.046372520475
14727.064179890765
12507.237635935819
13262.105671077587
13018.624130595974
13176.128573484219
12287.05020960034
12183.624131982433
12461.046372520475
12422.125606832162
13088.046372520475
12299.080502820385
12266.2758016561
11017.54032157468
13494.564179890765
11575.046372520475
13114.624131982433
11565.042999618385
13493.546372520475
12580.628573484219
11256.264121937971
13453.729198832942
12282.414590956882
11447.20157489761
13510.38534884203
12701.546372520475
11297.064179890765
12538.7758016561
11266.564179890765
12107.046372520475
14966.546372520475
11978.50088746247
11515.170283487472
13460.046372520475
10799.628573484219
12250.046372520475
11885.55020960034
13232.546372520475
13987.55020960034
12703.128573484219
11906.628573484219
13391.546372520475
13994.628573484219
13132.064179890765
10908.024135560836
14572.294614160272
10659.546372520475
13568.412370566883
12664.564179890765
11776.546372520475
12920.604415047379
13078.060395761184
13005.046372520475
11629.60857048706
12716.664651585166
11653.55020960034
11898.50088746247
11484.308640354317
12897.590244392713
11872.906633903443
13768.2758016561
12254.064179890765
12553.046372520475
12258.064179890765
12670.41775580847
12309.440069634918
13629.441826761864
12371.55020960034
11654.71641613958
13289.046372520475
14823.85986483842
11905.046372520475
12227.046372520475
12233.546372520475
13691.322093943018
12346.132138547757
11621.064179890765
12692.546372520475
11818.046372520475
13060.391294637682
14612.546372520475
12745.006463200742
12378.164192969118
12836.50088746247
12176.413729426675
12445.50088746247
12223.753788719396
12235.55020960034
11792.00088746247
11646.074222679272
13430.546372520475
11810.55020960034
14366.2758016561
12102.046372520475
12348.39338373989
11293.880121270244
11760.05020960034
15374.046372520475
14174.05020960034
12824.279113322855
12567.110327856919
11940.088155153875
12379.048044673124
10842.911337833642
15028.7758016561
11461.046372520475
13574.953944893983
13641.546372520475
11265.55020960034
13816.941826761864
14174.564179890765
11690.037722553676
12345.265678371587
13682.41843798383
12005.546372520475
12078.525905277049
11772.55020960034
13259.155295805791
12317.357509190431
12943.187812349886
13040.469047380706
12745.628573484219
12806.05020960034
12125.046372520475
12224.282061225904
11628.546372520475
12471.04366774319
12626.110327856919
11554.628573484219
12182.132138547757
13071.046372520475
11312.610327856919
11356.138722985468
12168.110327856919
12173.65051398616
11268.110327856919
10701.3121693873
14272.046372520475
14459.110327856919
11773.88679036861
13393.546372520475
13534.21428883182
13592.55020960034
12881.560267586172
12830.546372520475
11007.187962211652
13556.611144396054
12632.675237763502
12472.128573484219
13787.450321096181
14614.2758016561
10691.672383990413
11774.115803226397
12664.110327856919
12146.05020960034
13856.308640354317
10937.080502820385
11931.132138547757
13090.55020960034
11562.564179890765
12592.841521481561
12164.05020960034
12245.05020960034
13422.05020960034
13270.200767500652
12369.275091087547
12471.55020960034
12247.128573484219
12977.564179890765
12851.716123999175
12005.100743979752
10723.124131982433
11777.902109907864
12853.55020960034
12467.593765864647
12459.234259482988
11877.046372520475
13693.291149745239
12405.564179890765
11416.83476568942
12058.610327856919
12497.841521481561
14405.132138547757
11750.580502820385
13320.180798175465
12833.099887930393
12698.544249242066
11867.046372520475
12073.282061225904
13126.580502820385
11426.046372520475
11839.50088746247
11556.580502820385
12851.61515144727
12797.109608101062
12791.977259427153
11818.546372520475
12055.043867099152
12274.110327856919
11810.128573484219
11446.547001950668
12786.554547247646
12417.542709333422
11807.064179890765
12266.85986483842
11512.046372520475
12790.342111636137
11502.516763857146
11873.546372520475
13122.00088746247
11523.00088746247
13326.55020960034
12080.110469176512
11756.546372520475
12995.046372520475
11957.851219148106
12601.546372520475
11881.41843798383
13352.308640354317
12738.57622945166
12525.525907838477
12548.00088746247
13313.05020960034
13140.024069429628
15193.994602903975
12046.064179890765
13191.099302302182
12080.546372520475
12372.060395761184
11940.00088746247
11497.05020960034
12513.046372520475
12315.546372520475
12314.286288452939
12268.56265437208
11856.6692698584
11716.55020960034
13974.55020960034
12651.046372520475
11385.55020960034
11240.052252969701
14148.064179890765
12286.891294637682
12726.05020960034
12136.046372520475
12618.452509228158
11616.206782518911
13519.197481521946
11637.628573484219
12355.50088746247
11940.803964145385
13280.564179890765
13762.136255018775
12397.117308498873
12194.00088746247
13645.3121693873
11449.546372520475
11930.05020960034
10744.110327856919
11286.55020960034
12352.546372520475
12128.546372520475
12865.064179890765
13350.860934601988
11135.545781528706
13173.657671092269
12171.66258627892
11074.546372520475
13435.180905015408
13606.546994866052
11421.6692698584
14440.91843798383
12885.564179890765
11478.080502820385
12684.610327856919
12193.05020960034
13013.080502820385
11887.00088746247
10973.046372520475
12725.046372520475
12573.064179890765
13887.05020960034
13166.2758016561
11767.85986483842
12426.095403973992
12665.064179890765
12811.2264058489
13722.912370537073
10948.617503791176
13473.046372520475
11398.128573484219
11932.05020960034
12380.05020960034
11597.046372520475
11517.628573484219
12691.046372520475
11669.55020960034
13679.546372520475
12264.046372520475
13337.046372520475
11704.546372520475
13445.05020960034
11008.277814076038
13272.046372520475
11581.326064973215
14455.564179890765
12193.55020960034
11576.546372520475
12889.986317458553
12167.132138547757
11294.046372520475
11530.132138547757
12182.05020960034
12229.5535022777
11855.800780652195
12913.546372520475
12378.6668333254
12694.50088746247
11694.434095380895
12189.05020960034
12007.082446282957
13753.110327856919
12780.55020960034
12896.624131982433
12298.014501796066
13056.046372520475
11991.680905015408
13340.55020960034
11988.046372520475
15921.55020960034
10983.222358065439
11843.047921476129
13679.05020960034
11994.41775580847
11638.38677954389
10928.00088746247
11808.187962211652
12918.024135560836
11574.05020960034
12117.046372520475
11062.88786350123
12227.55020960034
12902.382297003362
11756.91843798383
12323.50088746247
10704.841521481561
13357.55020960034
13747.05020960034
11595.55020960034
14797.200767500652
12215.046372520475
11382.05020960034
12188.580502820385
11784.665637235388
13389.253892854436
12301.124131982433
12557.234380338685
12244.610327856919
12095.046372520475
13319.578767893034
12019.546372520475
11153.50088746247
12447.55020960034
12328.847787602435
12240.546372520475
14394.546372520475
11335.05020960034
11735.195184067177
12505.736989967085
11378.064179890765
12489.55020960034
11478.900999477768
13106.580502820385
13114.694935251455
11239.05020960034
12015.046372520475
12342.747004943294
11815.334673569605
12536.546372520475
12764.00088746247
13670.027434763282
13006.564179890765
11272.632138547757
12960.05020960034
12531.610327856919
12040.768732376024
12068.546372520475
11851.124131982433
12792.08384679951
12543.080502820385
12923.088298861274
11460.046372520475
13271.610327856919
12624.878894036803
11499.546372520475
13003.624131982433
11288.046372520475
14671.808640354317
12457.546372520475
10647.040881200859
13267.064179890765
12880.628573484219
12879.128573484219
12419.55020960034
13570.046372520475
11228.546372520475
12895.841521481561
11997.622236164145
12094.035295230233
13961.55020960034
11457.322171888738
12196.546372520475
12903.194477479376
11653.187735864947
11510.046372520475
12373.628573484219
12032.414590956882
10987.046372520475
13305.546372520475
12036.00088746247
12865.55020960034
11990.617308498873
13290.546372520475
12510.50088746247
10777.588155153877
12356.209274965016
11951.128573484219
13324.55020960034
14296.064179890765
12976.55020960034
12377.55020960034
11819.046372520475
12588.610327856919
11761.046372520475
11528.046372520475
12853.135939294434
14106.453944893983
13202.341521481561
12386.898066648391
12609.05020960034
10716.546372520475
12423.632138547757
11797.546372520475
10851.35922322026
10501.919180851115
12409.985966107395
12108.90756161452
11995.00088746247
11460.55020960034
12573.161517359917
12482.03197549884
11332.128573484219
12921.071521343303
12999.546372520475
11836.286288452939
12477.41775580847
11900.011630510082
13637.046372520475
14112.046372520475
12087.027840973878
12025.55020960034
11525.635759557508
11460.50088746247
11565.89973843551
12774.55020960034
13187.13610586643
12274.546372520475
11547.867575625118
12606.546372520475
12959.00088746247
12414.52209969465
11463.55020960034
11516.00088746247
12585.206420004506
12092.55020960034
14801.046372520475
11972.841521481561
12538.546372520475
13177.111144396054
13529.00088746247
11755.064179890765
13453.226355128752
13192.111144396054
11333.00088746247
11167.50088746247
12223.933474660746
11396.046372520475
12505.386462761346
12231.225612628741
12809.101569323517
14067.16258627892
11444.187962211652
11221.110327856919
11883.04366774319
13538.302924767024
12172.55020960034
11224.187962211652
12810.05020960034
11881.532995388756
13429.717323116027
12154.24436512951
11142.088155153877
13882.023969857282
14787.50088746247
11339.046372520475
11408.616377878303
12780.808640354317
11655.696002934417
12427.55020960034
11330.046372520475
10829.046372520475
13407.94783040172
11967.046372520475
12919.546372520475
12212.524135560836
12898.580502820385
12716.00088746247
13073.50088746247
13663.564179890765
12649.50088746247
13837.546372520475
12094.546372520475
11845.024135560836
11535.546372520475
11478.080502820385
13646.50088746247
14333.046372520475
11545.064179890765
10502.024135560836
12315.600283819327
12288.187962211652
13989.55020960034
11316.808640354317
12471.546372520475
12240.546372520475
11341.743692928774
12595.652836899837
12362.546372520475
11313.412391732576
11763.05020960034
12375.55020960034
