3299.633544921875
3269.6416015625
2040.8592529296875
4169.29736328125
5115.3837890625
2951.193115234375
3378.4873046875
3717.33837890625
3590.201904296875
3665.810791015625
3998.39404296875
3716.212158203125
2496.561279296875
2302.514892578125
2580.547607421875
3050.213623046875
2730.167724609375
3298.278076171875
3810.290283203125
2742.781005859375
2787.206787109375
3124.2138671875
2988.653076171875
2695.33935546875
2921.501220703125
2872.8662109375
3910.996337890625
2081.033203125
3233.754638671875
3965.10400390625
3386.087890625
3557.1650390625
2431.492431640625
3058.994873046875
2268.491943359375
3029.36572265625
4655.3798828125
3816.898681640625
2569.509521484375
2404.093017578125
3491.83154296875
2574.9736328125
3460.507080078125
2649.64111328125
3411.044189453125
3889.414306640625
4162.93505859375
2538.537841796875
4466.9580078125
3366.9384765625
2707.62255859375
3014.20849609375
2913.189208984375
3359.618896484375
2947.186279296875
2154.951416015625
2983.698974609375
3073.175048828125
3998.03515625
2830.04736328125
3737.959716796875
2906.864990234375
2981.307861328125
3331.040283203125
3851.679443359375
4285.18212890625
2496.312744140625
2705.330810546875
2271.495361328125
3540.548583984375
2856.501708984375
2997.694580078125
3647.70654296875
2379.216796875
2702.58935546875
2293.721435546875
2810.789306640625
2687.309326171875
2668.658203125
2903.291748046875
1969.0078125
2415.5458984375
2462.3095703125
3728.67626953125
5097.484375
3693.031494140625
2913.897705078125
3219.675537109375
2537.06494140625
2416.491943359375
3006.18505859375
3575.968505859375
2641.892822265625
2855.486328125
3082.3662109375
3710.512451171875
2433.37939453125
2353.2412109375
2346.748046875
3846.161376953125
3610.10791015625
4735.01708984375
3227.489990234375
2992.83984375
3181.166748046875
2482.69970703125
4162.44091796875
3461.195556640625
2543.99560546875
3122.451171875
2838.38037109375
3729.865234375
3407.60693359375
3163.860107421875
2957.848388671875
2088.55517578125
3026.86669921875
2614.35107421875
2666.021728515625
2805.88623046875
2558.173828125
3454.924560546875
2498.88330078125
3039.90869140625
2994.27197265625
2622.77734375
3512.284912109375
2462.295166015625
3871.6611328125
3196.212646484375
2748.389892578125
2546.572021484375
2350.8095703125
2603.625
2710.73876953125
3004.48193359375
2400.314453125
5192.3427734375
3233.258544921875
3386.676025390625
2922.556396484375
2671.141357421875
3354.667236328125
3857.47412109375
2589.351318359375
2796.800048828125
3925.705322265625
2986.275146484375
2623.7275390625
3875.38427734375
3351.449462890625
3093.928955078125
2743.651611328125
3576.8837890625
3071.03662109375
3878.274169921875
3334.76416015625
3202.098876953125
3792.5283203125
2944.476806640625
2210.6123046875
2601.56982421875
4061.746337890625
2687.10693359375
2779.87646484375
3410.0908203125
3024.59765625
2364.5986328125
3364.897216796875
2775.806396484375
3028.96923828125
1742.8609619140625
2880.497314453125
3050.490478515625
3265.962646484375
2660.304443359375
2698.380859375
3321.758056640625
3102.477294921875
3448.13720703125
2833.5888671875
3326.22802734375
3725.06103515625
3316.509765625
2520.503662109375
3331.53076171875
2532.8984375
2871.901611328125
2484.024658203125
2704.115478515625
4779.53662109375
2974.673095703125
2183.449462890625
3106.96337890625
2438.400146484375
3929.348876953125
2854.054443359375
2958.56787109375
3577.851318359375
2253.49755859375
2664.84912109375
2877.136474609375
2135.606201171875
2763.18798828125
3155.147705078125
2643.6689453125
2359.903076171875
3175.55712890625
2724.744873046875
1978.760498046875
3122.850830078125
3208.594482421875
2236.900390625
3279.596923828125
3459.123291015625
3120.6982421875
4098.6015625
1820.57373046875
3412.7490234375
2939.73291015625
2769.357177734375
2552.00537109375
3301.11572265625
4346.263671875
2456.601806640625
2810.658447265625
3672.64208984375
3404.905517578125
3437.4541015625
2236.409912109375
2933.963623046875
2757.8212890625
3496.89404296875
2510.64697265625
2763.513427734375
3585.20556640625
2048.719970703125
4213.7744140625
2616.612060546875
2835.535888671875
2361.87451171875
3313.40869140625
3101.681396484375
3145.11376953125
2576.167236328125
3010.474609375
3950.62939453125
3004.379150390625
2985.0029296875
2992.625
3403.209716796875
2554.038330078125
3274.564208984375
2584.9189453125
2790.172119140625
2519.49609375
3330.493896484375
2899.887939453125
3023.830078125
2979.9814453125
2464.13623046875
3248.850830078125
2474.732421875
2990.364013671875
3022.7060546875
2432.333740234375
4010.91650390625
3288.6279296875
3161.96533203125
3117.771240234375
4084.004638671875
4119.3232421875
2387.30078125
2597.110107421875
3956.31640625
2523.231689453125
1755.553955078125
2690.897216796875
3114.0732421875
2757.267822265625
3605.869384765625
3404.006591796875
2737.6474609375
2694.923583984375
2975.56103515625
2702.8056640625
3316.998291015625
3198.194091796875
3278.685546875
2889.95556640625
2464.519775390625
3997.98095703125
2667.435546875
2975.3291015625
2266.115966796875
2581.8828125
2940.03076171875
2822.40234375
2467.503662109375
2606.5087890625
2703.164794921875
2751.10986328125
2824.603759765625
2463.198486328125
3206.83056640625
3172.94873046875
3097.399169921875
3232.056396484375
2757.06787109375
2727.263671875
2200.3046875
2960.965087890625
2788.967041015625
5030.59130859375
2807.284423828125
4601.6494140625
2646.3818359375
3922.48046875
4143.25537109375
3055.108642578125
5271.9052734375
2562.526123046875
3034.217529296875
3362.93896484375
2649.897705078125
3979.96630859375
2170.8916015625
3052.02685546875
2230.862548828125
3312.422607421875
3041.201416015625
3362.408447265625
2710.59130859375
3012.6142578125
2198.067138671875
2388.51904296875
4463.55615234375
3865.599853515625
2770.60791015625
2652.1181640625
4437.48876953125
3367.248046875
2057.5947265625
2854.212646484375
3116.9384765625
3376.2392578125
2865.47412109375
3503.4296875
2356.574462890625
2908.052490234375
2182.428955078125
3394.350341796875
3448.198974609375
2530.4189453125
2866.598388671875
2262.406005859375
3108.9462890625
1985.861572265625
2615.434326171875
2304.610595703125
3432.511962890625
2181.161865234375
3240.401123046875
2778.880859375
3126.072509765625
3236.4736328125
3195.45556640625
3771.523681640625
3277.4697265625
1689.055419921875
2746.702392578125
3059.139892578125
2344.2080078125
2676.42041015625
2489.69580078125
4197.75341796875
3168.327880859375
2363.03564453125
2855.89990234375
2669.011962890625
2433.17236328125
3241.955810546875
2462.6494140625
2000.443603515625
2270.283935546875
4070.216552734375
2873.936279296875
4692.69140625
2803.221923828125
4057.326171875
2210.461669921875
3140.4697265625
2115.934326171875
2514.493896484375
2468.494873046875
3754.840576171875
2793.608642578125
3682.322265625
3759.831787109375
4793.68603515625
2522.142578125
3817.51025390625
2867.412109375
2737.397216796875
2772.439453125
2807.355224609375
2758.973876953125
2592.80029296875
2000.115478515625
2844.8330078125
2634.810546875
2225.25634765625
2526.228271484375
2615.54443359375
2135.583251953125
2783.866943359375
3123.013427734375
2046.8583984375
2581.770751953125
2266.53076171875
2909.9365234375
2581.380859375
3766.915283203125
3163.001953125
3256.31103515625
3131.93701171875
2968.39013671875
3248.10546875
2582.626953125
2106.551513671875
2448.133544921875
3009.12646484375
2623.84326171875
2866.732421875
3261.91943359375
2989.248291015625
2294.06640625
3395.364990234375
3450.484375
2991.47802734375
2254.171875
2593.190673828125
3371.698486328125
2454.386962890625
4058.493896484375
3061.704345703125
2148.0322265625
1906.1934814453125
4119.822265625
2714.876220703125
2449.818115234375
3048.555419921875
2340.91552734375
2289.088134765625
2202.76904296875
2703.529052734375
2521.05322265625
2189.66552734375
3003.187744140625
2656.447265625
3101.68603515625
2142.474853515625
3512.449951171875
2508.81787109375
3199.373291015625
2608.844970703125
2368.562744140625
2070.589111328125
2136.517578125
4184.4677734375
2329.93896484375
2751.856689453125
2578.534423828125
2540.22802734375
2746.005126953125
3374.079345703125
2885.650146484375
2828.767822265625
2886.3818359375
3341.02685546875
2839.191162109375
2891.709228515625
4452.3037109375
1829.2613525390625
4095.942138671875
2898.676025390625
3095.42041015625
2403.33740234375
3446.54150390625
3261.9111328125
3268.8193359375
3049.176513671875
3425.683837890625
2440.97705078125
3193.99072265625
1766.344482421875
2685.861328125
2319.82861328125
3304.496826171875
2603.22412109375
2949.046875
3095.065673828125
3285.47900390625
1759.3409423828125
1829.9840087890625
2122.10791015625
3337.850830078125
2371.451171875
2701.783203125
2777.60693359375
3614.360595703125
2873.6220703125
2378.689453125
2928.230224609375
2599.265625
3416.258056640625
2369.232666015625
2121.708740234375
2597.008544921875
2648.451904296875
2284.278076171875
2450.74072265625
3455.245361328125
3298.7587890625
2076.4404296875
2762.40869140625
2109.001220703125
2274.202880859375
2365.446533203125
2393.22607421875
3171.763916015625
2316.52880859375
2350.531982421875
1859.2799072265625
2542.69580078125
3130.53369140625
3473.303955078125
3255.707275390625
2744.60009765625
2335.650146484375
2538.734619140625
3105.5078125
2420.01025390625
2469.630859375
2330.90966796875
1780.983154296875
1131.7181396484375
3195.917236328125
4109.21044921875
2294.796875
2132.328369140625
2998.0966796875
3894.91162109375
1670.306884765625
3406.669189453125
1967.20361328125
2917.39404296875
2407.574462890625
3119.84912109375
2820.461181640625
2532.3466796875
2197.769287109375
2693.3193359375
2704.29345703125
2920.363037109375
2652.538818359375
2423.959228515625
3031.558837890625
2966.350830078125
2217.57470703125
3349.813720703125
1755.2806396484375
3674.570556640625
2538.70263671875
3298.34716796875
4298.52490234375
2105.054443359375
2003.79248046875
2224.93798828125
2762.10107421875
3944.479736328125
2460.84814453125
2631.39111328125
2126.86767578125
2291.0400390625
2336.783447265625
2880.7080078125
2239.417236328125
2519.61279296875
3247.753173828125
2787.344970703125
1767.0291748046875
3491.395751953125
2881.577392578125
1417.4090576171875
3083.90966796875
2401.588623046875
1783.163818359375
1911.23193359375
2727.60400390625
2493.5712890625
2595.8447265625
2719.781494140625
2347.182861328125
2627.126708984375
2640.79541015625
2097.247314453125
3770.5498046875
3463.123291015625
2567.3056640625
2852.5322265625
2236.582275390625
2623.940673828125
2943.781494140625
3139.207763671875
3375.4736328125
2842.6484375
3263.345458984375
2346.996826171875
2307.381591796875
2113.00830078125
2930.53564453125
3241.2734375
2754.700927734375
3177.6953125
3328.37890625
3007.66845703125
1945.374267578125
2825.1533203125
2119.059814453125
2823.01953125
2792.609619140625
2905.453857421875
2694.2568359375
2658.2900390625
2589.238525390625
1914.3592529296875
2003.71435546875
2351.83251953125
1833.71435546875
2502.273193359375
2126.95849609375
2489.52587890625
2108.210205078125
2315.71728515625
2709.33740234375
3682.640380859375
2974.3193359375
2350.7138671875
1468.32763671875
2615.8515625
2052.1796875
2780.984375
2588.119873046875
2042.7603759765625
2730.44775390625
3069.14111328125
3199.271240234375
2006.6002197265625
2861.98974609375
1950.0665283203125
2896.291259765625
4069.535888671875
2033.9775390625
3312.025146484375
3029.814453125
2728.75390625
2671.42822265625
2867.97314453125
2256.3193359375
2457.56494140625
2031.0657958984375
2062.66357421875
1842.95947265625
1704.10546875
4339.0146484375
1947.1717529296875
2249.486083984375
2519.464111328125
1971.3408203125
2271.705078125
2095.092041015625
2692.56396484375
1990.8961181640625
2504.669189453125
2791.299072265625
2122.304443359375
1676.2977294921875
2609.870849609375
2216.572509765625
2765.271240234375
2119.241943359375
2660.18896484375
1824.154296875
2920.6845703125
3134.3720703125
2862.44580078125
3026.320556640625
2463.84619140625
3072.7197265625
2518.782958984375
2269.110595703125
2860.484619140625
2087.57275390625
2687.95263671875
2838.748779296875
2895.452392578125
1962.173583984375
3072.9013671875
3702.62451171875
4248.595703125
1778.967529296875
2881.394775390625
1906.2904052734375
3184.87353515625
2070.862060546875
2352.751953125
1953.8275146484375
2718.341796875
3064.920654296875
2699.83349609375
1974.9237060546875
3106.867919921875
2993.18701171875
2593.75439453125
2946.212158203125
2047.5126953125
3246.090087890625
2709.92236328125
2116.30517578125
3131.64990234375
2697.273193359375
2540.292724609375
4778.4921875
2535.145751953125
3170.308837890625
2237.75
2597.345947265625
2239.5654296875
3165.144287109375
2176.63427734375
2139.2890625
3305.373779296875
2302.813232421875
3191.861572265625
3687.2294921875
2844.098876953125
2805.8310546875
2671.0986328125
1735.74169921875
3136.431396484375
2699.15966796875
3021.198486328125
2515.368408203125
3155.06982421875
2909.595458984375
3100.014404296875
2990.15869140625
1618.36328125
3051.737060546875
3213.206787109375
1904.8216552734375
2120.55078125
2130.081787109375
3335.044189453125
3341.342041015625
2406.692626953125
3203.326416015625
2770.916748046875
2519.3466796875
2477.31640625
1960.594970703125
2329.2548828125
2723.13232421875
2441.968994140625
3124.361083984375
2324.101806640625
1395.5321044921875
3588.78662109375
2517.81640625
2181.525390625
2681.8251953125
2022.537353515625
2235.498779296875
1624.019287109375
2732.368896484375
3001.121826171875
2853.948974609375
2987.796875
2385.299072265625
3295.9208984375
2837.17626953125
2865.167236328125
3074.151611328125
2707.034423828125
1986.7286376953125
3447.793212890625
2303.493896484375
2574.2314453125
3379.09716796875
2994.1328125
3083.48095703125
2815.850830078125
2726.723876953125
1690.7720947265625
1715.407470703125
2924.25537109375
3358.3916015625
2861.121337890625
3566.49853515625
3350.01806640625
2029.845703125
2381.27685546875
1984.141845703125
2273.157958984375
2964.821044921875
1980.0787353515625
1706.4315185546875
2355.138671875
2523.55517578125
2292.2001953125
2355.185791015625
2612.66162109375
3173.5810546875
2431.072509765625
2367.792236328125
2764.36376953125
2765.600341796875
2750.46484375
3599.10693359375
3040.76611328125
2575.165771484375
2890.283203125
1807.3818359375
2154.2900390625
2097.546875
2402.430419921875
2003.6708984375
3796.504150390625
2249.8125
2561.787841796875
1238.3350830078125
2277.1904296875
2094.746337890625
1942.01318359375
2312.5107421875
2222.026611328125
2456.560302734375
3394.329345703125
4282.35107421875
2174.078857421875
1413.1181640625
1992.28271484375
2652.834716796875
2326.943603515625
2143.8525390625
3607.7431640625
2359.656494140625
2632.203857421875
2774.31640625
2982.76611328125
2476.447265625
1420.23388671875
2816.433349609375
2725.326904296875
2299.98291015625
2700.950927734375
2164.64892578125
3373.9716796875
2111.093994140625
2835.558837890625
2237.44482421875
3027.56787109375
2287.685791015625
3237.4443359375
2351.341796875
1615.48388671875
2163.990478515625
1931.84375
2124.888671875
2017.2529296875
1854.2578125
1779.177734375
1810.7730712890625
3097.425048828125
2448.3330078125
1911.620361328125
2020.42724609375
2102.0615234375
2691.63427734375
2255.991943359375
2886.171142578125
1776.04296875
2358.082763671875
3111.547607421875
2558.681884765625
2192.953857421875
2192.58642578125
2157.0830078125
1714.81689453125
1687.420654296875
2865.976806640625
2845.362060546875
1969.106689453125
2785.80810546875
2238.843994140625
2048.591552734375
2912.689208984375
2795.619140625
1744.513671875
2720.671875
2825.379638671875
3271.869140625
2529.46240234375
2511.738525390625
3092.594482421875
2551.917236328125
2783.484619140625
2909.736572265625
2576.762451171875
2096.019775390625
1537.95703125
2154.4384765625
2757.21533203125
3216.47802734375
3180.823974609375
2752.561279296875
5588.26708984375
3318.128662109375
2423.93359375
2383.462646484375
2592.415283203125
3306.1142578125
2058.869873046875
1252.2967529296875
3145.065673828125
3156.64306640625
2167.0693359375
3290.0546875
2437.4580078125
3073.83740234375
2548.255615234375
2814.774169921875
2808.354736328125
2046.1591796875
2364.512451171875
1944.0618896484375
2686.18310546875
2343.00341796875
1651.4783935546875
2192.572509765625
2637.295654296875
2833.60693359375
2057.275390625
2454.429931640625
2750.704345703125
2563.388671875
2694.87353515625
3253.24267578125
2786.519287109375
2181.74755859375
2523.841796875
3110.9140625
2883.808349609375
2528.751953125
2906.901611328125
2287.481689453125
2936.398681640625
2413.572265625
2788.611572265625
3060.733154296875
2222.766357421875
2076.650146484375
2468.257568359375
2022.0498046875
2845.706787109375
2890.71484375
3185.272216796875
3143.904052734375
2439.920654296875
2437.9931640625
2040.9886474609375
1549.7030029296875
2282.027587890625
3145.2060546875
1921.587646484375
3074.701904296875
3096.64697265625
2109.6455078125
2601.029296875
1992.6058349609375
3426.459228515625
2776.81103515625
3198.037353515625
2681.07080078125
1710.0897216796875
3465.42333984375
2603.39697265625
3088.395263671875
1786.507080078125
1977.268310546875
2553.073486328125
2681.35595703125
2012.9154052734375
2035.1658935546875
1962.691650390625
2104.582275390625
2517.56005859375
3118.813720703125
2910.160888671875
2849.798095703125
2780.350341796875
2885.53369140625
2111.04345703125
3115.719970703125
2766.00830078125
2409.61572265625
2469.52978515625
3018.600341796875
2125.37158203125
2476.33447265625
3132.625244140625
3249.157470703125
1795.8897705078125
2044.9241943359375
2414.38232421875
2073.15283203125
2477.307861328125
2749.613525390625
2093.680419921875
2515.398681640625
2689.181396484375
2009.631103515625
2597.138671875
2479.58203125
2641.570556640625
2195.15234375
2867.823974609375
2958.07861328125
2482.94384765625
1435.3463134765625
2672.79150390625
2429.739990234375
3150.84033203125
2505.566650390625
2800.951904296875
2521.584716796875
1843.3248291015625
2650.8671875
2545.4892578125
3011.048095703125
2348.048095703125
2650.892822265625
2667.93505859375
3363.542236328125
1845.185302734375
2025.6768798828125
2898.579345703125
2866.202880859375
2392.17919921875
2209.73828125
2243.147705078125
2873.02197265625
3446.693603515625
2874.555419921875
2292.47314453125
2143.055908203125
2925.06005859375
3283.607177734375
2087.35888671875
4403.37744140625
3209.343994140625
1747.6715087890625
1497.1993408203125
1836.509765625
1982.0042724609375
3139.7099609375
2547.358154296875
2339.286376953125
2527.956787109375
3376.4912109375
2295.421142578125
2139.513427734375
2002.3046875
1886.1104736328125
1520.50830078125
1565.138916015625
2096.162841796875
2134.430419921875
2183.9892578125
2076.83154296875
2747.12548828125
2436.958740234375
2303.046142578125
2971.91162109375
2172.47412109375
3765.8564453125
2662.43994140625
2796.53173828125
3299.3828125
2608.931884765625
2726.221923828125
3684.032958984375
1845.529296875
3144.92333984375
2309.8564453125
2360.66357421875
3440.676025390625
2836.816162109375
3071.694580078125
2633.9375
2031.7843017578125
1431.106689453125
1803.911376953125
2805.3125
2088.286376953125
2827.73974609375
2420.5830078125
2538.3857421875
2103.4033203125
3090.770263671875
2161.55126953125
2710.607421875
3180.829345703125
3794.462646484375
2254.46484375
3494.15966796875
1879.5699462890625
3135.521240234375
3264.342041015625
3216.375244140625
3108.815673828125
3817.932861328125
1256.665283203125
2305.49609375
1650.0091552734375
2162.68505859375
2623.129150390625
2902.100341796875
2811.306884765625
2243.157958984375
2163.842041015625
3468.107177734375
3026.00537109375
3090.52197265625
3499.79150390625
1774.25537109375
2307.262451171875
2168.552490234375
2047.3643798828125
2313.877685546875
1965.8668212890625
1518.0263671875
2611.909423828125
1625.07568359375
2476.47607421875
1998.0328369140625
2727.192138671875
2180.754638671875
2412.575439453125
2582.237548828125
1695.5645751953125
1500.322265625
1853.6409912109375
3822.30517578125
2094.10400390625
2525.080078125
3294.917724609375
3187.246337890625
3040.056640625
2698.584716796875
3079.898681640625
2380.651123046875
3104.676025390625
2661.17919921875
2659.55322265625
1992.9132080078125
2864.257080078125
2784.709228515625
1919.5318603515625
2096.65234375
1755.052734375
1666.8978271484375
2303.0615234375
1819.24853515625
2565.3583984375
2385.0029296875
2750.6357421875
3012.200439453125
1549.3785400390625
2642.48095703125
1847.4976806640625
2146.796142578125
3570.019287109375
3069.042724609375
1956.7445068359375
2590.975341796875
3054.977783203125
1924.262451171875
4636.3037109375
3006.768310546875
1886.8101806640625
3378.01220703125
1813.104736328125
2899.808349609375
1996.2449951171875
2686.08935546875
1762.99169921875
1498.205810546875
3313.695556640625
2907.707763671875
2003.288330078125
2124.41650390625
3089.080078125
2185.824462890625
2022.591552734375
2235.443115234375
1583.9718017578125
1727.21875
3295.475341796875
2949.36669921875
2499.06396484375
3352.63720703125
2216.170166015625
2439.128662109375
2377.4111328125
3368.28369140625
2094.499267578125
3915.118408203125
3340.2900390625
2093.7177734375
1973.812744140625
3364.167236328125
1826.5499267578125
1528.856689453125
3626.03759765625
2269.023193359375
1553.766845703125
3015.78662109375
2954.262939453125
1376.6552734375
3344.100341796875
2366.58740234375
1511.1009521484375
2238.718994140625
2037.7674560546875
2028.125244140625
3374.02392578125
2236.394775390625
1792.5333251953125
2443.265625
2638.834716796875
3314.129150390625
1564.3319091796875
2661.32275390625
3679.748779296875
2125.581787109375
2405.083251953125
1900.343505859375
1757.5155029296875
1200.646484375
1785.396728515625
2234.79052734375
1745.690185546875
2305.129638671875
2109.939208984375
2282.95849609375
2405.123779296875
1819.4049072265625
3123.834716796875
1782.322998046875
3251.438720703125
2020.8203125
2659.358642578125
1624.103515625
2011.0880126953125
1469.8311767578125
4021.0234375
2700.3291015625
2708.295654296875
2461.4443359375
1914.0560302734375
2241.7919921875
2008.223876953125
2633.98876953125
2813.791748046875
3888.496337890625
2402.289794921875
3157.874755859375
1445.1983642578125
2110.651123046875
2520.301513671875
3400.439453125
2906.819091796875
2971.78173828125
2326.846923828125
3741.723388671875
2276.586669921875
2132.186279296875
1902.46923828125
3010.513671875
1302.5130615234375
3630.060791015625
2528.44775390625
4006.988037109375
2828.130859375
2173.268310546875
2808.284423828125
2341.6962890625
2015.3299560546875
3863.4404296875
2620.859619140625
2474.843994140625
2149.252685546875
3139.90234375
1947.5299072265625
1450.7972412109375
2018.8116455078125
2210.976806640625
2644.199951171875
1602.7049560546875
2442.246337890625
1811.8143310546875
1962.17724609375
2138.524169921875
3005.483154296875
2400.60791015625
2229.840576171875
2305.443603515625
1880.713623046875
1522.9837646484375
3937.2607421875
3688.8583984375
1948.456787109375
1818.9771728515625
2797.651611328125
2281.4697265625
2423.319091796875
2808.7705078125
3351.242919921875
2078.431884765625
1852.658447265625
2050.174560546875
2250.264892578125
2019.4298095703125
1944.394287109375
2381.412109375
2260.174560546875
2160.5830078125
4094.401611328125
2971.345458984375
2067.84619140625
2555.08349609375
3115.72900390625
3076.5009765625
2784.824951171875
1878.5386962890625
2508.7177734375
3095.716796875
2332.751708984375
2020.17236328125
1340.799072265625
2494.603271484375
2615.724853515625
3293.114990234375
2466.65869140625
2364.7421875
2003.3699951171875
1428.2235107421875
2532.9111328125
1629.445556640625
2758.63427734375
2054.01904296875
2684.494873046875
2017.298828125
2369.871337890625
2369.072021484375
1571.3636474609375
1959.9869384765625
1509.056396484375
2231.70458984375
1997.387939453125
3129.500244140625
2074.19140625
2684.9501953125
1894.7493896484375
2550.8564453125
2474.503173828125
2321.29052734375
2177.532958984375
1702.22265625
1852.5867919921875
2422.9404296875
2054.485595703125
2028.8416748046875
1643.2520751953125
2425.790771484375
2001.3883056640625
2506.319580078125
1984.05419921875
2704.749755859375
2412.0537109375
2807.380859375
2680.483642578125
1338.33837890625
1786.2408447265625
2864.220947265625
2292.217529296875
2134.599853515625
2515.1962890625
2077.064208984375
2238.495849609375
3772.59619140625
2547.92529296875
2380.342529296875
2578.38720703125
1890.9581298828125
2199.818603515625
1550.7608642578125
4000.36572265625
2435.475830078125
2672.783447265625
1740.233154296875
2577.79052734375
2816.92822265625
1733.6815185546875
2916.809326171875
2410.29736328125
2213.22998046875
2818.198486328125
2079.5751953125
1879.5172119140625
3188.47802734375
2599.626708984375
4037.021240234375
1822.599365234375
1888.576171875
2397.390625
3462.166259765625
1874.966552734375
3076.838623046875
2212.700439453125
2435.910888671875
1812.89697265625
2482.962890625
3440.1328125
2133.393310546875
1455.8619384765625
2898.3125
2496.7705078125
1771.03662109375
2369.678466796875
2715.308837890625
1910.4306640625
2829.94775390625
1515.5675048828125
1863.466796875
2880.03662109375
2219.364013671875
3052.54541015625
2834.5458984375
1944.137451171875
3039.19873046875
2399.992919921875
3139.809814453125
2329.29833984375
2550.968017578125
3144.4365234375
1796.5968017578125
2752.43505859375
1839.9127197265625
2288.197265625
2473.0361328125
2607.9208984375
2471.958740234375
2860.861328125
2200.7783203125
2257.35595703125
1517.197998046875
2498.792724609375
3441.38427734375
1848.7484130859375
2504.757080078125
2277.0185546875
2486.534912109375
2603.837646484375
1782.90283203125
2332.272705078125
2351.709228515625
3326.42724609375
1977.4229736328125
2796.255859375
2443.90673828125
3623.68603515625
1962.42626953125
1958.5242919921875
2104.809326171875
2693.227783203125
2578.05322265625
2435.92041015625
2732.317138671875
2588.918212890625
2562.5830078125
3146.688720703125
2723.047607421875
1820.0064697265625
2861.568359375
2585.594482421875
1945.17626953125
4024.806640625
2578.978271484375
2045.013427734375
2551.822509765625
2144.970703125
2196.1572265625
2072.01611328125
1888.166015625
3491.32177734375
1978.00146484375
2627.187255859375
2371.763427734375
2094.339111328125
1812.0521240234375
1476.71923828125
1385.117919921875
1952.395751953125
2306.757080078125
2839.584716796875
1482.2196044921875
2223.244384765625
2294.734619140625
3087.26513671875
1766.5797119140625
2617.2314453125
1764.2120361328125
3515.754150390625
2198.08349609375
2643.870849609375
1542.646728515625
1805.2296142578125
1655.35009765625
2017.823486328125
1996.7867431640625
3112.53662109375
2239.76025390625
1802.67919921875
1411.15771484375
2193.816162109375
2215.76904296875
1507.3414306640625
2039.9617919921875
2543.037353515625
3060.40185546875
2757.187744140625
2173.180908203125
3329.705810546875
2174.55224609375
2412.83984375
1763.9930419921875
2174.21826171875
2492.979736328125
2130.370361328125
2482.1640625
2296.745361328125
2088.7080078125
1461.438720703125
2940.563720703125
1925.35009765625
2685.61279296875
1789.298828125
1809.441650390625
2571.10791015625
2130.382080078125
2763.045654296875
2450.393798828125
2900.043212890625
2472.073974609375
1329.16552734375
2075.25390625
2326.681640625
2122.34130859375
2044.5906982421875
2383.93994140625
1833.720703125
2252.541748046875
2332.0654296875
1999.3992919921875
2693.193603515625
2047.819580078125
1436.1617431640625
2781.9267578125
2520.93701171875
1860.8050537109375
2189.8251953125
2708.321044921875
2419.771728515625
2187.249755859375
1554.15625
1623.6146240234375
1269.335693359375
2269.802978515625
3076.833740234375
2194.83251953125
2302.8095703125
1294.8944091796875
1468.452880859375
2343.45263671875
2100.78857421875
2724.96630859375
2025.738037109375
2394.562744140625
1877.8436279296875
1872.30712890625
2013.786865234375
1710.8095703125
2881.912109375
2001.5667724609375
1868.7724609375
1581.1561279296875
3011.056640625
2138.396728515625
2902.537841796875
2150.503173828125
1861.6326904296875
2644.685791015625
1823.6090087890625
2239.718505859375
2264.103759765625
1301.6910400390625
2179.027099609375
2505.887451171875
1984.924560546875
2284.296875
2483.183837890625
2519.83935546875
2301.376220703125
1645.69873046875
2097.955078125
1972.8917236328125
2686.16259765625
2233.98095703125
1454.9974365234375
2426.213623046875
3536.80419921875
3061.294921875
2000.0550537109375
2003.1070556640625
1663.2303466796875
2053.339111328125
1735.9354248046875
1789.927978515625
2436.955078125
1517.0606689453125
2273.3349609375
2344.67236328125
2682.390625
2049.013427734375
3030.318603515625
1973.4554443359375
1812.95068359375
1509.5296630859375
2684.51953125
1824.37060546875
3021.56396484375
1856.3575439453125
1928.4251708984375
1363.9296875
1778.563720703125
2086.119873046875
1997.3033447265625
2334.3857421875
2227.4423828125
1579.9669189453125
2063.089111328125
1519.0699462890625
2566.794921875
1884.4166259765625
1783.214111328125
2228.621337890625
2053.560546875
1479.941162109375
2172.085693359375
2313.70458984375
2709.922119140625
1983.0394287109375
2023.73583984375
2614.743896484375
2281.337646484375
2758.9365234375
1994.5189208984375
1994.7156982421875
1535.211669921875
1754.7728271484375
2658.588623046875
1913.45849609375
2322.334228515625
1749.4180908203125
1746.5244140625
1674.477783203125
2460.2373046875
2065.66357421875
2886.426513671875
2049.235595703125
1578.215087890625
1680.96435546875
2262.034912109375
2282.459228515625
3255.164306640625
2356.50048828125
1795.3043212890625
2326.682861328125
2943.344970703125
2509.9453125
2387.3876953125
3000.546875
2353.87109375
1446.5504150390625
2334.6484375
2189.741943359375
1970.7025146484375
1445.68896484375
1989.65234375
2125.77392578125
2485.3486328125
1449.2061767578125
2015.510498046875
2395.25537109375
2635.81640625
2084.9462890625
1526.6436767578125
2034.393798828125
2358.729736328125
2382.9716796875
2210.9013671875
1861.567138671875
1863.39794921875
2655.6484375
2259.989990234375
1370.6993408203125
2160.306396484375
1774.1748046875
2880.787109375
2601.09765625
1626.236083984375
3317.661376953125
1712.8408203125
2620.733154296875
2499.76904296875
1788.22021484375
2192.03564453125
1835.890380859375
2117.6171875
1727.7794189453125
1645.1256103515625
2313.791015625
2307.23388671875
1717.2762451171875
2159.662841796875
1459.61962890625
2585.40380859375
1368.65966796875
2134.966064453125
2158.080078125
2185.822509765625
2720.770751953125
2267.805419921875
2202.63427734375
1565.451171875
1609.3431396484375
1734.4244384765625
2206.98583984375
2979.0400390625
2452.177978515625
1614.7236328125
1801.7354736328125
2763.429443359375
1870.5594482421875
2703.658203125
1956.6368408203125
1368.86083984375
2996.274658203125
1643.10888671875
2331.58642578125
1742.492919921875
2278.603759765625
1963.865234375
2491.1015625
1699.091064453125
1769.64111328125
2183.658203125
3136.10302734375
2229.249755859375
2294.54052734375
3154.425537109375
2051.282470703125
2304.538330078125
3569.628662109375
2950.818359375
1176.6033935546875
1713.7745361328125
3174.770263671875
2290.292724609375
3190.080810546875
1446.00390625
1968.940185546875
2160.886474609375
3547.992919921875
1297.8548583984375
1354.32861328125
2656.807373046875
2920.49853515625
1983.250732421875
1817.3272705078125
2250.033935546875
2439.552734375
1967.09912109375
1833.6126708984375
2369.41943359375
1782.6143798828125
2063.34912109375
2039.6328125
1802.9759521484375
2206.83544921875
2277.991943359375
2047.0277099609375
2580.294921875
2581.366943359375
1648.482666015625
2274.144775390625
2935.5888671875
2403.142578125
2017.9271240234375
2047.5811767578125
2080.38037109375
2670.662109375
1666.0146484375
2418.95654296875
1467.9056396484375
2060.429931640625
1495.976806640625
1536.385498046875
1805.9952392578125
2748.47119140625
3349.82958984375
1889.578369140625
2671.604248046875
2509.225341796875
1719.5804443359375
1383.16162109375
1664.658203125
1959.7305908203125
2084.0400390625
1792.4315185546875
1484.8758544921875
2650.10986328125
2198.281982421875
2275.131103515625
1911.7401123046875
2124.93408203125
1423.1939697265625
2554.745361328125
1890.502197265625
2396.41064453125
2148.93017578125
1819.4422607421875
2147.01953125
1649.1417236328125
1739.2230224609375
1820.9776611328125
3036.666748046875
2288.00830078125
1758.28955078125
1799.101318359375
2093.06494140625
2224.825927734375
1981.189697265625
1869.120361328125
1602.6492919921875
2078.61376953125
1539.7054443359375
1635.282470703125
1722.7288818359375
1677.5321044921875
1971.23876953125
1884.4293212890625
2836.363037109375
1521.4805908203125
2189.138427734375
1750.281982421875
1541.8970947265625
1728.1087646484375
2505.983154296875
1736.22509765625
1795.6370849609375
2240.581298828125
2225.61865234375
2801.643310546875
2263.815673828125
2435.937744140625
1577.82958984375
2099.568359375
2032.81103515625
1610.213134765625
1907.905029296875
3027.82666015625
1680.8389892578125
2475.765625
2227.357421875
1529.080322265625
1955.8172607421875
2440.733154296875
1957.1058349609375
2083.015869140625
1667.562744140625
2601.368896484375
1565.022216796875
2035.349365234375
2257.52734375
1312.169677734375
1587.7908935546875
1497.7197265625
2357.484130859375
1778.3052978515625
1824.6173095703125
2031.12890625
2911.228759765625
2808.924072265625
1621.4404296875
1742.934814453125
3624.7265625
2257.8828125
2063.889404296875
2775.052978515625
1194.9769287109375
1682.4625244140625
1160.94287109375
1626.8721923828125
1147.1031494140625
2207.21728515625
2010.7930908203125
2326.915771484375
1945.3497314453125
1861.63134765625
1867.330810546875
1622.675537109375
3501.18701171875
1365.5958251953125
2212.510009765625
3073.09716796875
1478.5035400390625
1299.258056640625
2498.960205078125
1882.949462890625
2279.348388671875
1815.5382080078125
2925.34716796875
2585.056396484375
2618.31640625
1345.272705078125
1576.7325439453125
2328.732177734375
2162.04638671875
1524.5377197265625
1550.4495849609375
2766.1171875
1960.7589111328125
2236.201171875
2368.578125
1799.0374755859375
1421.8714599609375
1460.741943359375
2895.488525390625
1721.8272705078125
1801.4979248046875
2602.534423828125
1636.48828125
2386.67724609375
2209.7216796875
2578.48583984375
1673.2601318359375
1570.544677734375
1996.205078125
2889.478759765625
1894.999755859375
2251.93408203125
1662.301513671875
2388.56201171875
1566.2977294921875
2458.57666015625
2072.127685546875
1831.526611328125
2906.710693359375
1645.4847412109375
1785.2529296875
1862.8314208984375
2584.822509765625
2447.8134765625
1859.834716796875
2845.32958984375
2927.881103515625
2460.718994140625
2377.5390625
1961.487060546875
1705.39306640625
1218.710693359375
3309.027587890625
2522.674560546875
1962.26171875
2315.044677734375
1903.2144775390625
2957.84716796875
1941.3951416015625
1481.200439453125
2078.006103515625
3334.672119140625
2273.163818359375
1634.5147705078125
1395.989501953125
1610.57763671875
1386.314453125
2610.41845703125
2291.942138671875
1884.2608642578125
1626.7958984375
1923.867919921875
1451.8345947265625
1637.574951171875
2106.648193359375
2440.99853515625
2214.669189453125
1883.8748779296875
1998.812255859375
3090.928955078125
2792.12548828125
3603.648193359375
1803.648193359375
1749.654296875
3094.98046875
2289.4951171875
2196.1826171875
1799.009765625
1770.3076171875
1920.64306640625
2060.037841796875
1818.637939453125
2938.876953125
2403.955322265625
2044.6881103515625
2464.05615234375
1883.463134765625
2378.04150390625
2508.54150390625
1776.5509033203125
2749.166748046875
2394.12646484375
2617.47119140625
2071.6484375
2188.045654296875
1225.9979248046875
2132.15576171875
1835.1666259765625
2089.20849609375
1045.6365966796875
1760.820556640625
1916.441650390625
2048.421142578125
2187.8564453125
1829.986083984375
1840.87353515625
2318.223388671875
1506.888671875
1506.531982421875
1669.47265625
2231.167236328125
1628.168212890625
2071.06787109375
2441.158935546875
3052.557373046875
2611.75
3225.517578125
2117.2216796875
1973.298583984375
3338.434814453125
3171.56005859375
1554.5919189453125
2164.36572265625
1596.4078369140625
1949.150146484375
2221.40478515625
1590.6717529296875
1449.483154296875
1438.384765625
1801.6729736328125
1747.149169921875
1491.5201416015625
1397.0726318359375
1849.147216796875
1971.11865234375
1675.9793701171875
2344.8427734375
2013.63330078125
2961.9716796875
2740.371826171875
1972.1751708984375
1944.1859130859375
2166.758056640625
2140.4501953125
1609.4578857421875
1358.2911376953125
1434.957763671875
3311.750244140625
1712.3228759765625
1988.718994140625
1418.2861328125
1500.89794921875
2681.883056640625
2747.24853515625
1573.7286376953125
2113.25146484375
2252.904052734375
1267.5703125
2258.605224609375
1615.7152099609375
1763.8480224609375
2067.736083984375
1646.5478515625
1849.30419921875
1635.82763671875
1609.0013427734375
2536.483154296875
1353.1015625
2278.641357421875
1744.6180419921875
1641.9180908203125
2838.337646484375
1982.617431640625
2871.0546875
1381.3118896484375
2457.411376953125
2631.789306640625
1752.214111328125
2653.594482421875
3198.214111328125
4222.87548828125
1871.3909912109375
2237.43115234375
1877.4090576171875
1622.1971435546875
1693.823486328125
1765.443115234375
1582.49169921875
1443.281005859375
2365.7138671875
1319.6162109375
1751.9097900390625
2215.653076171875
2476.509521484375
2120.614013671875
1764.517822265625
1777.153564453125
1933.418212890625
2999.603271484375
2316.386474609375
1595.83056640625
1867.5977783203125
2409.2236328125
1238.6064453125
2050.929931640625
1685.8756103515625
1568.045166015625
1970.781494140625
1149.885498046875
1404.405517578125
1056.048095703125
1328.357666015625
1313.117919921875
1767.1591796875
1461.5504150390625
1205.0069580078125
2468.37353515625
2827.896240234375
1158.3203125
1619.098388671875
871.10498046875
3387.289794921875
1911.924560546875
2108.04052734375
2072.022705078125
1968.220947265625
2027.40283203125
1499.5396728515625
1455.7252197265625
2191.4736328125
2772.423583984375
2389.357177734375
1507.8714599609375
2378.123046875
2121.8984375
2766.301025390625
1481.4093017578125
2507.140380859375
1535.764404296875
2732.126953125
1975.2960205078125
1736.2171630859375
1721.00634765625
1676.50390625
1504.905517578125
2324.017333984375
1912.986572265625
3157.792724609375
2017.8271484375
1738.6953125
1676.9404296875
1580.95751953125
1188.27001953125
1736.3560791015625
1735.955810546875
1430.1881103515625
1824.3896484375
2350.16357421875
1902.383056640625
2572.10107421875
1461.5771484375
1516.8468017578125
1536.572265625
1833.249267578125
1626.54443359375
1812.776611328125
2158.92529296875
1198.0390625
1304.8863525390625
1245.564453125
1677.428955078125
1434.044921875
2766.371337890625
1979.6943359375
1448.4874267578125
2221.54736328125
2074.65087890625
1346.8675537109375
3170.66650390625
1885.28564453125
1848.9935302734375
1611.8564453125
2197.865478515625
1641.320556640625
3100.2080078125
1971.4930419921875
1655.58056640625
2198.641845703125
1693.826904296875
1731.216796875
2515.3310546875
2326.567138671875
1686.53173828125
2310.75048828125
1664.33447265625
1666.7381591796875
1630.424072265625
2217.8974609375
2509.483642578125
1514.6915283203125
1975.007080078125
1844.629638671875
2294.80859375
1542.44140625
1942.531005859375
1623.279296875
1689.504150390625
1676.4442138671875
1554.2215576171875
1780.6136474609375
3007.0732421875
2247.16455078125
1592.94140625
1756.536376953125
1029.842529296875
2341.470703125
2605.33984375
1206.2857666015625
1895.3839111328125
1384.2777099609375
2552.362548828125
1504.96533203125
1743.1490478515625
2839.1953125
1357.341552734375
2127.593505859375
1413.5123291015625
1231.9227294921875
1824.9549560546875
2636.105224609375
1424.281494140625
1772.723388671875
1956.1505126953125
2609.6025390625
1974.4686279296875
1292.234619140625
2304.849365234375
1744.6658935546875
2066.344970703125
1680.6826171875
1553.969482421875
1870.9993896484375
1295.0078125
3476.136962890625
1183.2042236328125
2441.248046875
1678.8214111328125
2082.5703125
2652.218994140625
1659.784912109375
1241.6763916015625
2840.470458984375
2200.544677734375
1659.04052734375
1865.2606201171875
2287.957275390625
1503.8585205078125
2917.418212890625
2248.356201171875
2005.210693359375
2125.290771484375
1567.445556640625
2311.05810546875
1420.03466796875
2552.025146484375
1585.37353515625
1729.6866455078125
1487.8814697265625
2709.17041015625
1588.8875732421875
1906.3359375
2539.242919921875
1378.01953125
1717.151611328125
2977.609375
1434.2657470703125
1496.50390625
1839.2818603515625
1336.8876953125
2116.265625
1822.4244384765625
2366.1826171875
1365.7391357421875
1199.8272705078125
2355.8857421875
1325.0548095703125
1965.23193359375
2660.062255859375
2572.139404296875
2004.856689453125
2271.070068359375
1520.619873046875
1876.79541015625
1438.1580810546875
2713.529541015625
2845.055908203125
2298.51708984375
1777.04541015625
2218.0458984375
2292.35791015625
1466.17724609375
1649.0286865234375
3066.79052734375
1175.3436279296875
1620.344482421875
1151.495849609375
1435.7271728515625
2237.998779296875
3045.817138671875
1778.3070068359375
2204.58935546875
1696.180419921875
1468.974365234375
2323.167724609375
1640.625244140625
1258.0400390625
1990.6383056640625
2130.705810546875
2170.052490234375
2801.11474609375
1565.0023193359375
2255.71826171875
1792.48046875
1717.4404296875
1383.2625732421875
2223.472412109375
1803.9547119140625
1571.927001953125
1864.743896484375
1596.956787109375
1474.6241455078125
1156.751953125
1305.3394775390625
1648.5498046875
1526.32958984375
1108.5838623046875
2205.33740234375
1569.050537109375
1373.6011962890625
1539.9879150390625
1346.5966796875
1416.6318359375
1737.9637451171875
1964.179443359375
1715.4942626953125
1677.861328125
1520.1671142578125
1457.3359375
1741.119384765625
994.494384765625
1478.3055419921875
2362.43017578125
1235.79541015625
1679.7086181640625
2096.77978515625
2253.155029296875
2651.48486328125
2362.864990234375
1703.5772705078125
1665.0228271484375
2127.059814453125
1394.8463134765625
1191.194580078125
1498.7960205078125
2889.1474609375
1444.1370849609375
2153.7734375
1220.604248046875
1010.718994140625
2678.766845703125
1509.68603515625
2429.301513671875
1221.763671875
1593.1405029296875
1700.763916015625
1346.3583984375
1650.4888916015625
1753.4493408203125
1599.85546875
1383.2216796875
2462.603271484375
1160.3372802734375
1753.7952880859375
1801.177734375
1890.736083984375
1331.89013671875
1541.028564453125
1248.7193603515625
2675.48779296875
1744.30810546875
1365.756103515625
1509.8043212890625
1180.814453125
1624.93212890625
1608.23193359375
1972.0533447265625
2219.11572265625
1643.5511474609375
1611.00927734375
2704.196044921875
1748.226318359375
2630.707275390625
1916.441650390625
1340.87451171875
2191.056396484375
2375.763671875
1768.0401611328125
932.0477905273438
1577.93115234375
1630.86474609375
1804.1358642578125
2098.97119140625
1139.167236328125
1383.8321533203125
1492.2008056640625
1521.76513671875
2087.52734375
1510.255615234375
1367.003662109375
2362.51416015625
1948.8157958984375
1268.3841552734375
1981.357666015625
1814.0657958984375
1617.145263671875
1411.7576904296875
1810.61376953125
2301.595947265625
1609.5927734375
2194.740966796875
1368.5814208984375
3017.92333984375
2411.05078125
1009.0462646484375
2846.580322265625
1938.4033203125
1692.806396484375
1344.1265869140625
2238.557861328125
1912.2381591796875
1859.4547119140625
2418.212890625
1625.716796875
1181.783935546875
2164.82958984375
2339.985107421875
2311.933837890625
2102.91650390625
1746.001220703125
1536.294921875
1763.089599609375
1162.240966796875
1651.6217041015625
1697.5819091796875
1576.1309814453125
1496.596435546875
1565.94189453125
1430.6817626953125
1666.5499267578125
2019.2386474609375
1912.7591552734375
2785.770263671875
1742.0799560546875
1785.866943359375
1542.3050537109375
2277.517578125
2261.1640625
1366.085693359375
1149.869873046875
1695.38427734375
1833.9991455078125
1932.824951171875
1284.9615478515625
2796.197265625
2356.55712890625
1467.7745361328125
1383.984619140625
1780.486083984375
2168.720458984375
2024.633544921875
2202.28173828125
2091.617431640625
1769.64013671875
1797.44189453125
1631.6580810546875
1774.9022216796875
2175.983154296875
1256.144287109375
2009.7283935546875
1529.24072265625
1592.2530517578125
2738.564208984375
2378.658203125
1502.906005859375
2161.04150390625
1470.75146484375
1831.64208984375
1300.998779296875
1305.1719970703125
2799.4609375
2040.2435302734375
1614.8865966796875
1281.904052734375
2347.697509765625
1229.5389404296875
1233.5631103515625
2298.760498046875
1197.7081298828125
2276.276611328125
1998.49462890625
2156.917236328125
2007.638916015625
2349.571044921875
2173.3896484375
1629.0791015625
2674.45849609375
2752.244140625
1312.1033935546875
1563.0535888671875
1871.2205810546875
1142.048828125
2010.4779052734375
1946.570556640625
1595.9625244140625
1954.8048095703125
1736.357421875
1899.4771728515625
2343.3134765625
997.955078125
1806.0870361328125
1576.893798828125
1270.3590087890625
1705.033447265625
2643.215576171875
1825.1971435546875
1353.1588134765625
1809.980712890625
2976.27587890625
2003.407470703125
1941.82958984375
1807.763671875
1618.1708984375
1475.1729736328125
1793.8065185546875
1315.5533447265625
2767.375
1306.30810546875
1523.0618896484375
1586.993896484375
1419.7738037109375
2974.60693359375
1903.6220703125
3370.459228515625
2736.72900390625
2585.72900390625
2178.883056640625
1961.0050048828125
2010.956298828125
1013.8677978515625
1812.7054443359375
1388.4561767578125
2167.397705078125
1995.62353515625
1414.7584228515625
2146.745849609375
2372.987060546875
2129.62353515625
1628.2900390625
1578.624755859375
2248.78515625
1380.59033203125
1620.4498291015625
1130.7327880859375
1017.3638305664062
1308.95263671875
648.6748657226562
1535.22998046875
2511.868896484375
1341.2720947265625
2251.36572265625
1979.792236328125
869.9371337890625
2591.71484375
2185.339111328125
1582.6549072265625
1546.838623046875
3357.35400390625
2180.3154296875
1436.4041748046875
1840.919921875
2335.94140625
1582.02734375
1722.035888671875
1902.5008544921875
1712.6876220703125
2754.605712890625
1164.37060546875
1927.19921875
1339.1827392578125
1744.5137939453125
1526.7626953125
2241.501953125
1250.6856689453125
2120.108642578125
2391.069580078125
1568.542236328125
2080.583740234375
1881.40673828125
1639.4925537109375
1080.92724609375
1862.3070068359375
999.8912963867188
1847.2327880859375
993.412841796875
1745.1611328125
1452.361328125
1315.3043212890625
2067.81005859375
1641.5133056640625
1631.424072265625
1607.8328857421875
1285.711181640625
1366.8184814453125
1413.75537109375
1803.3558349609375
2317.644775390625
2097.544677734375
1552.122314453125
1914.968017578125
1294.425048828125
1456.9564208984375
2143.27880859375
1628.4820556640625
2455.929443359375
2318.064453125
1897.6173095703125
1615.7928466796875
1083.9461669921875
2035.5694580078125
1737.376220703125
2082.283203125
1506.6602783203125
2207.9345703125
1440.3876953125
2771.655029296875
1565.9532470703125
2169.18359375
1349.3291015625
1590.7227783203125
1763.60986328125
2573.822509765625
1456.8590087890625
1170.263671875
1932.4918212890625
1479.579833984375
1846.447021484375
2208.67041015625
1348.4033203125
2208.474853515625
2478.715576171875
1977.86669921875
2115.305908203125
1015.5579833984375
1486.750244140625
1204.3349609375
1949.4483642578125
1371.4075927734375
2566.267822265625
1541.726318359375
1694.1304931640625
1681.138916015625
2112.788818359375
2838.67333984375
1482.340087890625
1522.08056640625
1832.7532958984375
2111.87109375
1247.369873046875
1269.098876953125
1354.6375732421875
2019.57666015625
2114.29150390625
1949.6478271484375
1389.6279296875
1500.37646484375
1966.8115234375
1721.966552734375
1282.227783203125
1393.937744140625
1124.277587890625
1741.5137939453125
1461.1258544921875
1620.697021484375
1163.249755859375
1743.61962890625
1818.9334716796875
1355.247314453125
3258.254638671875
1633.8675537109375
1247.49853515625
1766.124267578125
1619.5927734375
1620.2127685546875
1457.0157470703125
1184.9384765625
1595.3314208984375
1424.5462646484375
1208.1845703125
1728.5118408203125
1853.6812744140625
1049.3778076171875
1766.8800048828125
1360.75390625
1397.111572265625
1643.8560791015625
1833.2630615234375
1620.821044921875
2263.9482421875
1933.9241943359375
1647.9278564453125
1523.4949951171875
1138.1328125
1199.430419921875
1972.839599609375
1225.2120361328125
1566.627685546875
2022.630615234375
1622.2723388671875
1108.3818359375
1433.4508056640625
1772.1446533203125
2267.6640625
1858.379150390625
1751.918212890625
1942.7999267578125
1401.3065185546875
1534.41796875
1598.1021728515625
1711.197998046875
1115.9832763671875
1433.89599609375
1661.1990966796875
1863.20703125
1786.8809814453125
1440.4798583984375
1714.8768310546875
1723.6322021484375
1349.3626708984375
2320.8828125
1034.4345703125
1721.7254638671875
2244.79052734375
1605.76806640625
1270.6707763671875
1570.2369384765625
1141.9884033203125
2148.586181640625
2135.379638671875
2018.157470703125
1545.5098876953125
1335.776611328125
1432.5361328125
1788.2318115234375
1984.645751953125
1566.1231689453125
1582.675048828125
2354.083984375
2394.387451171875
1877.5931396484375
1183.870361328125
1602.2686767578125
2185.878662109375
1657.015869140625
1835.1904296875
1314.7550048828125
2329.584716796875
1922.74853515625
1279.0269775390625
1797.369873046875
3082.09423828125
1368.2630615234375
1380.6116943359375
1883.58837890625
1789.594970703125
2414.1982421875
1353.2890625
2208.109619140625
1465.6387939453125
1784.52783203125
1121.6666259765625
1606.63330078125
1320.0950927734375
1044.6878662109375
1664.7132568359375
2586.503662109375
1346.8590087890625
2318.013671875
2122.166015625
2784.154296875
1567.76953125
1849.776611328125
1615.5657958984375
1359.99560546875
1618.879638671875
1553.5318603515625
1091.1988525390625
1408.8690185546875
1947.8074951171875
1162.6597900390625
1350.18701171875
2263.196533203125
1507.181884765625
2156.0361328125
1530.3089599609375
1061.5535888671875
1475.186767578125
1578.1651611328125
1673.3973388671875
1274.2467041015625
1249.0548095703125
1867.7783203125
2321.57177734375
1022.7141723632812
1735.0655517578125
1809.52783203125
1564.244873046875
1617.5643310546875
1266.3067626953125
2518.737548828125
1960.143310546875
1973.1951904296875
1374.2613525390625
1644.011962890625
1400.2039794921875
1648.1529541015625
1009.8333129882812
1717.1685791015625
1544.7227783203125
2145.525146484375
2089.548828125
1353.05712890625
2203.8955078125
1250.7933349609375
1860.3145751953125
1401.2838134765625
1497.2359619140625
1493.3511962890625
2299.779052734375
1668.803955078125
2049.0517578125
2966.986572265625
1974.221435546875
1940.490234375
1964.0845947265625
2236.60888671875
2093.937744140625
1464.8800048828125
1776.6055908203125
1600.213134765625
2658.59130859375
1362.65478515625
1945.418212890625
1505.8543701171875
2438.925537109375
1092.4154052734375
2090.985107421875
1848.35400390625
1970.712646484375
1411.5560302734375
2147.577392578125
2347.681640625
1739.8056640625
2218.729248046875
1900.8067626953125
1780.5831298828125
1750.3380126953125
1189.022705078125
3049.65185546875
1115.640869140625
1127.27490234375
2624.34619140625
2202.264892578125
1392.52490234375
1336.4417724609375
1562.585205078125
794.2955322265625
1772.1285400390625
1369.9705810546875
1333.044189453125
1763.18798828125
1848.4105224609375
1731.7662353515625
1439.408447265625
2565.626953125
1922.4932861328125
1703.004638671875
1890.3076171875
1048.2186279296875
1263.231689453125
1484.2945556640625
1369.6650390625
904.4407348632812
2431.59619140625
1201.632568359375
1093.018798828125
2179.5703125
1781.7691650390625
1462.461181640625
2023.36474609375
1657.1826171875
2213.231689453125
955.9898071289062
1958.427001953125
1804.14990234375
1487.3590087890625
1461.294921875
2243.83984375
2146.69970703125
1491.3814697265625
1429.8846435546875
1520.091064453125
1884.9697265625
1860.8546142578125
2785.96435546875
1751.0318603515625
1182.04833984375
1238.019287109375
1476.7353515625
1417.626953125
1517.988037109375
2950.2822265625
2199.8681640625
1534.6124267578125
1848.364013671875
1085.7879638671875
1252.713623046875
1304.7894287109375
