-175.09457397460938
-197.82241821289062
-176.1992950439453
-168.03077697753906
-155.84109497070312
-167.00070190429688
-128.51052856445312
-148.63034057617188
-121.39244842529297
-138.37863159179688
-132.3452606201172
-155.32192993164062
-125.99246978759766
-126.24234008789062
-126.26737213134766
-130.2185821533203
-139.24066162109375
-159.05763244628906
-105.06802368164062
-108.66792297363281
-105.32421112060547
-105.69053649902344
-113.4365005493164
-120.21687316894531
-90.26140594482422
-121.35299682617188
-123.2484359741211
-123.56654357910156
-128.16806030273438
-124.73051452636719
-127.35941314697266
-126.83451080322266
-121.65998840332031
-108.35651397705078
-100.25430297851562
-108.32366943359375
-113.56775665283203
-119.93274688720703
-99.40474700927734
-114.6767807006836
-124.17435455322266
-124.27998352050781
-128.29762268066406
-102.61087799072266
-98.6262435913086
-92.74748229980469
-122.95857238769531
-108.94806671142578
-83.8015365600586
-100.41320037841797
-100.02937316894531
-101.15196990966797
-85.51750183105469
-140.84164428710938
-105.69031524658203
-129.1068878173828
-102.84574127197266
-117.67660522460938
-85.78717803955078
-117.53938293457031
-94.87214660644531
-118.99964904785156
-115.37539672851562
-123.02545166015625
-91.12026977539062
-100.46708679199219
-120.58950805664062
-93.5830078125
-116.6489028930664
-86.98925018310547
-118.30652618408203
-101.30486297607422
-118.53180694580078
-103.02761840820312
-118.21499633789062
-106.28600311279297
-110.6952133178711
-87.11962890625
-86.1117935180664
-116.62078857421875
-106.69746398925781
-88.81282043457031
-101.39753723144531
-100.58596801757812
-100.45500183105469
-123.1845474243164
-146.6692352294922
-98.66004180908203
-137.95384216308594
-120.28453826904297
-109.05399322509766
-102.1771011352539
-108.26261901855469
-105.799560546875
-132.91522216796875
-106.59431457519531
-123.88616943359375
-92.25369262695312
-117.8968734741211
-122.0783920288086
-112.39302825927734
-106.6928482055664
-105.69657135009766
-131.1362762451172
-118.23287963867188
-130.77830505371094
-87.6413345336914
-117.64229583740234
-126.8183364868164
-105.01033020019531
-143.1009521484375
-113.41337585449219
-127.55854797363281
-140.54141235351562
-132.7718505859375
-125.42664337158203
-112.72210693359375
-112.9907455444336
-127.14335632324219
-127.147705078125
-131.42625427246094
-100.00936889648438
-103.9737319946289
-80.46070098876953
-116.23689270019531
-112.91431427001953
-121.29074096679688
-121.33294677734375
-131.76788330078125
-101.09608459472656
-110.16130065917969
-117.9356918334961
-105.75540924072266
-116.00068664550781
-109.45186614990234
-134.6395263671875
-133.5635986328125
-117.57237243652344
-126.9867935180664
-123.73176574707031
-118.62893676757812
-113.64598846435547
-125.96029663085938
-122.75590515136719
-118.90884399414062
-115.34989929199219
-116.7594985961914
-106.0517807006836
-134.99172973632812
-120.84780883789062
-111.78230285644531
-104.89375305175781
-118.66517639160156
-112.6386489868164
-126.83258056640625
-133.9017791748047
-140.7659912109375
-136.63719177246094
-130.82711791992188
-129.48367309570312
-127.502685546875
-113.34320068359375
-120.83482360839844
-128.56411743164062
-122.81361389160156
-112.20521545410156
-124.02911376953125
-114.56986236572266
-112.62495422363281
-94.61048126220703
-127.46508026123047
-137.06857299804688
-113.36178588867188
-108.18611145019531
-106.78644561767578
-128.00665283203125
-110.08777618408203
-115.32598876953125
-115.03685760498047
-112.38740539550781
-129.43099975585938
-117.55429077148438
-110.56283569335938
-124.04519653320312
-126.921142578125
-105.63981628417969
-118.4877700805664
-112.32613372802734
-127.87022399902344
-108.5156478881836
-111.48208618164062
-103.5140609741211
-109.93203735351562
-136.13031005859375
-134.91976928710938
-107.62666320800781
-130.34449768066406
-119.17143249511719
-115.79798889160156
-95.04676055908203
-125.95707702636719
-105.67483520507812
-99.94087982177734
-135.9598388671875
-106.45242309570312
-117.75376892089844
-113.15303039550781
-98.6153793334961
-107.647705078125
-108.34037017822266
-112.95765686035156
-107.8675765991211
-121.97830200195312
-110.3467788696289
-106.66586303710938
-106.55511474609375
-112.92327117919922
-119.20780944824219
-104.9781265258789
-120.08316040039062
-108.66902160644531
-107.715087890625
-115.38703155517578
-105.04137420654297
-105.79507446289062
-120.22986602783203
-111.31660461425781
-110.59473419189453
-119.73621368408203
-97.90763854980469
-93.81417083740234
-117.56066131591797
-108.63611602783203
-123.99317169189453
-108.6817398071289
-118.03421783447266
-109.51290130615234
-114.76918029785156
-134.05032348632812
-137.18702697753906
-115.89027404785156
-120.48255920410156
-99.84241485595703
-134.26307678222656
-114.25955200195312
-107.49862670898438
-110.16027069091797
-131.93211364746094
-103.28417205810547
-107.29559326171875
-113.51981353759766
-124.23043823242188
-108.59351348876953
-101.72692108154297
-83.28315734863281
-117.19244384765625
-84.04627990722656
-98.79209899902344
-112.4964828491211
-103.74420928955078
-130.7195281982422
-103.38709259033203
-105.78345489501953
-108.26228332519531
-110.4834213256836
-100.96135711669922
-109.13365173339844
-107.49491882324219
-119.60704803466797
-102.9988784790039
-101.29209899902344
-106.24584197998047
-94.33594512939453
-103.6202163696289
-117.38604736328125
-119.16190338134766
-95.75494384765625
-114.19599914550781
-91.04718017578125
-78.47522735595703
-90.11910247802734
-117.7455062866211
-76.46052551269531
-98.31780242919922
-80.31625366210938
-58.41950225830078
-88.37744140625
-94.75133514404297
-84.89832305908203
-93.41439819335938
-85.54316711425781
-94.80189514160156
-87.14746856689453
-69.25359344482422
-92.32508087158203
-95.06723022460938
-94.93757629394531
-66.48938751220703
-80.82437133789062
-117.29576110839844
-88.12528991699219
-104.75154113769531
-109.8062973022461
-87.2158432006836
-102.35078430175781
-89.94182586669922
-95.06629943847656
-92.44490051269531
-83.7821273803711
-99.4281997680664
-106.46952819824219
-103.40457916259766
-69.99887084960938
-87.26959228515625
-87.81360626220703
-67.13756561279297
-102.05352783203125
-104.65140533447266
-85.78289031982422
-79.7755355834961
-93.26338195800781
-103.57452392578125
-116.10899353027344
-93.69603729248047
-102.17184448242188
-110.42218017578125
-95.35076904296875
-103.73345947265625
-70.0846939086914
-103.22711944580078
-82.38616943359375
-89.88421630859375
-81.47905731201172
-90.64026641845703
-106.12511444091797
-108.29519653320312
-71.49359130859375
-76.3066177368164
-107.33305358886719
-89.039794921875
-93.98493957519531
-81.68370819091797
-95.2755355834961
-92.28547668457031
-103.07408142089844
-101.51293182373047
-77.45584869384766
-70.58880615234375
-103.09810638427734
-107.60220336914062
-114.85371398925781
-86.96743774414062
-98.73503112792969
-86.03804779052734
-80.13257598876953
-80.60929107666016
-85.08826446533203
-95.46021270751953
-92.2950210571289
-86.01795196533203
-71.23954010009766
-85.70629119873047
-82.99853515625
-97.61514282226562
-67.96208953857422
-75.17057800292969
-84.6843032836914
-96.48918151855469
-79.67076873779297
-81.4223861694336
-104.1330337524414
-105.59489440917969
-88.52025604248047
-97.83216094970703
-76.38736724853516
-87.52120971679688
-104.56962585449219
-83.42320251464844
-83.51751708984375
-74.83719635009766
-67.58956146240234
-84.9621810913086
-88.49552917480469
-89.25654602050781
-87.66423034667969
-88.54362487792969
-89.12964630126953
-95.9898910522461
-88.02420806884766
-89.5224380493164
-85.02650451660156
-85.85592651367188
-59.44215774536133
-73.49589538574219
-91.97090911865234
-77.5111312866211
-76.0784683227539
-98.90760803222656
-91.94673919677734
-82.48831176757812
-93.3290023803711
-78.94397735595703
-81.96228790283203
-91.70845794677734
-98.32410430908203
-103.7956771850586
-97.39136505126953
-88.62846374511719
-87.67683410644531
-93.01556396484375
-79.69305419921875
-99.8127212524414
-78.92102813720703
-91.18138885498047
-108.09361267089844
-106.056884765625
-102.74118041992188
-88.5029067993164
-108.92169189453125
-96.16618347167969
-98.00289916992188
-67.81646728515625
-96.09925079345703
-85.87974548339844
-87.26827239990234
-72.03919982910156
-98.63912200927734
-95.2093734741211
-76.28329467773438
-63.30611801147461
-80.68783569335938
-95.97985076904297
-64.65200805664062
-70.12378692626953
-96.58087921142578
-102.60836791992188
-86.86876678466797
-111.7530746459961
-111.27091979980469
-78.72927856445312
-87.6678695678711
-93.03396606445312
-81.23869323730469
-100.16831970214844
-93.05754852294922
-81.41727447509766
-64.12430572509766
-89.05335998535156
-75.0249252319336
-94.81859588623047
-69.1305160522461
-86.16419219970703
-98.64612579345703
-97.54779052734375
-80.57776641845703
-85.56913757324219
-109.04175567626953
-95.09724426269531
-79.29771423339844
-67.34811401367188
-71.73957061767578
-69.23001098632812
-78.39508056640625
-63.42893981933594
-73.90533447265625
-77.62130737304688
-84.0517349243164
-78.55799865722656
-72.37256622314453
-87.20610046386719
-92.2568588256836
-86.92013549804688
-97.65740966796875
-100.98706817626953
-91.662353515625
-92.67147827148438
-91.81425476074219
-93.19132995605469
-91.66044616699219
-80.9209213256836
-102.89138793945312
-77.716064453125
-85.75691223144531
-100.05000305175781
-61.708797454833984
-84.89094543457031
-73.4576187133789
-88.07302856445312
-84.2376480102539
-77.53106689453125
-98.43045043945312
-112.80590057373047
-82.65621185302734
-66.45054626464844
-82.58775329589844
-83.27796936035156
-93.11833953857422
-77.48389434814453
-66.58612060546875
-79.26704406738281
-84.27433776855469
-97.13015747070312
-89.0658950805664
-70.89244842529297
-88.10038757324219
-71.3547592163086
-85.37030029296875
-79.40303802490234
-80.71326446533203
-65.32086944580078
-94.56146240234375
-71.95538330078125
-81.96082305908203
-87.41108703613281
-73.90568542480469
-78.4897232055664
-66.0839614868164
-56.615116119384766
-79.92543029785156
-100.21774291992188
-80.18616485595703
-75.28776550292969
-87.99549102783203
-74.56542205810547
-75.30677032470703
-68.76605987548828
-83.207763671875
-94.5686264038086
-90.70343780517578
-59.17988586425781
-81.64970397949219
-73.69847869873047
-94.50916290283203
-85.8643569946289
-78.87509155273438
-76.69168853759766
-84.96900177001953
-84.7316665649414
-69.0919418334961
-85.11994171142578
-86.61004638671875
-53.486793518066406
-57.847835540771484
-93.3246078491211
-84.46929931640625
-98.38667297363281
-91.2000503540039
-79.30558776855469
-84.5923843383789
-83.1617660522461
-93.11003875732422
-64.35787200927734
-86.75592041015625
-67.00299835205078
-76.02522277832031
-76.52460479736328
-84.7620620727539
-72.92394256591797
-71.62629699707031
-84.52339935302734
-80.76792907714844
-77.98359680175781
-89.01345825195312
-92.51925659179688
-71.35305786132812
-90.745849609375
-87.94171142578125
-92.44100952148438
-95.3279037475586
-82.30975341796875
-70.07394409179688
-82.40068054199219
-78.33829498291016
-80.085693359375
-71.76121520996094
-86.54449462890625
-72.8104019165039
-83.4733657836914
-87.66293334960938
-80.45745086669922
-70.9128189086914
-78.24555969238281
-73.28028106689453
-86.60961151123047
-75.90430450439453
-89.74402618408203
-90.5776138305664
-82.2137680053711
-66.4485092163086
-83.31634521484375
-68.1080322265625
-74.59850311279297
-64.50415802001953
-76.47064208984375
-82.56800842285156
-75.73776245117188
-68.00569152832031
-83.69977569580078
-76.85954284667969
-95.64871215820312
-94.11225891113281
-71.91637420654297
-84.327880859375
-85.9714126586914
-81.51956176757812
-91.36217498779297
-109.31575012207031
-84.24138641357422
-108.92195129394531
-79.19597625732422
-79.30541229248047
-104.69722747802734
-100.41567993164062
-73.18396759033203
-88.71765899658203
-84.99535369873047
-61.32685089111328
-72.22700500488281
-70.28436279296875
-72.58223724365234
-91.34239959716797
-79.7294921875
-103.78742980957031
-76.0859146118164
-77.41321563720703
-93.15458679199219
-82.87049865722656
-108.21160888671875
-93.37064361572266
-84.55107116699219
-69.72398376464844
-66.48748016357422
-70.6747055053711
-73.06674194335938
-73.92106628417969
-62.1790885925293
-75.0280990600586
-71.21064758300781
-58.489280700683594
-77.62342071533203
-82.00501251220703
-89.15776062011719
-71.74024200439453
-56.235538482666016
-86.48625183105469
-51.908180236816406
-81.4409408569336
-69.87149047851562
-78.96359252929688
-68.61553955078125
-79.83808135986328
-53.473114013671875
-61.12238311767578
-47.033905029296875
-54.950862884521484
-70.85564422607422
-67.92627716064453
-50.25460433959961
-64.69405364990234
-68.56596374511719
-73.5661392211914
-67.18538665771484
-70.98880767822266
-79.97903442382812
-55.1617317199707
-75.19132995605469
-83.72936248779297
-80.02555847167969
-67.55663299560547
-53.51237487792969
-66.61612701416016
-78.24246215820312
-80.33765411376953
-93.86943054199219
-43.787174224853516
-68.64541625976562
-74.49520874023438
-83.49523162841797
-55.80386734008789
-80.86776733398438
-50.82960891723633
-75.30386352539062
-80.74303436279297
-77.38217163085938
-68.59083557128906
-38.6208610534668
-78.66694641113281
-58.518062591552734
-54.5041618347168
-84.25053405761719
-47.197505950927734
-40.309932708740234
-68.1385726928711
-88.87101745605469
-76.49626922607422
-57.86980438232422
-77.70924377441406
-63.15326690673828
-68.80440521240234
-45.183128356933594
-67.65624237060547
-61.86311340332031
-83.74853515625
-86.85079956054688
-49.068729400634766
-61.42512512207031
-51.611732482910156
-77.65662384033203
-58.80219650268555
-78.0931396484375
-55.740238189697266
-62.385353088378906
-69.04034423828125
-58.812217712402344
-76.07759857177734
-73.48490142822266
-89.36217498779297
-57.247013092041016
-85.1916275024414
-50.88654327392578
-69.34532928466797
-48.79436492919922
-75.08068084716797
-61.80306625366211
-80.06505584716797
-72.64797973632812
-77.72618865966797
-66.81818389892578
-55.79750442504883
-58.08161544799805
-55.63567352294922
-68.89654541015625
-50.14250946044922
-60.38357925415039
-46.27418899536133
-49.05046081542969
-92.05644226074219
-52.273681640625
-39.17445755004883
-48.267513275146484
-56.54267501831055
-53.367950439453125
-68.04096221923828
-46.49370574951172
-29.15216827392578
-69.31835174560547
-50.968788146972656
-39.61502456665039
-56.280609130859375
-61.93436050415039
-44.41608428955078
-71.65042114257812
-56.84480285644531
-54.55916976928711
-39.473567962646484
-57.587196350097656
-67.71292877197266
-31.264944076538086
-65.30900573730469
-45.569122314453125
-65.05260467529297
-62.43980407714844
-81.72430419921875
-43.112857818603516
-40.14561080932617
-74.44124603271484
-36.99370193481445
-55.195701599121094
-53.57014083862305
-50.42997741699219
-54.2672233581543
-29.113012313842773
-60.026371002197266
-50.078460693359375
-36.450618743896484
-55.85392761230469
-67.36296844482422
-50.36015701293945
-52.79902267456055
-37.00738525390625
-41.0466423034668
-47.36174392700195
-46.253780364990234
-56.52568054199219
-46.65422821044922
-49.492801666259766
-44.67461013793945
-48.23860168457031
-57.76175308227539
-54.503536224365234
-52.78459548950195
-39.719520568847656
-40.75651931762695
-61.93288040161133
-29.55060386657715
-76.0547103881836
-69.90351104736328
-55.563541412353516
-36.11235809326172
-52.8495979309082
-54.31727981567383
-66.81999969482422
-37.3015251159668
-54.00328063964844
-42.462181091308594
-53.032997131347656
-67.27073669433594
-50.58395004272461
-63.6610221862793
-55.17898941040039
-51.001258850097656
-37.13504409790039
-36.00515365600586
-48.023624420166016
-39.90553665161133
-73.17057800292969
-43.10543441772461
-42.01188659667969
-32.1666374206543
-44.844844818115234
-43.78972625732422
-34.7039680480957
-32.7276725769043
-46.152915954589844
-41.629642486572266
-40.100074768066406
-44.89168930053711
-47.544090270996094
-51.43057632446289
-49.96098709106445
-39.534149169921875
-45.63966751098633
-49.75722122192383
-42.71346664428711
-37.92985534667969
-35.496585845947266
-61.00992202758789
-31.699735641479492
-64.24295043945312
-38.679359436035156
-41.57903289794922
-58.46424865722656
-55.082366943359375
-42.15354919433594
-30.703227996826172
-35.67739486694336
-46.5444221496582
-35.32661056518555
-48.73118209838867
-56.257144927978516
-37.41952133178711
-51.018226623535156
-39.82563400268555
-52.41502380371094
-33.89883041381836
-58.80941390991211
-34.693294525146484
-56.51422882080078
-49.886192321777344
-31.743085861206055
-63.082923889160156
-54.175636291503906
-33.36224365234375
-42.840911865234375
-62.796016693115234
-51.8336067199707
-61.813194274902344
-51.90778732299805
-54.058719635009766
-45.5571403503418
-42.860137939453125
-36.955570220947266
-51.37051773071289
-36.40287780761719
-44.71110916137695
-70.33013916015625
-58.189422607421875
-35.32636260986328
-48.917274475097656
-26.216567993164062
-35.927982330322266
-47.49870300292969
-56.6815185546875
-62.82732009887695
-61.74602127075195
-62.653873443603516
-62.868648529052734
-62.2801628112793
-56.99672317504883
-63.002769470214844
-70.96924591064453
-51.1554069519043
-27.9826602935791
-56.12611770629883
-56.3506965637207
-46.336463928222656
-50.02827453613281
-48.03904342651367
-56.587886810302734
-35.440853118896484
-69.3829116821289
-38.400447845458984
-51.492374420166016
-59.2581787109375
-49.12114715576172
-52.1645622253418
-71.14444732666016
-53.18077087402344
-40.5101203918457
-49.64442443847656
-51.952518463134766
-27.443374633789062
-50.368377685546875
-77.05496215820312
-72.02664947509766
-58.438079833984375
-46.24809265136719
-42.55219650268555
-74.77709197998047
-62.66263198852539
-32.08635711669922
-55.955078125
-52.20121765136719
-50.53370666503906
-57.107452392578125
-75.82098388671875
-41.91702651977539
-65.1810531616211
-53.23915481567383
-54.60951614379883
-54.85676193237305
-63.50004577636719
-47.75715637207031
-39.98775100708008
-73.01209259033203
-67.2032241821289
-61.7878303527832
-72.40182495117188
-56.86310577392578
-57.72486877441406
-47.84914016723633
-61.04863357543945
-52.20577621459961
-36.526588439941406
-67.13433837890625
-58.389984130859375
-28.927257537841797
-57.800750732421875
-82.71759033203125
-42.76982116699219
-69.5456314086914
-61.4136848449707
-53.6391487121582
-54.35227966308594
-54.746337890625
-57.4838752746582
-40.23392868041992
-53.88783264160156
-58.860687255859375
-63.41801452636719
-38.47563171386719
-54.17457580566406
-50.622154235839844
-40.602352142333984
-55.12919998168945
-37.90711975097656
-84.93968963623047
-51.138282775878906
-32.12494659423828
-70.976806640625
-69.20431518554688
-54.0603141784668
-59.47309494018555
-46.0040168762207
-32.82227325439453
-32.7321662902832
-37.86106491088867
-45.708892822265625
-66.70672607421875
-58.349388122558594
-53.00324249267578
-50.664794921875
-48.80766677856445
-43.98423385620117
-50.56394577026367
-43.14815902709961
-52.6798210144043
-35.624961853027344
-58.82390594482422
-66.2628173828125
-27.905284881591797
-48.03297424316406
-59.3588752746582
-56.914886474609375
-76.60018920898438
-69.42800903320312
-49.92599105834961
-39.68978500366211
-58.09760665893555
-59.48042297363281
-55.0575065612793
-39.81748962402344
-36.11868667602539
-63.394474029541016
-64.5665512084961
-62.295772552490234
-49.557403564453125
-69.89649200439453
-44.13971710205078
-59.482383728027344
-47.54981994628906
-53.35112380981445
-29.4580078125
-55.44206619262695
-42.65904235839844
-54.986572265625
-26.743432998657227
-71.44957733154297
-52.687217712402344
-52.4437255859375
-48.63248062133789
-52.632232666015625
-65.9769515991211
-30.01116371154785
-57.960166931152344
-56.778663635253906
-35.26880645751953
-56.7730598449707
-30.897737503051758
-32.740535736083984
-54.381446838378906
-51.52241516113281
-48.94017028808594
-42.15712356567383
-56.940269470214844
-29.903949737548828
-31.535381317138672
-50.209815979003906
-56.78334045410156
-54.242279052734375
-35.98715591430664
-58.08346176147461
-47.766963958740234
-49.48872375488281
-61.537879943847656
-28.553260803222656
-77.91134643554688
-61.49822235107422
-47.829620361328125
-62.741859436035156
-61.032447814941406
-76.14762878417969
-50.52164077758789
-42.52652359008789
-55.65541076660156
-47.800079345703125
-57.38922882080078
-53.628456115722656
-57.016845703125
-32.62106704711914
-38.57972717285156
-60.286827087402344
-34.41527557373047
-36.712039947509766
-57.37541198730469
-29.701112747192383
-40.74679946899414
-36.084835052490234
-25.20840835571289
-37.063079833984375
-22.409347534179688
-56.33412170410156
-43.962276458740234
-11.4597806930542
-20.740507125854492
-29.079364776611328
-38.06489181518555
-32.8768310546875
-39.563514709472656
-39.52976608276367
-33.010955810546875
-16.591968536376953
-44.38114929199219
-46.64817428588867
-27.035385131835938
-50.7846565246582
-46.17471694946289
-19.394689559936523
-34.540645599365234
-41.267086029052734
-32.52292251586914
-27.339750289916992
-35.7711296081543
-27.034605026245117
-34.04648971557617
-59.95619201660156
-39.04695510864258
-23.920713424682617
-56.975563049316406
-55.49321365356445
-40.563079833984375
-27.009815216064453
-15.750112533569336
-26.902307510375977
-11.729208946228027
-35.278167724609375
-45.10810470581055
-27.985666275024414
-37.85065841674805
-26.36417007446289
-55.7186393737793
-55.52009201049805
-17.129554748535156
-30.883544921875
-35.54727554321289
-42.515541076660156
-39.24702453613281
-47.060218811035156
-30.573129653930664
-27.45517349243164
-38.637855529785156
-29.92559051513672
-53.12142562866211
-33.29376220703125
-44.22319412231445
-49.6893310546875
-59.26027297973633
-27.956396102905273
-41.66640090942383
-36.61421585083008
-70.30636596679688
-43.305416107177734
-53.83818435668945
-45.809383392333984
-5.917634963989258
-60.639007568359375
-48.61701202392578
-25.94002914428711
-28.753023147583008
-50.92253875732422
-74.96992492675781
-23.11334800720215
-32.66725540161133
-41.353328704833984
-40.713829040527344
-44.046199798583984
-29.570579528808594
-31.6712589263916
-20.39706039428711
-19.799484252929688
-30.224634170532227
-54.85611343383789
-38.979164123535156
-44.23606491088867
-33.80549240112305
-25.653308868408203
-58.504127502441406
-28.411848068237305
-37.11166000366211
-56.19792938232422
-38.395057678222656
-57.86471176147461
-47.23236846923828
-60.2790641784668
-34.178218841552734
-42.567256927490234
-48.7780876159668
-26.768522262573242
-33.649261474609375
-30.490644454956055
-39.83071517944336
-31.55367660522461
-14.51492691040039
-26.685523986816406
-41.936336517333984
-11.421918869018555
-40.343021392822266
-17.199581146240234
-42.72090148925781
-55.39582824707031
-49.12210464477539
-57.06340789794922
-27.205406188964844
-64.94693756103516
-28.25568199157715
-50.398868560791016
-57.07376480102539
-29.59551239013672
-43.713321685791016
-40.535858154296875
-33.415191650390625
-22.799718856811523
-49.621368408203125
-37.48591613769531
-24.881437301635742
-49.226463317871094
-46.27633285522461
-43.088680267333984
-37.3766975402832
-47.669010162353516
-48.03819274902344
-51.275352478027344
-24.740310668945312
-24.035327911376953
-21.43121337890625
-29.42656707763672
-33.19049072265625
-36.330413818359375
-49.2516975402832
-26.908889770507812
-59.616085052490234
-49.15032196044922
-32.9210090637207
-16.348203659057617
-36.087528228759766
-5.791624546051025
-41.66261672973633
-46.527854919433594
-35.8166618347168
-63.84001541137695
-36.878665924072266
-32.556121826171875
-26.333900451660156
-31.413803100585938
-30.55022621154785
-6.287133693695068
-33.61518859863281
-59.017250061035156
-25.80547332763672
-44.88507843017578
-39.22657775878906
-24.855567932128906
-36.98737716674805
-32.02515411376953
-28.350923538208008
-39.169334411621094
-39.842247009277344
-47.24604034423828
-25.912511825561523
-28.085830688476562
-44.87939453125
-19.093202590942383
-31.7488956451416
-40.51323318481445
-51.79584884643555
-52.37051773071289
-49.99147033691406
-26.461196899414062
-53.967498779296875
-43.10527420043945
-9.38204288482666
-42.765743255615234
-45.957271575927734
-58.19462966918945
-52.37578201293945
-35.17377853393555
-16.56546401977539
-41.294925689697266
-59.466949462890625
-43.27777862548828
-26.45008087158203
-33.187278747558594
-55.32662582397461
-39.21791076660156
-46.318878173828125
-27.247407913208008
-34.60539627075195
-49.50645446777344
-61.119606018066406
-38.730472564697266
-47.374794006347656
-38.84587478637695
-45.36345672607422
-33.810726165771484
-34.56031799316406
-26.8160457611084
-34.26930236816406
-24.71237564086914
-45.571571350097656
-29.158933639526367
-52.40583419799805
-39.30078887939453
-58.28388977050781
-33.33366394042969
-45.13203430175781
-23.883594512939453
-25.31920623779297
-17.060041427612305
-48.3149528503418
-49.264347076416016
-55.31254577636719
-53.088253021240234
-40.40034103393555
-25.930936813354492
-23.805208206176758
-56.32569885253906
-68.83796691894531
-46.52357482910156
-16.228368759155273
-46.707847595214844
-27.513530731201172
-22.039682388305664
-49.38119125366211
-34.895259857177734
-34.42596435546875
-40.805824279785156
-22.622509002685547
-70.69145202636719
-30.430837631225586
-51.89100646972656
-32.47761535644531
-57.91227722167969
-42.733665466308594
-57.89912414550781
-38.459617614746094
-33.012325286865234
-65.27733612060547
-39.07310104370117
-31.951322555541992
-38.90511703491211
-35.514225006103516
-66.26864624023438
-47.334144592285156
-29.869495391845703
-32.420631408691406
-32.983612060546875
-43.16164016723633
-66.12910461425781
-30.584306716918945
-44.57160949707031
-19.50259780883789
-26.870698928833008
-30.01166343688965
-43.87113952636719
-30.449604034423828
-43.27117156982422
-34.58244323730469
-39.859493255615234
-39.381099700927734
-8.696903228759766
-25.254779815673828
-41.4443244934082
-45.141971588134766
-29.60979652404785
-16.27591896057129
-39.38490295410156
-26.374547958374023
-41.33903503417969
-47.521488189697266
-45.802101135253906
-36.021358489990234
-46.839080810546875
-39.903926849365234
-23.602210998535156
-24.729307174682617
-34.34065246582031
-30.384323120117188
-56.288116455078125
-37.29974365234375
-37.835113525390625
-44.3894157409668
-57.06588363647461
-41.7303466796875
-31.593687057495117
-25.54343032836914
-65.73617553710938
-23.76201820373535
-53.036468505859375
-49.899314880371094
-35.42988204956055
-32.834808349609375
-27.265941619873047
-40.576175689697266
-54.925777435302734
-46.66146469116211
-52.40013122558594
-33.28620529174805
-30.77981948852539
-16.59868812561035
-24.634605407714844
-29.56749725341797
-60.045902252197266
-51.72138595581055
-5.3314619064331055
-18.01874542236328
-54.97080612182617
-38.506927490234375
-20.224563598632812
-33.22381591796875
-44.93629455566406
-39.32102584838867
-32.018882751464844
-30.404115676879883
-34.762451171875
-61.346046447753906
-36.455322265625
-46.1705436706543
-24.192224502563477
-56.274871826171875
-44.1770133972168
-24.26801109313965
-41.14044952392578
-27.974571228027344
-27.812973022460938
-21.835474014282227
-9.33593463897705
-36.54206466674805
-47.852195739746094
-64.58231353759766
-25.604055404663086
-56.838069915771484
-42.7546501159668
-55.11842727661133
-45.373069763183594
-35.77497863769531
-34.91444778442383
-25.220285415649414
-43.79792785644531
-28.0127010345459
-16.8265438079834
-25.564008712768555
-40.93638610839844
-23.11908721923828
-54.70860290527344
-9.485435485839844
-27.697172164916992
-54.03450012207031
-44.607078552246094
-44.57985305786133
-46.440433502197266
-21.725431442260742
-25.506942749023438
-18.90900230407715
-31.940820693969727
-52.26590347290039
-35.786380767822266
-52.839630126953125
-47.98476028442383
-46.04411697387695
-30.934141159057617
-19.175081253051758
-45.79011535644531
-38.32136154174805
-41.7614631652832
-20.955909729003906
-35.96810531616211
-53.01115798950195
-33.63743209838867
-41.19306182861328
-19.598526000976562
-38.77793884277344
-25.241615295410156
-36.246360778808594
-26.537172317504883
-71.60032653808594
-34.181541442871094
-19.313743591308594
-36.89316177368164
-48.6243782043457
-47.744869232177734
-39.781429290771484
-28.177377700805664
-41.71315002441406
-38.10527038574219
-31.570871353149414
-59.599891662597656
-38.51869583129883
-44.29176712036133
-49.11905288696289
-56.0438117980957
-33.81991195678711
-35.80229949951172
-24.250690460205078
-28.724075317382812
-30.898277282714844
-20.58096694946289
-12.0319242477417
-55.0897102355957
-46.92973327636719
-31.9332275390625
-20.15180015563965
-50.27500915527344
-29.152748107910156
-54.224266052246094
-30.761220932006836
-48.29425811767578
-34.11994934082031
-34.08905792236328
-50.30044937133789
-35.470577239990234
-39.667686462402344
-10.00236701965332
-38.51396179199219
-40.862674713134766
-25.088132858276367
-44.0135612487793
-24.263225555419922
-19.311630249023438
-45.189327239990234
-37.041259765625
-22.219375610351562
-28.184255599975586
-30.97150230407715
-24.658580780029297
-24.695096969604492
-44.12105941772461
-14.516558647155762
-23.748929977416992
-40.73918914794922
-25.207260131835938
-36.05585861206055
-44.8964729309082
-42.78947830200195
-45.527435302734375
-42.16047668457031
-45.000301361083984
-9.7547607421875
-24.995145797729492
-45.18177795410156
-14.885784149169922
-39.0350227355957
-34.62677764892578
-25.662134170532227
-16.785202026367188
-25.551288604736328
-25.181228637695312
-28.799848556518555
-33.417598724365234
-5.554569244384766
-30.565845489501953
-23.9346981048584
-29.552532196044922
-16.7843017578125
-39.02211380004883
-37.69923782348633
-35.855594635009766
-16.405635833740234
-57.279170989990234
-23.462900161743164
-29.313282012939453
-49.7502326965332
-47.117431640625
-18.430397033691406
-49.84367370605469
-40.915016174316406
-40.22538375854492
-15.531149864196777
-51.17005920410156
-22.515483856201172
-20.909339904785156
-20.695575714111328
-19.018455505371094
-45.336326599121094
-40.402137756347656
-32.37413787841797
-19.100858688354492
-27.548425674438477
-27.88660430908203
-40.37641525268555
-29.42397689819336
-20.72618865966797
-20.699325561523438
-39.832969665527344
-40.613651275634766
-34.18310546875
-22.61410140991211
-43.490203857421875
-11.947035789489746
-35.755592346191406
-26.42400550842285
-52.18024826049805
-21.736083984375
-51.574031829833984
-37.57843017578125
-19.199522018432617
-21.164844512939453
-26.180009841918945
-11.665826797485352
-17.042762756347656
-26.59429168701172
-20.23260498046875
-8.010396003723145
-15.280535697937012
-39.216957092285156
-25.912900924682617
-38.460350036621094
-23.930248260498047
-39.42552185058594
-15.868846893310547
-53.854759216308594
-54.330257415771484
-46.80866622924805
-16.381710052490234
-25.2551212310791
-6.402799606323242
-42.20652770996094
-32.522682189941406
-36.75838088989258
-28.53570556640625
-40.969642639160156
-33.40306091308594
-29.76006507873535
-56.388206481933594
-34.97114181518555
-55.20270919799805
-31.16672134399414
-43.07320785522461
-29.169496536254883
-28.8375301361084
-37.88420867919922
-18.571151733398438
-29.843542098999023
-47.11492156982422
-62.718719482421875
-40.03178787231445
-13.947247505187988
-33.84498596191406
-35.988399505615234
-31.99090003967285
2.0570425987243652
-36.21180725097656
-24.801054000854492
-41.323699951171875
-6.208216667175293
-20.033533096313477
-37.424095153808594
-44.182228088378906
-27.8573055267334
-29.649843215942383
-21.025550842285156
-9.463111877441406
-26.40823745727539
-41.958106994628906
-7.660153865814209
-17.346851348876953
-29.30279541015625
-43.58967590332031
-25.971477508544922
-28.854961395263672
-36.05343246459961
-24.150955200195312
-27.161645889282227
-45.7727165222168
-38.893272399902344
-25.138259887695312
-38.29109191894531
-20.520631790161133
-48.2030143737793
-42.496150970458984
-24.25082778930664
-44.5846061706543
-31.995712280273438
-20.01467514038086
-13.746634483337402
-32.756752014160156
-12.231851577758789
-28.747255325317383
-18.137989044189453
-32.32770919799805
-12.525993347167969
-8.417680740356445
-34.363128662109375
-46.334171295166016
-17.468223571777344
-21.686744689941406
-2.49981427192688
-50.322532653808594
-21.410364151000977
-3.277095079421997
-30.142074584960938
-8.578808784484863
-28.2825870513916
-18.894102096557617
-23.845470428466797
-27.209928512573242
-15.367597579956055
-35.385887145996094
-17.900436401367188
-14.940136909484863
-14.334803581237793
-5.001580715179443
-12.582640647888184
-15.406824111938477
-29.000938415527344
-22.956825256347656
-49.366485595703125
-29.8192195892334
-20.127708435058594
-29.6008243560791
-33.29292297363281
-36.670963287353516
-12.905208587646484
-17.55499839782715
-7.327725887298584
-18.812641143798828
-55.67220687866211
-30.462095260620117
-24.812294006347656
-31.233510971069336
-24.493627548217773
-42.15412521362305
-38.00392150878906
-21.02016830444336
9.344274520874023
-8.458001136779785
-23.29669761657715
-10.557743072509766
-17.498220443725586
-62.006526947021484
-22.29428482055664
-25.991609573364258
-34.51652145385742
-21.540576934814453
-19.3582763671875
-15.17585563659668
-33.322696685791016
-26.46841812133789
-56.035423278808594
-38.16203689575195
-34.240272521972656
-54.03862380981445
-29.71759605407715
-25.069398880004883
-49.219974517822266
-29.216398239135742
-36.408042907714844
-20.06475257873535
-63.82933044433594
-42.514129638671875
-22.572589874267578
-17.98297691345215
-35.88732147216797
-10.3278226852417
-52.69245529174805
-44.02640151977539
-5.995617866516113
-28.445823669433594
-47.22795104980469
-5.285438060760498
-60.21672058105469
-28.375089645385742
-33.171722412109375
-7.387718677520752
-13.932574272155762
-26.926441192626953
-34.86833190917969
-44.163726806640625
-30.520275115966797
-27.243066787719727
-32.71345520019531
-27.87409210205078
-51.24290466308594
-14.534126281738281
-25.878965377807617
-44.61314010620117
-5.8401384353637695
-43.395790100097656
-42.2680549621582
-4.073951244354248
-6.154037952423096
-21.427528381347656
-31.673316955566406
-30.996034622192383
-30.11520767211914
-7.673261642456055
-11.975654602050781
-28.81940269470215
-10.705323219299316
-11.000143051147461
-17.894115447998047
-35.04291915893555
-37.68165588378906
-11.112774848937988
-12.439247131347656
-48.79352569580078
-42.34676742553711
-17.125106811523438
-53.47040939331055
-53.837093353271484
-36.39076232910156
-15.53141975402832
-12.748244285583496
-2.855224847793579
-14.593977928161621
-26.651527404785156
-34.3224983215332
-24.304187774658203
-13.048625946044922
-10.680636405944824
-16.427034378051758
-32.5614128112793
-20.435184478759766
-8.762845039367676
-7.4294233322143555
-5.1911091804504395
-16.744375228881836
-25.899328231811523
-25.61327362060547
-9.496874809265137
-23.398639678955078
-21.011655807495117
-3.0871012210845947
-3.942098617553711
-6.592415809631348
-10.516200065612793
-21.032190322875977
-2.4841527938842773
-16.856847763061523
-13.217754364013672
-14.783702850341797
-5.623304843902588
-48.10185241699219
-36.804656982421875
-7.584969997406006
-9.046346664428711
-11.512096405029297
-21.43054962158203
-16.01058578491211
5.866633415222168
-40.04808044433594
-28.032127380371094
-32.650146484375
-9.071033477783203
-7.7131781578063965
-17.135883331298828
-43.703369140625
-35.150943756103516
-26.123912811279297
-29.826845169067383
-16.239883422851562
-15.212777137756348
-11.478559494018555
-15.930464744567871
-4.798053741455078
-9.19228744506836
-12.836235046386719
-2.222949743270874
-35.37413787841797
-14.205438613891602
-33.5963249206543
-14.654007911682129
-31.976987838745117
-16.504194259643555
-22.888235092163086
-12.246369361877441
-30.820276260375977
-16.412561416625977
-27.675291061401367
-17.78791618347168
-16.457645416259766
-14.152098655700684
-39.830467224121094
-20.669296264648438
3.5694773197174072
-13.818214416503906
-2.0649962425231934
-24.101694107055664
4.740647315979004
-1.4814926385879517
3.2517478466033936
-4.7571001052856445
-31.766077041625977
-39.064903259277344
5.585614204406738
-33.194339752197266
-28.445659637451172
-17.001798629760742
-9.83828353881836
-25.974224090576172
-10.361486434936523
-42.52289962768555
-30.656919479370117
-14.402933120727539
-34.4268913269043
-16.671245574951172
-13.434107780456543
-42.0545654296875
-28.798049926757812
-15.142117500305176
-38.89405059814453
-25.096513748168945
-38.341773986816406
-2.9214606285095215
-28.781564712524414
-37.61233901977539
11.638222694396973
-22.091222763061523
-1.986619234085083
-36.741214752197266
-32.23752212524414
-11.75866413116455
-24.667137145996094
-2.0217978954315186
-21.763721466064453
-20.719970703125
-24.830120086669922
-17.346189498901367
-16.81615447998047
-27.0846004486084
-28.299680709838867
-22.33831024169922
-38.9252815246582
-23.901866912841797
-26.028274536132812
-5.896970272064209
-5.293919086456299
-2.88851261138916
-5.5238118171691895
-4.224778652191162
-16.94092559814453
-36.853092193603516
-7.986988544464111
-5.2407121658325195
-28.077909469604492
-4.419887065887451
-11.623787879943848
-23.811548233032227
-10.356001853942871
-18.42144012451172
-18.384061813354492
-15.481284141540527
-21.831087112426758
-8.884759902954102
-22.139177322387695
9.712644577026367
-18.049558639526367
-6.868050575256348
-14.135079383850098
-3.7366364002227783
-7.438566207885742
4.405533313751221
0.5520548820495605
-7.285052299499512
-18.32901382446289
-5.590861797332764
-11.847891807556152
-20.530305862426758
-22.336318969726562
-21.131601333618164
-0.703154444694519
-10.0590238571167
-17.427274703979492
7.790377616882324
-12.312416076660156
-7.2017107009887695
-15.85925006866455
-8.20748233795166
-7.316082954406738
-31.9589786529541
-3.223759651184082
-3.5200085639953613
-21.58596420288086
-30.69009017944336
-19.276931762695312
-24.088525772094727
-13.567168235778809
-4.753483772277832
-8.196809768676758
-12.326228141784668
-23.3017520904541
-15.186546325683594
-24.187721252441406
-16.580076217651367
-23.079509735107422
0.8042058348655701
-4.157739162445068
-13.1384916305542
-4.586583137512207
-21.85067367553711
-18.79624366760254
-22.876445770263672
-0.9726791381835938
-33.12446975708008
-18.0146427154541
-9.655336380004883
-7.7216081619262695
-12.24365234375
-25.08700180053711
-30.254335403442383
-26.834394454956055
-35.267417907714844
-10.650416374206543
-30.566883087158203
-12.472332000732422
-54.76667022705078
-28.55341148376465
0.22843968868255615
-28.9349308013916
-6.137416839599609
-13.887031555175781
-38.68511962890625
-23.063003540039062
-14.063754081726074
-5.36221170425415
8.452864646911621
-18.332996368408203
-30.058998107910156
-20.720434188842773
-17.05252456665039
-12.015913009643555
-13.196944236755371
-7.122420787811279
-15.944828033447266
-11.723686218261719
-17.077733993530273
-25.5467586517334
-17.30609130859375
-1.549289584159851
-26.435888290405273
-4.487977981567383
-24.3337345123291
-25.706144332885742
3.297189950942993
-18.113037109375
-35.418846130371094
-10.0899019241333
-28.83880615234375
-27.22817611694336
1.512290596961975
4.439221382141113
-39.43855285644531
-22.85888671875
-1.5931518077850342
-38.96571350097656
-22.3542537689209
-28.2988224029541
-13.070903778076172
-29.668285369873047
-44.49604415893555
-29.711084365844727
-23.706676483154297
-13.446863174438477
-21.556968688964844
-31.476797103881836
-30.584306716918945
-21.349138259887695
-8.008691787719727
-2.6584646701812744
-9.275550842285156
-8.706934928894043
-2.088595390319824
-24.88115692138672
0.5954827666282654
-32.15927505493164
-31.32164764404297
-36.54763412475586
-26.804555892944336
-35.264060974121094
-4.361759185791016
-2.98348331451416
-8.889756202697754
-12.427552223205566
-15.219351768493652
-9.92003059387207
-12.559721946716309
-26.760908126831055
-16.621570587158203
-23.196128845214844
-6.348858833312988
10.01974868774414
-1.2357056140899658
-5.509315013885498
-18.5889835357666
3.333028793334961
-30.659208297729492
-10.127138137817383
-23.132118225097656
-20.667524337768555
-26.600210189819336
-26.81839370727539
-24.780118942260742
-44.390438079833984
-1.9877456426620483
-0.48291558027267456
-16.456218719482422
5.979465961456299
-10.020186424255371
-27.664663314819336
-14.448290824890137
-9.397940635681152
-22.5031681060791
5.546510219573975
-31.167037963867188
-16.89051055908203
-16.490623474121094
-22.991735458374023
-0.8048346042633057
-14.740394592285156
-26.947437286376953
-11.483743667602539
-30.434825897216797
-2.165405035018921
-9.994034767150879
-17.730384826660156
-5.615126132965088
-13.103031158447266
-20.843461990356445
5.334290981292725
-10.213055610656738
-9.681136131286621
-18.80741310119629
2.7615811824798584
-26.248859405517578
-35.49259567260742
-7.6310553550720215
-5.544126510620117
6.884670257568359
-21.431842803955078
-38.27082443237305
-34.67933654785156
-11.225617408752441
-17.83559799194336
0.39143526554107666
-8.847302436828613
-10.316339492797852
-23.207883834838867
-22.86090660095215
-5.010427951812744
-19.003538131713867
-17.84540557861328
-20.379194259643555
-47.60960006713867
-15.414275169372559
-3.7386488914489746
-11.08395004272461
-17.871421813964844
-7.520413398742676
-6.5878705978393555
2.8369927406311035
-1.337073802947998
-15.798999786376953
-4.165036201477051
-15.293739318847656
-19.605382919311523
-2.1465494632720947
-10.593201637268066
-11.920554161071777
-1.532781720161438
-0.5631675124168396
6.2306952476501465
-9.453802108764648
-16.443527221679688
-29.088720321655273
-12.225268363952637
-16.992977142333984
-34.059364318847656
2.6119954586029053
-16.682849884033203
-21.14434814453125
4.290862560272217
-22.87350082397461
-17.73273468017578
-20.106037139892578
-14.475955963134766
-22.661113739013672
-14.638649940490723
-18.720062255859375
-23.36878204345703
-5.0777201652526855
-18.610393524169922
-1.7231751680374146
2.9999828338623047
-40.220970153808594
1.3625849485397339
-5.361713409423828
-17.259654998779297
-1.138146162033081
-3.188178300857544
-17.49921989440918
-4.9401750564575195
-13.53972053527832
-45.90806579589844
-6.292825698852539
-24.376235961914062
-24.0773868560791
-20.779882431030273
-12.079119682312012
-13.065502166748047
-32.617591857910156
-9.652215003967285
-32.2681999206543
-53.608970642089844
-6.021150588989258
-2.3302321434020996
6.163784980773926
1.116451621055603
-33.109375
-29.686805725097656
-20.249052047729492
-43.98374938964844
-32.1129150390625
-28.818309783935547
-8.167250633239746
-31.515199661254883
-19.14767074584961
5.148287773132324
-40.85612106323242
-28.380151748657227
-13.803990364074707
-18.821279525756836
-3.0142557621002197
-1.7810364961624146
-31.69845199584961
-39.41358947753906
-7.559100151062012
-36.29396438598633
-21.69293212890625
6.68808126449585
-18.583881378173828
-35.42735290527344
-16.50946807861328
-15.109145164489746
-15.997123718261719
-11.564105987548828
-10.232282638549805
-15.371455192565918
-4.570314407348633
-13.874066352844238
2.5038843154907227
-12.527226448059082
-30.813749313354492
-28.306385040283203
-26.121183395385742
-27.945295333862305
-26.981185913085938
-17.80657196044922
-9.906014442443848
-10.657064437866211
-13.9263916015625
3.7030251026153564
-8.198751449584961
-1.7881369590759277
-14.735847473144531
-5.821558952331543
-3.858562707901001
-3.7218260765075684
-9.225218772888184
-14.581390380859375
-21.934560775756836
-11.590593338012695
-33.895748138427734
0.9594541192054749
-7.562129497528076
-8.896605491638184
0.2341560423374176
-9.704102516174316
-16.344751358032227
-15.081058502197266
-6.349496841430664
-14.711505889892578
-14.462566375732422
-7.158630847930908
-15.069838523864746
-10.464061737060547
-14.058586120605469
-19.69457244873047
-9.949053764343262
-19.220287322998047
-3.971405267715454
-19.248992919921875
-19.25082015991211
-16.088762283325195
-15.356463432312012
-28.459989547729492
-12.409039497375488
3.9638166427612305
-23.618410110473633
-15.629642486572266
-6.875204086303711
-29.82848358154297
-11.09014892578125
-19.490392684936523
-16.81243324279785
20.764616012573242
-16.047378540039062
12.116913795471191
-18.792455673217773
-3.421128511428833
-2.2791504859924316
-44.747283935546875
-4.028144359588623
-1.0390113592147827
-6.772645473480225
-11.96360969543457
-19.213115692138672
-5.900174140930176
-10.372278213500977
-21.486587524414062
-13.755668640136719
4.315068244934082
-14.8507719039917
-1.7576496601104736
-10.196698188781738
-3.350515842437744
0.9560288786888123
1.7858315706253052
-2.6206040382385254
11.635446548461914
-12.176044464111328
-21.261634826660156
-16.217586517333984
-11.689201354980469
-18.38055419921875
-10.12060546875
3.228670597076416
-13.318368911743164
-31.079145431518555
-20.160781860351562
-11.0751314163208
-21.654279708862305
-13.466568946838379
2.0414772033691406
-14.932256698608398
-11.42365837097168
-8.71584415435791
-4.9235687255859375
-5.350445747375488
-20.507648468017578
-11.511224746704102
-37.809757232666016
-33.354984283447266
-25.6146183013916
-27.72748565673828
-19.457612991333008
-38.468955993652344
4.620471954345703
-11.462137222290039
-20.116687774658203
-19.34142303466797
-1.3113421201705933
-16.434101104736328
0.44569578766822815
-20.21039390563965
-4.564793586730957
-12.066442489624023
-29.34170150756836
-13.613215446472168
-9.2516450881958
-3.268672466278076
-39.182586669921875
-50.20978927612305
-25.399673461914062
-22.682100296020508
-6.19550895690918
-36.4875373840332
-8.878850936889648
-5.464534759521484
-32.93744659423828
-14.740370750427246
-16.912927627563477
-35.86834716796875
-43.94816970825195
-46.179378509521484
-28.636367797851562
-31.26730728149414
-16.5779972076416
-30.648221969604492
-16.46346092224121
-23.413450241088867
-15.301128387451172
-40.72332763671875
-3.626152753829956
-28.409990310668945
-18.919597625732422
-43.83871078491211
-42.25947189331055
-24.325044631958008
-11.636058807373047
-36.804264068603516
-41.21357727050781
-17.382230758666992
-13.80001449584961
-5.563946723937988
-41.41886901855469
-33.68287658691406
-12.128022193908691
-22.806713104248047
-16.636608123779297
-35.66313171386719
-31.598020553588867
-18.9412841796875
-12.445448875427246
-24.102252960205078
-50.60792922973633
-22.29001235961914
-13.276366233825684
-7.639794826507568
-37.597835540771484
-25.720130920410156
-13.705766677856445
-43.36281204223633
-29.796445846557617
-43.566287994384766
-6.2682204246521
-37.390010833740234
-24.364587783813477
-13.823419570922852
-14.062338829040527
-38.1639518737793
-11.505701065063477
-17.50883674621582
-12.283666610717773
-39.587886810302734
-7.781612396240234
-22.824785232543945
-8.040119171142578
-8.96796703338623
-12.000566482543945
-10.431079864501953
-28.790693283081055
-11.62462043762207
-11.793144226074219
-13.727723121643066
2.340656042098999
-3.1314640045166016
-31.622121810913086
-10.310517311096191
-31.067052841186523
-26.137493133544922
-27.185562133789062
-21.278369903564453
-36.457542419433594
-42.0813102722168
-4.525266647338867
-12.936484336853027
-8.210485458374023
-6.1556172370910645
-5.4359564781188965
-51.63700866699219
-3.7666242122650146
-18.970985412597656
-29.87197494506836
-8.002098083496094
-6.767691612243652
-12.366418838500977
-21.845417022705078
-12.757428169250488
-28.416275024414062
-18.287033081054688
-7.129490852355957
-12.073007583618164
-25.006303787231445
10.232828140258789
-8.072396278381348
-31.697484970092773
-16.802873611450195
6.520607948303223
0.35487648844718933
4.404291152954102
10.022904396057129
4.135446071624756
-45.47218704223633
-22.212604522705078
-5.080652713775635
-15.841614723205566
-14.223316192626953
-11.700214385986328
1.3930476903915405
-15.279799461364746
9.315508842468262
2.1458165645599365
7.588073253631592
-1.9767053127288818
-4.616171836853027
17.005910873413086
-10.147554397583008
-11.041247367858887
-26.342756271362305
4.805224895477295
0.9529154896736145
-15.494023323059082
-4.5693135261535645
-3.841155767440796
-14.88537311553955
-7.731888294219971
-0.011243629269301891
0.1980711817741394
-0.8139923214912415
-12.88168716430664
3.0437614917755127
-23.64470863342285
-16.623451232910156
2.378103733062744
2.0992603302001953
-17.290552139282227
-10.54394245147705
-15.53845500946045
0.2338341921567917
-0.4718078672885895
-8.423517227172852
14.35177993774414
-13.242361068725586
-18.4753475189209
-42.344482421875
-4.5414018630981445
-33.121246337890625
-15.27619743347168
-13.355576515197754
12.22846794128418
-30.248327255249023
7.865482330322266
-44.14186477661133
-14.826632499694824
-23.070817947387695
-31.166967391967773
-13.958439826965332
3.6613969802856445
1.1707566976547241
3.2154455184936523
-12.709420204162598
-24.768470764160156
-19.3151912689209
-26.729764938354492
-18.193662643432617
-18.987173080444336
-38.0907096862793
-15.333552360534668
-17.52954864501953
-32.230316162109375
-21.358692169189453
-35.33327102661133
0.132155641913414
-8.474494934082031
-5.77921199798584
-7.805302619934082
-33.7904167175293
-14.868499755859375
-0.8647253513336182
-20.852134704589844
-30.25057601928711
-12.80282211303711
-42.28810119628906
-41.11601638793945
-15.16076946258545
-21.975139617919922
-42.73868179321289
-34.717369079589844
-8.832512855529785
-8.510979652404785
-22.178781509399414
-19.600255966186523
-39.12547302246094
-43.00739669799805
-30.7264347076416
-29.676597595214844
-20.324087142944336
-35.11515808105469
-35.420162200927734
-27.130895614624023
1.2466403245925903
-37.00440979003906
-34.57391357421875
-37.157649993896484
-30.140846252441406
-45.9467658996582
-33.84189987182617
-33.08537292480469
-41.903228759765625
-0.30114927887916565
-39.524383544921875
-39.744110107421875
-37.80818176269531
-3.760754346847534
-31.681358337402344
-35.763671875
-27.426803588867188
-33.513267517089844
-16.494827270507812
-29.438722610473633
-31.557851791381836
-29.551481246948242
-16.577987670898438
-35.93415451049805
-38.19069290161133
-47.23781204223633
-34.70693588256836
-26.515878677368164
-32.533538818359375
-43.445823669433594
-29.27469253540039
-43.1845703125
-10.07417106628418
-36.089359283447266
-47.432701110839844
-24.70614242553711
-25.487367630004883
-7.318875789642334
-34.781639099121094
-4.202844142913818
-17.741605758666992
-15.043281555175781
-26.587421417236328
-42.582122802734375
-30.67119598388672
-13.936880111694336
-9.018280029296875
-47.161922454833984
-63.54420471191406
-39.77130889892578
-33.754268646240234
-13.674019813537598
-43.940399169921875
-28.324697494506836
-16.098037719726562
-38.938968658447266
-48.5594367980957
-41.55064392089844
-22.137849807739258
-22.672319412231445
-44.524330139160156
-16.43675994873047
-23.23535919189453
-22.246971130371094
-7.17609977722168
-38.81692886352539
-31.472789764404297
-28.097087860107422
-38.91118240356445
-14.900071144104004
-47.0200309753418
-27.761396408081055
-20.737529754638672
-22.54839324951172
-23.066980361938477
-29.782115936279297
-13.578906059265137
-7.339413642883301
-29.604198455810547
-19.066551208496094
-17.66751480102539
-29.423887252807617
-28.47449493408203
-15.832364082336426
-3.0850601196289062
-27.58966636657715
-30.212570190429688
-25.042112350463867
-16.216917037963867
-32.28585433959961
-11.906006813049316
-19.000925064086914
-12.286968231201172
-18.963747024536133
-0.9262747168540955
-16.01531982421875
-29.442333221435547
-42.50566101074219
-33.59923553466797
-20.92715835571289
-44.051692962646484
-30.30361557006836
-17.981626510620117
-7.639312267303467
3.064750909805298
-4.541543960571289
-21.670059204101562
-27.040555953979492
-2.1257567405700684
-3.852696418762207
-21.666061401367188
-30.030742645263672
-15.707864761352539
-20.366924285888672
-29.069076538085938
-23.96194839477539
-30.580150604248047
-5.577890396118164
-14.683555603027344
-26.359769821166992
-27.04254722595215
-3.261298894882202
-15.114846229553223
-16.89434242248535
-12.773509979248047
-14.484394073486328
8.21924877166748
-31.54265594482422
-7.6981892585754395
-4.317609786987305
-5.140212535858154
-16.003530502319336
1.170101284980774
-6.369342803955078
-20.391443252563477
-11.3856201171875
-9.71543025970459
-13.505965232849121
-0.6414944529533386
-2.728954792022705
-19.27511215209961
-23.1315860748291
-19.376813888549805
-19.224681854248047
-28.423084259033203
-29.315967559814453
-12.827914237976074
-23.43060302734375
-19.389196395874023
-22.480876922607422
-15.802650451660156
2.5114386081695557
-17.832612991333008
-40.14423370361328
-27.408823013305664
-18.07225227355957
5.360057353973389
2.20414662361145
-19.440156936645508
-3.5966382026672363
-25.589065551757812
-27.1351318359375
-13.098464012145996
1.7613180875778198
0.05052879452705383
-17.947965621948242
-8.764810562133789
-20.939695358276367
-13.83928108215332
-19.494972229003906
9.825789451599121
-20.532127380371094
-16.004810333251953
0.14736084640026093
-3.040922164916992
-30.2830753326416
-14.444157600402832
-37.34755325317383
-23.100757598876953
-17.263647079467773
-0.04812614619731903
-32.495811462402344
3.2067835330963135
-41.878028869628906
-17.029769897460938
-35.661441802978516
-13.135594367980957
-52.68642044067383
-16.606355667114258
-1.297248363494873
-23.975786209106445
-15.106619834899902
-28.477327346801758
-22.437780380249023
-27.785259246826172
-12.454028129577637
-10.322429656982422
-33.341529846191406
-41.96293640136719
-21.954383850097656
-12.54034423828125
-23.03091049194336
-18.28824234008789
-14.71921157836914
-13.178845405578613
-1.6906319856643677
-8.460600852966309
-17.043384552001953
-2.6384575366973877
-23.378013610839844
-44.80601119995117
-16.088459014892578
-25.93292808532715
-22.000106811523438
-9.922382354736328
-21.836753845214844
-5.536394119262695
-0.416380375623703
-26.898670196533203
-28.89740753173828
-3.229487657546997
-7.933117866516113
-21.874343872070312
-33.46828079223633
-11.939153671264648
-0.44370579719543457
1.7854396104812622
-28.886127471923828
-9.414087295532227
-11.202762603759766
-26.870874404907227
4.736979007720947
-22.885770797729492
-37.948604583740234
-11.693495750427246
-18.294300079345703
-17.36655616760254
-9.96219253540039
-9.713998794555664
-13.466689109802246
-23.577739715576172
-19.443479537963867
-34.807979583740234
-25.300216674804688
-28.482629776000977
-32.00210189819336
-45.146366119384766
-0.8028267025947571
-13.605295181274414
-21.612754821777344
-37.1431999206543
-20.147808074951172
-26.56037139892578
-16.811777114868164
-19.281763076782227
-36.390201568603516
-31.855480194091797
-44.19667053222656
-27.683774948120117
-34.6209831237793
7.511534214019775
-19.434249877929688
-36.299861907958984
-30.668859481811523
-20.86382484436035
-15.611781120300293
-5.9837260246276855
-30.055824279785156
-31.2111873626709
-11.981833457946777
-26.706796646118164
-39.91993713378906
-5.20163631439209
-39.23902893066406
-36.70476150512695
-29.089763641357422
-38.74318313598633
-34.147560119628906
-16.844768524169922
-36.75259780883789
-31.908897399902344
-19.622028350830078
-18.429182052612305
-21.998374938964844
-16.084117889404297
-26.312606811523438
-36.97391128540039
-41.154335021972656
-11.72300910949707
-33.417781829833984
-31.667531967163086
-21.977540969848633
-36.180152893066406
-23.136873245239258
-36.025421142578125
-29.000682830810547
-40.50318145751953
-6.413200855255127
-16.409156799316406
-45.946372985839844
-27.213153839111328
-15.067126274108887
-0.3596910834312439
-41.91693878173828
-35.16118240356445
-35.02107238769531
-5.702889442443848
-41.681793212890625
-15.757189750671387
-2.4858226776123047
-19.245023727416992
-35.599098205566406
-26.46234703063965
-42.485565185546875
-22.670028686523438
-16.256378173828125
-45.64256286621094
-28.783998489379883
-12.485638618469238
-34.57872009277344
-11.64416790008545
-31.681425094604492
2.1388378143310547
-38.11988830566406
-11.678157806396484
-24.409503936767578
-16.707378387451172
-27.892107009887695
-46.522029876708984
-22.36591148376465
-3.8517818450927734
-36.17853546142578
-41.67715835571289
-41.8766975402832
0.27130669355392456
-21.64983367919922
-8.029326438903809
-27.372173309326172
-30.202733993530273
-11.491399765014648
-17.967376708984375
-4.507425308227539
-0.9209710955619812
-0.4675946533679962
-2.5225331783294678
-10.68661880493164
-30.159656524658203
-17.112930297851562
-12.579412460327148
-19.793678283691406
-14.752057075500488
-1.5688927173614502
-27.886070251464844
-37.97037887573242
-0.19262291491031647
-17.29572105407715
-4.038778781890869
-31.206960678100586
10.841109275817871
-0.2945603132247925
-4.3221940994262695
-11.156464576721191
-24.780372619628906
-20.451393127441406
-8.94711971282959
-23.3392391204834
-30.475786209106445
-14.566296577453613
-23.436443328857422
-5.3648362159729
-41.14732360839844
-5.745072841644287
-2.3591835498809814
9.418105125427246
-41.68999481201172
-12.692130088806152
-23.469812393188477
-23.679712295532227
-18.248071670532227
-21.843975067138672
6.3787455558776855
-14.997812271118164
7.827445030212402
-12.960243225097656
-14.827561378479004
-35.484901428222656
-6.128766059875488
18.491365432739258
-13.193473815917969
-28.852018356323242
-25.443296432495117
-14.858960151672363
5.640596866607666
-2.9534149169921875
-33.429786682128906
3.1698803901672363
-12.001311302185059
-11.301047325134277
-23.73131561279297
-35.412235260009766
-27.46237564086914
-6.8005218505859375
-25.381759643554688
-26.08116912841797
-43.0778923034668
-24.947935104370117
1.7325844764709473
-0.9333327412605286
-49.34477615356445
-25.96320152282715
1.9555035829544067
-10.483111381530762
-24.536836624145508
-37.69667053222656
-17.720975875854492
1.6777119636535645
-38.322265625
-8.797676086425781
10.649334907531738
0.7145268321037292
-10.449170112609863
-32.573490142822266
-15.78585433959961
-38.56432342529297
-37.654640197753906
-22.95439910888672
-5.158651828765869
-0.54205721616745
-6.168841361999512
-34.887901306152344
-9.497147560119629
-12.834003448486328
-34.53242111206055
-23.133989334106445
-3.2245006561279297
-7.83050537109375
6.2481818199157715
1.7481385469436646
6.314794540405273
2.405547857284546
-12.600388526916504
-1.4986361265182495
-3.1740331649780273
2.886390447616577
10.528667449951172
1.87958562374115
-31.893878936767578
18.47814178466797
-19.22895050048828
-10.7289400100708
-0.4268835783004761
