344.77947998046875
551.200927734375
698.412841796875
423.42242431640625
627.3131103515625
690.1425170898438
378.5523681640625
428.78582763671875
628.38623046875
460.36151123046875
206.1407470703125
486.0664978027344
306.3985900878906
312.2367858886719
307.5395202636719
273.2705993652344
476.84002685546875
386.57366943359375
279.19573974609375
250.93124389648438
471.4477233886719
240.48997497558594
506.7960205078125
447.4832763671875
484.5337219238281
296.28570556640625
534.6445922851562
794.4882202148438
616.9517822265625
403.2548522949219
478.5993347167969
239.59365844726562
645.0547485351562
269.3408203125
241.5921630859375
311.9219055175781
298.9212646484375
746.8463134765625
456.3551025390625
254.74185180664062
358.0838317871094
243.326171875
354.9845275878906
308.868408203125
293.7650146484375
328.7861633300781
407.18914794921875
249.3684539794922
246.79246520996094
802.711669921875
58.846073150634766
652.2195434570312
305.14996337890625
339.623779296875
352.60797119140625
498.16015625
321.53619384765625
453.6259460449219
154.01260375976562
329.4941101074219
149.20555114746094
310.2021789550781
284.2782897949219
316.8966369628906
282.0205383300781
210.27255249023438
443.1540222167969
196.76358032226562
150.83201599121094
547.9015502929688
185.14015197753906
371.031494140625
141.49610900878906
401.6059265136719
221.79644775390625
276.9907531738281
62.50225067138672
237.88694763183594
257.72772216796875
224.3134765625
133.6263885498047
116.01869201660156
85.66177368164062
175.59347534179688
170.9741668701172
277.4591979980469
84.02119445800781
116.58586883544922
95.60445404052734
230.00509643554688
401.0518798828125
95.5884780883789
316.9203796386719
220.45191955566406
222.47166442871094
140.72177124023438
183.59097290039062
255.20997619628906
321.5041809082031
162.37713623046875
51.69522476196289
104.19287872314453
181.1032257080078
168.69703674316406
526.3046264648438
59.00132751464844
444.02960205078125
105.00717163085938
259.1028747558594
343.9085998535156
194.6833038330078
70.31617736816406
110.74153137207031
214.27401733398438
259.29638671875
63.921024322509766
384.6408996582031
90.8951187133789
57.55131530761719
162.3487548828125
160.03392028808594
238.2269744873047
307.923583984375
141.45932006835938
138.9429473876953
117.06332397460938
169.09457397460938
81.04175567626953
392.8077697753906
261.7348327636719
315.84881591796875
115.65249633789062
441.638916015625
183.32821655273438
132.6951141357422
269.9631652832031
191.7054443359375
131.17044067382812
148.2863311767578
46.112796783447266
88.27112579345703
152.045166015625
82.38790130615234
137.55828857421875
182.70750427246094
125.52079010009766
280.3268737792969
137.5283660888672
506.81390380859375
88.80096435546875
119.40516662597656
157.80645751953125
124.97779083251953
60.500728607177734
168.95547485351562
592.4866943359375
78.71167755126953
390.7574462890625
125.53350830078125
177.78640747070312
338.5609130859375
291.42681884765625
103.9289779663086
358.3177795410156
111.05935668945312
143.2779541015625
126.84695434570312
171.98406982421875
125.92431640625
111.76771545410156
158.75608825683594
97.74935913085938
124.6593246459961
329.1582336425781
136.2613525390625
201.53175354003906
116.36768341064453
95.96701049804688
580.1044311523438
77.85944366455078
72.45768737792969
153.31802368164062
69.89049530029297
113.1284408569336
287.71661376953125
302.2843322753906
60.042015075683594
114.36685180664062
180.19155883789062
108.83503723144531
152.3618621826172
114.43700408935547
111.32331085205078
269.8075256347656
269.41778564453125
148.57252502441406
78.20585632324219
97.38615417480469
74.4422378540039
82.79733276367188
85.31514739990234
249.15940856933594
135.9296112060547
74.79638671875
79.42634582519531
198.29388427734375
79.90933227539062
85.04590606689453
230.69900512695312
238.2642822265625
80.05304718017578
160.3197021484375
308.9253234863281
98.6739730834961
133.7498016357422
71.7686538696289
119.27824401855469
108.96570587158203
85.049072265625
73.54767608642578
72.49246215820312
82.34027099609375
96.5628433227539
157.62770080566406
500.04852294921875
349.3956604003906
222.1482391357422
141.60899353027344
91.8973159790039
87.46603393554688
86.565673828125
85.7457504272461
287.99786376953125
132.21266174316406
428.2490539550781
158.91697692871094
69.24162292480469
117.66105651855469
302.53485107421875
114.47618865966797
105.77857208251953
139.687255859375
132.3144073486328
117.37040710449219
72.55774688720703
109.6108169555664
227.24273681640625
81.60275268554688
122.88172149658203
168.91371154785156
274.53826904296875
184.82566833496094
82.75619506835938
255.17408752441406
90.125
222.07839965820312
209.23745727539062
297.85614013671875
105.87544250488281
293.3988037109375
273.4828796386719
186.75523376464844
348.3056945800781
83.23005676269531
80.15352630615234
66.90474700927734
71.79281616210938
107.1194839477539
165.86065673828125
293.0172119140625
158.20574951171875
169.78709411621094
85.56904602050781
138.9473114013672
85.32882690429688
298.20843505859375
91.25599670410156
103.10675811767578
76.57283020019531
106.79363250732422
102.545166015625
112.56727600097656
98.30815124511719
58.5454216003418
289.2876281738281
172.0646514892578
249.87979125976562
334.7656555175781
65.95732116699219
93.22107696533203
124.3832778930664
85.88822174072266
109.77046966552734
70.7795181274414
78.34765625
90.07975769042969
59.23552322387695
156.4853973388672
65.3203353881836
65.4155044555664
119.17002868652344
97.65074157714844
168.28744506835938
84.1840591430664
88.2284927368164
76.56026458740234
79.70884704589844
106.98165130615234
274.68853759765625
487.626953125
113.44590759277344
62.652618408203125
262.8817443847656
162.58071899414062
77.56647491455078
143.5128631591797
92.10498046875
209.3707275390625
78.2641830444336
72.24842834472656
106.57984161376953
126.78881072998047
91.5371322631836
95.77900695800781
174.49288940429688
103.709228515625
84.37236022949219
224.5937957763672
137.49139404296875
76.72218322753906
122.41452026367188
74.34373474121094
95.75132751464844
67.04168701171875
125.39889526367188
73.50393676757812
156.8115234375
69.00381469726562
172.23016357421875
93.4933853149414
100.56689453125
170.22607421875
79.9920883178711
100.55992126464844
87.75289154052734
123.755615234375
95.95832061767578
62.319637298583984
139.07449340820312
110.00328826904297
107.72341918945312
90.3904037475586
125.30207061767578
95.17594909667969
74.65936279296875
64.27076721191406
124.56489562988281
281.01092529296875
88.76995849609375
80.83814239501953
90.38169860839844
100.67068481445312
91.18148803710938
239.83224487304688
127.32380676269531
72.29145812988281
94.89785766601562
101.36138916015625
165.3750457763672
84.44660949707031
89.1675796508789
112.82246398925781
251.6533966064453
85.6274642944336
381.08465576171875
99.94298553466797
65.27278900146484
100.1661605834961
86.7206039428711
348.14764404296875
94.23237609863281
152.402099609375
124.76055908203125
67.29180908203125
231.86151123046875
239.0709991455078
147.6100616455078
68.6396484375
181.97543334960938
160.5907440185547
155.3241424560547
75.62816619873047
146.84283447265625
101.40843963623047
148.4093780517578
98.94153594970703
149.44020080566406
85.4159164428711
74.71331787109375
101.45111083984375
96.72708892822266
157.76724243164062
67.58018493652344
140.76083374023438
197.64234924316406
100.77333068847656
181.00970458984375
93.9092025756836
261.3415832519531
63.68144226074219
97.22576904296875
75.02593994140625
102.49142456054688
78.1763687133789
224.03236389160156
63.51873016357422
129.65536499023438
108.21296691894531
123.1786880493164
135.8077392578125
134.4067840576172
111.04768371582031
109.64693450927734
79.30398559570312
70.17475891113281
71.0807113647461
75.88861083984375
203.03189086914062
65.5263671875
162.1010284423828
83.57292938232422
104.2806625366211
81.96635437011719
77.60742950439453
358.8081359863281
160.4395751953125
98.787109375
269.5875244140625
350.91156005859375
81.40564727783203
133.7177276611328
134.02369689941406
71.28775024414062
387.55792236328125
488.9108581542969
106.40983581542969
152.91049194335938
88.06790924072266
101.82403564453125
129.67950439453125
78.5816421508789
182.87081909179688
99.10693359375
167.1954345703125
72.036865234375
118.9743423461914
246.01492309570312
143.8842315673828
70.9438247680664
104.82585906982422
133.47605895996094
163.28216552734375
72.57164764404297
120.1358413696289
359.3681335449219
71.16797637939453
160.83792114257812
186.19920349121094
150.08033752441406
96.28111267089844
71.99019622802734
305.4031677246094
77.50421142578125
96.04332733154297
139.65281677246094
244.88153076171875
134.9612579345703
120.22259521484375
72.0949478149414
250.1767578125
108.15676879882812
112.49427032470703
77.20437622070312
154.87738037109375
84.73568725585938
224.0313262939453
75.84199523925781
173.55287170410156
76.36249542236328
188.58282470703125
89.72962951660156
382.8580322265625
140.3503875732422
71.16505432128906
151.79644775390625
85.77522277832031
71.56292724609375
121.4547348022461
87.91084289550781
177.7765655517578
61.35747528076172
76.18557739257812
167.06304931640625
130.08665466308594
177.03285217285156
99.77501678466797
100.71379089355469
80.59008026123047
70.6713638305664
102.75041198730469
152.1125030517578
66.85118103027344
110.55496215820312
73.17369079589844
71.48728942871094
73.4940414428711
224.14181518554688
91.9835433959961
174.11167907714844
94.14472961425781
90.124755859375
183.3564910888672
69.02698516845703
118.29293060302734
134.61500549316406
70.73661041259766
111.78507995605469
74.83777618408203
166.0790557861328
86.01187133789062
70.1269760131836
96.89617156982422
86.85478210449219
82.0394058227539
198.03054809570312
89.92362976074219
136.1605224609375
96.85652160644531
142.2712860107422
168.5655517578125
74.95184326171875
82.50259399414062
109.04212188720703
401.6219177246094
68.72725677490234
359.02752685546875
79.2909927368164
99.47830963134766
73.75260162353516
106.57110595703125
66.89559936523438
113.57837677001953
69.44686889648438
118.255615234375
170.2333221435547
134.83116149902344
120.41995239257812
60.25699234008789
186.19252014160156
85.19542694091797
145.1106719970703
136.1627655029297
66.81295776367188
107.44697570800781
123.229248046875
135.85169982910156
134.97044372558594
71.6034927368164
263.4771423339844
145.25025939941406
123.57093811035156
105.12256622314453
77.93909454345703
79.1387939453125
103.300048828125
82.53319549560547
65.13683319091797
122.04010772705078
209.93959045410156
73.13613891601562
110.70850372314453
129.07302856445312
205.37892150878906
135.84877014160156
84.26654052734375
194.0061492919922
281.7548522949219
67.39691162109375
70.22500610351562
247.50709533691406
269.99627685546875
83.57841491699219
78.29057312011719
84.77725219726562
171.53208923339844
294.01873779296875
107.0588150024414
134.7965087890625
241.75511169433594
77.45577239990234
107.0666732788086
81.24386596679688
73.34178924560547
130.79071044921875
101.90217590332031
112.38912200927734
355.7278137207031
100.45653533935547
102.70011901855469
193.3079071044922
116.6691665649414
86.09196472167969
122.0524673461914
148.37257385253906
199.01515197753906
128.6322479248047
69.87651062011719
112.24784851074219
186.18406677246094
84.00817108154297
112.41954040527344
141.53106689453125
214.37005615234375
170.72337341308594
256.2813415527344
153.77854919433594
83.39384460449219
87.93864440917969
164.37088012695312
119.28601837158203
270.54913330078125
327.0714416503906
101.4994125366211
96.80557250976562
85.24149322509766
120.08552551269531
106.56765747070312
78.67591857910156
74.9478988647461
110.96857452392578
163.78018188476562
87.03559875488281
330.9501953125
273.2975158691406
103.5300064086914
75.27651977539062
73.02825927734375
169.42723083496094
429.7168884277344
85.6717300415039
121.62908935546875
93.81497192382812
67.65660858154297
144.46197509765625
74.31266784667969
147.5743865966797
168.8560791015625
104.1748046875
128.5979461669922
70.95055389404297
81.2960433959961
210.07510375976562
131.11427307128906
235.41146850585938
68.60588836669922
81.62299346923828
142.44236755371094
216.02992248535156
75.02151489257812
91.12117004394531
113.52526092529297
201.1864013671875
74.73954010009766
82.06525421142578
70.7540283203125
72.67101287841797
168.32135009765625
66.78378295898438
71.99549865722656
82.91255950927734
126.77526092529297
86.9094009399414
210.92906188964844
136.55860900878906
92.71224975585938
82.1481704711914
110.360595703125
73.83287048339844
170.0741729736328
290.63543701171875
78.69941711425781
78.7304458618164
177.79061889648438
96.76221466064453
72.4194107055664
78.8239974975586
213.5221710205078
88.99130249023438
88.1998062133789
198.0631866455078
82.31507873535156
91.11345672607422
163.3184356689453
222.75523376464844
105.964599609375
80.7893295288086
72.17416381835938
216.4706268310547
110.0333480834961
127.40937805175781
99.34963989257812
128.4915771484375
91.08763885498047
79.52424621582031
223.79949951171875
85.82524108886719
405.9530029296875
72.09229278564453
92.58280944824219
115.28148651123047
138.4643096923828
83.84197998046875
159.09815979003906
322.4759826660156
118.39261627197266
93.70513916015625
87.25606536865234
124.1211166381836
109.21808624267578
102.59426879882812
82.79725646972656
74.45067596435547
161.39669799804688
181.99363708496094
72.8486099243164
144.1080780029297
157.3505096435547
88.68438720703125
67.36151123046875
114.10415649414062
159.3783721923828
109.50009155273438
111.78404998779297
121.53118896484375
142.6551513671875
237.6876220703125
95.55614471435547
81.25296020507812
193.95921325683594
462.6985168457031
72.12127685546875
157.18597412109375
76.78944396972656
93.04582977294922
187.1936492919922
96.65609741210938
103.57884979248047
88.09428405761719
205.77561950683594
114.21327209472656
83.35507202148438
132.52565002441406
85.08195495605469
86.77725219726562
74.87633514404297
200.13812255859375
110.8955078125
124.99523162841797
126.57307434082031
115.78601837158203
277.2919006347656
175.67764282226562
181.85687255859375
101.85965728759766
97.6932144165039
93.15666961669922
168.76400756835938
371.61700439453125
69.66683959960938
129.91156005859375
82.7788314819336
152.30038452148438
82.54747009277344
117.70838928222656
65.0352554321289
72.08370971679688
191.15406799316406
119.1617660522461
76.9139633178711
97.48363494873047
144.22500610351562
95.61283874511719
113.5361328125
88.44824981689453
105.2668685913086
93.47785186767578
91.62344360351562
124.18445587158203
107.57689666748047
84.2420425415039
70.1924057006836
120.8661880493164
82.35875701904297
80.03829956054688
128.88372802734375
71.78323364257812
111.13072204589844
220.71905517578125
102.69632720947266
134.01351928710938
69.30937194824219
75.79098510742188
132.66287231445312
104.03736114501953
163.26693725585938
301.3546142578125
95.53345489501953
84.44914245605469
77.3154296875
70.4278793334961
74.27204895019531
91.55229187011719
72.58521270751953
73.17805480957031
93.8885269165039
82.97650146484375
94.00281524658203
94.8311996459961
154.56903076171875
97.15872955322266
131.33026123046875
142.12535095214844
127.65507507324219
79.9314193725586
132.8701171875
71.47775268554688
87.80332946777344
64.62706756591797
107.04088592529297
80.80547332763672
66.20054626464844
142.4281463623047
138.21336364746094
148.62298583984375
90.27734375
94.90130615234375
168.11695861816406
75.22351837158203
80.65587615966797
83.69134521484375
194.2997589111328
130.0130615234375
83.20236206054688
71.98677062988281
104.28721618652344
138.80870056152344
132.6705780029297
65.14041900634766
154.15740966796875
74.84757995605469
179.79652404785156
127.3020248413086
104.90780639648438
85.7039566040039
88.41203308105469
75.33091735839844
93.040283203125
224.75082397460938
73.09431457519531
75.9770278930664
87.08580017089844
122.74516296386719
148.90460205078125
99.35350799560547
82.22186279296875
107.53970336914062
87.81011962890625
77.73788452148438
154.0751495361328
83.7824478149414
190.22396850585938
90.62542724609375
73.89344787597656
65.40618896484375
73.80723571777344
170.03448486328125
78.15740203857422
97.8906021118164
117.38467407226562
78.79412841796875
170.8091278076172
75.7863540649414
138.53199768066406
169.12867736816406
113.37271118164062
88.21908569335938
137.7033233642578
96.40010070800781
91.13971710205078
69.88928985595703
67.85689544677734
67.30929565429688
72.27168273925781
90.79767608642578
86.95912170410156
58.89023971557617
97.7026596069336
69.96488952636719
61.273162841796875
63.108428955078125
242.5167236328125
80.89759826660156
122.42386627197266
68.86016845703125
84.29056549072266
106.85595703125
74.88539123535156
71.41309356689453
77.92277526855469
113.29385375976562
59.76893615722656
75.19811248779297
148.90396118164062
93.17733764648438
87.4650650024414
377.1466064453125
69.77998352050781
225.44796752929688
76.02648162841797
136.24478149414062
63.365238189697266
100.20354461669922
83.08614349365234
130.3934326171875
78.26819610595703
63.73710632324219
62.85918045043945
140.9677734375
98.39156341552734
74.12553405761719
86.73567199707031
98.80725860595703
77.31934356689453
76.33755493164062
88.98527526855469
82.13491821289062
142.27920532226562
85.10247039794922
86.71399688720703
94.53497314453125
93.89192199707031
229.37237548828125
86.1196060180664
167.85372924804688
99.54285430908203
64.67139434814453
70.57099914550781
78.70475006103516
255.35923767089844
147.48275756835938
93.5500259399414
68.20111846923828
79.01033020019531
72.32669830322266
79.55431365966797
77.75566101074219
305.5081481933594
70.36279296875
94.19950866699219
204.60809326171875
496.6048889160156
73.27664947509766
106.70630645751953
73.73070526123047
130.3067169189453
62.543296813964844
98.81489562988281
120.37824249267578
83.65396118164062
298.5425720214844
180.4336700439453
73.6158676147461
96.6989974975586
105.49793243408203
140.6766357421875
135.57594299316406
238.75408935546875
64.43692016601562
176.6016082763672
107.79527282714844
116.00000762939453
109.43140411376953
89.47964477539062
84.44992065429688
149.9488067626953
105.4346694946289
117.88616943359375
234.32449340820312
97.89302825927734
79.3366470336914
81.58868408203125
81.8025131225586
240.26060485839844
94.881591796875
120.47294616699219
77.63945007324219
66.50077056884766
72.8895034790039
107.61024475097656
67.58252716064453
66.61518859863281
115.21139526367188
77.31767272949219
74.45023345947266
92.0593032836914
74.42273712158203
183.6680908203125
64.61046600341797
126.84166717529297
67.38227844238281
111.37954711914062
173.77203369140625
207.18984985351562
121.16106414794922
69.33554077148438
93.50039672851562
216.1011962890625
66.81709289550781
103.00499725341797
92.37297821044922
107.87214660644531
114.28643798828125
102.95843505859375
69.190673828125
91.62322998046875
104.0728530883789
87.81814575195312
69.93242645263672
72.51791381835938
182.21978759765625
68.72328186035156
88.48101806640625
235.02386474609375
122.39840698242188
118.01824188232422
65.16297149658203
75.7251968383789
68.5629653930664
278.9422912597656
72.05146789550781
66.05443572998047
198.5371856689453
128.01773071289062
81.27278137207031
94.02046203613281
206.8738250732422
95.0419692993164
81.84752655029297
75.61302947998047
69.4830551147461
91.15933227539062
77.53998565673828
151.57066345214844
90.38092041015625
239.40748596191406
70.37879180908203
79.94818115234375
121.87271118164062
202.2588348388672
88.50109100341797
82.92964935302734
108.79418182373047
103.43157196044922
97.75767517089844
70.78817749023438
325.4404602050781
172.4169464111328
176.3102569580078
116.87877655029297
64.37139129638672
72.45622253417969
75.37968444824219
118.2688217163086
84.33207702636719
110.7515640258789
74.90625762939453
218.08970642089844
176.30160522460938
72.44051361083984
124.01287841796875
275.859130859375
97.21743774414062
88.51826477050781
64.59379577636719
143.95639038085938
77.81393432617188
70.69772338867188
65.1119155883789
133.19859313964844
82.82125854492188
67.76203918457031
96.26629638671875
74.61558532714844
66.8775634765625
86.72827911376953
69.31608581542969
136.3201141357422
145.87525939941406
65.2588882446289
76.35710144042969
147.9572296142578
116.20880889892578
91.69645690917969
82.68480682373047
61.5917854309082
85.08973693847656
104.09607696533203
68.41989135742188
74.9592514038086
67.77930450439453
160.096923828125
82.64924621582031
81.57006072998047
145.83946228027344
93.47152709960938
228.82171630859375
90.05207061767578
123.61697387695312
131.25953674316406
72.7907485961914
243.5593719482422
240.92332458496094
118.06781005859375
135.19903564453125
109.03985595703125
81.6895523071289
69.29119873046875
69.56794738769531
151.0078582763672
126.44712829589844
242.6793975830078
74.3794937133789
93.94631958007812
79.23688507080078
77.4122085571289
96.01614379882812
84.42121124267578
104.15365600585938
78.2178726196289
79.21743774414062
87.36894226074219
70.39947509765625
89.86080932617188
124.736328125
67.67364501953125
157.63247680664062
143.4779052734375
339.5322265625
123.49296569824219
113.31979370117188
109.8774185180664
81.34284973144531
75.23213958740234
186.3546142578125
70.21321105957031
85.6554946899414
113.6499252319336
266.2457275390625
71.93914794921875
95.65184783935547
198.85475158691406
545.3975830078125
67.26911163330078
69.86650085449219
126.26374816894531
94.28935241699219
123.23858642578125
102.14419555664062
81.9701919555664
86.95072174072266
143.11834716796875
108.37427520751953
87.0324935913086
201.4679718017578
96.2163314819336
139.0172882080078
109.5151596069336
60.70786666870117
95.6647720336914
164.8826141357422
159.68194580078125
227.40203857421875
100.60295104980469
83.78152465820312
80.58488464355469
200.70187377929688
104.00041961669922
130.86956787109375
75.71984100341797
149.860595703125
214.94873046875
152.99179077148438
100.65824127197266
247.73614501953125
124.56890869140625
146.43067932128906
99.95220947265625
106.4415054321289
347.8802490234375
88.99740600585938
103.32327270507812
175.42869567871094
87.44844818115234
74.4018325805664
72.81488037109375
80.47081756591797
113.39456939697266
113.30876922607422
71.01300048828125
81.14968872070312
103.21501922607422
68.77098846435547
67.44969940185547
79.83135223388672
74.99353790283203
84.11421966552734
67.71715545654297
120.36784362792969
483.5751647949219
102.85669708251953
115.87158203125
77.35826110839844
74.6721420288086
118.48005676269531
75.20487976074219
79.30809020996094
74.58869934082031
154.92129516601562
80.2265396118164
71.23274993896484
133.18309020996094
69.27123260498047
80.50521087646484
80.8287582397461
73.07125854492188
220.0756378173828
129.79937744140625
105.14153289794922
92.85010528564453
173.32888793945312
267.097412109375
66.06287384033203
118.32205200195312
166.80792236328125
71.45260620117188
94.26760864257812
80.28167724609375
191.84124755859375
151.6348419189453
71.77780151367188
162.51731872558594
90.529052734375
137.18661499023438
73.67922973632812
87.93916320800781
218.7919464111328
147.9281005859375
66.35964965820312
115.88382720947266
84.5049819946289
100.66543579101562
87.40055847167969
291.71197509765625
115.28572082519531
79.1888198852539
82.32209014892578
78.19893646240234
102.79110717773438
89.50042724609375
71.61282348632812
164.31503295898438
126.94718933105469
75.9079360961914
69.48461151123047
69.16063690185547
66.93907928466797
139.43211364746094
76.73197937011719
74.35487365722656
81.4484634399414
112.72571563720703
550.4705200195312
123.75646209716797
205.50865173339844
78.3978500366211
111.5331802368164
130.77809143066406
95.58767700195312
76.44198608398438
72.5146484375
57.80552291870117
61.064151763916016
113.3001480102539
72.93354797363281
117.15876007080078
79.19938659667969
433.3592529296875
120.29122924804688
84.97695922851562
140.0851287841797
75.25035858154297
77.3856430053711
205.6966552734375
81.11219787597656
164.5870361328125
98.85830688476562
127.41902160644531
114.46086120605469
148.02796936035156
92.28277587890625
97.72914123535156
79.65536499023438
135.21142578125
66.0384750366211
75.29590606689453
76.19357299804688
193.84226989746094
86.66260528564453
165.48265075683594
106.74518585205078
118.64424896240234
93.7895278930664
77.2121353149414
65.34811401367188
63.02748107910156
91.16963195800781
196.16571044921875
63.460697174072266
271.12353515625
89.92092895507812
92.90149688720703
106.92451477050781
132.4732666015625
130.81687927246094
113.1407699584961
86.19335174560547
103.320068359375
78.87726593017578
138.67019653320312
160.21673583984375
73.99029541015625
176.71070861816406
57.17506790161133
70.36861419677734
97.42687225341797
71.81305694580078
121.5252914428711
81.47667694091797
76.20552062988281
96.41838073730469
81.32376861572266
118.92682647705078
89.83285522460938
202.62802124023438
114.34256744384766
175.83888244628906
98.01423645019531
129.45889282226562
76.49732208251953
65.28424072265625
64.87818908691406
74.60546112060547
66.7125015258789
94.07860565185547
113.3488998413086
97.53850555419922
100.37682342529297
87.39665985107422
64.91764068603516
104.43942260742188
75.46923828125
74.4255599975586
230.26702880859375
335.580078125
71.49908447265625
232.90199279785156
131.81117248535156
68.8804702758789
114.42240905761719
65.88567352294922
76.39566040039062
70.39961242675781
118.5351333618164
68.9767837524414
89.0809097290039
79.02242279052734
175.65908813476562
76.19985961914062
61.14704513549805
108.5132827758789
91.4629898071289
67.78433990478516
67.53135681152344
139.77191162109375
93.62035369873047
76.79366302490234
75.21349334716797
82.34371185302734
275.78485107421875
58.4244499206543
122.69911193847656
68.49101257324219
153.077392578125
296.4595031738281
79.6246337890625
63.52436447143555
232.45668029785156
110.33218383789062
63.63650894165039
90.06742095947266
63.848480224609375
181.19993591308594
72.99773406982422
65.3427963256836
131.27769470214844
74.69013977050781
205.2026824951172
80.63890075683594
130.34092712402344
71.12127685546875
58.90462875366211
183.2109832763672
147.5337677001953
174.1416015625
163.20213317871094
114.2570571899414
65.4325180053711
68.98522186279297
162.3070068359375
73.8493881225586
82.90370178222656
115.19514465332031
78.3980941772461
76.21155548095703
89.49451446533203
82.24535369873047
136.23919677734375
133.37445068359375
81.82621765136719
77.27114868164062
60.79026412963867
102.83859252929688
69.79703521728516
94.21125030517578
62.323326110839844
64.58718872070312
95.57467651367188
99.46128845214844
124.52339935302734
86.66060638427734
81.5007095336914
138.23463439941406
205.11215209960938
180.1212158203125
69.82735443115234
63.850563049316406
79.90149688720703
116.61976623535156
59.88888168334961
79.22991943359375
79.86656188964844
136.49334716796875
58.18288040161133
74.1396713256836
101.94316101074219
72.27365112304688
114.28846740722656
120.0025863647461
129.91506958007812
167.44427490234375
102.9583969116211
62.32405090332031
61.246280670166016
75.3138656616211
252.58203125
85.10828399658203
72.7236557006836
118.31273651123047
64.40096282958984
418.10516357421875
119.87310791015625
250.75152587890625
81.1830062866211
63.24693298339844
74.7627944946289
93.95223999023438
68.39605712890625
71.71536254882812
83.54450225830078
90.73223876953125
91.82569122314453
92.77543640136719
68.13323974609375
109.35464477539062
71.15558624267578
91.019775390625
87.99346923828125
86.33192443847656
186.56045532226562
73.25768280029297
89.83671569824219
329.6162414550781
101.56578826904297
149.81814575195312
62.393653869628906
118.16144561767578
139.85760498046875
235.9609375
78.1123046875
94.50694274902344
80.73216247558594
72.68994140625
77.89640808105469
91.30611419677734
81.3179702758789
95.0625
61.205867767333984
62.243507385253906
113.20687866210938
98.97844696044922
74.09504699707031
59.752967834472656
79.76634979248047
218.9558563232422
70.10631561279297
183.1648406982422
118.52501678466797
260.8595275878906
67.10087585449219
101.98688507080078
120.6855697631836
129.2163848876953
72.35928344726562
135.4541778564453
112.06283569335938
100.73084259033203
176.5384521484375
149.09771728515625
88.5249252319336
59.98723220825195
85.43578338623047
59.4926872253418
79.20439910888672
58.51823806762695
82.23239135742188
83.47969818115234
71.99873352050781
141.4507293701172
75.28815460205078
69.40271759033203
79.91820526123047
161.85655212402344
109.64892578125
102.3974838256836
93.81493377685547
171.2393341064453
117.45650482177734
94.68314361572266
144.84300231933594
61.94172286987305
144.66409301757812
162.24827575683594
66.64400482177734
129.04989624023438
108.59793090820312
87.87371063232422
73.34442901611328
78.9638900756836
66.50872039794922
134.95167541503906
78.59717559814453
64.10153198242188
160.40371704101562
80.89602661132812
58.568058013916016
99.31494140625
83.2726058959961
114.85493469238281
67.25192260742188
71.07853698730469
143.65365600585938
226.15403747558594
249.51734924316406
102.53443145751953
69.8888931274414
79.39179229736328
63.18519973754883
83.9386978149414
162.24342346191406
119.0300521850586
63.223663330078125
79.16171264648438
73.1939468383789
70.7352523803711
67.05630493164062
81.54423522949219
60.250789642333984
257.6807861328125
114.03289794921875
96.68820190429688
123.03893280029297
97.94755554199219
94.28141784667969
150.03077697753906
68.5677490234375
85.80685424804688
71.07154083251953
65.74307250976562
183.0955047607422
76.78623962402344
97.14310455322266
168.24761962890625
130.40707397460938
95.92357635498047
183.77879333496094
66.71837615966797
121.87730407714844
110.57771301269531
97.20525360107422
61.174930572509766
64.65486145019531
74.2051010131836
99.76057434082031
77.13449096679688
83.84727478027344
138.0435333251953
102.28832244873047
84.8739242553711
154.585205078125
84.00079345703125
147.05850219726562
105.91849517822266
123.53877258300781
139.22267150878906
346.4537353515625
67.74671173095703
131.14137268066406
105.34970092773438
332.89581298828125
177.8956298828125
79.51594543457031
70.24992370605469
105.57597351074219
94.83541107177734
69.82701110839844
160.3711700439453
63.98994064331055
70.04547882080078
65.63423156738281
73.01203155517578
127.2197494506836
54.917381286621094
102.08000183105469
131.11929321289062
94.71546936035156
171.68568420410156
61.405452728271484
75.90855407714844
65.18766021728516
137.85235595703125
87.59039306640625
54.61874008178711
62.96556091308594
100.21147155761719
115.66500091552734
145.1865997314453
97.9694595336914
86.19762420654297
116.25560760498047
178.0889129638672
58.08134460449219
71.14852905273438
111.20734405517578
67.15811157226562
177.5329132080078
106.3573226928711
80.79782104492188
284.3428955078125
69.53385925292969
72.59453582763672
135.35140991210938
75.58911895751953
94.90568542480469
93.27326202392578
80.89979553222656
124.8822250366211
96.58667755126953
76.1288833618164
123.07177734375
68.84892272949219
62.54521942138672
61.96306228637695
111.08589935302734
119.3479995727539
72.96744537353516
54.585235595703125
78.08212280273438
89.90460205078125
166.09039306640625
160.7698211669922
117.84123992919922
57.192657470703125
73.35562133789062
103.28881072998047
69.053466796875
59.30182647705078
84.9370346069336
80.7472152709961
163.50601196289062
134.64669799804688
59.4528923034668
243.6609344482422
69.91968536376953
61.27436447143555
180.3530731201172
107.97987365722656
120.78700256347656
128.65716552734375
224.5114288330078
154.78390502929688
74.73699951171875
81.576416015625
108.1844711303711
346.1802978515625
78.95880889892578
74.84950256347656
616.4857177734375
77.01042175292969
61.883094787597656
149.4556121826172
126.05697631835938
74.77989196777344
81.25038146972656
161.01187133789062
183.83847045898438
82.14319610595703
72.59082794189453
61.956787109375
81.14022827148438
89.76179504394531
226.1846923828125
89.42536163330078
129.89466857910156
93.34392547607422
64.19796752929688
139.85939025878906
61.40082931518555
75.2948989868164
138.9688720703125
60.57292175292969
138.69680786132812
153.97145080566406
91.85480499267578
103.89450073242188
108.39651489257812
73.44705200195312
92.27892303466797
108.08343505859375
94.05680847167969
112.40880584716797
102.88375091552734
82.012939453125
103.85260009765625
69.85211181640625
73.7514419555664
131.36782836914062
119.80229187011719
259.5865478515625
60.6080207824707
68.8885269165039
74.56822967529297
78.82945251464844
81.26161193847656
65.45696258544922
102.5147933959961
103.52157592773438
82.74207305908203
90.84318542480469
83.94282531738281
102.28799438476562
139.27651977539062
67.07341766357422
125.5232925415039
250.2715606689453
170.04246520996094
79.94131469726562
64.69542694091797
100.53753662109375
109.62265014648438
56.56642532348633
63.366302490234375
111.46937561035156
143.99949645996094
83.83392333984375
117.03018188476562
63.318992614746094
131.04470825195312
155.57435607910156
67.41183471679688
77.13782501220703
151.0187530517578
80.84477996826172
241.34259033203125
59.22602844238281
74.42110443115234
62.06172180175781
78.92913055419922
73.45011901855469
67.84017944335938
130.10003662109375
73.87599182128906
93.96047973632812
145.99156188964844
100.15469360351562
76.71886444091797
74.02678680419922
87.36935424804688
64.64987182617188
82.91636657714844
104.62773132324219
106.7922134399414
103.22594451904297
64.52539825439453
67.9619369506836
127.21553802490234
176.20970153808594
79.6402816772461
74.23040008544922
59.64859390258789
106.54460906982422
102.49104309082031
55.662723541259766
99.23200988769531
97.83918762207031
200.7744903564453
91.24090576171875
71.03240203857422
84.4137191772461
92.89453125
73.24610137939453
136.74862670898438
95.00173950195312
88.01750183105469
68.9960708618164
97.18910217285156
101.89449310302734
100.0674819946289
126.85321044921875
70.70893859863281
72.44837951660156
118.85261535644531
113.74378967285156
66.46498107910156
69.37640380859375
64.30868530273438
67.26387023925781
145.0693817138672
156.10137939453125
76.4141616821289
79.27128601074219
63.9116325378418
76.10645294189453
64.97319030761719
63.277957916259766
90.7864761352539
82.7271499633789
130.25730895996094
114.65642547607422
182.2860870361328
118.6225357055664
105.14198303222656
65.1856918334961
74.46023559570312
67.14781951904297
177.1068572998047
63.24931716918945
88.9235610961914
91.74595642089844
117.2278060913086
148.2621307373047
107.64985656738281
68.39644622802734
74.41401672363281
72.66471862792969
60.140499114990234
55.19655227661133
90.42566680908203
72.84949493408203
61.12269592285156
79.20787811279297
78.7719497680664
339.870849609375
72.59608459472656
136.9307861328125
96.5546875
64.5821533203125
87.59884643554688
108.75765991210938
126.50103759765625
77.50277709960938
179.87582397460938
79.6987075805664
104.87650299072266
83.41234588623047
61.063209533691406
122.80387878417969
219.84152221679688
147.97779846191406
132.98709106445312
68.34063720703125
83.66793823242188
199.79603576660156
59.87089538574219
56.15345764160156
105.94499206542969
111.8448257446289
56.78573226928711
63.707210540771484
101.86830139160156
93.77536010742188
135.5538787841797
67.86686706542969
77.09386444091797
119.51742553710938
102.13127899169922
60.40194320678711
58.91216278076172
93.1427230834961
67.27788543701172
109.46741485595703
71.26297760009766
88.60298919677734
101.9902572631836
74.2649154663086
126.87556457519531
79.96031188964844
126.69656372070312
73.89868927001953
210.23558044433594
74.25956726074219
89.02445220947266
108.72817993164062
75.47952270507812
80.36548614501953
73.34215545654297
62.47354507446289
104.73433685302734
63.741146087646484
59.05360412597656
132.48094177246094
88.36904907226562
82.3622817993164
86.36768341064453
89.71176147460938
95.07289123535156
66.23356628417969
61.10246658325195
60.67441940307617
345.7393798828125
60.98446273803711
75.33197021484375
67.72471618652344
100.00595092773438
91.72488403320312
109.35906219482422
105.15362548828125
55.3484992980957
64.24029541015625
109.14456939697266
66.29219818115234
123.26488494873047
53.35774230957031
78.57238006591797
78.63853454589844
66.76001739501953
152.96022033691406
148.77462768554688
145.56353759765625
52.65916442871094
62.22291564941406
63.29685592651367
61.543155670166016
60.919769287109375
97.46260070800781
94.29524230957031
100.4512710571289
99.53388977050781
124.09960174560547
145.3043212890625
64.24053955078125
117.10855102539062
70.65603637695312
83.88278198242188
149.10987854003906
111.93148803710938
64.18927001953125
116.9443359375
275.9031677246094
78.91094970703125
73.1696548461914
69.23113250732422
167.86859130859375
59.8930549621582
68.2385025024414
97.58355712890625
55.66315460205078
63.687984466552734
74.86884307861328
67.9489517211914
81.39351654052734
55.72731399536133
163.20877075195312
78.64047241210938
59.34263229370117
65.3071060180664
106.32666778564453
54.49598693847656
65.35646057128906
149.26629638671875
86.56378173828125
58.56977844238281
93.04522705078125
115.33142852783203
69.00904083251953
62.9375114440918
104.88243103027344
98.05431365966797
65.92630004882812
356.6192626953125
61.91704559326172
56.93544387817383
68.77203369140625
50.41695785522461
56.504825592041016
79.54114532470703
126.29547882080078
78.85565185546875
89.51327514648438
53.17442321777344
173.5990447998047
55.93582534790039
161.8983154296875
222.93959045410156
146.11285400390625
126.0129623413086
84.88204956054688
59.026641845703125
63.89413070678711
130.8491668701172
86.39483642578125
186.6143798828125
96.64352416992188
84.04625701904297
112.54795837402344
91.85345458984375
75.4916763305664
100.91043090820312
148.47601318359375
104.4616928100586
63.58356475830078
80.6767807006836
132.7928009033203
108.73065185546875
57.932430267333984
109.66730499267578
62.043697357177734
73.01727294921875
194.36358642578125
82.65669250488281
176.83114624023438
65.3044662475586
59.76140594482422
163.39112854003906
63.43964767456055
66.0703125
104.4030990600586
70.44861602783203
108.55406188964844
70.38577270507812
91.171630859375
105.25263977050781
59.8447265625
127.32429504394531
91.53964233398438
99.02916717529297
107.0322265625
107.31364440917969
391.8197326660156
95.12560272216797
82.79641723632812
89.99649047851562
133.16259765625
169.47698974609375
90.96710968017578
59.09418869018555
151.0951385498047
104.17640686035156
71.86674499511719
79.49098205566406
225.90863037109375
78.81342315673828
229.3702392578125
60.22049331665039
67.67080688476562
59.9322624206543
131.37477111816406
93.30908203125
85.82798767089844
86.50743865966797
71.80734252929688
152.18858337402344
118.19615173339844
67.84074401855469
56.66618728637695
103.13864135742188
100.90074920654297
89.60107421875
78.32746124267578
94.55322265625
61.67433166503906
65.0875473022461
59.917396545410156
98.80750274658203
65.27794647216797
75.36288452148438
56.38145065307617
109.51966094970703
79.83663940429688
79.35887908935547
67.2666244506836
73.9444351196289
68.73023986816406
226.68865966796875
68.81429290771484
341.2920837402344
70.53839874267578
212.70916748046875
54.96500015258789
70.80274963378906
63.4687614440918
197.2686309814453
86.82044982910156
77.93074035644531
80.21868896484375
207.67691040039062
151.1768035888672
60.627891540527344
140.15496826171875
64.02201080322266
107.8711166381836
125.3979721069336
82.03547668457031
85.6032485961914
97.39094543457031
194.36500549316406
67.2433090209961
192.84129333496094
281.4847106933594
67.32801055908203
87.47966003417969
58.07267761230469
169.63223266601562
64.151611328125
72.06089782714844
62.392906188964844
67.96054077148438
126.7267074584961
76.66848754882812
88.87307739257812
53.936973571777344
68.71441650390625
118.23438262939453
89.91584777832031
58.11373519897461
73.18983459472656
74.7922592163086
69.90715026855469
151.7299041748047
84.04503631591797
60.85514831542969
177.1309051513672
133.09812927246094
58.59221267700195
189.40428161621094
78.98685455322266
127.38277435302734
59.743690490722656
60.5073356628418
74.49003601074219
70.91258239746094
125.1069564819336
55.81437683105469
185.98753356933594
155.7476806640625
98.6336898803711
86.078125
57.675018310546875
167.5796661376953
78.43855285644531
121.49320220947266
94.28093719482422
175.7681884765625
94.36137390136719
94.56536865234375
69.14134979248047
64.14373779296875
116.54837799072266
145.1151580810547
130.9610595703125
194.02999877929688
68.38204956054688
164.4610595703125
178.38551330566406
81.11798858642578
136.57896423339844
61.12444305419922
66.9361801147461
59.347251892089844
119.07745361328125
54.91952133178711
71.069091796875
81.32209777832031
112.05060577392578
84.5761947631836
62.465187072753906
60.37456512451172
55.723018646240234
64.06716918945312
203.69613647460938
336.2342224121094
76.58782196044922
59.9454460144043
106.24591827392578
59.477054595947266
71.14744567871094
69.54467010498047
83.09025573730469
120.5245132446289
91.24331665039062
77.02749633789062
74.31132507324219
70.39661407470703
58.063804626464844
63.332969665527344
61.839473724365234
60.94904708862305
225.7412872314453
60.1024284362793
126.92709350585938
61.99215316772461
59.067901611328125
98.13580322265625
70.74085998535156
108.97621154785156
63.690879821777344
147.3079833984375
115.8470687866211
87.53218841552734
111.98322296142578
94.50574493408203
64.41616821289062
144.69773864746094
54.30451583862305
154.7795867919922
75.02168273925781
90.08728790283203
116.45427703857422
73.78116607666016
193.02345275878906
91.3171615600586
139.24781799316406
61.2230110168457
134.4183349609375
150.87936401367188
66.03469848632812
118.19896697998047
63.292537689208984
105.80619049072266
95.88699340820312
109.10783386230469
80.81048583984375
72.96721649169922
63.601375579833984
67.71524810791016
64.13778686523438
80.30225372314453
75.30825805664062
209.12875366210938
77.14839172363281
140.9608917236328
86.49240112304688
137.25367736816406
113.14427947998047
84.48574829101562
69.05752563476562
55.22401428222656
145.8369598388672
69.11810302734375
65.03800201416016
70.72889709472656
70.02025604248047
72.4511489868164
62.167598724365234
83.40913391113281
85.42999267578125
73.67704772949219
229.66790771484375
98.6220474243164
59.406585693359375
111.66674041748047
178.68670654296875
66.69314575195312
146.6180419921875
260.5982666015625
64.30793762207031
77.3646011352539
60.8637809753418
70.37617492675781
62.426231384277344
70.1639633178711
65.14634704589844
111.62298583984375
209.23138427734375
85.9898452758789
146.0375518798828
73.0071792602539
58.31734848022461
73.00653839111328
108.2053451538086
56.94710922241211
167.9678955078125
81.13314819335938
92.12732696533203
137.61314392089844
157.8207550048828
96.80953216552734
144.0986785888672
62.361846923828125
135.6867218017578
160.82302856445312
84.73748779296875
63.361968994140625
83.7231674194336
59.5800666809082
58.45908737182617
129.25843811035156
61.42621994018555
61.299598693847656
138.06394958496094
93.64140319824219
167.6930694580078
58.845802307128906
60.868465423583984
54.174259185791016
68.57865905761719
88.33557891845703
54.345115661621094
87.77075958251953
384.7294006347656
120.75045776367188
60.517791748046875
81.91287231445312
75.74859619140625
58.67152404785156
143.38229370117188
110.149658203125
85.00757598876953
58.71438980102539
66.38831329345703
59.373046875
93.52246856689453
71.6003646850586
90.30860137939453
63.15625
74.7452392578125
67.02911376953125
64.9950942993164
76.01898193359375
79.54944610595703
62.4880256652832
144.6082000732422
89.8108139038086
62.832305908203125
53.845829010009766
74.46270751953125
69.66073608398438
65.24930572509766
73.84139251708984
101.65460205078125
65.76962280273438
53.752044677734375
122.98295593261719
68.74713134765625
91.69697570800781
62.33720397949219
52.83702087402344
93.6535415649414
170.7132568359375
119.1308822631836
92.45758056640625
100.90062713623047
57.241127014160156
99.3886489868164
181.8463134765625
81.7043685913086
50.044368743896484
172.21328735351562
56.22759246826172
72.42555236816406
54.28293991088867
58.310218811035156
75.5199966430664
92.34259796142578
61.4608268737793
51.7509651184082
68.8242416381836
57.275970458984375
71.29803466796875
90.83004760742188
65.15677642822266
80.60709381103516
62.0718994140625
149.10580444335938
51.56596755981445
69.11972045898438
158.28831481933594
88.28312683105469
51.09821319580078
57.24152755737305
65.3079833984375
65.0108871459961
87.3477554321289
60.12430191040039
121.35366821289062
81.9925765991211
62.614315032958984
71.76596069335938
65.35745239257812
67.00730895996094
58.979034423828125
102.25083923339844
323.3668212890625
140.68394470214844
71.19522857666016
94.62673950195312
57.16261672973633
310.9223937988281
56.027130126953125
119.83544921875
64.4493637084961
146.49810791015625
76.68767547607422
186.2864990234375
137.2503662109375
123.39422607421875
60.451725006103516
111.36602783203125
106.4264144897461
55.453487396240234
55.347042083740234
78.82401275634766
88.36608123779297
76.7458267211914
210.45965576171875
86.0207290649414
83.98576354980469
176.97361755371094
53.77796936035156
67.88323974609375
132.34091186523438
71.87991333007812
81.78155517578125
53.317222595214844
65.80968475341797
138.58309936523438
75.57453155517578
118.66773223876953
47.015899658203125
50.93858337402344
81.02552032470703
59.10255813598633
98.15593719482422
119.18869018554688
103.87364959716797
57.31752014160156
193.53875732421875
105.5922622680664
61.844444274902344
80.64019012451172
54.134098052978516
59.00361633300781
147.7587432861328
88.58564758300781
82.51396179199219
66.48616027832031
59.9310417175293
58.627342224121094
95.91880798339844
165.6737823486328
87.36681365966797
90.40158081054688
53.1341552734375
124.30255889892578
94.99839782714844
69.08584594726562
134.13401794433594
50.07524108886719
219.1807861328125
62.61375045776367
62.130924224853516
62.017093658447266
78.01962280273438
115.01785278320312
79.36039733886719
56.094478607177734
161.4636688232422
59.306495666503906
73.42387390136719
122.09085845947266
75.56173706054688
103.81076049804688
195.89320373535156
73.007568359375
70.36387634277344
79.54925537109375
65.03608703613281
64.61834716796875
59.58660125732422
105.14155578613281
51.5556755065918
106.06322479248047
224.82534790039062
78.6671371459961
80.990234375
67.96186828613281
155.4647216796875
61.63825988769531
78.35221099853516
56.256065368652344
66.78221893310547
352.5623474121094
416.3970031738281
155.4281005859375
80.19723510742188
123.41366577148438
85.43304443359375
75.69236755371094
107.8814926147461
88.21141815185547
225.34523010253906
136.25802612304688
60.97684097290039
64.56599426269531
102.23151397705078
176.7328338623047
115.00061798095703
82.26646423339844
54.93561935424805
333.8712158203125
64.86930084228516
87.4197006225586
70.89940643310547
80.46478271484375
65.05748748779297
88.61327362060547
86.4596939086914
115.50847625732422
176.05076599121094
270.318115234375
162.32920837402344
235.77357482910156
80.64441680908203
149.63470458984375
136.4420623779297
72.5195541381836
110.46112060546875
290.8788757324219
54.25997543334961
60.993125915527344
79.79829406738281
91.8462905883789
58.310935974121094
113.4048843383789
70.0912094116211
139.4139404296875
381.8149108886719
55.25926208496094
443.177490234375
201.9686737060547
130.53282165527344
190.81813049316406
104.8486328125
160.7006378173828
149.0740509033203
187.99163818359375
61.86726379394531
107.2713851928711
122.23981475830078
73.04779052734375
62.568214416503906
68.83582305908203
130.0264892578125
82.40010070800781
161.55934143066406
63.86319351196289
93.50151062011719
149.41261291503906
412.6382141113281
89.6748275756836
298.1081848144531
136.44969177246094
182.74191284179688
85.21446990966797
98.31702423095703
86.55049133300781
94.19475555419922
63.12538528442383
77.62419128417969
83.42864227294922
118.42803955078125
161.66632080078125
65.01215362548828
77.04989624023438
80.1177978515625
64.83124542236328
81.26251220703125
81.4240493774414
118.85858154296875
74.18897247314453
65.92081451416016
106.54536437988281
57.57221603393555
102.65347290039062
61.82548904418945
67.36785125732422
69.60040283203125
60.78789138793945
127.63797760009766
72.20568084716797
67.14414978027344
104.33245849609375
174.38694763183594
94.52008056640625
58.14592742919922
178.10569763183594
76.49629211425781
63.12801742553711
60.79450607299805
101.11685180664062
73.09671783447266
79.7425765991211
78.10466003417969
219.4001922607422
447.4150695800781
79.39633178710938
134.61868286132812
113.3390121459961
107.77985382080078
79.38447570800781
169.27658081054688
77.53234100341797
114.2134017944336
70.94258117675781
68.56982421875
64.43234252929688
93.58409881591797
56.583534240722656
87.52417755126953
58.66953659057617
156.17291259765625
65.15929412841797
58.771209716796875
95.70992279052734
79.99360656738281
82.40635681152344
80.44046020507812
116.13134765625
88.68781280517578
159.87159729003906
68.60122680664062
187.70335388183594
71.56527709960938
82.77175903320312
81.75103759765625
107.03246307373047
65.55020141601562
68.90945434570312
76.86735534667969
214.76730346679688
100.37639617919922
57.93441390991211
70.34571075439453
176.16404724121094
111.32714080810547
139.03794860839844
174.51695251464844
70.31585693359375
81.76245880126953
110.9688949584961
80.2785873413086
441.32952880859375
61.032997131347656
74.48846435546875
65.01321411132812
66.9276351928711
80.58204650878906
111.21617126464844
131.3662567138672
58.89979934692383
68.24366760253906
109.57254791259766
140.8332061767578
57.09370040893555
63.511287689208984
75.8853530883789
59.921287536621094
91.24282836914062
68.9975814819336
54.308963775634766
69.09278106689453
83.10070037841797
106.79683685302734
87.50350952148438
122.53511047363281
65.71190643310547
55.624874114990234
232.98348999023438
80.84904479980469
93.14547729492188
128.1001739501953
62.65080642700195
98.51983642578125
104.90939331054688
88.33468627929688
279.0184326171875
60.40217590332031
128.24330139160156
93.56507873535156
161.7597198486328
59.75373840332031
58.70048522949219
81.73961639404297
54.56893539428711
88.51695251464844
61.97291946411133
135.5985870361328
60.98796081542969
70.83629608154297
53.822853088378906
78.0096206665039
69.82862091064453
119.40248107910156
83.33816528320312
98.06990051269531
54.297813415527344
113.3161392211914
111.19123840332031
63.72697448730469
121.33728790283203
76.72163391113281
57.867462158203125
55.99620056152344
54.299617767333984
57.95771408081055
86.6913070678711
63.68734359741211
66.00740051269531
76.96337890625
81.47909545898438
81.5297622680664
67.0970687866211
79.05003356933594
67.69701385498047
79.85672760009766
70.49593353271484
132.46759033203125
181.86386108398438
68.34449768066406
244.84988403320312
129.97940063476562
127.79043579101562
146.6069793701172
72.55537414550781
61.6765251159668
65.52522277832031
240.39759826660156
83.99423217773438
111.81364440917969
64.70622253417969
182.51319885253906
193.17054748535156
171.23216247558594
122.41808319091797
90.43224334716797
128.12155151367188
58.18772888183594
119.1792221069336
58.84125900268555
142.7941131591797
91.72247314453125
78.94237518310547
69.84381103515625
55.663612365722656
76.37222290039062
109.1425552368164
69.72722625732422
61.7186393737793
289.7813720703125
144.6625213623047
179.9857635498047
85.24591827392578
66.22843170166016
55.853023529052734
177.10107421875
88.2051010131836
220.50692749023438
126.09162902832031
103.71048736572266
101.97395324707031
133.10743713378906
202.3213653564453
77.8283462524414
60.93157196044922
68.83139038085938
262.4290771484375
254.10226440429688
99.57215118408203
104.21289825439453
60.698570251464844
60.784942626953125
57.1010627746582
89.08024597167969
54.73810958862305
102.50531005859375
358.60504150390625
62.19496154785156
83.90319061279297
69.90950775146484
69.94912719726562
113.9835433959961
117.14537811279297
87.96694946289062
69.02621459960938
105.48368835449219
115.04721069335938
114.04979705810547
86.30046081542969
69.12137603759766
88.50603485107422
58.757205963134766
206.79409790039062
52.90773391723633
313.4393005371094
75.02301025390625
72.5206527709961
52.47124099731445
113.07898712158203
59.378562927246094
72.83634948730469
211.74267578125
87.78182983398438
70.68244171142578
143.85946655273438
78.9065933227539
90.84800720214844
63.817291259765625
91.07305908203125
58.57050704956055
61.01555633544922
168.1271514892578
83.7846450805664
91.94080352783203
92.8614273071289
56.206905364990234
79.42578887939453
64.71331787109375
55.28139114379883
76.66967010498047
187.4990234375
60.650875091552734
59.4473762512207
59.496360778808594
64.83666229248047
93.41029357910156
281.8070983886719
122.93746948242188
75.71167755126953
69.62610626220703
154.2520751953125
59.95354461669922
113.6694564819336
69.13488006591797
178.2255401611328
58.48533248901367
135.5677947998047
59.36410140991211
311.8462219238281
139.3717498779297
93.28889465332031
61.446533203125
119.29397583007812
65.71234893798828
152.4832763671875
57.40629959106445
109.94328308105469
90.45133972167969
74.08663177490234
199.37156677246094
56.860450744628906
51.221099853515625
218.8651580810547
145.07325744628906
68.6129150390625
170.9515838623047
58.8017463684082
56.11582565307617
70.34081268310547
55.17326354980469
54.161678314208984
81.77416229248047
63.572540283203125
126.63427734375
65.72659301757812
77.22901153564453
86.59709167480469
67.55401611328125
96.75592803955078
88.0162582397461
190.36285400390625
146.05712890625
148.1701202392578
93.22071075439453
77.14439392089844
74.62610626220703
179.16888427734375
102.44507598876953
60.015872955322266
52.22111892700195
50.161861419677734
62.37100601196289
69.51130676269531
53.74729537963867
57.159725189208984
148.31069946289062
95.76087188720703
60.973392486572266
503.1329345703125
47.655364990234375
78.8031997680664
161.1018829345703
75.58295440673828
55.272029876708984
75.68737030029297
158.60467529296875
53.522247314453125
95.07148742675781
138.20840454101562
115.7732925415039
55.89859390258789
93.92341613769531
65.46478271484375
63.614620208740234
74.38803100585938
83.04736328125
64.91127014160156
84.83855438232422
134.73867797851562
111.2212142944336
112.34136962890625
97.22439575195312
76.5510482788086
71.32384490966797
343.25457763671875
55.600746154785156
77.86254119873047
58.9249153137207
56.779056549072266
78.66923522949219
80.29891967773438
67.65339660644531
59.8491325378418
51.269813537597656
83.94808959960938
65.48133087158203
139.42538452148438
130.82066345214844
51.47499465942383
133.73716735839844
93.34851837158203
81.9820327758789
