11109.7958984375
8509.8359375
11506.73828125
10621.8876953125
8626.291015625
9873.0556640625
8091.076171875
11220.9921875
9648.5185546875
8580.5068359375
7380.41796875
6051.029296875
9051.7451171875
7798.07763671875
7062.7587890625
8619.6708984375
6698.322265625
6052.90869140625
6334.93359375
7321.65380859375
7018.4951171875
7876.6904296875
6116.7275390625
5993.3544921875
6005.45751953125
7144.81396484375
6289.78076171875
5001.623046875
5114.63427734375
4801.62744140625
4260.833984375
4298.66845703125
3936.3359375
5764.11181640625
4902.5654296875
3548.36083984375
4014.587890625
4632.642578125
5278.634765625
3828.298095703125
4735.23046875
3703.445068359375
4208.40234375
4081.1826171875
3340.6025390625
3983.489990234375
2487.035888671875
4039.1494140625
3211.964599609375
3885.7109375
3149.4375
2126.121337890625
2221.699951171875
2536.127197265625
1901.5457763671875
1988.0084228515625
2768.1875
1982.715576171875
2407.945556640625
2134.88525390625
2807.526611328125
1682.6715087890625
1874.1058349609375
2690.8935546875
1514.4168701171875
1168.3702392578125
1323.767333984375
1249.1231689453125
1529.93701171875
1042.095947265625
1771.1103515625
1088.9405517578125
924.634765625
1734.78125
1022.9773559570312
1051.3685302734375
857.1795043945312
1546.5374755859375
1293.2874755859375
1187.8543701171875
975.6425170898438
680.6236572265625
578.9964599609375
653.3184204101562
962.8672485351562
813.2806396484375
306.149169921875
419.3619384765625
341.6386413574219
926.7521362304688
370.3920593261719
950.516845703125
815.2005615234375
781.0755615234375
1234.991943359375
1031.9276123046875
462.3846740722656
475.96563720703125
239.52037048339844
761.796142578125
750.8253173828125
421.1370849609375
452.11859130859375
525.2294311523438
285.7315673828125
227.8784637451172
294.776123046875
329.4257507324219
243.21908569335938
187.56988525390625
261.84344482421875
327.1162414550781
182.4222869873047
238.73435974121094
154.20225524902344
144.32052612304688
215.2881317138672
122.39375305175781
174.61207580566406
130.71514892578125
92.28158569335938
379.2426452636719
268.7540283203125
94.30215454101562
103.02730560302734
277.76202392578125
111.01956939697266
138.46365356445312
371.11492919921875
91.56800079345703
136.99942016601562
71.28067016601562
104.63468933105469
81.72978210449219
78.17320251464844
70.34391784667969
98.7892074584961
53.64591979980469
61.961612701416016
111.25654602050781
51.75068664550781
60.5688362121582
195.4761505126953
60.31781768798828
105.51304626464844
102.66204833984375
67.95020294189453
189.05642700195312
41.419437408447266
68.55511474609375
71.3336410522461
106.09770202636719
51.846351623535156
56.063926696777344
86.95092010498047
91.18045043945312
37.87990188598633
234.01856994628906
54.94063949584961
68.5315170288086
102.04871368408203
41.75974655151367
24.500282287597656
59.503570556640625
70.037353515625
55.11625671386719
58.65199279785156
29.945669174194336
117.94178009033203
55.88136672973633
28.147201538085938
75.8015365600586
250.01824951171875
54.7637939453125
74.81595611572266
42.95856475830078
73.28256225585938
26.209314346313477
43.766300201416016
62.382606506347656
46.94646072387695
32.464115142822266
29.009382247924805
43.779502868652344
30.938047409057617
100.87381744384766
49.51286315917969
59.68293762207031
41.994903564453125
39.38508605957031
36.38902282714844
23.090482711791992
72.109619140625
32.17975997924805
52.32122039794922
62.28464889526367
101.23545837402344
316.68865966796875
172.2576904296875
78.42595672607422
24.446754455566406
22.568374633789062
106.47366333007812
121.23220825195312
22.598329544067383
22.080656051635742
122.66326904296875
24.9155330657959
89.2982406616211
18.848838806152344
28.94876480102539
78.68233489990234
23.868322372436523
93.81198120117188
29.683837890625
19.331886291503906
16.638568878173828
74.0490493774414
42.89555358886719
302.8319091796875
21.81927490234375
35.945735931396484
40.07142639160156
12.312679290771484
47.91399383544922
13.957657814025879
19.933853149414062
38.83087158203125
192.55575561523438
164.6662139892578
41.389217376708984
36.5852165222168
51.459190368652344
130.3585205078125
61.805809020996094
21.503931045532227
246.27711486816406
17.319656372070312
35.130374908447266
39.907657623291016
35.166072845458984
57.13945770263672
24.222307205200195
18.314624786376953
53.75724792480469
24.757333755493164
92.44973754882812
16.412853240966797
13.808855056762695
47.46492004394531
45.75788116455078
93.45791625976562
26.933181762695312
32.125511169433594
66.23553466796875
13.380614280700684
83.95417022705078
75.41199493408203
57.845245361328125
18.260995864868164
15.228353500366211
17.391315460205078
24.347841262817383
80.86477661132812
40.34669876098633
47.47771453857422
23.410852432250977
48.151092529296875
80.28216552734375
57.599063873291016
25.368864059448242
52.09202575683594
35.69036102294922
383.1875
50.148075103759766
34.219764709472656
86.59148406982422
155.3563232421875
59.28145980834961
53.774269104003906
21.798227310180664
75.52294921875
23.846975326538086
47.1112060546875
17.330900192260742
30.52581024169922
23.409523010253906
17.549009323120117
261.01055908203125
66.76219940185547
17.426345825195312
90.41378784179688
22.22606658935547
28.421297073364258
31.753376007080078
24.434593200683594
109.7061538696289
79.95479583740234
30.072586059570312
27.7810115814209
175.9151611328125
41.572166442871094
164.1710205078125
50.55059051513672
124.35136413574219
54.201271057128906
29.57988929748535
63.04425811767578
16.839170455932617
22.496549606323242
22.016572952270508
18.275304794311523
41.083282470703125
27.68295669555664
18.664030075073242
47.78156661987305
59.12412643432617
30.785686492919922
43.74794387817383
21.4249267578125
19.7376651763916
22.167369842529297
93.95953369140625
48.127559661865234
15.297321319580078
22.451536178588867
86.9216537475586
70.54488372802734
80.7291488647461
36.573917388916016
15.124547958374023
57.736228942871094
42.54982376098633
175.8759765625
216.31471252441406
16.92029571533203
68.35824584960938
198.8561553955078
69.8893051147461
20.737995147705078
35.24628448486328
20.517009735107422
82.67494201660156
17.331449508666992
129.67556762695312
26.56624984741211
15.118280410766602
19.256397247314453
9.972809791564941
16.4641056060791
94.53889465332031
27.20551300048828
36.29502868652344
39.254634857177734
79.2359390258789
79.80734252929688
23.05756378173828
34.48092269897461
15.041316032409668
71.58357238769531
25.987852096557617
11.998865127563477
88.62333679199219
14.142553329467773
40.15534973144531
40.918922424316406
30.92020034790039
17.442249298095703
105.3534164428711
106.58296966552734
74.75151062011719
27.159683227539062
16.271081924438477
66.3608169555664
22.83179473876953
42.32725143432617
50.753517150878906
31.604028701782227
51.971099853515625
15.346199035644531
103.63528442382812
7.1592631340026855
109.06111145019531
7.702571868896484
64.4513168334961
25.956335067749023
16.834257125854492
37.798484802246094
9.59850788116455
13.787032127380371
16.079008102416992
55.561553955078125
25.665327072143555
17.671018600463867
106.45804595947266
10.976227760314941
60.270782470703125
94.68632507324219
21.283403396606445
192.54493713378906
51.203521728515625
68.77276611328125
17.549253463745117
95.98218536376953
139.8356475830078
26.548738479614258
14.162463188171387
8.163433074951172
22.474355697631836
17.61058807373047
132.72801208496094
22.69159698486328
51.159751892089844
31.302316665649414
14.51849365234375
211.53297424316406
113.33373260498047
43.112911224365234
27.0394344329834
59.84846115112305
12.966879844665527
63.028282165527344
80.47718048095703
39.99207305908203
33.580997467041016
17.72272300720215
26.701379776000977
65.19196319580078
25.222505569458008
24.561147689819336
28.0386962890625
12.344171524047852
14.733149528503418
64.18224334716797
57.28718185424805
156.4949188232422
44.10145568847656
8.993107795715332
56.4964599609375
65.21214294433594
20.351076126098633
42.19947814941406
128.34310913085938
129.32530212402344
36.35300064086914
33.7378044128418
17.966218948364258
66.45992279052734
20.674558639526367
29.1220645904541
57.35686492919922
108.10710906982422
14.469422340393066
16.988676071166992
122.8475112915039
23.271440505981445
21.496713638305664
21.629131317138672
9.655345916748047
48.27815246582031
36.60725402832031
191.3239288330078
41.011810302734375
18.00387954711914
10.156082153320312
64.74706268310547
33.877716064453125
27.212099075317383
72.47390747070312
13.8761568069458
64.5140609741211
13.344632148742676
179.4268035888672
8.318970680236816
136.38548278808594
28.30620574951172
92.5714340209961
66.4287338256836
50.19682693481445
104.83080291748047
42.92210388183594
15.138947486877441
163.8097686767578
50.521018981933594
168.0825958251953
111.61552429199219
288.77862548828125
26.07779312133789
76.52494812011719
23.31525230407715
27.535573959350586
62.64533996582031
14.684162139892578
18.270414352416992
42.2703971862793
19.393747329711914
93.09333801269531
25.49957275390625
25.237503051757812
30.130142211914062
145.80410766601562
20.5314884185791
55.37702560424805
42.778076171875
42.128536224365234
80.06680297851562
20.944005966186523
63.27061462402344
18.515880584716797
39.598655700683594
191.76373291015625
9.6530122756958
33.094173431396484
341.60626220703125
30.23406982421875
30.889341354370117
11.67959213256836
54.85292434692383
144.8096466064453
20.293750762939453
26.166675567626953
14.42611312866211
63.702796936035156
20.082311630249023
52.08544921875
17.681657791137695
20.934663772583008
39.0482292175293
63.71379852294922
54.78511047363281
95.706787109375
35.35563278198242
6.311376571655273
8.805046081542969
58.92143630981445
21.60012435913086
17.400833129882812
41.754844665527344
14.734521865844727
11.003826141357422
92.574951171875
6.812064170837402
159.54898071289062
42.35625457763672
39.4941520690918
504.80120849609375
154.91363525390625
18.82187271118164
12.747862815856934
4.796460151672363
19.424930572509766
16.542043685913086
105.90272521972656
223.32386779785156
18.757545471191406
61.977012634277344
50.19780349731445
11.676279067993164
18.109071731567383
50.4766960144043
240.55873107910156
79.03068542480469
117.78614044189453
78.28150177001953
104.05894470214844
77.9889907836914
9.821595191955566
19.71967124938965
35.39875793457031
59.9193000793457
26.992158889770508
112.71565246582031
95.51746368408203
35.93574142456055
9.249946594238281
24.007556915283203
26.441343307495117
19.747190475463867
9.697916984558105
11.37989616394043
27.61829376220703
18.822189331054688
21.88190460205078
14.632107734680176
83.67543029785156
25.944313049316406
41.913421630859375
15.876230239868164
19.27276039123535
33.96427917480469
100.62774658203125
37.94281005859375
77.52542114257812
36.484710693359375
28.688589096069336
79.09085845947266
26.807703018188477
13.579726219177246
26.882905960083008
27.341415405273438
30.28104019165039
52.169551849365234
20.3026065826416
56.58913040161133
184.6551513671875
30.692033767700195
90.73363494873047
9.975378036499023
6.719546318054199
94.24462127685547
37.83635330200195
11.121809005737305
84.57547760009766
15.202728271484375
42.57240676879883
13.165151596069336
43.65422821044922
25.533042907714844
21.918045043945312
49.945457458496094
8.118860244750977
34.187889099121094
38.05404281616211
24.176115036010742
27.349384307861328
21.6270694732666
8.306209564208984
41.17499923706055
18.495258331298828
45.24150466918945
10.648808479309082
29.8706111907959
17.27889060974121
13.608001708984375
21.621366500854492
32.914276123046875
58.9334602355957
86.13650512695312
68.5364761352539
123.33248901367188
221.65113830566406
44.19655227661133
6.518190860748291
9.4883451461792
6.333878993988037
25.763927459716797
37.08163070678711
75.79199981689453
323.3704833984375
107.91008758544922
93.3630142211914
7.285670280456543
74.88592529296875
5.584867477416992
77.31111145019531
12.048662185668945
7.989861965179443
4.787160873413086
4.876072883605957
30.355628967285156
5.313023090362549
54.35063552856445
9.256526947021484
29.4267520904541
13.249222755432129
10.762333869934082
28.571096420288086
13.427460670471191
41.701358795166016
41.900386810302734
51.608882904052734
14.755014419555664
3.876216173171997
41.640838623046875
53.417076110839844
58.16123580932617
43.563995361328125
13.025546073913574
14.08047103881836
31.90945816040039
108.88249969482422
22.381053924560547
143.695068359375
26.683530807495117
6.359252452850342
224.20460510253906
4.811619281768799
83.92984008789062
70.27223205566406
35.90931701660156
39.25468444824219
25.488182067871094
78.57628631591797
14.914600372314453
29.290771484375
13.724998474121094
21.251020431518555
164.3214111328125
22.288198471069336
32.60313034057617
92.1784439086914
71.9451675415039
17.68243408203125
10.999977111816406
30.6613826751709
31.567485809326172
14.981664657592773
114.75006103515625
47.721885681152344
12.549979209899902
79.8189697265625
277.40582275390625
26.921977996826172
85.07097625732422
20.78937339782715
27.06549072265625
22.452363967895508
21.88599395751953
84.12442016601562
25.1835994720459
123.89411926269531
27.022056579589844
6.7148332595825195
38.89961242675781
10.08654499053955
108.15093994140625
4.381253719329834
54.002288818359375
14.238203048706055
15.278838157653809
33.642608642578125
10.913150787353516
49.5297966003418
23.999919891357422
36.319908142089844
202.36007690429688
137.80780029296875
27.30413055419922
96.18827056884766
40.6304817199707
18.2497615814209
34.089115142822266
98.36300659179688
31.852001190185547
280.39715576171875
26.743366241455078
29.390844345092773
12.558755874633789
77.22525024414062
37.72166442871094
74.03128051757812
9.88272476196289
15.95907211303711
41.191429138183594
137.74032592773438
10.381427764892578
40.01698684692383
94.232177734375
9.624189376831055
33.25323486328125
27.386171340942383
157.16494750976562
15.084683418273926
22.962614059448242
9.481907844543457
32.56979751586914
27.65283966064453
12.354272842407227
9.329293251037598
10.159117698669434
33.563724517822266
17.37360382080078
16.072792053222656
43.56110382080078
82.08018493652344
32.11089324951172
52.89402389526367
19.680253982543945
52.37967300415039
13.840285301208496
14.169961929321289
9.987530708312988
95.41332244873047
20.603025436401367
33.4398193359375
27.482383728027344
26.724485397338867
22.051591873168945
14.638481140136719
11.666539192199707
19.677995681762695
40.73240661621094
37.08897399902344
6.203391075134277
36.23258972167969
75.71978759765625
30.52996063232422
67.94977569580078
31.14397430419922
33.19599151611328
25.852113723754883
96.9650650024414
37.46463394165039
6.351795196533203
4.9106621742248535
7.431915760040283
31.323637008666992
7.134564399719238
10.740056991577148
12.069472312927246
32.251895904541016
74.71288299560547
7.554617404937744
47.36709976196289
6.168199062347412
53.99684524536133
6.302933216094971
38.705467224121094
52.36192321777344
50.99433517456055
67.55364227294922
17.503931045532227
22.392118453979492
187.8242950439453
162.66928100585938
100.27326965332031
47.916900634765625
10.698417663574219
117.56585693359375
11.60026741027832
44.216941833496094
5.758995532989502
16.99492835998535
99.79312133789062
18.341869354248047
9.246438980102539
9.633940696716309
5.463418483734131
31.856586456298828
21.679527282714844
185.37921142578125
21.665769577026367
4.416329860687256
13.441064834594727
21.132959365844727
12.430961608886719
24.284526824951172
40.67340087890625
10.539392471313477
15.11639404296875
8.003133773803711
34.47383117675781
160.751708984375
48.474090576171875
46.23953628540039
41.57969665527344
14.714176177978516
46.09822082519531
42.001800537109375
19.083026885986328
26.987045288085938
56.147769927978516
79.46009063720703
11.692282676696777
36.49129104614258
47.424442291259766
65.89453125
33.706459045410156
48.02863693237305
12.579951286315918
9.523934364318848
29.79681396484375
18.73259925842285
36.75770950317383
47.1365966796875
8.047389030456543
31.63901138305664
24.570295333862305
10.286452293395996
84.78553771972656
21.80290985107422
70.42530822753906
46.87498092651367
60.56999969482422
24.710830688476562
70.10751342773438
26.85284423828125
10.489679336547852
41.835018157958984
21.30794906616211
118.98986053466797
48.04853820800781
89.140380859375
78.49385070800781
221.1280517578125
17.096864700317383
14.066514015197754
44.01130676269531
6.074467658996582
12.947077751159668
41.572410583496094
11.173831939697266
7.501842021942139
51.186763763427734
102.02361297607422
3.552830219268799
50.676937103271484
25.809995651245117
12.012356758117676
2.26157808303833
56.8928337097168
21.914588928222656
11.932416915893555
72.07604217529297
5.536202907562256
42.0458869934082
14.638365745544434
61.16144943237305
27.242483139038086
28.935749053955078
7.234434127807617
12.882512092590332
2.1894733905792236
20.3739013671875
55.22380828857422
17.93579864501953
5.00861930847168
33.968597412109375
176.60328674316406
9.632647514343262
24.373422622680664
74.28240203857422
8.990350723266602
116.90001678466797
13.431845664978027
12.159302711486816
68.1493148803711
123.79214477539062
21.455480575561523
20.416250228881836
7.2995524406433105
80.61959838867188
85.16201782226562
269.0216064453125
47.53890609741211
16.891998291015625
34.15190124511719
25.638132095336914
101.36673736572266
47.16249465942383
297.3447570800781
5.589072227478027
25.66390609741211
35.18951416015625
16.564289093017578
74.01077270507812
21.991548538208008
24.1656494140625
17.079444885253906
6.805422306060791
66.15789794921875
8.741299629211426
10.002685546875
20.574134826660156
27.419906616210938
33.032440185546875
143.75521850585938
16.880229949951172
23.221097946166992
103.87277221679688
17.290069580078125
60.13108825683594
11.72903823852539
46.26432800292969
20.100400924682617
123.44174194335938
8.879779815673828
14.89162826538086
4.735411643981934
76.30050659179688
70.0013198852539
56.827335357666016
27.568174362182617
68.79102325439453
11.713310241699219
42.07038116455078
23.81073760986328
25.06414794921875
69.4193115234375
55.532501220703125
94.3019790649414
20.15017318725586
18.54804229736328
96.1456069946289
42.08051681518555
12.093989372253418
37.777557373046875
82.0400390625
9.686105728149414
9.089446067810059
9.174480438232422
13.863068580627441
4.8262128829956055
79.9897232055664
66.69013977050781
13.638616561889648
15.897960662841797
52.75373077392578
51.148353576660156
17.30159568786621
11.801234245300293
14.128875732421875
72.76583862304688
11.321850776672363
4.848405838012695
55.823028564453125
17.02095603942871
33.72398376464844
128.48971557617188
2.904942274093628
100.251220703125
14.941974639892578
54.1245231628418
13.252309799194336
24.31743621826172
10.850175857543945
147.69357299804688
20.937206268310547
45.129085540771484
12.309617042541504
39.35926818847656
54.445003509521484
94.23621368408203
46.32881164550781
7.056755542755127
3.5847883224487305
43.38026428222656
19.640199661254883
10.60543441772461
6.344888210296631
23.891281127929688
49.43134307861328
81.63145446777344
66.6639175415039
16.813100814819336
9.082805633544922
17.22014617919922
26.46556854248047
74.8702621459961
32.496986389160156
111.30677795410156
32.205142974853516
15.848379135131836
18.643598556518555
7.911782264709473
3.8574533462524414
56.90480422973633
32.88214111328125
5.082941055297852
34.851375579833984
54.330989837646484
3.6847221851348877
27.68575668334961
7.850808143615723
4.596320629119873
46.193973541259766
28.977807998657227
24.322734832763672
15.907458305358887
13.193231582641602
64.04550170898438
41.40980911254883
30.67623519897461
20.215002059936523
11.219812393188477
8.682707786560059
124.79712677001953
10.862553596496582
48.18296813964844
11.831795692443848
8.331445693969727
10.97270393371582
8.710515022277832
101.78504180908203
95.74413299560547
58.050437927246094
24.865938186645508
58.38454055786133
20.857555389404297
16.285629272460938
64.07982635498047
51.08091354370117
88.66946411132812
12.799278259277344
32.046775817871094
7.026086807250977
14.608684539794922
13.275727272033691
16.73790168762207
99.61691284179688
39.167320251464844
193.4822998046875
15.500480651855469
104.23780059814453
43.01225662231445
64.15155029296875
32.400428771972656
18.16191291809082
86.29691314697266
8.03872013092041
9.719897270202637
10.597646713256836
31.8992862701416
19.89055633544922
178.91278076171875
78.12194061279297
26.686664581298828
27.993375778198242
18.14952850341797
24.24445152282715
29.036550521850586
10.922072410583496
149.8058624267578
62.57868194580078
22.146556854248047
27.674352645874023
59.40668487548828
29.188013076782227
39.352725982666016
18.174192428588867
19.61046600341797
22.038562774658203
9.681112289428711
6.68140983581543
11.725892066955566
8.129319190979004
7.263556480407715
50.106788635253906
23.422500610351562
44.28241729736328
52.860904693603516
154.37783813476562
4.114332675933838
22.988603591918945
14.558963775634766
10.299408912658691
39.27226257324219
16.32980728149414
11.973871231079102
8.844091415405273
5.9182000160217285
60.2728271484375
15.913036346435547
70.08734893798828
9.74128532409668
20.818836212158203
15.995561599731445
83.3416976928711
13.300997734069824
11.091739654541016
10.2033052444458
190.2788848876953
51.2645378112793
7.357790946960449
78.90192413330078
60.179481506347656
19.12921905517578
38.439754486083984
67.19245910644531
3.2169058322906494
13.382935523986816
132.78660583496094
14.9546537399292
75.56143188476562
15.552623748779297
156.80519104003906
4.511798858642578
14.943984031677246
10.555074691772461
27.91912841796875
19.353357315063477
102.1889877319336
10.588269233703613
11.14529800415039
16.186878204345703
61.69839859008789
34.90085983276367
20.4054012298584
8.817044258117676
9.618928909301758
2.2093071937561035
21.5220890045166
34.58390808105469
2.9991631507873535
9.303791046142578
27.195697784423828
59.4886474609375
23.73076629638672
14.320103645324707
6.088784694671631
12.998120307922363
120.56692504882812
13.899548530578613
16.92627716064453
313.60992431640625
6.840401649475098
221.9699249267578
35.02507019042969
19.852951049804688
20.986738204956055
15.620121955871582
73.83924865722656
38.026309967041016
34.7748908996582
45.25966262817383
200.1121063232422
9.553339004516602
16.955995559692383
34.30243682861328
234.1513214111328
73.31425476074219
16.48379898071289
7.311888217926025
39.756526947021484
18.604768753051758
84.25841522216797
54.1083984375
140.98313903808594
34.41908264160156
59.27409362792969
28.472375869750977
27.124835968017578
36.28902053833008
6.8996124267578125
106.18783569335938
12.808204650878906
32.28569412231445
29.78333282470703
92.0566635131836
41.88823318481445
71.87409210205078
10.880797386169434
15.442418098449707
7.655264377593994
43.980770111083984
25.392969131469727
23.914155960083008
15.821066856384277
68.40170288085938
57.1301155090332
44.234195709228516
40.55943298339844
23.424345016479492
14.235156059265137
20.63787841796875
75.2864990234375
79.45601654052734
42.73371124267578
27.512479782104492
9.986710548400879
18.567153930664062
47.399478912353516
33.252079010009766
31.9466609954834
117.39115142822266
47.14067459106445
9.889395713806152
52.724517822265625
7.898014545440674
43.03806686401367
29.07528305053711
44.294158935546875
90.48682403564453
22.406356811523438
5.700707912445068
84.37604522705078
6.689959526062012
62.290771484375
4.300558090209961
13.290462493896484
128.61898803710938
11.984310150146484
34.14384078979492
77.38863372802734
15.652034759521484
48.96046829223633
16.455333709716797
40.86466979980469
22.882421493530273
48.45503234863281
25.345617294311523
194.3537139892578
94.685546875
16.365121841430664
5.640522003173828
6.2373552322387695
203.39527893066406
31.107128143310547
32.39738845825195
18.84061622619629
32.534175872802734
6.260149002075195
43.573387145996094
82.2988510131836
58.144676208496094
56.431583404541016
52.655975341796875
38.4036750793457
12.094975471496582
21.060850143432617
7.0028767585754395
4.2367658615112305
144.72979736328125
108.7777328491211
8.81907844543457
28.44365692138672
5.534473419189453
149.48202514648438
7.237293243408203
8.5435209274292
9.397372245788574
48.882076263427734
77.11968994140625
14.791370391845703
45.24159240722656
21.120622634887695
27.140146255493164
13.156193733215332
118.2757797241211
31.681079864501953
112.20465087890625
47.07097625732422
122.46842956542969
13.899565696716309
30.895954132080078
196.54429626464844
3.2965166568756104
4.658534526824951
31.2498836517334
2.839444637298584
79.6031723022461
28.662172317504883
150.744873046875
18.94451904296875
4.429566860198975
29.603961944580078
25.123666763305664
6.544734001159668
5.70205545425415
27.743549346923828
22.632280349731445
14.164385795593262
4.148071765899658
17.951488494873047
40.04532241821289
5.586122512817383
18.08234977722168
74.73394775390625
52.324485778808594
75.86026763916016
39.252235412597656
62.8522834777832
16.41675567626953
87.17591857910156
36.8937873840332
107.04095458984375
4.4101152420043945
19.514541625976562
9.097343444824219
7.129342079162598
157.64688110351562
3.3551242351531982
25.176101684570312
60.54490280151367
14.522724151611328
92.8836898803711
26.113554000854492
115.10797119140625
8.644074440002441
98.56040954589844
44.8183708190918
54.35722732543945
73.43675231933594
18.883926391601562
34.855770111083984
10.471894264221191
6.692978382110596
10.100866317749023
19.11441421508789
155.46719360351562
155.4558563232422
149.7538604736328
15.085502624511719
10.826952934265137
12.801050186157227
10.166905403137207
17.071998596191406
201.4312744140625
20.772409439086914
15.219006538391113
88.18279266357422
28.949111938476562
14.91097640991211
19.9571533203125
36.17863845825195
16.125497817993164
26.821435928344727
17.40011215209961
134.9804229736328
29.405752182006836
99.45166015625
96.98222351074219
6.212558746337891
216.07928466796875
17.25933074951172
6.476468563079834
17.15613555908203
4.323382377624512
21.357078552246094
8.773176193237305
17.953964233398438
9.164299011230469
49.611724853515625
166.0857391357422
13.731330871582031
29.83089828491211
65.73670196533203
18.970182418823242
132.8826141357422
33.21583557128906
50.12309646606445
30.443132400512695
113.21404266357422
12.360769271850586
379.9535217285156
86.86754608154297
48.232177734375
22.44991683959961
16.185752868652344
36.79063415527344
23.587892532348633
34.10038757324219
118.00752258300781
36.24861526489258
39.69026184082031
26.046955108642578
23.855253219604492
47.34359359741211
24.7166748046875
11.71760368347168
14.656621932983398
44.108848571777344
6.8258867263793945
6.741903305053711
39.64830017089844
11.685222625732422
8.834610939025879
14.588210105895996
31.773487091064453
9.42894172668457
24.704343795776367
8.95854377746582
117.21768188476562
7.372930526733398
11.539569854736328
16.185340881347656
259.22479248046875
41.961944580078125
137.43670654296875
21.31003189086914
14.596125602722168
47.56386184692383
47.93675231933594
39.63637924194336
14.146767616271973
48.4394416809082
71.02363586425781
44.726375579833984
32.724674224853516
29.466075897216797
98.8363265991211
13.683432579040527
6.683887958526611
127.3996353149414
33.88420486450195
35.655941009521484
31.46442413330078
54.751678466796875
115.5210189819336
17.93804931640625
63.02237319946289
8.320422172546387
42.62163162231445
7.176079273223877
12.711847305297852
12.116826057434082
11.419995307922363
85.26055908203125
3.2977330684661865
35.93000411987305
4.692910194396973
4.3749003410339355
5.926576614379883
73.01165008544922
14.732230186462402
12.915055274963379
49.88575744628906
13.58737564086914
12.727287292480469
8.916837692260742
12.18337631225586
164.6193389892578
85.32090759277344
111.14131164550781
133.37806701660156
130.46859741210938
61.21335983276367
7.393251895904541
89.72241973876953
46.4737663269043
32.11086654663086
59.275691986083984
96.05242156982422
52.23739242553711
19.2840633392334
17.602842330932617
20.058189392089844
25.085044860839844
3.5002379417419434
84.22879791259766
64.44226837158203
55.27162170410156
35.03902816772461
32.766990661621094
15.619244575500488
30.5252628326416
21.349164962768555
4.474775314331055
8.29904842376709
177.68905639648438
11.072508811950684
8.558706283569336
15.284554481506348
64.42241668701172
29.927417755126953
59.6684684753418
70.18937683105469
14.65260124206543
58.48259735107422
55.4349479675293
5.940118312835693
20.572397232055664
37.229522705078125
16.441688537597656
12.74648666381836
9.083089828491211
30.7774600982666
37.39268493652344
5.771074295043945
94.16322326660156
20.60236167907715
13.91374397277832
26.384170532226562
25.253419876098633
54.9438591003418
31.07809829711914
62.19584655761719
42.549747467041016
51.90422058105469
9.404012680053711
70.78398895263672
27.062023162841797
31.265287399291992
5.098637104034424
19.136308670043945
90.65840911865234
23.131118774414062
4.925589084625244
65.3805923461914
35.24347686767578
57.42635726928711
5.942799091339111
40.905494689941406
51.383819580078125
26.779287338256836
51.972015380859375
11.899827003479004
34.714813232421875
29.251375198364258
14.812485694885254
33.69927215576172
144.20924377441406
51.54704284667969
6.968313694000244
23.17148208618164
111.50725555419922
12.545292854309082
19.391386032104492
8.65516185760498
24.709300994873047
5.128913402557373
45.263824462890625
11.976789474487305
22.74630355834961
222.45220947265625
12.271963119506836
90.81234741210938
44.836875915527344
12.690655708312988
14.150376319885254
124.73960876464844
21.650983810424805
15.353072166442871
72.17410278320312
18.055721282958984
84.12849426269531
9.61495590209961
13.58740234375
10.541159629821777
10.262042999267578
12.832784652709961
100.55937194824219
7.259357452392578
27.222475051879883
23.025524139404297
70.5158920288086
31.38189125061035
68.27987670898438
14.16128158569336
14.891406059265137
39.72541046142578
11.045977592468262
56.68565368652344
49.35606384277344
96.09173583984375
54.143856048583984
3.740307569503784
36.11670684814453
63.263309478759766
9.972347259521484
26.57085418701172
15.183562278747559
11.527602195739746
82.38088989257812
26.008520126342773
38.6845588684082
36.06440734863281
112.0385513305664
30.5675048828125
89.8410873413086
5.607400894165039
9.277944564819336
29.822582244873047
9.679491996765137
34.800819396972656
3.5211150646209717
6.042579174041748
18.8381290435791
30.307395935058594
23.812387466430664
47.283355712890625
13.934016227722168
4.7264509201049805
19.83560562133789
9.416435241699219
1.6649198532104492
5.027712821960449
22.338422775268555
13.985357284545898
86.34843444824219
16.021303176879883
67.19166564941406
21.921098709106445
98.64466857910156
8.163887023925781
45.7844123840332
9.232056617736816
11.803053855895996
29.06745147705078
13.296736717224121
9.776263236999512
183.40542602539062
45.34101104736328
44.22537612915039
24.373197555541992
98.4404525756836
16.263965606689453
84.85484313964844
23.316511154174805
20.927051544189453
5.5971856117248535
35.716312408447266
56.117679595947266
8.48001480102539
28.897634506225586
23.75347900390625
22.204458236694336
9.202561378479004
64.91598510742188
82.89852905273438
5.740344047546387
30.063413619995117
40.640018463134766
6.771684169769287
28.353103637695312
65.38098907470703
114.79060363769531
13.081783294677734
10.678275108337402
6.398108959197998
7.922952651977539
43.9998893737793
31.211259841918945
64.27365112304688
65.31871795654297
24.457073211669922
121.09872436523438
27.260007858276367
12.112709999084473
5.906233310699463
145.46556091308594
108.28530883789062
113.324462890625
59.522178649902344
54.321712493896484
7.493549823760986
32.809505462646484
51.294151306152344
45.63141632080078
9.829588890075684
4.684722423553467
70.5255355834961
3.8505990505218506
31.494043350219727
267.21588134765625
15.956525802612305
76.70680236816406
74.40289306640625
15.596515655517578
93.32282257080078
36.02204513549805
21.7316951751709
52.97514724731445
2.3393654823303223
25.385177612304688
17.286840438842773
10.450822830200195
6.302545547485352
9.003952980041504
26.903980255126953
8.192316055297852
34.71467208862305
47.30620574951172
12.502585411071777
15.388840675354004
257.6759033203125
199.7439422607422
67.7940673828125
9.135982513427734
103.29248046875
22.39783477783203
27.94499969482422
109.9039535522461
9.962481498718262
19.05323028564453
160.89166259765625
43.05995178222656
56.48123550415039
14.823402404785156
55.375179290771484
164.3827362060547
16.52487564086914
40.00151443481445
9.169376373291016
14.795493125915527
25.697853088378906
9.137259483337402
90.53296661376953
93.19833374023438
66.78067779541016
2.4754140377044678
4.628078460693359
10.321389198303223
16.879751205444336
12.587550163269043
8.404109954833984
7.051567554473877
5.384863376617432
8.97305965423584
17.777053833007812
10.887848854064941
4.395919322967529
11.656291961669922
79.80736541748047
57.67396926879883
7.567236423492432
216.3303680419922
34.88103103637695
3.953171491622925
7.225038051605225
53.11396026611328
4.016058921813965
2.6050026416778564
35.178951263427734
41.8569221496582
65.55500030517578
19.71294403076172
24.470924377441406
17.781423568725586
56.229434967041016
15.833460807800293
73.23076629638672
55.022029876708984
153.27816772460938
25.952613830566406
71.50174713134766
171.59889221191406
32.924381256103516
75.93250274658203
65.33563232421875
41.142696380615234
14.4334077835083
9.394800186157227
54.5629997253418
135.32461547851562
116.95181274414062
13.228611946105957
23.2707576751709
60.668121337890625
115.03644561767578
70.04447937011719
125.69988250732422
31.942617416381836
6.23960018157959
19.394691467285156
80.53861999511719
136.08717346191406
40.93122482299805
10.400243759155273
58.20408630371094
77.20220184326172
49.384586334228516
16.83919334411621
33.545318603515625
10.479328155517578
2.8114776611328125
47.84539031982422
157.38735961914062
116.94891357421875
178.76429748535156
20.83792495727539
25.731342315673828
86.12350463867188
15.391707420349121
13.20364761352539
29.470449447631836
68.56517791748047
14.615730285644531
44.08087921142578
45.62031173706055
7.970306396484375
28.6761417388916
104.05107116699219
13.525965690612793
91.75575256347656
67.21528625488281
27.286245346069336
79.9687728881836
166.47662353515625
23.629526138305664
9.233628273010254
93.30565643310547
22.615436553955078
40.670875549316406
53.31574630737305
4.882711410522461
31.640233993530273
11.475105285644531
24.026622772216797
79.84736633300781
7.541804790496826
19.022459030151367
17.67687225341797
31.38253402709961
15.608777046203613
45.835872650146484
7.106279373168945
17.83833122253418
24.33916473388672
24.481822967529297
10.384486198425293
125.16911315917969
6.103929042816162
21.62946319580078
20.028135299682617
6.777094841003418
11.386382102966309
33.993431091308594
39.2599983215332
7.927691459655762
12.073780059814453
48.177433013916016
10.752706527709961
31.667945861816406
40.92659378051758
18.345556259155273
33.89744186401367
25.046985626220703
49.78483581542969
57.59824752807617
46.53281784057617
22.557048797607422
32.595489501953125
57.04718780517578
3.6284847259521484
4.85673713684082
132.75064086914062
66.75762939453125
251.62109375
22.428909301757812
28.627540588378906
196.6759033203125
5.452414035797119
6.984631538391113
31.188159942626953
2.221773386001587
12.036327362060547
12.292680740356445
70.57644653320312
25.140178680419922
44.869232177734375
46.828216552734375
120.92884826660156
9.187165260314941
65.64893341064453
19.55274772644043
53.664283752441406
86.13968658447266
152.85565185546875
9.701966285705566
5.535763740539551
66.65936279296875
11.620929718017578
67.88399505615234
43.57048034667969
11.279460906982422
9.182250022888184
54.140342712402344
246.15435791015625
8.016857147216797
7.0268354415893555
17.264026641845703
6.488636493682861
68.9551010131836
4.735281944274902
72.55722045898438
10.586076736450195
102.56719970703125
19.694910049438477
51.450233459472656
124.0850601196289
25.610618591308594
13.818852424621582
80.6980972290039
99.83914947509766
9.166796684265137
40.904396057128906
26.647287368774414
78.17201232910156
17.821025848388672
28.165424346923828
88.5677719116211
52.50210952758789
125.8164291381836
10.716038703918457
57.4084587097168
7.0516815185546875
40.60765838623047
6.827585220336914
10.135297775268555
4.343973159790039
90.50424194335938
6.498854160308838
222.75657653808594
70.93599700927734
2.2971601486206055
265.72039794921875
9.903083801269531
10.145342826843262
19.952198028564453
23.21417236328125
54.009769439697266
13.100821495056152
58.42934036254883
262.44927978515625
56.53797912597656
105.13629150390625
31.761445999145508
22.565263748168945
29.63067626953125
132.17495727539062
50.39711380004883
136.96719360351562
58.69685363769531
34.487159729003906
99.98968505859375
148.44400024414062
30.12195587158203
3.768846035003662
5.3528828620910645
10.975654602050781
5.880273342132568
40.56438064575195
21.931669235229492
38.61906814575195
55.53855895996094
20.34636688232422
14.711560249328613
97.70745849609375
13.883108139038086
52.4914436340332
244.46966552734375
34.977054595947266
7.036254405975342
34.116943359375
18.95270347595215
29.269081115722656
20.80059051513672
38.05348205566406
14.424079895019531
16.963579177856445
126.50994110107422
24.442537307739258
174.08181762695312
19.23601722717285
227.78787231445312
27.562353134155273
33.213172912597656
108.7793197631836
138.63052368164062
27.691448211669922
146.62245178222656
8.207518577575684
18.20476722717285
57.97998046875
30.268156051635742
75.07400512695312
46.65224075317383
10.252494812011719
12.755141258239746
30.193510055541992
29.23012924194336
163.87045288085938
7.121881484985352
80.02814483642578
12.525765419006348
23.889606475830078
30.590845108032227
43.69688034057617
4.989241123199463
42.80794906616211
18.749544143676758
43.69447326660156
54.29765319824219
78.40364074707031
30.183042526245117
41.53047180175781
23.869274139404297
22.01974868774414
78.47525787353516
23.102989196777344
13.089238166809082
6.649900436401367
12.79684829711914
11.290602684020996
14.50088882446289
25.78738021850586
60.577117919921875
24.099021911621094
13.360211372375488
20.520185470581055
68.64226531982422
25.802675247192383
39.57752990722656
20.666797637939453
8.410953521728516
16.0241641998291
238.8703155517578
8.872937202453613
49.93077087402344
220.81275939941406
16.820945739746094
66.8669662475586
106.81505584716797
101.5939712524414
8.680238723754883
29.765233993530273
27.34958267211914
87.3483657836914
78.03959655761719
39.00959777832031
18.528966903686523
27.440019607543945
145.7919464111328
30.61811065673828
67.90753173828125
81.0018539428711
6.9234938621521
22.484811782836914
32.99004364013672
5.759643077850342
42.72002029418945
6.913929462432861
15.84118366241455
13.887823104858398
236.96640014648438
3.8508260250091553
7.889769077301025
22.50638198852539
48.4370231628418
5.271764755249023
52.591407775878906
13.221702575683594
51.102394104003906
87.49725341796875
99.12908935546875
28.764432907104492
6.05482292175293
176.81959533691406
102.96082305908203
177.0073699951172
87.7322006225586
67.32940673828125
10.237918853759766
9.398801803588867
81.58389282226562
6.136364936828613
44.12302780151367
66.6296157836914
68.20600891113281
23.330883026123047
129.7159423828125
10.325915336608887
40.838661193847656
15.731170654296875
14.422311782836914
32.77535629272461
14.3319091796875
42.69782638549805
12.409078598022461
138.61087036132812
109.0073471069336
58.911529541015625
88.5978775024414
18.06104850769043
11.4944429397583
49.432960510253906
19.517770767211914
23.492225646972656
8.749096870422363
121.09858703613281
13.726205825805664
34.12026596069336
102.72582244873047
43.92646789550781
33.22739028930664
7.181726455688477
10.990558624267578
84.21170806884766
649.5099487304688
11.165901184082031
5.690053939819336
268.63494873046875
34.92908477783203
31.743642807006836
20.649097442626953
20.879453659057617
115.71250915527344
105.79070281982422
28.019184112548828
27.699907302856445
6.346583366394043
35.7600212097168
23.633346557617188
20.513639450073242
121.49072265625
76.55044555664062
8.801876068115234
19.440370559692383
100.81745147705078
42.844112396240234
17.4346923828125
57.149658203125
23.409757614135742
27.033214569091797
87.00404357910156
42.89045333862305
8.326006889343262
163.6522674560547
68.6152572631836
85.25562286376953
28.262683868408203
2.9049954414367676
44.82448196411133
13.629140853881836
19.586925506591797
84.33921813964844
8.685795783996582
7.912822246551514
9.410114288330078
22.299524307250977
70.65170288085938
72.66697692871094
8.223597526550293
17.156448364257812
25.025083541870117
88.41571044921875
54.363277435302734
48.182125091552734
39.50859069824219
17.22695541381836
15.81019401550293
153.28529357910156
24.222759246826172
12.99878215789795
71.19847106933594
22.6737060546875
104.97010040283203
30.171117782592773
53.665069580078125
21.939233779907227
189.49249267578125
60.94536209106445
14.680288314819336
20.478561401367188
6.505386829376221
31.518016815185547
22.867692947387695
57.055908203125
53.453514099121094
19.751296997070312
5.956182479858398
3.1316637992858887
20.023813247680664
48.92204284667969
61.27272033691406
4.587733268737793
28.71133041381836
75.58942413330078
15.100909233093262
80.08346557617188
132.54629516601562
45.459861755371094
133.71322631835938
62.018611907958984
6.1009955406188965
75.58456420898438
6.181202411651611
45.452693939208984
28.065855026245117
26.002168655395508
25.232210159301758
19.343469619750977
22.051189422607422
15.828424453735352
122.35194396972656
63.56975555419922
9.241575241088867
4.4220991134643555
47.3931884765625
14.035521507263184
22.996103286743164
6.7063493728637695
4.674501419067383
16.848915100097656
28.086332321166992
7.856805801391602
2.0508275032043457
73.64497375488281
93.287109375
23.883893966674805
16.55162811279297
53.962684631347656
6.565124988555908
13.24778938293457
7.112069129943848
25.270401000976562
25.95079803466797
102.65541076660156
34.74571228027344
73.15034484863281
28.262928009033203
42.06227111816406
3.1472387313842773
30.73737335205078
77.81620025634766
16.43621253967285
106.98323059082031
9.659106254577637
143.7593994140625
216.13470458984375
4.2569074630737305
10.446817398071289
23.670316696166992
12.349329948425293
110.71704864501953
10.752921104431152
43.0262565612793
57.691715240478516
25.707656860351562
45.30048370361328
6.914906024932861
122.02481079101562
135.01699829101562
9.815417289733887
57.84669494628906
4.834782600402832
46.507530212402344
5.7758307456970215
112.1196517944336
88.5027847290039
25.307689666748047
111.394287109375
38.53813552856445
132.47349548339844
175.75613403320312
39.21012496948242
20.86959457397461
41.40287780761719
17.00653839111328
26.060243606567383
26.269689559936523
36.67198181152344
12.376765251159668
12.34750747680664
9.462821960449219
42.868812561035156
57.78972244262695
47.01462936401367
15.550100326538086
25.14312744140625
18.568553924560547
76.06210327148438
6.140738487243652
33.419124603271484
6.547206878662109
20.70895004272461
31.55245590209961
24.720016479492188
34.926700592041016
2.71533203125
20.930341720581055
21.613794326782227
13.1593599319458
27.4906005859375
5.961698055267334
4.027953624725342
11.243128776550293
78.52159881591797
18.039575576782227
108.41789245605469
8.831546783447266
10.003511428833008
64.20158386230469
9.470623016357422
35.239253997802734
40.17238998413086
9.96915054321289
10.064238548278809
23.028949737548828
49.67182159423828
10.973074913024902
21.916786193847656
21.698144912719727
110.89326477050781
93.74136352539062
68.75961303710938
199.16127014160156
64.9255599975586
8.811216354370117
4.428179740905762
20.901473999023438
23.03998565673828
24.388364791870117
38.85991287231445
76.02328491210938
41.893882751464844
163.21597290039062
23.270952224731445
15.145150184631348
51.668434143066406
97.77674865722656
36.279178619384766
27.412452697753906
70.46564483642578
5.786281108856201
11.958029747009277
32.27602005004883
18.602113723754883
17.702861785888672
45.695587158203125
137.9181671142578
3.677319049835205
14.076580047607422
8.98392105102539
109.91071319580078
108.3511734008789
59.686302185058594
9.648107528686523
16.577585220336914
13.614837646484375
66.01089477539062
86.374755859375
91.83684539794922
7.041800022125244
46.337364196777344
18.39923858642578
3.659230947494507
40.03201675415039
59.33927917480469
10.919092178344727
25.809362411499023
56.48243713378906
35.20097351074219
100.75297546386719
29.949087142944336
98.93525695800781
108.76812744140625
16.576732635498047
31.103994369506836
6.7892069816589355
12.952252388000488
49.85805130004883
7.8863654136657715
8.985125541687012
48.3863525390625
63.86875534057617
20.681865692138672
31.373891830444336
29.340011596679688
66.40906524658203
9.214884757995605
32.939857482910156
10.773628234863281
30.934682846069336
172.64382934570312
37.57174301147461
26.047224044799805
55.700374603271484
59.79753494262695
199.2035675048828
57.3621940612793
34.50712203979492
28.566835403442383
41.893245697021484
64.36315155029297
3.5382261276245117
27.37921142578125
26.76113510131836
50.352088928222656
32.712120056152344
17.446697235107422
112.80022430419922
5.458430290222168
46.289676666259766
23.775014877319336
42.480926513671875
15.057668685913086
41.34626007080078
56.60552215576172
2.2956721782684326
20.40265464782715
29.402318954467773
91.73497772216797
11.761042594909668
6.380175590515137
10.643071174621582
7.224031448364258
184.08563232421875
3.663053035736084
140.5553741455078
33.68507385253906
37.039005279541016
2.9652276039123535
153.40838623046875
12.166515350341797
17.625337600708008
18.29098892211914
10.612632751464844
31.391984939575195
54.620121002197266
31.83475112915039
69.0977554321289
154.96060180664062
14.384042739868164
52.052886962890625
328.1968078613281
12.415704727172852
5.239934921264648
39.44799041748047
17.207674026489258
23.26797103881836
16.439542770385742
13.137568473815918
25.727338790893555
15.625593185424805
5.632444858551025
47.12602615356445
4.5944132804870605
29.334726333618164
45.60749816894531
3.5083179473876953
57.830604553222656
60.789249420166016
54.5952262878418
17.24986457824707
10.535444259643555
65.319091796875
72.1512222290039
25.589998245239258
11.367905616760254
3.0211193561553955
5.8342976570129395
5.613414764404297
3.5044469833374023
25.476259231567383
80.25637817382812
9.544883728027344
8.154415130615234
32.541175842285156
142.6834716796875
14.953827857971191
54.344085693359375
109.54024505615234
34.946556091308594
42.35771560668945
11.173569679260254
79.1988754272461
24.046293258666992
104.20751953125
16.385425567626953
17.531742095947266
55.7206916809082
24.820520401000977
163.92726135253906
237.81085205078125
174.62237548828125
4.8866682052612305
8.132744789123535
48.802825927734375
231.77523803710938
575.9816284179688
39.13615798950195
12.213281631469727
25.555662155151367
88.75480651855469
42.120018005371094
75.15691375732422
46.42934036254883
35.597198486328125
143.56607055664062
70.11798858642578
38.675899505615234
40.47747802734375
127.29070281982422
60.810791015625
19.483074188232422
6.974827766418457
12.767905235290527
86.55522155761719
27.508378982543945
33.64848709106445
11.748940467834473
20.418285369873047
61.748252868652344
25.625062942504883
17.31686782836914
30.93718719482422
103.90298461914062
23.660287857055664
46.72004699707031
70.26309204101562
53.65753936767578
59.26814270019531
94.60485076904297
6.519636631011963
61.67878723144531
4.447226524353027
31.13988494873047
12.487518310546875
5.132088661193848
5.897381782531738
228.98207092285156
4.539102077484131
130.18832397460938
155.38168334960938
22.829639434814453
5.719347953796387
220.05886840820312
25.093339920043945
60.082733154296875
20.385822296142578
33.023563385009766
94.04425048828125
38.354156494140625
18.582735061645508
13.234654426574707
84.18307495117188
29.7825984954834
8.818747520446777
50.33372497558594
86.40941619873047
14.651047706604004
18.7609920501709
82.55835723876953
4.831301689147949
89.4580078125
19.46530532836914
4.843047618865967
5.208514213562012
4.227252006530762
153.8495635986328
35.326133728027344
74.6030044555664
113.34242248535156
143.02793884277344
32.67154312133789
41.547359466552734
131.31423950195312
16.526395797729492
11.186732292175293
61.882179260253906
236.81761169433594
10.593915939331055
48.738590240478516
20.228727340698242
6.19782829284668
29.066041946411133
48.93024444580078
230.6434326171875
19.55636978149414
60.89053726196289
15.544208526611328
43.9578971862793
20.415691375732422
40.984947204589844
6.420358657836914
46.6428337097168
36.34382247924805
10.539759635925293
3.593674898147583
40.194156646728516
72.73773956298828
32.949798583984375
7.054397106170654
16.228870391845703
9.1226806640625
44.66925811767578
7.0544233322143555
174.56219482421875
16.711938858032227
5.999273777008057
8.819355010986328
8.246556282043457
28.83019256591797
33.2359504699707
11.08874797821045
2.3798139095306396
97.70011901855469
19.315841674804688
89.16200256347656
6.688274383544922
22.5933780670166
54.18204116821289
4.682522773742676
38.812416076660156
17.3949031829834
15.305389404296875
11.802626609802246
13.356083869934082
120.709228515625
171.79525756835938
10.232200622558594
127.17752075195312
18.02522087097168
9.485336303710938
112.3467788696289
124.90530395507812
20.12689208984375
14.23754596710205
17.2731876373291
135.5809783935547
33.643699645996094
24.6550350189209
30.950597763061523
27.234619140625
14.666502952575684
24.789691925048828
90.3326644897461
11.304668426513672
48.82328796386719
37.06142807006836
2.9493753910064697
152.27182006835938
63.434871673583984
3.5321648120880127
6.8490400314331055
35.52931213378906
4.647536754608154
14.036450386047363
10.297260284423828
64.0276870727539
66.64749145507812
24.955778121948242
60.51862335205078
129.70184326171875
35.86324691772461
50.27099609375
19.627050399780273
7.65239143371582
200.45945739746094
4.764405727386475
18.40289878845215
56.38471221923828
117.17525482177734
3.8112969398498535
70.29141235351562
8.476114273071289
62.0579719543457
9.59836483001709
57.49018859863281
51.133155822753906
8.948716163635254
59.49705505371094
84.35733032226562
31.280799865722656
36.605411529541016
50.08440017700195
17.2672061920166
85.24288177490234
26.043800354003906
52.437042236328125
49.164920806884766
185.80923461914062
13.738243103027344
26.730623245239258
18.217504501342773
8.547873497009277
8.137361526489258
151.96372985839844
19.562692642211914
140.2467803955078
80.99301147460938
7.976171970367432
3.5237865447998047
23.460615158081055
28.026439666748047
5.565526008605957
43.361812591552734
22.979639053344727
8.05246353149414
64.43131256103516
17.044416427612305
64.7871322631836
89.02315521240234
30.93392562866211
39.96841049194336
6.135753631591797
5.775521755218506
34.972755432128906
27.92178726196289
12.207738876342773
16.93904685974121
23.014392852783203
5.813803195953369
145.8109893798828
3.4014904499053955
4.293449401855469
5.455082893371582
85.3580551147461
10.729059219360352
81.09496307373047
90.87455749511719
9.383210182189941
19.54400634765625
23.896203994750977
6.542558193206787
28.488771438598633
27.8254337310791
25.02947425842285
12.719766616821289
42.99661636352539
2.533423662185669
56.40625
25.30560302734375
18.521137237548828
23.283306121826172
12.861948013305664
47.20037078857422
170.4467315673828
37.09599685668945
2.732970952987671
130.9990997314453
50.891456604003906
10.058135032653809
11.4833984375
23.005285263061523
4.596936225891113
54.42597961425781
32.60627365112305
16.86159896850586
19.9276180267334
16.544815063476562
31.25229263305664
54.47420883178711
10.299088478088379
6.652288913726807
7.975893497467041
30.655946731567383
9.797804832458496
22.71961212158203
13.637531280517578
89.71759033203125
44.913658142089844
76.05872344970703
165.97853088378906
34.75331115722656
16.36017417907715
17.736591339111328
21.884471893310547
51.255340576171875
40.59532165527344
180.0029296875
56.359413146972656
81.2259292602539
92.30615997314453
3.7454590797424316
17.659343719482422
10.544408798217773
22.966083526611328
52.5825309753418
75.3552017211914
10.701977729797363
36.57453155517578
275.65447998046875
46.57109069824219
176.0318145751953
5.369988441467285
30.58700180053711
60.753543853759766
7.675835132598877
136.1845703125
3.502227783203125
52.238983154296875
184.21414184570312
11.64745807647705
129.72540283203125
34.956783294677734
10.027237892150879
8.1476411819458
1.920994520187378
40.71803665161133
146.74188232421875
4.5563154220581055
7.527053356170654
22.799278259277344
18.677671432495117
20.42222023010254
46.156593322753906
34.24577713012695
3.6450846195220947
81.14898681640625
2.7602486610412598
164.31289672851562
15.7462797164917
4.955446720123291
14.71796989440918
6.065902233123779
26.202051162719727
105.30514526367188
8.382577896118164
9.69243335723877
7.4489970207214355
113.53494262695312
29.970048904418945
5.5047197341918945
11.7899751663208
45.69069290161133
43.66706085205078
63.37411117553711
30.590435028076172
31.931612014770508
36.69025421142578
17.18292236328125
31.328439712524414
38.31808090209961
45.51228332519531
174.7080841064453
7.92911434173584
8.908681869506836
20.988384246826172
167.8514862060547
16.116910934448242
23.674057006835938
12.254040718078613
21.98650360107422
17.464672088623047
33.187774658203125
12.501380920410156
8.497196197509766
201.79608154296875
24.11529541015625
69.32168579101562
99.17987060546875
50.58773422241211
27.04684066772461
10.34912395477295
4.2810869216918945
46.32826232910156
56.11741256713867
34.87726593017578
30.886945724487305
7.57807731628418
43.18354034423828
49.34748077392578
33.1925048828125
28.492769241333008
9.091035842895508
89.87389373779297
118.6051254272461
37.24831771850586
3.111884355545044
14.566576957702637
153.8573455810547
69.83755493164062
10.874131202697754
637.0538940429688
57.447914123535156
11.775016784667969
25.343706130981445
18.624828338623047
10.350430488586426
104.72129821777344
52.66455078125
24.7725830078125
10.548213005065918
164.31175231933594
33.565895080566406
51.45380401611328
6.886623382568359
20.660133361816406
55.63725662231445
91.50900268554688
18.77312469482422
3.3052234649658203
18.8035831451416
6.41944694519043
22.539470672607422
24.113750457763672
18.01654815673828
91.06212615966797
22.808881759643555
18.310434341430664
16.139522552490234
13.320979118347168
5.714244365692139
98.97837829589844
11.25969123840332
19.324623107910156
4.791463851928711
8.546513557434082
4.579993724822998
19.420015335083008
21.778213500976562
19.267000198364258
37.0811653137207
76.90259552001953
21.708627700805664
15.353941917419434
32.51735305786133
11.381108283996582
6.990377426147461
7.772338390350342
2.934690475463867
138.58079528808594
15.928752899169922
16.283763885498047
19.112714767456055
21.846229553222656
45.14570236206055
50.35451126098633
103.81763458251953
25.30084991455078
2.352421522140503
39.745155334472656
89.65689086914062
7.392536640167236
153.89320373535156
49.4742431640625
26.42925262451172
