-209.28088875504184
-253.1823308107489
-192.79856579150322
-214.72547462995138
-245.51682811268935
-218.5406042565271
-258.8680895721654
-198.45081485481822
-210.52207894974558
-246.26641140303104
-258.66490057445355
-282.23555437761945
-222.16407320878994
-244.7192223935819
-257.3239652403276
-225.3119234645382
-254.70978417336391
-262.14426583168546
-249.30068762830615
-243.31545980939265
-243.14882672339144
-217.94936375514925
-248.47984121151188
-254.3373083910343
-246.79380384808093
-229.0707942678073
-239.0329263415605
-259.6965464595745
-253.6068328529004
-252.04318327053983
-264.2150692471241
-271.10677423144983
-261.98116948024665
-225.0929159639218
-234.28679042718647
-256.0223592818157
-260.697389955173
-232.20731307688837
-221.58915971231403
-245.87664260462944
-221.95719492717723
-239.78389626325975
-228.95677944884136
-221.93845850372557
-233.93565263109735
-231.8249950219436
-258.8601541162173
-212.56766766353206
-231.20113985997472
-216.25807866035723
-228.84949606133918
-251.29613489345053
-246.44600744199604
-251.85329405961144
-256.6732734352021
-254.37385312731368
-221.2386211912701
-248.3960454063523
-231.86008906479012
-233.05760247483067
-213.4641829091218
-247.08058156338814
-241.03580966547736
-208.28242605362612
-254.78453755499396
-265.9890106161837
-248.72454878591645
-257.73583899453644
-245.2426884899024
-266.65339969130673
-226.05146789795907
-250.21512082267355
-256.3525892291754
-213.55253383108135
-252.18690948101099
-269.2714489343609
-267.38758999254446
-215.64359143669316
-228.44944063184246
-230.74123880327525
-240.48536173091819
-256.439188585379
-264.2037087060181
-268.05045278616393
-234.15373795335935
-244.8716306408852
-289.8402331025047
-276.0568396471159
-268.76926599989883
-241.62777282644552
-273.7994705883717
-219.6075534008875
-226.3415840681978
-221.2587612691932
-226.80353512201683
-209.55566167165395
-245.93441524738884
-256.7744311549176
-268.07272770930797
-225.02890815911675
-206.4784890549045
-246.44221304346328
-237.9710149856463
-226.29339759749206
-262.5535707115526
-261.28795879479935
-241.60248705727682
-235.83529190778358
-253.08376566230044
-259.02355631424973
-241.7307897888015
-224.16135358813858
-262.87257989611044
-244.7054498490285
-249.7856762745014
-258.4492443101508
-241.5256192728508
-262.8495650918502
-241.55787007616914
-265.8262259570787
-256.0449000498497
-227.08801624697088
-229.23802644922287
-256.7392030676557
-267.00778566140474
-240.6664028619051
-270.8677574588178
-238.7230880850845
-210.41519033966222
-260.1501375160706
-239.8258011723299
-258.3161897236964
-234.4537345601376
-261.4311709470155
-236.35161604450025
-255.99919993263663
-233.49760964014763
-272.58409315138334
-253.33751015928664
-232.42187403506017
-246.24444454137694
-242.778793128472
-215.9645121086361
-243.03890177159928
-272.37103713536516
-228.32022447561772
-262.4311709735323
-223.21827705124443
-250.19022278800347
-237.31893942246614
-233.13949864469475
-234.7032632761497
-237.6776597288764
-264.41495842724146
-277.36632279009376
-263.4241997021781
-252.59432346218895
-294.11967768752305
-261.21712231086104
-266.6538472832114
-235.68700719331235
-250.90646287535867
-256.91904816697286
-234.39019805387744
-236.24288151022563
-237.1892784165854
-264.26337285399626
-246.11576802077312
-230.70235006418545
-242.14734468469953
-262.4650298763495
-244.51551435521765
-218.0748292749573
-246.52792118407052
-244.95408743879278
-239.40245357548514
-229.7507756188064
-249.45360795048668
-249.27911479011635
-231.02093563632255
-241.28042656606834
-237.71868763810016
-256.4162542298611
-240.50875137651377
-261.0325038340469
-216.72660425102828
-231.66588326018703
-260.09740610577313
-244.49222888910725
-237.2433171778923
-243.61798087217153
-238.76519516724355
-226.62164648623832
-252.02122090240852
-266.2538785105442
-228.8971879308275
-272.3884196835669
-308.5014809505984
-282.20981269861784
-268.01641101467874
-250.57450645620833
-241.35996484043616
-277.1511980914901
-217.664853703832
-254.0734284828657
-250.06531404111405
-281.5389192940715
-255.94237345768
-230.4689750204196
-251.63730382624468
-262.2662615059912
-251.20434939272903
-241.91796412556326
-231.43067004233026
-250.80382198688886
-246.27670160306045
-258.47302433960374
-270.4021216599615
-231.16318780346296
-193.34453980350133
-241.5817339922928
-266.49008760980075
-230.1354489226797
-251.47091652348686
-231.75524863132603
-245.85149618659153
-246.00134357134488
-260.94501615672465
-217.16719236752675
-212.6389180435345
-262.06881229472276
-233.64922904387396
-266.23525382688183
-211.12986803773478
-234.42849153068184
-238.49506690366232
-201.20054351301383
-244.5990226364933
-238.73319070942784
-228.96621882204727
-260.1983260036356
-253.52330305187132
-254.73031699258948
-251.89828211074564
-263.845302364934
-248.38133439546968
-258.771471769216
-240.84317547697475
-241.15161968224209
-226.11758536321162
-259.7901334877329
-214.0685198064357
-252.466752036079
-254.62331569470055
-219.2435960536658
-245.11626831029935
-222.456150540242
-234.22391800612854
-221.475921594926
-236.9874603294323
-238.26996401132214
-236.1766902901778
-244.62828030405808
-252.86386810565688
-224.65064577307146
-250.70563134804047
-232.26461249566137
-243.10212423822034
-214.77909225761545
-260.54857416021036
-227.68391171510598
-258.4655351080133
-222.20003537906473
-187.02496239859963
-259.74156813599006
-241.65135077483004
-227.25605591671652
-203.2706517344286
-258.0762909839477
-220.53482459718157
-249.5752223595924
-258.66200537569966
-247.98834888115897
-251.2107479862765
-232.8782055818169
-245.51247131229502
-248.16793133526176
-242.66217541140986
-285.15321144723475
-223.78815936729882
-243.74701722126773
-220.79420845336824
-246.28422508757944
-235.23865393538836
-253.58586954750305
-231.97242974922938
-206.1824540818775
-222.05945284625233
-226.79592157034676
-254.6631112209642
-198.56765437935655
-223.1249872242467
-279.45374426285616
-221.20643343793182
-218.94828550873592
-224.36786224058392
-226.82430076685887
-252.0594697127458
-247.85892174308395
-247.8212887189401
-248.29442266733258
-244.78347789666788
-251.11635452204064
-252.7265117870547
-250.59280865728005
-221.4430118426161
-260.51827871876947
-239.68649099720216
-257.6923842459437
-249.48948532871037
-236.80100241939414
-227.75140161262325
-223.97376562662464
-262.31424752631096
-241.32822365702526
-250.96699295803268
-267.73357688130193
-266.7907194413217
-270.4466512622498
-227.456119751801
-247.23505738834916
-219.8194972014448
-260.28307782020914
-206.93995260963695
-289.8667148083956
-252.91791330764508
-245.57121614941133
-201.06677870706673
-266.78613942680425
-255.11013279019176
-230.93776090719922
-251.64281657129692
-217.02961726289283
-239.32478289956578
-278.4232283876205
-249.94941840912864
-248.88821841960862
-230.8157838821961
-239.23773643481812
-251.72752247670815
-213.3798005134563
-254.411052604367
-259.049894569916
-262.0300520337047
-264.9563700087267
-270.35225871619787
-230.14635129669304
-234.69661206919466
-240.6044037520069
-242.57851961750632
-248.62044864241417
-240.7111863076031
-269.68174762071
-249.954530173786
-229.97456411852835
-261.62190956338446
-234.33542503614413
-238.50771674572803
-264.66129806973703
-214.6575945281406
-214.65898373706713
-228.2209252578145
-248.89409336159252
-268.02711935025434
-248.7994280973359
-256.9827356072981
-259.9441631113715
-257.7373675371053
-259.47514720155067
-237.7042948432482
-228.14635740556895
-238.74304033882964
-215.01491142200814
-236.9722508748176
-263.7722169924769
-229.1159849476674
-248.80594190305396
-258.0835393256748
-245.78717423470158
-235.5681783724623
-253.06264018854628
-224.77652578333885
-249.78576429868133
-237.3978518736221
-212.00896371753487
-252.37462775542315
-217.95914508195318
-270.7333057206306
-250.3255420592796
-286.83362486632853
-223.2089721935879
-253.0575843481102
-235.35672876065848
-256.0102529158677
-262.6065849769135
-229.81999317803132
-236.47698985531792
-244.4778424074719
-237.27237358609273
-247.89111330777473
-207.4856740841904
-226.72239383175892
-263.74246778901073
-224.0418281984129
-243.10338378319193
-280.0836157809789
-278.1315082273667
-260.9257084140761
-241.2233149095353
-263.3190298712504
-237.60500787040598
-230.49834865826313
-251.95096180767553
-261.5054010517455
-258.53353678117674
-233.33890523113521
-253.70750856846539
-267.99218991954956
-255.76665087240258
-261.8879605091035
-238.3275074540593
-245.53778741150467
-254.07977740710945
-223.6505447683469
-237.00092064682548
-283.0389995521977
-226.87409100380702
-246.62295492070524
-223.48517525328577
-225.35503654794172
-234.8993113560199
-260.18984555597325
-209.42822832448644
-211.14498709243125
-256.913475373045
-239.47549842096544
-242.91703955336948
-264.99065220743546
-231.63845960767628
-232.92547231332634
-263.75194419345456
-272.9236640101276
-239.92437048629142
-241.5790071027694
-234.82888057676058
-242.59733249102516
-244.8365405582532
-253.35406501862587
-238.98062781571247
-249.0624316603745
-222.80709481152695
-280.0201794887391
-223.82192359583894
-235.58965633003032
-239.1191573594212
-249.1240181657052
-257.0374752517447
-249.23676805981
-247.4938303707682
-243.49061943856344
-218.7944789547016
-233.6188256444786
-201.81590829588336
-236.90048631236897
-256.9575431820894
-243.9738067873049
-264.50501539310716
-223.71981094199302
-256.0637756938736
-261.37936173152974
-224.61365789062873
-235.81088963239029
-272.3135864995436
-258.3912095542667
-198.13360952169705
-274.9646939517814
-181.37704528852493
-227.18636019159538
-210.48996428045652
-243.9778650986222
-245.8100313776571
-265.0703281761916
-230.7554100398414
-248.8833414971106
-252.1349018484519
-239.71213651240754
-256.2958407492523
-249.82143981083973
-241.34607370450857
-252.76771304880629
-273.31825546183944
-250.84069599419968
-259.5362016426445
-233.12907548822005
-244.8542273624586
-219.75848963151714
-250.88819558001123
-217.62482530702215
-243.9348212194407
-238.77411917974746
-281.04900785248947
-248.7450703236247
-231.02375587069054
-184.69936011775695
-253.7292546395928
-236.4829083500121
-237.6802995745051
-251.14361187786713
-272.1387305816915
-249.05462182875857
-254.19838506766243
-248.94388066208023
-217.56476828261424
-250.150139345803
-219.28131061163077
-229.70802898347392
-254.46484629452334
-223.42356528209962
-214.7005826621342
-262.2903427533005
-216.98650491837213
-258.1200746704434
-240.37185723080003
-245.45456385017175
-217.88322668175397
-223.5903475911982
-238.56614960016333
-252.40094503267952
-232.1431042348804
-233.63839538421922
-266.55272017000124
-242.2914496118069
-282.1673301161823
-217.27553311885234
-240.41469397756293
-308.62946913699204
-200.90390667339585
-241.35303534560836
-245.5100514265732
-238.52687277020146
-233.97006220767238
-248.08311369807353
-271.9157468906877
-282.37141821175817
-245.07894078442462
-215.46567252819614
-261.45650770837585
-236.64203953647478
-247.45315745136372
-260.93741864090174
-291.04984295933434
-269.1743725899975
-273.0024817759446
-266.6545812143511
-274.35980194535585
-270.97309863399744
-247.5938081126828
-237.29005534651984
-263.08755334051455
-234.69456803008416
-247.593208092905
-214.63206354865656
-217.34114917635992
-242.93213268246285
-246.56221194592433
-250.7975639469623
-247.27871318055873
-252.24023210550595
-247.5020747787503
-248.43788022363987
-245.82970524350074
-254.16048439436778
-231.07536075173851
-252.41934791020867
-214.91361795418368
-258.2209612334777
-266.2687337986297
-243.53841317597778
-249.5482035742867
-226.402077381273
-237.93883999906166
-230.32090449671657
-265.5246456058471
-260.95502898955544
-261.34370685788645
-270.08329896333606
-234.01052490373863
-248.10401969234002
-245.61713794930728
-243.42340838694963
-255.44757201987576
-267.24360280067447
-235.518947487133
-228.04470415352915
-219.72181667790744
-256.917028072991
-211.62040717601468
-238.23391715949174
-244.6482893127553
-228.22906477772273
-233.24387390040948
-238.83838819782488
-272.7212515276208
-249.0261210180068
-262.90020349823305
-248.05514194491505
-229.30646099744644
-259.75091784933693
-230.16358551210848
-240.7754337261585
-246.98774312444706
-229.23147914476687
-261.5989754939118
-227.87646415738584
-257.79504183546635
-229.48611205884646
-243.00324061788848
-233.22531000301245
-248.1264892866969
-260.08593103443263
-242.80794093629487
-246.25324392484055
-233.2801622349504
-243.5452870563859
-231.1904294436105
-230.8618535906847
-269.9167866615929
-267.4572429106023
-224.2671612849891
-213.13256788880994
-287.76728327030037
-259.4142409483227
-245.18176328458657
-237.79503998540346
-235.05231807093588
-251.82948879070108
-255.4454824359006
-217.57002647239858
-298.0103437682568
-274.7211123734869
-272.9893238927204
-246.58150214302557
-220.12463891231943
-244.75999616805092
-235.40831135614167
-248.30139684921397
-240.53855517648367
-246.67314622018867
-242.73746969976764
-259.2978023886003
-242.82729810437786
-230.47114692312775
-239.56386723039128
-243.35834405424748
-236.14683970116522
-249.03940885485483
-257.8014499681806
-239.2065190408348
-223.7253289383407
-224.97485738807484
-262.76580948047905
-241.23640294827004
-241.99491238164302
-259.14948948099754
-257.87641742536744
-265.16503470060513
-227.14214705179143
-244.86476910005672
-237.43277079635914
-243.44639409854116
-213.22449281739523
-230.67616654367288
-281.0524116577908
-223.92921491275155
-248.6539110305939
-283.30106985239297
-238.16061838309741
-209.1873378804421
-213.6041304425142
-221.35813571743807
-262.9643329864393
-233.5658449971018
-262.95988998757036
-233.91721487522022
-221.28939659874106
-242.88336002462077
-243.72787681043337
-199.47198815250078
-236.1564104327564
-250.7215199053386
-214.1862872725695
-256.3688591113906
-243.2709626802681
-243.57265323360053
-253.82251026725353
-255.2064312294992
-231.13114721101482
-199.37470126502825
-257.8267783567946
-236.3247200042996
-210.6705103469426
-290.19512738769265
-249.13941778162092
-261.2666248265149
-251.49932273724315
-230.93117716971548
-248.88832048228042
-243.71367084626067
-266.36290308304245
-245.13069849454297
-269.12061230004036
-226.5170477857609
-239.96335066483272
-248.72252460489585
-241.6281841741206
-217.3398445424471
-242.56548028665907
-225.4590144607922
-252.67445719199958
-246.33430541225556
-252.143065008629
-252.68260280454052
-247.1761751478075
-254.65890245354302
-231.54379793940367
-195.66013726789237
-266.4124387012523
-243.30088634493447
-208.87788228190655
-243.14471358778817
-250.7682900468185
-224.99737917933683
-245.34722048822778
-246.07413651684453
-289.0008984139602
-246.70842479269518
-223.44084926480653
-234.17093936079567
-216.37746916171784
-226.023611769571
-223.80653193359973
-234.2578069714954
-234.7597561536988
-254.74006989212575
-270.0013437152657
-245.5384207283382
-250.80222900877712
-204.71195713544813
-240.37999372251647
-249.87649808557097
-231.43320220349563
-195.06519003906578
-226.44391586133003
-246.008907892394
-245.07857581201728
-219.1355023907928
-226.58583455962034
-228.79081552096392
-239.15804813771285
-223.76848139561446
-212.08187490879595
-242.44228403961304
-235.43045002416096
-253.32665693175966
-245.68966750552113
-247.41250794776002
-221.8599335459538
-241.85479185832827
-257.78647248726793
-222.77113634592487
-239.52081723378873
-237.6185834013503
-208.75789089155643
-222.47281588571565
-254.36076613742478
-244.39608700623958
-248.21199294713554
-246.35279154538978
-233.58199386854653
-237.22365124826698
-235.50836094777333
-249.2331397376338
-222.99389103881475
-231.8160163314765
-256.4881270522093
-261.71207133892426
-252.37960554474355
-262.58719146206045
-224.8813630207987
-248.95414696129774
-247.87757372452535
-236.49925299270015
-248.08295615804914
-233.2997899816546
-236.46241173910818
-235.47234718208253
-247.32891739482338
-238.3122525802549
-238.50486443978997
-247.64227569361103
-254.18391957418547
-208.6109612013371
-232.15975801079628
-219.35267733669394
-236.1863868166404
-260.7165798544015
-239.36003220056284
-258.36256036913625
-262.03105459670076
-225.40120600037307
-264.3712793687731
-232.98193224755258
-252.8926996593316
-200.03325078434705
-204.68827846001537
-270.83132997858536
-215.9802468835066
-245.0898568977714
-239.10157303263773
-247.11837617424666
-218.90921384298872
-235.43607277762572
-251.4210488907035
-209.32388449886037
-247.9461835377613
-246.852789967383
-237.80425417997458
-239.02232135818915
-253.7943048827663
-247.20200122163084
-205.99701284663007
-245.87980474896472
-241.85810525459965
-227.9407888014716
-257.16395648836243
-227.13645059587418
-253.07879526778876
-218.00036526944547
-231.9654295026772
-246.29634402705778
-239.63581560280275
-221.10017742644754
-273.7282210045128
-211.85317652121853
-216.84024597376384
-250.4122533770922
-236.0764241309232
-214.6150183485529
-210.8869560623187
-238.21505581502197
-218.16210668419393
-240.2270989588086
-204.4006262138583
-234.2312301470216
-241.64393079851806
-235.99572378287246
-248.7576250339229
-242.85264425562593
-216.62729536845734
-232.79317974912044
-226.8880208346438
-224.26374794315154
-238.88998107558
-234.67088443480773
-216.70104757754285
-233.9746973993394
-244.0881427869524
-241.6831250638221
-223.69609738195183
-217.425486168729
-233.10376211580007
-252.91437798177287
-220.39226338109813
-205.6422743114473
-233.74758272514782
-249.95959939378923
-222.5307313934664
-230.39289714427974
-248.6863833887778
-245.35244874781498
-263.6915387957146
-245.55810418357282
-254.83109735189262
-249.68063045914033
-270.4062042240463
-226.78886960839634
-227.4754861761777
-215.86876207659537
-240.45672969073644
-242.6254915326484
-246.9026420212779
-222.39309634203292
-226.45167114364023
-211.79402746812048
-205.9578816505345
-229.32357128533715
-226.07850293366008
-217.00008972623283
-226.9943799150414
-230.52323960508738
-241.03634231467203
-231.25246868652516
-221.12426433315375
-249.88494343609042
-235.77954992597756
-234.9633379673764
-236.57924115208772
-254.25425153697233
-222.57711895072248
-242.85131129528108
-238.5682402988874
-232.21173056355767
-231.15044636389132
-243.08561215446548
-252.98032288625933
-246.74520518715005
-237.27546887415758
-253.04714547639585
-277.7390978215775
-239.8714879232839
-251.63096975270108
-261.5443442725378
-242.64725379673786
-206.50899900623682
-240.7111871502781
-230.75739365529566
-261.8657705162003
-270.91963320053094
-234.06058180682595
-243.57150892635852
-239.28875718658668
-241.10928810569175
-231.91362950023458
-219.0228893846237
-260.47810472826995
-234.12459835852468
-239.56956125057513
-257.21862770087523
-211.14261362416715
-228.5740004309846
-191.87558445059526
-239.2930303009398
-250.20130670981325
-225.37880173727638
-248.79914656685492
-217.49815690378205
-233.75707169358597
-255.98558860262756
-242.68181246925315
-240.65870428226867
-225.3238963533019
-231.7368546938959
-230.81489207195676
-233.73986615822253
-232.68949930839227
-221.08181353248435
-278.24908101205574
-226.74319218904805
-226.09762511012246
-268.94397184977987
-246.57627864608403
-226.92393281993023
-238.96024408418234
-215.80953189451145
-243.57990239359464
-265.4835035611126
-229.98060113852767
-233.74992423318616
-236.38539255398106
-209.57151545313155
-261.8739705734315
-211.41752145087517
-250.17688547473742
-251.01605107649578
-234.77496558051953
-250.69929261695006
-240.74682859784247
-217.5257229528222
-214.07008736199714
-255.02124715197172
-261.0414603881001
-245.20556246735913
-239.48116775516405
-267.6490199846945
-254.56592397651082
-225.50033664662595
-221.99203516306963
-265.0993359489928
-238.514676949418
-242.23532621483238
-238.90623960858585
-241.36650508047217
-230.24430610060068
-242.67051149333957
-240.10654284130393
-227.97085344244988
-231.09667008901363
-258.1349582978607
-262.23518506494383
-244.0177006551816
-229.3024511309701
-248.09304755601264
-264.4170563473735
-233.43834345813727
-236.95985745106157
-215.4649308132212
-235.83866672425617
-222.3582507888105
-273.3801033647686
-235.876142530274
-210.8752851877587
-250.47553059671174
-256.1963398910293
-240.8046474590193
-231.2690010160539
-241.21570298147645
-278.2865843739528
-225.39777076934695
-257.9608461298705
-247.57858763630912
-255.6779701999993
-254.23328627403464
-272.66147860137704
-230.12223950162235
-236.52378613994537
-240.5018963708925
-238.26271555181717
-226.3799547499412
-243.3442722132754
-245.97577785359005
-249.79336852918476
-236.13135425291432
-264.4142362855407
-256.75806501250963
-234.9944335841377
-234.01570066727948
-230.46234978691106
-225.05484234362052
-266.52828083716645
-251.14798655674116
-206.23919514697593
-233.6722383986023
-230.22614211154036
-254.10554423473116
-238.0824349977763
-242.52340145034952
-262.9892261631112
-238.10538989399686
-237.50622049734312
-224.579208928729
-257.63068811254203
-242.63641586790018
-221.92954150626974
-237.38675779388984
-241.1239777364401
-224.15291146998695
-223.5547595306993
-255.03665599469713
-229.44372094347528
-229.74170857153194
-213.49992436273556
-216.47619307057647
-246.06174273389755
-249.65533000024914
-244.1577735676345
-240.87920356459364
-209.2242826863841
-245.74138582028465
-227.12406910549953
-224.57913087076503
-236.32996193655296
-230.69532354733232
-240.02064221530634
-208.09578286148104
-211.8195978946489
-213.97319102099044
-221.25440804140231
-224.60897915942707
-243.96712775890404
-224.16346343224717
-246.1268919101254
-211.92609228217395
-200.4507605030589
-230.3818699028197
-218.18491541216486
-229.31701627984214
-234.71511895215622
-232.5083320108982
-219.12302468501343
-259.6534633859143
-238.69326586315344
-269.07198694442667
-215.88239847759394
-260.07388399481124
-211.73175109113458
-204.90979259009254
-241.4624962684033
-233.83770528705367
-254.33855682477196
-221.26496611624594
-235.95857138413356
-234.83515939184178
-236.97754791468293
-244.2706852280769
-264.7592010428709
-252.38954675512989
-226.51767424925777
-228.6169904479235
-238.74123161701758
-216.9252565166755
-248.21502828844876
-222.03195646608913
-270.51256218313983
-256.0056530232907
-234.81098237074397
-242.1112747488761
-251.21493315640373
-234.01074135144313
-254.54153769442084
-232.67902720825623
-247.68686422096238
-241.83951862371072
-228.2250096186007
-231.17485899424003
-228.22108178965274
-244.77930139842542
-240.47988509863967
-257.3846196906834
-251.39865316342744
-233.88185418499435
-258.5464070379522
-260.8628725776499
-240.3868665891777
-250.8067346980692
-247.694793251976
-230.90745335013867
-226.32109993965025
-251.82903525989914
-229.8154532827923
-233.59709116922332
-238.65019081160176
-244.63755109090977
-247.34543358498527
-212.0104172322351
-243.99771804098148
-246.29832261492285
-249.9181160638232
-270.1979771167007
-233.61924156490994
-245.33960347893625
-250.57527937724782
-275.30287493851665
-259.42572996168906
-243.59566766932744
-269.01461609855846
-216.52874761527272
-227.22921192030134
-221.6111983595026
-223.60728904742442
-237.24536204277211
-232.29251074179982
-281.08654215212357
-233.74494317442065
-269.33503704333066
-248.80964058069503
-216.95477444853498
-242.60849979112595
-252.79371049172298
-233.9712113377696
-235.4894109800643
-257.28493854107717
-270.3230772925209
-240.94536163481945
-242.94397157481473
-249.04978830243482
-228.1020205068014
-233.65566229085078
-256.74465093613816
-243.98172834926666
-233.67851988958083
-241.88940066652577
-257.19181281447953
-228.67722874975493
-242.99490367741558
-246.1759819310616
-229.00045657206823
-217.85560390386422
-250.61580234392895
-252.38311105289756
-248.39840735968846
-240.28213650963434
-275.6462657240755
-253.40429579332599
-232.23557396419676
-200.60898528795838
-237.46301443097474
-194.86555781506047
-257.78347856560106
-234.04125608142556
-233.01286457311915
-240.69776682674194
-263.68850908261794
-221.12387123731935
-231.30702659793417
-252.58401392129886
-194.41449428029924
-232.4500141698481
-241.11867381728874
-221.27348081593766
-279.2129759814349
-208.85216894562626
-226.84665112070837
-239.29950152404325
-215.44202268630437
-250.53980226279583
-211.55109718313557
-252.59180939634396
-269.5571016961202
-243.98881840970307
-214.16943677325418
-248.86902994820537
-246.5534498016559
-217.20973133279085
-235.4289761922161
-197.6438113704752
-233.40980337917284
-246.56681422763887
-246.61718710198315
-255.75480284490072
-252.6042748136294
-259.65554055465043
-242.66594819929358
-242.25601797449553
-244.08667872192655
-253.79090663607576
-246.9743026481413
-248.8792495670224
-246.47442725433478
-221.07769570416258
-214.92706174468427
-221.18564327743877
-218.90506448520244
-248.79342620245438
-245.81163734246184
-235.06692368899937
-263.52041326629814
-214.37765431402642
-216.93126382956675
-246.37973737597602
-233.34427754162454
-245.08533336328156
-252.73598447009107
-222.22117175040205
-249.85233070877572
-270.1785458912195
-250.88951731930314
-241.65241305369707
-253.2846259883594
-229.17780135157574
-224.41793307507353
-253.2228338816735
-227.42684133570376
-269.91143560860223
-226.5884593645516
-241.95745910803808
-222.33588359980973
-239.00122428944007
-264.050429397791
-242.60728015440847
-231.67094081749488
-275.6232456424749
-248.07385861140182
-221.70078906245595
-211.65356771216054
-244.3532722053282
-222.27218150467542
-229.1492834142591
-252.843680945784
-256.2215064479121
-217.98794613174954
-228.54083215505557
-271.3337384669138
-260.16041077821296
-242.78164650810322
-241.2186544648344
-238.50706676017035
-271.9486562782755
-252.27427054432394
-254.7300674937294
-227.59621584113273
-253.0574565947992
-236.19326206808836
-235.05351794788453
-217.5402671504126
-225.87493304539186
-218.73538820096843
-259.99563278460846
-260.02789163827674
-231.82360570746184
-245.86160677936323
-246.29234659308236
-246.46691985702932
-209.25008256750945
-210.13169632463672
-242.05507331512547
-224.52656058777382
-241.26235934594231
-201.19044062128637
-237.72034056189761
-235.65242676108733
-231.5350760714948
-216.0197312189544
-263.99546163132607
-244.76479436840367
-249.8486877733874
-236.80512618150607
-248.05473246785738
-238.72854158182892
-269.1621566273395
-218.28518605650584
-207.32758433849128
-221.22088991416368
-210.4725024753368
-228.43508763008236
-252.83764380173136
-276.3347513300137
-235.18460257157452
-234.34300706075538
-254.06912721474174
-231.8586025089365
-263.5518072497972
-252.5131338057608
-204.42956511139013
-225.85153932985975
-230.6085487273304
-232.3240085707093
-221.52295407809083
-229.3460485424856
-232.20472176881808
-252.41738407232836
-251.4132727703959
-247.51769192430825
-239.33125842827985
-229.44037412603205
-249.4138297485295
-230.25656810783022
-234.7334897511298
-207.98173517920617
-260.75585923321506
-252.6405397159357
-226.00637538331546
-258.8062652402522
-251.4095370245953
-268.99991718590803
-215.82193007356256
-264.64744326587004
-240.41822049161334
-241.62840917760215
-232.42257743904986
-232.07142604917433
-208.88557105283112
-239.35194935306873
-246.57282126653755
-241.48008964245398
-226.91805525646842
-266.98530031690456
-254.07432220434683
-265.2395797324226
-236.23320293771957
-209.6136142619809
-260.7536286348163
-221.9312672446316
-265.69114447933185
-249.79508122729737
-220.2140865172866
-246.16673467703708
-244.30941029374492
-249.98942711919813
-250.5761310568292
-201.4588459807095
-281.6014492040024
-277.567304300389
-251.88881979763383
-247.86469521792318
-252.2827177295701
-246.44293677505533
-251.60063064952897
-200.42735217346382
-253.98839587726394
-254.99728784391536
-223.5421584493567
-233.80807857333815
-251.44639216086648
-233.13087792430835
-234.10201134912916
-235.79684094949954
-229.8620364176359
-252.55864317302448
-276.2133894893464
-240.42423744359866
-217.2822476979305
-219.70550804501994
-245.88178092248495
-280.94172288058314
-250.45447550091765
-244.00727206816458
-248.9910762630945
-237.86366083575876
-234.41225543229373
-236.91775440469905
-226.92464942273233
-231.94220004823066
-259.63192050058626
-206.75640266760485
-233.63057400363238
-225.8288227428984
-266.0154125388198
-227.89605481684558
-203.21047769738342
-243.0946453017189
-245.27732049365048
-221.76873932721776
-203.18077645841254
-235.95941477964493
-292.4396030143154
-208.63726053773695
-257.2168893761292
-229.71026157480122
-229.91541103571316
-249.06607836184645
-232.38186091878
-250.23847091440098
-269.5277968745502
-224.05264548540868
-219.1723699633349
-249.79034185459602
-232.73835654551948
-250.61025687216375
-231.3494977500995
-238.07042553909292
-226.63741173408522
-256.46320895017635
-235.9986155755243
-242.30981891405847
-255.39462833663515
-227.68762470840585
-229.6786056891611
-246.9129550816991
-250.10868105544105
-242.39223534145637
-247.69540433352864
-244.665004988021
-271.2138156154573
-244.378508252477
-235.95601339843645
-234.8127140441547
-286.89279983091785
-252.29266623766873
-278.8720983597476
-238.13760090467414
-247.72313301457405
-263.49217447328294
-253.8404488225426
-256.9285728532995
-251.08146749438643
-244.88867863916735
-269.93663620276106
-263.9927690143861
-237.24994587049025
-237.49929233419672
-212.5504595177384
-231.3631312823098
-241.33223050046814
-276.4774590166312
-229.71490192647133
-258.1665670347677
-259.7956882128949
-269.0942894823643
-276.9886960628917
-241.5054724290371
-229.77136906221685
-248.85006268551967
-261.316269995422
-241.057141575362
-237.81775687057402
-254.34065112341628
-241.62278688716947
-276.8636164882836
-241.28939064996683
-258.59126015482445
-242.6460195881507
-247.95893174835817
-249.65502981363443
-225.09217659385303
-237.53669816369614
-253.38496244832913
-260.3721099981944
-235.84316959485386
-253.9590906663119
-237.06811105107735
-252.68066270694356
-234.43493363949108
-272.49338664730044
-278.9000183003792
-218.12488238725172
-281.20379890181664
-237.8349811466938
-251.36308934390027
-218.67283028295486
-267.60841975894357
-259.60269583460524
-222.48540267286722
-220.8133381092206
-224.12595959224288
-251.7197069808244
-258.1926220286681
-259.7688839282992
-260.96196182744745
-246.51903190688074
-219.01719087268876
-224.37716351018554
-263.3562184026896
-261.9203513309102
-254.43190599893043
-243.69823330751512
-232.09223349590252
-233.34503516570834
-249.2057720166968
-235.0633194546257
-200.37028036622235
-253.92962988546188
-246.71352617216942
-255.66715457208514
-251.29030464790338
-262.20293340283723
-239.38876057328983
-216.13945328213435
-239.05261699069368
-222.25723803111072
-261.66142036911447
-237.61290961910132
-246.30074808402736
-265.2160930404567
-241.9811038673059
-233.5083828317271
-235.0828244482243
-258.1211981509092
-243.02350298487957
-247.20954786241683
-274.6431136850101
-238.12051188014817
-249.85900363361077
-249.75834222631838
-249.55805618567635
-251.74572812279035
-258.8211575343483
-215.15062111028806
-223.82644559115818
-264.6974742878936
-241.10669481247203
-216.72624876827805
-251.98405564016775
-252.03121718061723
-235.97279023243698
-256.3219462115614
-267.6801905076692
-232.46556579806418
-236.9984655088153
-224.95767757705877
-226.45521235482238
-262.73827113047736
-234.30006953296916
-252.5685848114611
-217.4216662305197
-223.77742978332634
-264.5943697867024
-233.4626915077907
-233.24552952440843
-250.63513690227697
-237.41994384476686
-251.9530799301976
-281.9064828957909
-265.4686261880055
-237.34670376640213
-253.50130801759556
-272.5072774602927
-233.88571149873732
-228.83751183549964
-253.9009667904418
-256.0318656590488
-240.03664353776645
-230.60665685462504
-248.99454999517968
-256.8286040904009
-203.07578979812564
-251.45210573785397
-220.6835507309106
-219.9867830891901
-231.82387708538477
-234.21553333569472
-224.17712647915658
-251.89759335473406
-241.00934516181724
-266.9827995216469
-228.73980463185802
-218.22935290754862
-245.08948243392348
-247.77599653991018
-233.5117464390138
-236.4373580586048
-234.38636147405452
-216.06643810647924
-238.72109935718947
-257.7476832856167
-231.10728291263536
-220.93832491484352
-252.54495011732945
-213.91339454429112
-230.83849046810235
-231.29481775346204
-260.3240315760601
-234.41094854347858
-264.73798641230917
-224.60450960300278
-208.27093163603809
-214.79099295621
-234.66944870199143
-251.73701348169718
-255.3601701870872
-244.4560812703301
-231.13243796321035
-228.84698928171372
-244.46503018506706
-260.7961691755107
-227.5301730490326
-250.23828116806695
-256.91046528909726
-266.8586894777728
-227.41552566173874
-205.86892083879496
-233.1316945700964
-233.24203929967348
-252.46627031199978
-228.886370261806
-226.6120999281233
-243.17161296895222
-242.56996385327258
-246.79951524073357
-222.21439826993338
-220.28407664965926
-260.93248834396195
-233.2303580908085
-230.12061293020327
-248.9269515716278
-234.00354304385408
-238.32045748454388
-242.94434645240585
-228.39286004586572
-239.57966688057584
-266.0075646653281
-225.44837136750903
-260.48816381344284
-223.62632971563607
-209.9737993740443
-229.6686278386278
-219.23141854039767
-245.5783215558448
-225.80454002716777
-254.68814743775832
-244.28247925384653
-228.78024657431155
-275.3187792538188
-219.4989312848289
-253.25466903519526
-242.0106229245339
-264.59160160513215
-220.9554307826125
-261.8573259415635
-222.2065693354774
-240.9077140395584
-236.7970884697961
-252.00701758096415
-212.9444818763832
-236.15437448150504
-241.7459021955916
-249.89189749329586
-225.8128260538171
-237.40558839172485
-256.86863073739426
-219.39723947046136
-230.1608937676272
-240.53197598264188
-253.86622510958153
-235.52019811383252
-220.0977618932351
-263.5571763567613
-206.66525456729389
-225.6716723447746
-230.8572221617365
-239.98035158825508
-236.0797897781821
-247.42810357264966
-248.32535519578147
-206.50478933237036
-260.6222499206291
-221.3235387084011
-268.22305783376186
-248.0017926590683
-239.19667208905878
-236.52108885076294
-272.1375810428505
-267.8885874752034
-200.1379565845346
-219.84991304715805
-212.9190550341516
-239.05773631528723
-253.24818714859356
-254.01834322713404
-255.4720160463762
-226.1170820361212
-238.6089694037556
-262.6988090394562
-240.129589566628
-255.9654568497526
-288.10648598269665
-247.9573957671396
-265.1885560132452
-211.5096360868966
-249.44760832751956
-223.36722529632814
-255.55628494069757
-239.70883155191416
-262.2248763112069
-237.5405248879126
-256.04597174013645
-238.16400782299465
-246.7742607040209
-239.0519984820192
-244.83614234193612
-234.08772665839984
-236.66301350868162
-222.09528432694535
-262.4411011199966
-249.28953285610996
-236.02019188351886
-186.7897378992434
-283.4399414963551
-259.223745985671
-232.0465376853628
-266.39544916402076
-237.16129696279188
-239.66872056999452
-210.2139092454732
-235.72413743692016
-249.1325406612798
-197.26560717713983
-263.69140737465744
-221.38439591227694
-244.23736178800996
-256.31651300323756
-279.47087788675196
-240.30516056320823
-224.64794417560773
-240.64734040296153
-240.32038065776015
-254.3169141553347
-246.51403300660422
-263.8477341316302
-210.22808202484157
-220.41482262372168
-234.03901856794744
-236.295090664118
-250.6034776455228
-249.39627444234043
-248.08745177942447
-241.99352672195323
-247.57617833592928
-241.43444130908026
-234.4669285489408
-248.329948554714
-230.92783944442073
-235.33190703732419
-249.8503339793106
-214.75234268815856
-261.99833779094945
-249.22123244246356
-200.55277897418966
-258.3194618495219
-239.56799149793676
-241.7645660341824
-265.3043950911741
-236.56149640050924
-240.7103606696678
-224.76519902594617
-222.91107790724072
-216.370065506131
-233.03287703288518
-243.77630116672321
-227.30862761260516
-232.74075782992094
-230.01431871205904
-271.07678030997886
-262.43336710076545
-199.98751022678806
-252.4763446754694
-210.6288810611938
-197.5394608991649
-239.36970863459274
-221.2662194149524
-212.7336103135177
-225.9249834751982
-228.50210848703847
-228.72337312477117
-251.55182641089112
-198.9501739553245
-267.47221287651485
-233.89439650688558
-245.78384195525476
-257.2926910654885
-266.88158049176934
-255.5105978171617
-265.4694782090646
-239.31755644057768
-239.18564709165582
-241.38592465474858
-263.764016332957
-276.20061739233483
-252.18141729316667
-229.61059515740743
-240.06469961662467
-213.93262171003227
-252.7017183084044
-245.65441692463588
-226.6295797196144
-240.77916269807517
-238.1792994160008
-219.16291689360165
-202.03343302235916
-206.50334768228777
-203.66538428646533
-230.8159677651622
-224.96427369697318
-208.22852476688905
-228.81360220244665
-232.40270495912256
-248.5381235847545
-209.64944809350618
-241.3691210986938
-239.65636274821406
-223.0694797009752
-240.49603108771908
-235.77006950714548
-200.1344602053461
-242.5119403283618
-260.3721995014042
-255.30133629676664
-245.57483826310857
-206.80963928051955
-274.60006945852336
-230.47511779155874
-239.78531464428627
-208.52914752516244
-220.7831258950336
-250.9359467234303
-220.93587544272305
-233.11777057977943
-252.72530598821191
-240.40028627952626
-248.95205368355087
-263.25755780835607
-242.14921299158357
-243.10380060570793
-247.4006867252033
-254.26589086598548
-246.00031255501807
-236.82622338472294
-237.64503870318197
-230.56442634881606
-254.17774923443608
-232.92072473302147
-246.61912994433231
-205.826096431191
-244.72572262100402
-230.2038513993597
-243.3548852734439
-244.5103518760313
-248.27045091051042
-219.77506397194958
-217.80846054403412
-239.8349835863375
-229.28826920973978
-214.232685684425
-245.74253611845364
-224.01790456907207
-228.4794055290359
-242.97830262828833
-250.36746032071818
-243.07355433653447
-257.3238446809459
-256.62723636243885
-257.01236226949305
-242.72864800050095
-251.45321444092542
-259.7257798603684
-237.41011198220824
-233.40962745644998
-274.17294955975717
-216.36350370547987
-286.9094778253643
-225.55665068908417
-222.50127402390274
-281.26773851251306
-236.6415205873368
-235.98467848210572
-240.45560884014535
-238.63447463479696
-250.16447847886366
-247.40101608986248
-261.0625624441318
-255.49388885908672
-246.73316154986142
-262.13064612258864
-205.5881348982424
-236.08480103263673
-220.46420975467996
-230.69207730168404
-261.72415083338433
-208.8394257004692
-198.8482064250196
-245.4764765466693
-246.4488083360225
-255.8511287904064
-239.10074999279962
-210.99060713188427
-253.24805543133675
-247.62666788309824
-249.16844046360438
-260.29979672652365
-293.86564316544883
-243.24226629012128
-235.28641236871135
-228.57855360808026
-237.27227394891963
-262.2679616504498
-236.37482313492563
-263.1588656380609
-247.35827458754082
-273.20301621198644
-253.33823691551885
-265.36666880670236
-274.2158146824551
-233.20188308065138
-229.54246827353586
-270.7176597537021
-275.3491664573362
-236.02318204176555
-251.32730711903326
-250.69355181539592
-270.7461596621142
-237.04106282305844
-230.0074390008807
-267.6610106518239
-268.30754074825916
-280.60740223967423
-237.88271127004754
-220.67122376568028
-245.25381514403355
-264.62581723899314
-246.97929577807162
-245.40035543563613
-248.59891082454786
-234.06439960135052
-242.37935661654404
-293.2666352527593
-272.14347654156904
-246.04338789826505
-299.53061772810406
-248.18013124473669
-252.41367377913735
-235.5065966968114
-234.65399531422162
-232.908057648598
-238.67896404079238
-249.73326296698232
-295.1157323096521
-270.60152933831546
-274.69365148501157
-263.2170107273012
-251.44399288908238
-262.9130045956211
-281.5962741138435
-232.00402053189538
-215.28443418358813
-275.7243004600768
-235.67916626869498
-230.57178344306877
-238.99751684240482
-237.9381609369858
-248.07137550980653
-252.55216430856046
-253.00192089745187
-245.6989131495356
-230.64682245155495
-240.3269185538942
-237.55828048344782
-229.20732619129507
-257.633788257433
-257.10825045987724
-266.8420061393704
-254.14302822766228
-267.9865344633748
-286.936696181866
-265.6895074266041
-246.25082440775913
-259.0116464387565
-257.36908788552114
-255.55220309155965
-253.97048316767126
-248.9414186873518
-255.52117738894856
-254.92674357862583
-280.7670894116949
-257.3316079038089
-212.90281702493684
-259.4988817604905
-265.6688513766287
-239.79598893244884
-238.7365383379308
-246.5026634588279
-217.59686156728785
-261.42411846871744
-257.91144024135565
-247.06373301829444
-262.1433238050315
-263.93703524441935
-243.55067257846028
-225.26916150496993
-235.2308255815759
-255.08785470102526
-241.76926161060277
-241.63243811498398
-230.88138196600514
-270.5055729891291
-242.03571373170132
-221.3318002220045
-254.91942237010232
-235.031600637992
-235.71043946384387
-230.92083772186658
-241.9449399526161
-264.68236450915333
-253.01903679988382
-250.7033657792328
-253.32650783667935
-271.39455211942516
-246.80390493112168
-223.22195244403252
-259.84062930072463
-240.50345907043803
-221.62202984729248
-262.19994709144237
-234.2464018268435
-245.89110823419804
-239.54064266045577
-237.53915145638777
-249.80814826592757
-238.77465007855545
-242.26013109772487
-258.15215546466857
-242.35323728686492
-248.88727251240172
-259.4751185062068
-261.0256271334919
-226.84688650053772
-237.3364390773971
-252.86159817234807
-254.3672062412449
-217.36470550725903
-236.30427181233844
-245.02781481698167
-221.5813463919526
-250.5483309292419
-222.6660797208006
-219.66433815582977
-247.15807339637968
-238.1386446731355
-255.13768051457845
-231.81192753714862
-216.98496460537956
-217.74710048103915
-222.71297613857007
-230.48766708694694
-230.74712233282133
-274.1163029933788
-256.46327055517565
-258.9024543211623
-207.70016935328164
-241.9164175810855
-250.97676089334902
-256.2834294187601
-239.98636130637385
-220.60727858179442
-243.08273353440612
-248.4214171673853
-230.67367138594244
-283.65336508268894
-241.58673736724387
-236.56694679991796
-223.3070433051402
-219.4763940996642
-246.38871019853127
-260.83027048322424
-228.7429205585588
-219.87077565919438
-210.6348965897913
-272.4508296642621
-256.4759672354713
-245.27166149458395
-198.64832077046714
-208.9207348371993
-193.78011220052693
-260.37675139488283
-213.03319006048105
-240.90432092807373
-239.79856403808466
-208.44604901328054
-241.67447378994376
-216.26894446786144
-260.2337743308189
-209.68745650319363
-236.89077021487896
-271.51447969524713
-234.4528289950174
-225.14161651489258
-225.16321666844917
-226.0734689108737
-248.93661482154488
-235.95995273992025
-212.30680101968815
-236.3194423962235
-266.2460532964257
-197.08465370854213
-208.8456337921836
-252.88791884585714
-237.6589239680052
-221.8463458712613
-213.89313523774484
-220.7037790923227
-225.66604532771322
-235.05341879427345
-257.75283090133615
-220.7816611791891
-240.10176278967162
-229.9492927208005
-249.70467014060887
-245.14529760137324
-222.85270399673314
-221.9450276865093
-258.35511441585777
-311.2217280434304
-224.33863656581906
-225.24148833392468
-280.0513155957348
-247.96219335101915
-247.55685106579048
-246.7256926821688
-248.24169928629166
-202.49551691071153
-263.7002651903096
-234.27942155274175
-250.5488987355214
-232.14139108939304
-247.95672110839126
-249.1658876800066
-229.79355061792802
-271.23681166062954
-263.444283829554
-232.5601192977178
-246.82655618940944
-267.69049605652896
-233.91761070065877
-234.84105428128015
-259.01862364014596
-252.0458740863291
-245.10224137746656
-266.31076077949666
-219.11091421897692
-246.96534528279068
-277.3050922802636
-260.97684322584905
-211.5132888307008
-252.19230938151853
-239.0601150790877
-221.060885061838
-235.68472577500972
-250.96295399148
-209.744785810178
-235.73624066129872
-236.66305814375846
-243.5137799091098
-226.63766095691278
-260.5701222124166
-213.37822416748088
-237.68952022714214
-239.64187082304107
-247.26389129740357
-210.3950304648556
-256.11650674344213
-216.97241640268572
-217.84024301785726
-245.82837393164957
-245.25585043905582
-274.5079132153195
-241.58720684514563
-246.66284559407075
-242.7433562753808
-251.81608271819212
-260.63717485125574
-220.0487605398074
-252.43918315294417
-246.48499218406545
-274.2411158771235
-216.9537818650671
-224.8753558049513
-230.58954694557497
-240.04355106544642
-247.15626046462108
-223.94344318361814
-227.2240843443609
-216.07703415797096
-241.4391643303745
-234.75591330165054
-236.65988580221568
-246.84880207732039
-214.66549679217795
-211.1112952722719
-241.42261864259194
-227.08322635369802
-206.86041988116105
-227.0220668664159
-261.13621096755537
-260.6238399664801
-248.77099928634468
-268.87330262819376
-209.20897072255025
-243.00284988083996
-259.50366579798936
-232.17280729492933
-259.27618661946974
-248.2523295493985
-249.56198003765758
-222.5317070623285
-245.74744591959112
-244.92194097858783
-231.96679144387159
-260.42389685882324
-229.66778907737944
-241.94065944017206
-232.87390675305704
-255.31882942867065
-227.94867120389958
-227.24254615866357
-233.3195226325581
-239.02360451363037
-225.4392600184795
-219.81841617837358
-233.44424295779402
-236.4014578026397
-219.66935880909242
-268.19553804279417
-247.63124831635355
-248.72061381402438
-210.3226401473292
-239.74336378010852
-234.28573163012825
-237.33948880116674
-219.65118973497044
-220.0628402823401
-206.9331835110295
-217.5838747694742
-255.7097820329376
-217.5450054497716
-219.63030644695624
-230.88610870960724
-240.02902316683733
-204.4610209759023
-240.43864232238388
-264.95750416882095
-242.12080925053004
-213.29558119518725
-192.0286169333517
-229.61260898810144
-224.53516383246398
-218.66087591832635
-245.17806533717595
-264.1848003020632
-237.84761224072028
-238.3060756175568
-256.653295194157
-215.95518051321505
-252.66322859289056
-233.89441672590854
-266.9790210355013
-263.82245530603984
-233.2419260216132
-257.1789086056141
-227.10347517157976
-240.55419805072125
-235.92578300996854
-260.32634674016026
-260.70093506929135
-249.03607018965812
-210.43061152804472
-251.26487422088195
-203.0949862029214
-277.9573820467124
-242.77221883060514
-233.0847582842333
-229.6502459964268
-247.72856212073313
-252.1262980650638
-247.8167577457091
-237.7547874198328
-248.6327786616644
-236.9331705157499
-246.5985033751568
-259.2930035101849
-217.1504257519999
-256.1612564620624
-228.29935188474684
-242.84113207617747
-246.8646081418537
-211.13727635039913
-233.3717713393283
-247.47909296375468
-242.88459257578074
-252.00411751572258
-253.7328135913423
-228.94389532346696
-256.98011423629055
-238.80237242588376
-250.65851341007783
-223.173126469997
-245.10058017488979
-253.66548408952556
-242.97677282912952
-231.71914109203132
-245.54004074953133
-214.34380720935678
-243.6706114398901
-215.47393413453312
-247.57847070751046
-240.81867489792114
-252.8710011830629
-230.22579531507625
-237.0857178315619
-223.8336725049798
-229.84026538548963
-233.15300801999365
-239.07845345913285
-260.6457439722343
-247.0110538871602
-225.86542752670852
-251.1420427310635
-262.39458329793246
-211.09519531372055
-254.03536085756315
-196.17750810233704
-258.1712445329873
-229.7104341868393
-240.2041683987131
-235.7453203594672
-230.79711532474028
-226.9644091935586
-256.9265578572941
-210.7981957282625
-256.2385591562008
-209.91297880119583
-248.9442504155379
-228.38272958909926
-259.5007674515356
-266.0262266696217
-218.88702366483608
-253.5795396950592
-265.3850596835745
-232.66516882476668
-247.94718420881705
-254.17748375639547
-223.89639080014672
-223.75228080555456
-217.9727077756879
-274.58938651569565
-237.20267827388517
-235.91100250142642
-247.7340467311938
-263.6206360932995
-204.6264336744233
-215.30030935631004
-235.01524837677619
-224.69095716391774
-239.93661087160856
-260.68557774829776
-207.05476546380953
-257.35658076267976
-237.13783167805215
-210.84672135884432
-226.1495430099256
-234.4614554021977
-255.38216241648746
-257.04245457842205
-225.66719300625104
-250.54886272988696
-257.1051191168885
-239.83233543358097
-206.68326467102892
-214.5355891023703
-211.67640181252915
-219.64168031294616
-242.26035766621055
-249.9710403449763
-238.74471635549264
-242.37465460047642
-210.60363353002043
-228.38705329466023
-230.19138607956984
-250.2339048929727
-212.0885967958043
-242.10814199447017
-249.33077080290576
-239.4574955176554
-209.3817127928304
-237.35189170219874
-216.70630396273015
-238.60801741519464
-214.1925231707562
-269.36830190160117
-244.4808441282338
-217.77891335757667
-259.84566052308844
-209.08120149989668
-269.63678206331156
-258.13528762501767
-251.0064967440165
-218.1924371057808
-211.5050521459411
-206.41822779308256
-233.83980202886693
-230.85213758344696
-213.04627104661157
-238.9910471050563
-211.06146161753009
-218.7765190488586
-255.89157537351048
-232.07664291654683
-224.5584680833877
-243.43525531880118
-222.45457375691433
-239.98095924181456
-208.5297230652814
-250.2036995570253
-228.48150938376756
-240.74405949705712
-217.19633639877708
-245.15653782600407
-227.03067529798508
-225.9617799997327
-237.3868272541294
-230.3092158789741
-270.01923959242333
-228.36145798079127
-267.4601717689001
-247.9262497936041
-247.4621364414368
-228.79851090701368
-271.7969209082124
-239.30400090016133
-242.77734061184333
-233.31089469922716
-238.09550187431648
-248.8277638379619
-256.68824399859136
-243.65094231229818
-260.7140797063619
-274.94709345095004
-230.88626712128027
-228.7338580008137
-183.28793518486208
-238.90908499698156
-236.91237128529673
-258.55929415239655
-235.8727337433394
-228.57601803956697
-246.46455847364717
-232.36990484153233
-243.95953004951355
-243.50806216358208
-237.11661250908296
-255.69891425422065
-240.53925682162424
-251.7370310849322
-256.28905457409144
-238.16531542693195
-257.80333256669974
-217.60655368133683
-242.1389742299196
-247.6760921167629
-232.0025509277944
-226.08438822117145
-210.41920546029985
-251.37531032260267
-245.8314351792809
-239.27637348937967
-244.88628610994658
-244.92549790482155
-242.14775250619164
-254.49100544341684
-267.112043409855
-239.9240494891192
-247.51429209726734
-255.79518497454046
-200.71656604411407
-252.0799083499523
-216.30735694670958
-238.87954584350288
-224.20245945464356
-226.6467971485689
-245.42520650957795
-208.00539095500994
-231.25902846127929
-204.57806510378128
-250.99537159984706
-232.77171187043933
-210.96653253121718
-222.95715721158007
-270.699219937261
-281.7495855293318
-273.4178403747969
-234.14841548319856
-236.89812799785193
-252.621913610543
-281.16823933582134
-307.1358318852932
-254.69149014902905
-241.6861438013938
-252.2129556527637
-220.0183919018058
-229.07647722983762
-219.04282242841387
-250.26150044666406
-247.7722946622419
-203.87679493100126
-267.8451379935195
-258.66575524635675
-257.9759769041601
-276.61869483811466
-232.27417702898438
-237.33921134816782
-243.4380472391618
-250.7661723343569
-272.70746207780064
-225.58367103262844
-225.4717036554454
-252.64263161456805
-247.4432729153165
-267.35817381261484
-248.81847640957855
-245.4925596547829
-230.18786725009784
-274.44874443505125
-243.3619583625242
-262.3827148233258
-216.7666085704823
-255.82394862205012
-266.83491748673543
-218.02567130672014
-247.77976057448302
-221.34360717187843
-245.751242429273
-252.41960977619036
-242.0590718221851
-239.68966840099938
-242.4897951132751
-206.13144820366313
-242.89528472066218
-277.2461908588582
-283.1383495469193
-228.3056454648796
-240.37286661316926
-233.30335703361953
-231.35382993490614
-257.5187255578455
-255.23902319315087
-253.92859609380838
-269.0907877758257
-260.3598190558689
-229.84938507079318
-238.16534863062543
-209.48442580928375
-221.54250926233044
-250.16622205808451
-232.69074030549
-271.3717640510955
-233.9164821790181
-256.25033254560174
-220.29129963498775
-241.28704395510545
-268.54800443345516
-252.2710511488533
-244.11084183507552
-240.50984865675318
-239.71728272833246
-278.04833859003253
-224.41482969248653
-266.2221247968728
-269.6536407799349
-273.3282034301393
-256.4790866592126
-228.10259842001466
-267.6416788861145
-254.1913886539794
-248.98525075748955
-221.96082049264973
-287.8435469440867
-239.8075798666069
-230.9755087143789
-237.4769598016398
-238.3523613812077
-230.70201161369368
-260.79817400328454
-209.63093906938406
-255.65556017234377
-219.25003434951282
-233.00364308615534
-262.90902157491314
-248.2530717222722
-220.3869288593962
-246.73026170318957
-219.94276431936177
-225.54588196476558
-246.785608893305
-239.95797752515963
-253.71499374112017
-260.7761997221852
-232.02930770110385
-244.71837842927994
-246.75349846457812
-235.1365387952676
-257.7227598769978
-246.1624432431887
-281.59999991135066
-230.31009089239075
-234.06824224879392
-239.172188395862
-241.4923355181214
-250.82742957146718
-222.98351922385294
-249.8191574771232
-239.82066653524873
-226.98656879506694
-254.8227387729554
-214.6463764709616
-247.19077741476025
-256.47559081347754
-216.00218889549393
-239.79845621506627
-256.39880505626684
-248.0723471719424
-231.41247347140677
-245.9655654064839
-236.428496761639
-206.32508055340423
-197.88534315156969
-234.01121796786143
-202.41615718086715
-250.4158283737854
-233.72046501621824
-273.3773907685908
-274.10936347660805
-244.80358656600285
-245.84018149869976
-247.1027023062406
-269.1810079229376
-219.97725350888066
-252.53225368237037
-250.16632556032587
-253.7670306646286
-236.8065933762349
-245.49217191834586
-271.6772758175608
-251.01153545040032
-227.49693742112467
-258.32125082038675
-242.43466312145904
-220.24599507454553
-265.1164217383159
-245.94022088871466
-249.62935728235522
-234.46813085462526
-241.37276246236777
-255.1513855095779
-239.9953346742116
-221.90041767385105
-225.10024412809236
-227.48676252491572
-250.69659556942375
-210.245327437774
-224.98639662507708
-266.7932292452796
-243.18640501061293
-245.9644815759779
-281.5004268536509
-248.29828037714148
-230.05232675381671
-265.51604283830557
-209.08459279304503
-239.04062915813572
-224.5102059948474
-236.24418577424512
-222.23041660689438
-234.19927749190873
-217.9429867636992
-225.56067959105172
-233.8083054585785
-221.89686159251625
-219.4397211175418
-224.53689937493652
-241.83819903466883
-215.8917961986274
-237.499830682155
-265.80395370237727
-229.41867960167818
-253.90179503502722
-256.7620572849245
-201.46729489031625
-234.8072080950539
-232.61137843339174
-220.56726981087618
-234.55119099574551
-230.126043541064
-271.5525302369867
-222.7350160351195
-274.3062400359222
-214.98568556790113
-234.66619286720078
-232.56755779722246
-250.75474391990048
-251.95284513317753
-237.06193023489703
-254.04039106959945
-235.33331523347567
-243.68234241374432
-228.8459701177785
-225.05985184685068
-260.41047393880234
-271.12952280654713
-249.31302024210063
-225.77171476415947
-233.40167026739235
-238.70835544386318
-225.59478839661983
-220.8640393700731
-247.22038948012516
-250.07627717505687
-249.5203832293389
-233.37206218611038
-276.0808262192356
-241.22923752626684
-236.93944754777704
-236.96925661023573
-212.0188226226487
-236.91149291090017
-227.68202052200195
-215.46130033301372
-244.41304432520278
-231.49680247066777
-222.68972256610942
-245.40538124180594
-253.90215718630049
-253.96323411681595
-257.35466494434326
-247.58327955315067
-256.07594176713957
-239.42373450745475
-262.5435677683378
-227.5452199767469
-255.3035971289618
-233.1060294625387
-250.80130902356933
-218.65086382365
-287.60771527354825
-262.8146673826073
-242.94825726780397
-215.75754485023464
-265.45503078863374
-249.96764151753732
-242.05665335110663
-257.3966497032201
-241.524467392553
-229.12300477588326
-245.22791857482423
-258.23213694810204
-235.14259440336218
-232.6596862369259
-259.06791903317287
-268.11635149527683
-236.5668446541032
-248.90895729922315
-250.14347998096503
-261.6431094084047
-234.69729381482205
-257.5891646785408
-235.54591751101083
-217.08175190601156
-261.47162045495975
-273.5245284509229
-231.0173463623605
-223.5839253251251
-233.89354826162372
-245.17420635649972
-256.0517916244367
-228.62781706151515
-261.45465756106506
-198.89855123480362
-227.7746697734242
-272.06601293073356
-249.84271985366655
-237.58720733359235
-242.46356359312932
-237.5349241157573
-250.7553970749209
-264.80155047420635
-260.6158792020454
-243.5694117501708
-239.8123732477853
-302.2482934891117
-221.12379716569245
-211.40825186066445
-245.41809537335686
-261.8116550728471
-241.46330360792587
-241.0004512492407
-206.4481832323208
-243.68797564487022
-227.46317454075464
-278.0062475667449
-249.4247435927294
-278.9532884852664
-225.98806077555315
-244.31581089406245
-249.56483650483835
-243.74335011620127
-228.09383612313513
-282.0447509311042
-239.58616890995074
-242.89806609432426
-239.2872876389318
-232.57017838004253
-228.84986114697898
-262.78281769075
-226.19691774414406
-244.49571978227647
-274.3825141415815
-244.6079196545347
-199.72605380218954
-237.30597038521532
-234.6319966959471
-248.48851028424264
-242.75286801337256
-233.8984029360346
-208.63148778138148
-248.02063942456127
-238.53159303190367
-246.60448535810787
-216.6658073866579
-233.11493894276265
-236.35514193537372
-249.20046246002647
-238.81510638382989
-258.72282493003456
-212.83937320608337
-225.64696636202066
-223.41407504265402
-223.51892094051144
-229.4572594860311
-248.1049230418938
-239.39370541733507
-247.04482363633934
-280.62903937873443
-233.9941938339946
-241.80735802229907
-250.04264361414909
-194.79614384101865
-247.19264570067773
-249.41996527569768
-226.3684282826783
-222.61586351481446
-245.67782683177688
-225.55157043908923
-229.29744275250115
-235.86296979885802
-270.88663383779163
-248.41821209200873
-218.57862798685295
-204.44909792759802
-259.7064961937623
-250.50301349859737
-243.2688051832897
-234.16001198316047
-260.1063381896872
-259.0816599407847
-240.2129720021981
-247.41453469274686
-240.616023454381
-259.6826359229887
-260.1188365642477
-256.4489291024257
-224.9317836360052
-237.54082528276027
-267.85263114262955
-272.40366066642076
-253.9873468800821
-239.7027892456922
-237.07389291829293
-200.98016933662558
-225.21746645516563
-246.36223649713338
-166.150744220553
-266.2520766106908
-236.72718158311702
-249.77609795031648
-251.63958091894312
-233.61519227142836
-217.4124000790934
-223.4548165721983
-253.74759983990288
-245.5656303440256
-197.95474417583154
-227.84513444454677
-230.17459489814604
-245.712828456926
-245.81468787953634
-260.51237204260144
-210.1534830840637
-231.77582617640053
-243.80471605808373
-228.26260260096058
-241.93705220333985
-245.71586009295578
-224.38938016393655
-229.89481532124591
-206.3971052427288
-253.56083747363837
-248.83800746705677
-252.12059094371747
-226.94840781727913
-240.31805683757688
-266.11765232574754
-236.59031344952714
-246.88021313836154
-243.5423970332259
-242.11254713151988
-235.73328157213197
-245.6033521926973
-226.03134854183617
-230.37672290273224
-254.6768933517509
-263.6723602244323
-237.40646781517603
-241.12050113335496
-221.35188388460952
-236.56300437097815
-237.51355928698666
-230.35267357702577
-238.41715988144074
-275.5233641544731
-230.18906478207526
-249.1946029014868
-229.48016840887874
-248.32629936411283
-259.6585065969905
-215.25449233784894
-270.77404667714075
-253.55081227498076
-237.71698365510343
-257.8432877188223
-209.0374571788738
-248.8443453716758
-279.7540030119328
-261.5429133911299
-254.40822163736638
