-87.17055549449631
-110.55054642249627
-77.42121158158429
-106.17497123703993
-100.76469616115665
-122.18109360346057
-98.8187815257566
-118.57067241026351
-87.95284485360409
-97.8136040245301
-55.42755636403007
-78.13524257909286
-79.23526093392321
-57.588375153154026
-129.28110679357093
-109.50443928750701
-111.86945168115989
-135.83733046954558
-140.0171612993828
-42.08568878807511
-100.94552293759871
-76.95929918248294
-110.8815606549617
-106.1122523737678
-122.3686404349854
-42.911382508214885
-109.83451306347925
-122.4881803520502
-59.72145440657598
-65.99023590885353
-131.414810429336
-91.8012998254792
-138.1410573702583
-121.23089548238491
-116.57441890621513
-92.80199396991831
-83.63701464026971
-107.81528165960702
-69.30113632912217
-65.44356647709611
-123.73135097656387
-45.235244062056395
-110.22839588231832
-72.29660089786762
-120.2360996883466
-119.8409198646109
-111.18930251899582
-85.4682819015793
-110.62114801613552
-126.10016653944193
-69.21396845229933
-100.977184117992
-75.6707828033634
-70.36350169212095
-128.1246350287293
-134.9883695768362
-115.72519576432612
-107.03171505681102
-104.83640377895009
-118.61783914843825
-103.68165915556528
-103.80072417425862
-91.00339431369486
-104.76627346805421
-102.24554461088525
-70.53026751626211
-107.30693500396339
-62.90645241405313
-66.84819688503484
-32.63335398839306
-124.96252853994515
-107.61865847347453
-120.15407000770462
-115.89003855293771
-85.91418426314033
-63.33028746289884
-88.52248603100416
-142.14812910619
-76.52122496047463
-64.00549686658005
-116.14868037937251
-114.83586046734479
-112.21284756947551
-35.89532310464547
-94.76031691484503
-130.72256010440856
-63.72689986585168
-106.77363347948338
-40.22859581632129
-67.43909607125966
-92.74867579646235
-86.66392647282318
-125.00130498455658
-35.386523913078534
-140.450371973541
-84.66361343407243
-126.93248116201961
-69.26237557002534
-66.23999376288819
-102.58154969960759
-138.7882590613262
-127.0573439196493
-127.48062472190057
-105.61484614629939
-94.4165963721006
-91.97804492632145
-99.63183925710055
-130.03700864221867
-114.35944996050137
-118.74229586352189
-36.971251371949336
-117.93961633244336
-105.51573262611686
-84.30083729701937
-42.98502454257651
-100.07323312820472
-103.0969621836002
-114.74124934686287
-75.14345651072406
-105.82410047062069
-136.8570182197804
-65.52105776250988
-91.46601499581178
-66.7637010506311
-63.80321819742989
-63.69091265035787
-96.02182998693797
-92.58064126609256
-132.17866609825467
-5.355131700235613
-64.80648117637983
-94.51681998051635
-155.86333199912758
-90.13796085297183
-41.67976007894647
-106.50137411298002
-107.10279702759647
-144.2843865891653
-66.84116381281422
-116.19751225872795
-99.71557691476815
-115.22210175801726
-119.44220790590853
-67.28532280639277
-94.57224110792531
-91.16083693948369
-108.1389475308687
-73.86282953961734
-60.272768873358686
-72.02581568401412
-95.44352203121309
-137.35719264594832
-63.61171688643899
-88.7544503353454
-111.5196685398142
-129.60296701897593
-79.47918681313358
-78.3785846518409
-24.113622193790185
-54.160956462908224
-115.51421108389826
-85.81163050269022
-56.86030328156877
-42.687957474932034
-51.73515705025395
-54.45696353672355
-58.00995700823839
-96.26997408326002
-110.58017950601298
-73.63253664685664
-62.06768490293895
-93.31771999133689
-65.48928504565176
-59.306938983633984
-87.23180224536868
-74.14199388716375
-65.87619844003038
-62.711106582087936
-63.97913595695677
-67.4669881478303
-83.92227495847061
-21.95823918023175
-60.65024010028257
-75.14851114485506
-56.87907400840288
-38.334985829967444
-75.95612800984125
-104.71659063572537
-53.2928405695372
-18.08290990210792
-46.87892706000846
-59.11698959373259
-37.64012358342323
-101.7924351584734
-63.416835976168656
-55.15046525004229
-84.29639798586967
-95.44460627587128
-94.49901702956217
-115.8465016672247
8.867501429345278
-9.081138575525443
-69.75921510801044
-100.37869865661082
-97.49949937185653
-80.71631332948004
-38.832704381344016
-63.51323152344052
-103.84761443913659
-53.141388221384055
-14.359625961608671
-31.878979668590116
-82.10039247184729
-37.77841058270374
-71.40967915478795
-91.57510402590981
-58.681935047543504
-14.603857969389633
-60.96603338744132
-38.04340806589219
-48.4428752704042
-66.91927209733817
-42.99864928049535
-15.600376660683438
-87.05142445327482
-59.738629028394115
-82.15736416162355
-27.05121340215717
-50.72673735714929
1.834547530029485
-25.439122765701686
-44.20058124752103
-64.50534070630437
-41.33367453757283
-90.02188585605607
-40.72818530071066
-32.081176628277184
-50.597932746475806
-85.95033540877857
-28.27156745188384
-68.36264025002522
-43.01966659584397
-53.99252761744525
-77.3602294319712
-71.73500685188483
-9.735698882328037
-84.97059622820551
-64.7685537083571
-48.03090203385415
-21.794411449542768
-66.06220790199804
-26.213235999831596
-94.3526317945425
1.8774310846400564
-56.30782654263639
-82.90452265081714
-50.50597134360574
-60.338650556905904
-40.280672743230596
-64.37091744759829
-73.02591704825645
-10.107458422934254
-87.17156773123475
-65.76411621753111
-57.10672165859133
-79.03585701575994
-105.72674531578659
-53.042876182829914
-21.557923510084837
-61.58309250961491
-22.773158316976385
-17.18177344067974
-74.45528871664547
-88.8030863005886
-43.35878893990123
-4.980472770707607
-75.64209400099878
-48.53464924927847
-48.0955290682846
-43.16643763635814
-35.00912869455297
-78.66310879563756
-64.68046953096574
-39.93308282319764
-40.139903422710546
-93.08043363222819
-83.2902379676377
-18.10326702462814
-52.194135676026576
-85.06973191052984
-72.98815759040028
-67.68257561126411
-71.98041219018955
-1.1932024925069762
-12.846624634193152
-17.84411809509189
-57.701833703351
-93.1017542543168
-26.80559841144089
-82.74596862038418
-24.722003275448884
-16.832900802161696
-61.23195564716772
-106.51706058119893
-29.536868392591842
-72.3055891512784
-51.85088457359423
-49.315366829345635
-124.26936768812783
-69.53847403526935
-68.11215617907465
-56.6018164514007
-27.810576586353683
-28.500873016648335
-54.85576760275474
-44.58628976303293
-19.083468221758523
-45.77534391715335
-46.0827374293398
-54.66188458233887
-55.07074487231972
-71.31948254678267
-16.057350729833527
-30.22746897854855
-71.50136349934772
-60.911964276484454
-59.32847090027296
-23.94674281805137
-100.85416562993092
-112.49924978559712
-74.26323798569106
-97.4857607916672
-89.67189810945717
-56.76461135102414
-96.33932458576245
-44.99337514725492
-109.6249418832076
-104.37795941676197
-68.82482950113527
-47.399661796653426
-95.57866085660066
-122.20839701297422
-67.68959750001815
-64.98479111322095
-47.87178833928192
-70.76751049976588
-58.1935741196139
-71.93446800154192
-56.05206125114651
-73.53658971903081
-78.46296008018143
-77.4673664099365
-57.849210916063555
-85.8609370698641
-77.82623198230819
-60.528399080241584
-50.69816101769012
-68.08313512722586
-96.15818635002087
-91.70256889724502
-69.03321630611453
-73.76461496856061
-54.414241866544444
-38.72314772598018
-53.3970516779488
-68.84383010921094
-58.09722662169176
-47.17241180104974
-37.460004444720894
-46.71370275031095
-49.64955589564285
-63.434448923866036
-90.8286392581823
-64.41005904357688
2.1806872619633126
-19.27769263090798
-19.683851314826843
-43.112094702831314
-31.118285702511855
-25.834667267250047
-29.07935347472833
-40.99414746605275
-44.96442263665595
-38.78381457554078
-70.9404194767654
-68.5362064290259
-59.52553050809103
-37.88473604679885
-35.030075149599725
-58.257697736279496
-44.27256430894341
-57.96183864112851
-56.287097671193564
-47.703107929255765
-88.78878092059483
-55.0531614860768
-46.88562052198161
-84.22444495420407
-42.805323906523995
-48.46303589387898
-15.595808120275413
-38.698782990152765
-6.572584461830415
-31.29502802876467
-59.30435408231881
-44.63498112556157
-53.99899552499649
-79.05069949067371
-11.669438160475314
-66.09026048506239
-90.70330647686316
-47.474469495737566
-62.84307143900316
-80.18011118505294
-40.67276410286908
-72.98027043917384
-41.670407686890954
-35.42862602955137
14.087029002899447
-22.087077705945884
-44.884264199856986
-62.63232141486186
-69.65661065568572
-54.35843590150997
-52.014968353866074
-50.70901977860077
-86.32549537133431
-63.322671060778305
-59.212363605501096
-66.79987258660528
-56.47817006331883
-9.2511847732505
-38.823008647909305
-39.98160920307591
-51.95725842035621
-82.1587423515357
-17.30793970731625
-46.18804896806343
-58.775952389046765
-19.35839749313304
-70.87413175983662
-52.30487685513609
-80.8934136745801
-9.227104278781148
-84.82979509765636
-50.767097777152266
-64.67841283262878
-45.22453910810869
-69.22916957889342
-19.82836842684364
-78.47910203737817
23.835085577857534
-49.635516639616455
-67.80271977288865
-28.74571066323314
-0.45185851128267585
-25.71490462907592
-32.43557750763354
-12.604126075475754
-86.52724813408284
-22.69313240083635
-23.677862677032472
-95.0304468877197
-78.7916657401708
-64.95351499825473
-56.62000421490204
-50.43903804148306
-69.11118646424262
-54.872248960471
-94.87344033741583
-14.526633167535692
-67.79112068286213
-100.87858472606463
-77.79403986505335
-61.81467756284246
-57.73329211258665
-43.3253955985582
-8.013972595495751
-22.700870787826226
-46.513863060937595
-63.4651358930425
-33.21224039142782
-29.596896463938386
-46.83323744664784
-27.197025859709257
-61.36306721557854
-1.4973796178601393
-25.750130668036725
-111.8800200726736
-46.976359485529635
-12.837626086584114
-65.40380804112208
-78.37517869834073
-37.3113116088228
-104.34675457711225
-76.31504022491715
-17.73561273187819
-26.730306162583595
-64.2848743498429
-84.36008584635344
-37.3365534461647
-48.90583070121495
-89.49552140728107
-79.27914517168828
-101.21370035512334
-38.59308260759437
-35.79557558223354
-38.83240201443825
-55.44971066880696
-78.35841012972168
-67.4837719450701
-42.53926283430327
-23.734536034028565
-112.22403546596298
-64.69348978745154
-99.85299687038093
-57.56737675574628
-59.45571888319671
-14.793833756385123
-57.24323280046345
-69.90966578452714
-16.509869749409688
-8.367629600130257
-34.3148933113021
-97.14656022061077
-24.503331570767052
-34.58488521743851
-74.87364580509613
-121.84602244425852
-45.649201086190516
-17.8786642103466
-50.058501930971445
-60.40982935515046
-16.624643983203256
-32.676023505761606
-48.2070803183221
-78.83219803446016
-57.664071815041936
-34.14791907798353
-27.755378778512195
-2.9266517551208935
19.270954531592235
-31.346400517156383
-19.079691295013454
-27.240369548053334
-43.07921433923939
-57.43539408943495
-52.22016523766415
-20.277531149837785
-90.482803580366
-43.19403376352349
-40.934335668399314
-28.727663870514093
-41.36104463123307
-47.11157818262044
-24.26555011393149
-48.61745287241499
-40.557727375917246
-117.46156005932093
-48.61860662648725
-46.63398757436787
-97.94662390077974
-33.676688798011995
-42.50147185266574
-38.496143723985
30.9903366886331
-65.30485252779116
-52.20784827655446
-19.54015289689206
-14.108751369780283
-78.78705765392274
-89.89807489701283
-9.207266498001413
-44.09441962466272
-32.18822667021938
-73.57813181566371
-47.843234265764906
-75.17294622146368
-39.10009100709746
-62.22705128952218
-54.30161765387524
-31.668350420861643
-30.815818679275505
-77.32091261757881
-26.179249463851903
-83.38243343824972
-43.68597072738855
-66.06200946912696
-31.895843057871236
-55.72923502900908
-60.355602289612364
-38.394465651056564
-75.03455644208171
-73.32952363897398
-80.52490707021634
-71.3144771872387
-52.91113303823893
-84.14316008461381
-67.39416330430623
-96.69490776709625
-76.54629709762449
-24.498084304543646
-72.32676781966016
-38.70701567838025
-61.183266728051905
-74.45157750843526
-95.23439541201947
-33.425489197284904
-52.75482644560549
-98.03523942465687
-94.32567104675077
-9.72496330333753
-55.28555604727325
-43.68700615119627
-60.176004862726174
-66.11015960083832
-34.40123423181397
-92.36624744149086
-7.207362241384597
-55.10145348443376
-40.789649279534075
-86.23399034423132
-54.122744776862035
-31.32835539121214
-10.88746209543872
-43.85510736477266
-46.02935008827149
-65.50933144597707
-75.42903941711319
-64.90533293476645
-33.45135914242341
-62.56490741502952
-66.42545914381691
-44.669862046948595
-20.28806694141965
-97.2989937675409
27.934940430304096
-76.40088829678447
-63.67541955923978
-3.0455804016390875
-68.88960348517979
-12.007210981577511
-62.739425507246516
-55.566984488789046
-72.50229353320043
-46.284781670434626
-98.9451044300047
-66.36853849006232
-32.80177826913434
-35.29240482540396
-26.309483953243827
-12.017501556383833
-76.12421442590389
-33.1709581774499
-64.5503725718289
-107.92498505988968
-5.716842880785768
-92.42754058576887
-90.82062257863237
-71.11758053676434
-49.12556347393477
-60.8571910421052
-53.205387055810874
-42.49407775957947
-49.70909076287499
-82.26948005644564
-28.799564984924924
-30.803733072524892
-22.38067214244168
-61.45085400331394
-68.68846042779903
-42.47230573129305
-69.71403296628785
-26.79079735002597
-70.40542421220997
-83.91927321749968
-46.97474513420345
-5.867011151980625
-40.45424609099327
-58.73607465163875
-39.30761434837308
-28.084742339740167
-19.18856204134268
-36.88329605372263
-91.60049090491805
-34.184522764299544
-12.101253394424907
-4.173262202468286
-42.80544822086386
-46.649370929014964
-67.74245976225326
-59.78536011742893
-70.66766993820212
-76.90333779054569
-70.87845609772148
-102.08680689621531
-63.383601141924686
-62.99630910199503
-36.24296281654987
-66.30133160782923
-63.11741333898753
-74.2232918236777
-37.64350092285346
40.46979867594352
-19.818948540511908
-32.193333346051126
-40.56402112041435
-4.204011287316682
-53.82534240457362
-30.0346106939928
-20.978550626889295
-12.535489098005502
-29.84924367142007
-61.886207229908194
-62.26539901417668
-55.77406164955403
-30.38869179156426
-55.07941817799141
-59.78328553306605
-28.921717504509708
-46.629832047601
-16.71817249435668
-45.874812836978904
-13.44699978529156
-45.30592979584595
-60.44383905113291
-65.41268152832245
-70.69947274752423
-40.19511457252497
-77.29660432091133
-55.9318477700759
-88.20021241625372
-95.23819904786787
-81.91513409399053
-64.07094124854106
-46.42465606335711
-43.485419321878055
-99.881571515613
1.4941979954390483
-48.00116618256807
-55.91091171043118
-52.98341902171778
-15.270366265957279
-70.87640114446802
-80.12004295230236
-63.98546397292122
-33.123514801923235
-85.96492436863538
-36.91059882168237
-70.61522654292251
-77.08312900665751
-78.27458123545368
-29.183500376771985
-75.73202318684643
-58.64911390783785
-78.45460183546183
-70.19360283877188
-13.714420165392323
-21.979668409153785
-56.01817211872739
-48.507718286416114
-43.097500014227
-2.6801978117323895
-70.17955461153906
-22.59453883930863
-61.10318997247782
-94.69943004255245
-17.417543832473402
-78.66768114262729
-58.458209542631224
-32.00991752532194
-48.88087144919798
-53.11041850534276
-67.30712173157829
-75.52593561967043
40.74818033080207
-47.66799230494381
-27.437286022789408
-62.17822364933992
-29.306919276130596
-24.563468626177844
-43.92474963843413
-37.59525453741739
-66.11880657092125
-76.65595688399429
-73.98481418899864
-40.11892790912103
-61.953850466921125
-84.77230573589162
-58.805229930229224
-56.25338336692727
-48.993676477882005
-53.655275427697546
-9.885847921641629
-89.16930695957814
-44.194418904131666
-14.816662859466373
-112.18268735186908
-60.55945568412365
-42.328445327141104
-59.6476980690701
-83.8476229900655
-57.289334643513314
-6.498812939515456
-33.53823148490343
-24.03395796931227
-35.56387143602378
15.481721930811482
-21.570308189378707
-44.38677994761888
-28.650185749941592
-72.09005388564266
-37.90967567964303
-47.09623926380024
-40.58692546749373
-56.644210869448585
-37.17236668574745
-52.71161280545532
-57.224336281810764
-27.49083440385118
-63.87017197631387
-88.45987592312359
-20.432550350490295
-46.227062376346296
-77.98859992412034
-30.422524788338958
2.3977862062047297
-25.803899129105915
-57.784121824921705
-72.1856124392588
-46.02928994065875
-52.05068525113309
-25.826675708111395
-74.00726561724571
-72.45653331550028
-63.80687986685547
-21.829580104822107
-54.41578658410949
-205.1787937499789
-37.86331971348673
-35.00672685788374
-9.816472307751912
-49.48057052812222
-9.103555780116453
-68.7880622821806
-100.51707534864437
-64.2745569583967
-54.433335864347825
-82.57136164942
-49.00980813607598
-40.03132124680998
-15.772533841259595
-60.455803746535764
-70.79478483568596
-53.496230699056056
-75.72397242429253
-41.92381343982048
-87.07727963080701
31.225736313948826
-84.6002033620107
-5.43267540074096
-92.52892122123404
-68.74139153306413
1.9234069847566249
-94.21634630998724
-46.828637240601445
-72.88697959848562
-55.433537978209685
-11.943888954181825
-77.39039233821917
-73.91063211837417
-40.51355782274809
-32.141084387493656
-54.445134233213835
-89.02277093425077
-23.508595024600332
-80.8878755196964
-2.676666792465367
-68.83942155942815
-58.03239912222605
-54.94199912070513
-40.631616578566295
-29.906171958509482
-60.158447135214246
-58.84097282507315
-28.444698896661805
-12.834643065004506
-56.3410817820601
-33.56859593854722
-77.67472830944638
-70.11967035181249
-23.627238341451893
-69.76014777189408
-104.11494455010961
-72.03498118437547
-29.934389509539272
-36.9092421133501
-25.290475703676357
-80.06583251633012
-30.307805626898
-63.13479225183184
-46.28915789655687
-38.545215812789635
-83.97798423271198
-54.51617201378316
-45.81659167947711
-46.52935388589984
-27.619216080440115
-65.7581674614766
-92.54492804226004
-53.357383447486725
-66.1670159319378
-47.12846159258032
-51.73624777864126
-96.03277762301065
-99.56515227681709
-62.493848525183935
-71.65620095329214
-17.234521511917947
-66.02304875926507
-49.26475438091268
-26.513275528283685
-77.94457175810074
-89.5200219162557
-41.948016344818285
-37.01399784789817
-36.249639642591745
-74.1980969881057
-6.370632262297162
-71.38956912625164
-31.633182971942414
-75.4358769226308
-85.20514218320132
-86.32526553710906
-78.5077459702074
-90.83687098321118
-53.277134164240344
-43.97540694496347
-59.950281128334154
-72.8811812359404
-68.09842262539559
-124.57143988619192
-29.3817140174219
-48.66664269116047
-31.937735308793382
-57.51392920862944
-5.668177414157202
-69.1085804924188
-35.73241174936453
-29.09397952465625
-47.77885708403868
-74.04620125344111
-76.11796239568416
-59.08684321637587
-69.19684078070082
-0.5341176062321483
-57.33351486011469
-71.47242815829854
-85.49122783994582
-61.68047158970758
-58.966837199747765
-67.43350100955116
-71.4487262075786
-41.175161965064056
-50.462398815507186
-100.69249978586681
-111.03714746691966
2.4445838561908353
-62.177580888276545
-85.582613390197
-22.117886007088888
-75.50953008040429
-8.3144190305871
-57.25801391535691
-52.36009997359643
-41.36416405354909
-40.58342552042303
-71.82131901581852
-57.22785089173868
-23.576702732140348
-56.714355750801474
-15.190121972100041
-113.69629673521129
-46.759559450828334
-71.77372996318933
-77.14416406573666
-70.90784958969112
-80.63862188800348
-20.386576894837287
-58.4018846171382
-95.67998700329723
-51.9332127650195
-79.2740161611584
-47.71117999248119
-58.45989565185817
-88.37146262045019
-37.54539119626011
-66.06181173829262
-52.52013270889339
-69.06436537376956
-52.0937297829633
-86.23070405455266
-57.3508243763676
-79.1839130094078
-76.80074368700446
-56.39099073634067
-81.38430592014475
-23.222076503255675
-40.53040424190705
-52.04719647614834
-45.514276482966025
-66.48939731881141
-58.33502902475478
-60.560476662032755
-78.98101019463792
-130.63942381683933
-46.42574115767476
-64.36064160434704
-73.37928730041807
-62.21675145426674
-72.1845147201118
-40.339157548005446
-10.971759756074302
-36.545777977294335
-87.24370861254356
-28.40953044867667
-70.56372500005992
32.38293536731772
-83.739342971201
-66.55690184447461
-38.17806263088703
-43.54760304112547
-33.8486805977544
-57.22540257164127
-79.56521565270013
-49.94133808974114
-70.91614619560328
-39.686739082370856
-55.46252325079985
-67.33786831889438
-39.244935050403114
-55.997442735970125
-32.49753703285175
-75.84999843005875
-28.132541860453692
-66.27802159339392
-42.1160646818832
-43.74405572401906
-115.7738055811641
-67.67011951278118
-73.85642879777483
-78.86144347349901
-57.85527114244586
-8.129889518994824
-52.68349509869637
-65.9669475578558
-56.16864152309188
-34.42092650652453
-77.18165972433091
-34.92470054054144
-60.33952959150628
-33.83500756851091
-42.11782759640037
-131.6684636613566
-30.10097930989707
-39.83526603738218
-67.51903832402232
-45.83033118274869
-18.050563287430638
-26.56431646562674
-55.032178756340684
-85.00702603280226
-54.96566344888843
-68.35673802290266
-86.76220688910102
-18.599280256272277
-59.43673722927615
-51.66814058549511
-37.08105227409587
-62.66694631903025
-84.24222298540582
-68.22582386245523
-8.18301278556667
-29.112263653017322
-74.47732265300101
-46.08403757345564
-85.649511778786
-58.162739362072074
-67.97006801660883
-86.81854110760364
-7.525036017536083
-72.24433375949073
-77.51072171533369
-44.669459583189834
-54.75514564624054
-61.81226165997804
-36.97738990938619
-53.117176063456476
-60.52605004967096
-79.48247453719998
-83.70841434635133
-60.75408626182791
-38.42365582220179
-51.428794962912434
-63.46861441225914
-58.9186316074302
-74.14855933673446
-58.5413065861005
-62.12755250302286
-54.585147431340516
-41.36437598046608
-34.82300086159062
-61.748744477296285
-88.19181660629413
-52.774246904135566
-114.81205027087015
-62.62507087795959
-70.37245347295145
-13.856212530952583
-43.453592699201636
-48.76435777283628
-78.60096313462583
-73.3556703562236
-57.211729732377826
-103.3549973121706
-45.857861126743245
-33.05885070188829
-77.71217788199868
-70.59306889512632
-93.93812813640649
-67.47835464420471
-33.667622326830696
-88.84423907995016
-4.641304458005698
-30.3564660244254
-75.6146992493451
-35.182147720442394
-49.39154117628115
-83.69814427492972
1.3312773563796885
-68.87131006954547
-54.379625259892656
-32.388965762842425
-12.964531528056378
-36.45139727134026
-91.44601765990652
-52.055964254848504
-72.1526865838756
-77.09894673417563
-65.37325452223199
-43.293948854100954
-51.34832913467834
-45.60086836846943
-69.89992374436898
-68.68575209457806
-40.552819309906184
-42.322667123758606
-16.595367654805088
-50.205454153291605
-76.70264656135207
-69.01650544231484
-41.18549460454675
-58.51718673538535
-84.48179086712912
-42.04188392946338
-81.80038624714172
-74.93698148134568
11.459523814758443
-75.51036583266091
-52.156822466205185
-26.073895029424854
-82.50878809728292
-22.936380862036224
-107.28524699905017
-53.36917316500167
-57.52038507310092
-101.42206909649252
-49.210657599643284
-65.9550952502099
-57.05323909152709
-29.681961179590466
-68.5260754261777
-30.582362504672286
-73.59401821128952
-18.73412939749587
-65.31459960324366
-92.10922009703064
-53.15686381191918
-76.69961123677402
-67.4704616812209
-120.32650778774581
-68.50003151823519
-65.60619419029314
-42.04830512261525
-76.47000124132768
-29.338422616467263
-30.34818698417586
-41.422238719801626
10.37762755272745
-91.25330359561997
-41.94390850211451
-133.21915082664623
-26.36734273954643
-67.075532276198
-45.947539179205435
-81.53554670547315
-44.50319122592573
-71.449923538836
-44.62983798231581
-24.499814285638173
-45.918094835706725
-73.38130838520469
-87.8573251479249
-101.38459156335698
-23.262602813336837
-11.84882988588888
-69.55868941672843
-97.2817139747655
-58.99905505509265
-65.54506384946296
-24.36390459145651
-38.93562827699989
-24.784253886949127
-26.544327760277724
-55.542073882730286
-86.1575522954848
-39.937901959720534
-35.279565886801095
-80.23198781677544
-17.95087124013429
-19.862177048710137
-104.82167885643209
-64.25307155736598
-45.2517251528904
-51.40368979040955
-73.90143916483026
-114.8884726793312
-21.252911759433758
-72.00159832102719
-51.124602982285595
-16.429591003809634
-88.73861660870531
-33.44867817017605
16.011095781919717
4.291085498031216
-3.9365034540106416
-59.81297838538123
-9.123128300907652
-104.98564478036687
-27.25489516589952
-78.17953090452377
19.653198029255528
-58.689862164785396
-49.187269426827285
-78.23931439272559
-29.4689675182926
-68.63945539842852
-66.50880674601474
-100.28591622467232
-39.745753034671665
-65.37052657851476
-18.051563799723294
-102.8514914603984
-31.444104569728566
-54.28555680317437
-66.34378310940804
-59.67009758561696
-11.526310762780916
-79.32515737322666
-112.07557030898306
-113.6344969931811
-47.03675508549746
-34.97444264559178
-9.987554006557456
-8.760644516161125
-2.7715809649716516
-111.14439088322277
-76.23151449406842
-38.83369386155377
8.956038848293279
-55.56979456767381
-40.91077387701209
-59.61217307998538
-38.79007424229411
-51.294603947201324
-60.22356759582552
-20.513384448374698
-64.75533555813158
-85.60412151905999
-54.862914557580055
-46.991388038741036
-72.7770648308179
-62.90287944362902
-19.03448566896592
-90.78248455382645
-60.14905130007057
-106.94658713892312
-51.86285047949394
-60.742386966680556
-52.711082881447545
-65.96801857094934
-39.034952252322086
-29.554962964409718
-66.6414698719958
-44.65392810929541
-60.55895488161224
-59.55035376784415
-67.0550074050023
-45.55703353952761
-89.6550996982121
-43.80904276972604
-76.98904304236174
-30.16266206074779
-24.48568210075178
-31.404360166257796
-47.459802852847275
-79.68857208827535
-42.12292047950113
-70.03547144462685
-26.20021077827187
-67.28222797281407
-31.070210071305823
-123.98423075786155
-24.620618925307625
-32.25156245978824
-100.88435375916055
-63.86323901607301
-11.89992554727897
-82.49355346433758
-66.19502012017426
-31.586385514449535
-42.49414601295669
-39.29094009805189
-47.19165194920868
-53.540992548384295
-70.73820912286843
21.97387517671319
-72.67601534429008
-65.88989262617363
-5.938383442453637
-37.33551968066189
-73.02069182213918
-13.083979933246294
-45.93073809857744
-50.075699981021785
-30.013074517861206
-50.054995659431086
-51.04448256438077
-48.16909511510477
-62.230026739028546
-33.28355097788706
-33.338377138255694
-92.1432578187632
-68.21618694402991
-22.858754170640765
-40.655252918039935
-83.52520067496351
-55.12568029168149
-87.69653731297436
-58.68416078073876
-74.06114659714765
-62.79090818762998
-64.66848644760154
-69.7192369565322
-113.28540490184547
-1.4740955949316767
-37.804670129824714
-34.401004999448986
-41.78397384616187
-61.98968688894835
-49.814908847365075
-79.21182462086864
-18.04045506414485
-43.63447877926771
-40.28423181321714
-44.41712176542508
-25.08832643885964
-42.46853796021801
-63.946668108457516
-77.2851113139437
-48.05128342247692
-36.10691270408472
5.424816112483899
-46.53595328882311
-116.1471538200835
-72.335441155478
-41.995155571811
-61.391705627085315
-92.70941227607037
-56.53601257848268
-41.42078640912645
-63.72653420197309
-60.48476844541658
-25.483131495438897
-32.269405482454154
-54.85703144394377
-58.49992403599551
-79.79242761239485
-74.78768958715996
-72.99138303759116
-21.95090376458128
-37.92950494239158
-68.99158015927239
-66.37540866655516
-73.2701831699371
7.52160730727178
-73.41205846690364
-42.653312791201955
-84.97801408545891
-46.70358326174034
-79.32854342458847
-75.67166416778059
-26.40524913654019
-47.79205686293784
-60.17546188285603
-19.595181412118933
-25.350130972498746
-110.32635804949447
-68.89048414496634
-83.26156935296109
-14.650445024271384
-52.42859908024985
-5.408615897835709
-64.5902771427701
-54.269116306844026
-36.222081005094324
-0.16461292633546998
-32.30923357673056
-55.48957561355586
-66.20567482365473
-81.1215010384331
-61.46504327174772
-50.58868699852333
-54.39884351244267
6.005216681019183
-77.42611259441475
-65.35660443779634
-68.86645215227125
-38.12153657201354
-74.37789212304556
-21.203094249626496
-66.29419514675848
-78.88497120976464
-79.32547000657905
-94.64907962518015
-28.732003958671896
-48.1241816460559
-58.15014475084969
-62.179357906916636
-80.50951757183361
-21.175238673972146
-55.22030821977091
4.137724917900853
-70.56344406204856
-83.9063374625296
-40.937904733769656
-63.39589445821092
-102.2785513265296
-45.432664144018126
-12.311334146125715
-70.3665016534897
-35.20121260550675
-55.373845771367655
-63.57917319236055
-60.65582924350401
-64.91902343697825
-86.44125302102589
-60.912396648191056
-65.17809276296792
-48.2555444411826
-46.721508095586444
-45.75877900950066
-4.227700460115303
-68.64372334080153
-58.74898514298778
-28.229303651277803
2.4231640141634685
-88.36383215583274
-61.31361072228807
-53.940197592100304
-32.83410180807107
-72.03951757188536
43.33130055420507
-64.34303362150254
-35.13939110106526
-21.67545164053629
-17.4544554695196
-55.12648726600759
-8.88493497587844
-55.26131789096307
-17.386747131757538
-82.23964069041193
-42.44174354416765
-30.278302309017906
-80.87631694409254
-50.71402827781699
-33.46845202794184
-7.518004571816245
-23.116040587216855
-14.201580554724002
-23.13304339814916
-62.81922730161621
-58.35497483633082
-65.44595794475379
-80.93796737336848
-36.199984594215344
-23.654749701478607
-39.9782683460835
-70.3101176607118
-77.56449060733163
-47.49340100208512
-80.46211337243176
-37.814169079890966
-44.288037614664596
-52.99586951737031
-97.62626149667557
-59.02473016096431
-13.889207812432135
-54.3160099730585
-54.924274200978275
-60.548332845155876
-76.20883988875539
-50.02786380204309
-26.908205670960104
-48.36420655198721
-55.17005401517914
-19.410949221710073
-59.57239997249664
-38.89908417407203
-42.553024305094695
-44.63549000897825
-18.055463526599794
-49.41940155775102
-32.115363967244065
-41.94293739095187
-67.02501007321464
16.032164846167426
-5.6292944781103715
-59.490560934834505
-89.8730883506353
-47.16803109224287
-29.021724911357836
-78.49978313564476
-60.97032885423465
-52.14752499661988
-58.67266282485364
-15.088796667761187
-19.226091946107793
-78.42296673280347
-26.095763513991592
-73.76613700940737
-47.67898392675405
-51.65928357776037
-56.45517578751823
18.173233395293153
-60.15540487576466
-56.05051872385637
-38.37067184392839
-3.6188597624344414
-47.4599323345241
-13.495393972017556
-15.57981791491352
-54.79795468641243
20.3650949449289
-51.72293620960386
-27.973005915070985
-55.94814729899281
-70.83080946295286
-81.06693057109183
-80.61833436868991
-53.20014732545401
-70.00044325600909
-90.75902143567765
-3.9273958716997144
-45.43539902868348
-68.74546499379346
-70.67195850105959
-50.79445129365118
-34.10536484211772
-36.38365829969241
-32.348530144903684
-58.84736328243817
-57.1732346654979
-84.44456334547536
-51.61940503419088
-46.58475174027739
-32.4700486600495
-13.88446529949974
-25.84808559582371
-113.59885761208899
-33.66010764445134
-16.969970822238253
-64.50687491799113
-42.60698197011509
14.48163044390725
-23.043949456581835
-16.840581590944552
-67.03811508248612
-10.320593992343083
-45.71072426012364
-48.87402457153335
-31.050238109210518
-53.512796624502954
-65.86111922299119
-51.81629914161948
-55.658740336228526
-40.45307617518367
-85.04380357708857
-35.93870561848343
-60.71542033052144
-30.59351068730788
-76.47484871117001
-33.93106260772162
-38.10847721413261
-24.59412082518507
-51.765443788110225
-34.90835949080149
-28.720361534495108
-34.03202897834998
-61.61611840698477
-61.1157148732
-71.20870315826087
-22.597431428746752
-79.433387502466
-22.9901514091681
-50.161332569681136
-62.4417281333333
-79.52631577737614
-66.61555094539378
-29.88916373995402
-37.01167686770368
-50.59088103780645
-45.536226977953156
-31.479521103377287
-72.49352339065905
-56.00581793469402
-49.75357752371767
-45.538203383900715
-118.07184530050023
-52.02047076796031
-59.90040861668085
-39.06686071993717
-43.59425205516484
-49.939228898135646
-50.947443784738994
-99.46090002831065
-82.68219813641812
-31.77274248004624
14.933858168990477
-83.09102611627966
-33.93662736488956
-39.819023403304044
-85.12668416723282
-31.80613205385877
-52.60767902708726
-75.21226558362224
-34.859775056912184
-47.48997350438381
-56.61241358002768
-64.66070367497042
-50.84567308924332
-53.55562626627897
-62.28162338128785
-77.32715579576976
-47.35729734048462
-23.65451663908814
-64.40353192826264
-47.97119405209061
-35.039152697511945
-70.28415069895809
-28.65154982806441
-51.296974804396584
-71.09094839462017
-9.393706703439982
-30.470578365622675
-63.15700745521939
-51.24288900320571
-79.791639404884
-79.38983237175692
-39.085122694583276
-57.30060921238412
-73.48904881529614
-58.514107632291385
-63.27155707990333
-67.00768558212994
-73.52854393888505
-11.492501113344808
-59.36502787724278
-23.695483253814942
-67.62671225366444
-43.543902883927665
-45.99793744769539
-45.8210645461402
-43.76557419468086
-48.04752288524499
-53.035952802189584
-46.50200064562334
-89.01074566900004
-62.3935114027538
-69.39219602130217
-25.482752023679595
-76.66961522889189
-79.14247334970172
-78.69323588387199
-31.84960478855999
-42.06942999474312
-52.13116692382056
-53.06276732008904
-45.666518962446574
-8.86305438937961
-48.816707007225034
31.028085485838055
-49.26363035690173
-74.12062581885947
-47.60885025583728
-65.3036888153922
-60.30772904561658
-53.72068408775071
-25.55518947674161
-36.853295874502464
-85.73852648667915
-66.28982072224733
-73.56845060977614
-114.99909167037788
-34.42084092594409
-70.49582224718861
-61.95316810519522
-30.024093386038366
-48.79037788442523
-25.20645885320127
-40.62596903132638
-28.29705367289568
-63.000713735347546
-75.3627123377839
-61.384181972904486
-35.20930935154856
-43.37964907446917
-113.23637170377513
-60.393773396600864
-84.98485842052
-28.672433315502243
-42.13376373404107
-36.01925884610253
-45.402563199216644
-44.18405412822135
-57.93112938021709
-50.56264787493414
-38.83506049924145
-18.082528419222996
-66.62295200518943
-24.800498677196508
-0.4992797299643601
-46.90657494583992
-26.71845948736538
-1.600930423465626
-43.82077320965591
-33.37210774361054
-68.59507847995609
-20.646467120934176
31.53848619796822
-47.3031776267445
-50.26057003404141
-57.81586538836601
-37.34949674463235
-106.49494961044384
-99.47150227523096
-2.837026576468417
14.311769723963305
-26.1619821899602
-27.99802889974503
-15.550658954427877
-79.05697259716655
-47.48950851823899
-18.41102513272596
-81.50059181044792
-67.79358316737415
-49.447558266672104
-51.64272423662934
-87.28874149702585
-47.67241204187347
-48.348035437772594
-65.74676691454961
-24.25390445992556
-89.0133653993405
10.648986313380226
-119.74411692768828
-117.08397416496716
-68.81043734381367
-62.789410977697486
-15.104069682748182
26.653324371626773
-13.957693232436453
-81.1607725851713
-68.14622248680733
-79.91928250005785
-39.7337261753783
-81.53262616850185
-72.26887972247413
-34.464839341932816
-32.61700542193822
-52.39086541340399
-48.675473832208056
-36.31593263719509
-41.52554208534951
-70.42331329727378
-4.344212327694892
-49.078123554136454
-62.878444948417965
-85.40806144686104
-52.84858414924341
-83.238537303836
-42.05189136072142
-55.33279738918817
-86.64231582074157
-73.8894078845512
-37.06429001429737
-44.747405932063614
-42.10162201744991
-57.061463665984185
-40.67551758551547
-67.37915600677869
-128.68445471779555
-97.23287518005708
-45.29748110700157
-109.16917284212508
-28.30356565088418
-18.430618998739906
-37.36507959890598
-54.16375163738856
-49.45419737836366
-72.68470622298254
-54.060782483839986
-43.01566013137743
-42.511597479757384
-44.19899774823115
-68.10062728784555
-63.22451285004548
-101.49443899698645
-77.39932981614952
-48.92876746940797
-18.844597979796852
-60.721678628297624
-66.14075513908199
-60.052303487666336
-83.01648729671108
-26.87142762670431
-43.306716779272904
-43.87470142676979
-75.00310893518669
-80.29240185685065
-8.218231296293125
-64.49211270763179
-31.092650827870738
-2.1196502643995965
-56.45416433809661
-42.389430663473945
-35.38768190362705
-68.68381029513688
-44.153103135161075
-73.43491326379677
-59.13440262028182
-56.13994542552817
-26.168232116750865
-16.123872766342174
-44.659155737037196
-65.18923643700228
-45.75609326547759
-84.92143529554647
-48.95870755243268
-59.480723300195436
-38.990834819738836
-35.31175293826544
-84.67040629980954
-65.24773704228765
-73.2242183801707
-59.98798394255842
-7.101559086870487
-42.99959333792242
-106.00444770041892
-72.84182787047527
-58.67440878310901
-1.7009647388977616
-47.923927249726056
-20.942230530041282
-54.06439366171975
-23.30515031396321
-64.84797179738132
-42.4651052249754
-42.722912961726806
-19.58251909362145
-68.59777646641089
-47.574075492182814
-34.58722491721966
-74.155702701109
-29.797479758856564
-58.93278369185427
-28.176925733093096
-96.56128236851319
-51.74142563489238
-95.59277836031114
-45.64845328245209
-61.02578800827729
-70.23911513409064
-4.820859257095931
-92.53512746543973
-5.792697960220744
0.8679464774933452
-5.434970879568635
-53.33875459314722
-22.674969715788258
-67.5660964152471
-36.0824527405488
-50.79876574818135
-52.93149172607811
-4.683310025698803
-76.16554792911265
-75.53049992214805
17.03187897962536
-89.66283308698925
-36.96042247083241
-85.88517597380132
-76.90958789355582
-31.630071664352602
-103.45072974382995
-77.45706646276997
-49.73021434389979
-34.93736889456262
-46.54072842661359
-41.404073322396
-27.413474310573502
-35.00920539950154
-57.78752631909777
-37.054761173118095
-11.031911886546736
-42.234439882742876
-35.162516959977026
-54.29256608087775
-81.8422046343436
-32.9151611964777
-101.79998730684653
-21.370060942086916
-21.23782038089702
-37.153061139336955
-72.70885284271151
-57.6605881695468
-47.0800568734141
-74.80502147106128
-79.01987303848432
-67.54729258212652
-82.1212172662618
-33.88840966914039
-47.753026721386256
-61.30312380674228
-32.97453013568863
9.988952547555824
-45.150844266906816
-16.199256523133627
-44.16243050527018
-66.12373199590138
-22.657366995163706
-63.05996671128445
-62.669777920051644
-69.79710569857173
-31.819026368034457
-50.00313586766731
-30.0098013877501
-40.45667001550219
-72.05524151490403
-42.58889864912095
-54.75922253109138
-60.08701676994097
-13.816053995131028
-42.37670594975465
-63.493636015089436
-39.35843711934212
-59.10358879556007
-107.36234012886476
-79.66040442983032
-21.361838394069288
-30.785165249478496
-68.83777748038929
-62.184952354350365
-67.61224473684081
-51.54016117092941
-57.87019350033705
-34.84263205032106
-80.86425003845555
-36.044479153950476
-28.74729748702326
-54.8065634433139
-36.3892802679607
-24.421122714290966
-98.8642761800292
-89.34080832131828
-54.43713384277465
-34.27456368992493
-60.565046260164934
-44.2526415976479
-68.06915121651153
-37.40625846968304
7.72959662514689
-39.53321513559456
-64.73196950055521
-58.89028029765639
-110.53675927320523
-128.98335927907814
-49.36892125066679
-51.26460262763128
-47.5693062726712
-53.89708239163393
-67.74876243399663
-58.29734824686636
-28.73954100119873
-45.401582145591505
-44.131490474367595
-47.85734509808398
-55.12810203769078
-77.18868453433463
-80.28904077101778
-21.028728421366075
-20.591137260870433
-41.25167798593913
-91.06405016684414
-68.44920247143435
-75.50390996695464
-20.00187776206399
-63.38824522804876
-49.60312673707664
-85.66246058151182
-14.062632560458846
-77.72710876389004
-89.4755022661202
-52.41681714259464
-28.221065824377952
-35.537106939461864
-14.906954571049027
-33.80069472039442
-69.49263482047324
-30.911503481435417
-44.46224191176818
-92.98092888327054
-69.03784639556655
-66.28251008085864
-19.2621068277326
-12.508534629640819
-64.71421105989674
-55.73327030043785
-84.95765658843482
-35.32154945221914
-44.68407563754616
-82.4877868279909
-76.07862264141974
-2.9988818639371777
21.31920151168568
-50.90449904986241
-43.075654138154945
-55.043711606637785
-13.737681143840874
-67.10869197648809
-51.85784240342194
-48.807304974693665
-57.35164085691763
-36.67169954559614
-49.61175023717481
-49.58838845080547
-39.8112110610559
-52.25226761906166
-40.88591359590525
-52.15609359495801
-52.80485279044065
-53.94109489285602
-70.66239332846199
-74.85436820271698
-75.08018540853178
-18.356282307380148
-47.610189687937044
-70.83413469054261
15.260748278669137
-54.869807251802996
2.925655217835276
-72.96304076500645
-45.852739512598696
-67.6657057202765
-85.78203208354103
-62.19358400455463
-64.89461681988288
-29.75812947701332
-44.88847566576504
-43.813430995136656
-101.41149098482543
-62.559028799988305
-35.12582090738496
-12.95187294871722
-53.56563168985991
-85.82876262904065
-9.401332671208767
33.98920649187505
-34.99700064461098
-81.50890798605953
-4.79808142478379
-57.80700137249261
-38.92299203828094
-71.40188386449053
14.48667904073567
-62.13761713413956
-33.665205850261394
-58.89321066321303
-114.03766221645938
-47.016061763212036
-30.886442428920645
-67.65806117374515
-42.301249934294106
-24.650071502470606
-59.84994787291541
-64.58946316730658
-68.42915205987391
-6.966594229989268
-45.95492996775043
-29.092109050401692
-59.615858155671276
-87.33866742377275
-60.12790278387821
-67.93528385988643
-52.60247194458662
-20.755909055189434
-28.065331294012957
-78.4519817505986
-66.24483379060055
-4.551229670378847
-61.18755021622476
-85.31729357792207
-78.73457175204679
-51.769643210163245
-73.78210717350471
-60.722009057240335
-39.53764623980177
-88.00248070575472
-58.415602471473285
-53.632304784533346
-25.903188997654432
-56.57478610981404
-22.46056559628777
-46.73184504765491
-42.571962480963975
-40.12833911879083
-18.574814656173388
-81.12711544366675
-46.315788968377106
-59.36011763656474
-41.58050088608017
-18.071442744801804
-81.99239731674805
-41.01770377892117
-58.917749606281845
-64.38474936231219
-71.7549127836777
-62.57083839081936
-64.04217087741353
-43.43438963121698
-53.31161347540795
-51.69623311874315
-11.066770137674293
-34.62562906448696
-25.6587766100931
-63.527889903628676
-75.34147441530229
-37.75791708302073
-35.05585075644393
-50.000662210851644
-73.04776560890602
-75.70340307659836
-10.744083610147971
-63.668116685945776
-68.35574634893678
-29.012060217019734
-77.20407852431649
-23.456435188304507
-57.38178372593492
-28.211979161374913
-61.35763608286176
-51.01915189068973
-74.28469090853696
-102.61928681925511
-68.67313123565222
-54.63209829597611
-84.20335968418486
-30.418226144162915
-9.187671446422538
-70.19466190437186
-28.839738591667796
-69.76573088626037
-56.92063749180268
-25.62320619434579
-67.92812168293528
28.243945522669577
-43.32972279736599
-61.633577448861885
-88.10209980614167
-47.13109826033363
-29.601558697298927
-63.53889630368637
-69.33065167464574
-44.78964335785935
-58.686061879644654
-70.81163574136193
-91.93795383164664
-83.07711906178619
-99.47689435589834
-64.01084978666321
-34.06685799664244
-31.59122888119288
-34.358197926476905
-60.872638662215245
-58.55863802646966
-84.2802138243485
-93.0560886543247
-54.81533959883729
-45.86934361032547
-61.41754081173368
-62.08392697988401
-32.106791670141824
-64.39824391329637
-57.42582844594849
-29.692656859996525
-41.87964761005124
-20.873647847554494
-58.05240914094628
-42.7081374408656
-30.453885826060088
-25.47465665003088
-64.25075865166268
-26.951087045831514
-34.5259934258412
-96.2568272269785
-82.42355679641791
-58.405501326204515
-66.14102992695192
-77.30642646621979
-38.242451325792445
-31.330499364051995
-59.09859446294073
-33.46570457724846
-84.38048618118938
-54.55603767656013
-61.34696301815575
-86.54976499076946
-30.197490074834896
-32.37228744067204
-50.35384162309991
-23.541966884021456
22.640865465243273
-18.179129784413917
-60.130764434373475
-49.28159624744677
-60.7420276809784
-54.863137844775096
-71.48881834676205
-84.27739854730648
-49.20872117140508
-41.95235349214303
-70.36085515304536
-7.211471835569528
-79.39518142379877
-82.28130618828241
-34.42585782999524
19.504573731228184
-106.40459209380631
-77.0050536827458
-25.80192290940392
-33.74084890413311
-39.94367083848736
-50.81467797405169
-48.093636493751575
-22.910299452298077
-18.7463859477437
-35.416763230976244
-51.77923858522382
-31.829852524080906
-55.85892864133693
-42.4989569494942
-42.89583822540456
-74.72686196603509
-92.70260580564425
-99.78905303426191
-48.40938462461038
-90.23154660085177
-88.6577390112602
-38.45323659113683
-63.08564964238095
-38.00753558071859
-45.37210186706167
-71.46815687388198
-28.757353833590667
-67.16085180982395
-48.892703913327615
-40.95101829727326
-24.623965670601716
-48.62384436024355
-48.93622803083032
-35.35333205029471
-72.18761716060912
-26.909408985342292
-52.926099082284765
-52.27037244469073
-52.8969070934862
-60.450310977522115
-70.26373290360672
-48.50114094148313
-48.70943361278171
-36.83856898834988
-82.43375505383376
-55.5521738166046
-35.61060121758159
-51.73557255133453
-3.404746884120726
-32.11825639061733
-8.248852904628425
-47.473191539346374
-76.9344767389909
-71.47522992335315
-69.89422945898315
-22.494854113991344
-55.79282443255969
-73.67392119568282
-68.55317457335404
-57.883752651684816
-65.40207376679479
-56.955273756427914
-25.034403976847997
-36.62490297615214
-92.79755700478341
3.9993250148241657
-17.599579249964485
-95.30782363828298
-27.998542434913432
-55.79732518578623
-28.29679106317478
-69.45961526161733
-3.9935043626491664
-24.459171261474964
-75.61444282602574
-68.72821948984404
-29.964826320956146
-10.628734144564131
-15.76262921771621
-46.83971718197738
-32.14051244305311
-47.86003026892104
-56.5229154166457
-50.930303241239145
-56.23541411327055
-59.40960813662957
-63.20160595500148
-47.15823458263294
-33.86317581516822
-43.27600805346933
-68.81614484492215
-67.01851572983318
18.6995845632135
-33.70671183789298
-42.147484674146405
-41.12025833943102
-27.269392174967923
-46.01564339081484
-43.983420466938604
-79.81748573064914
-9.892006554467956
-39.9783071465682
-39.49036258675722
-75.45081840357979
-59.4411861259076
-70.71843605898079
-52.51945182721671
-38.35371891704402
-56.237503060411875
-29.66826138939289
-89.39065070381955
-55.61919509604701
-28.338092139388493
-20.00100720963518
-66.87941818135016
-22.65731651715886
-44.445453016269525
-53.35703560136365
-37.6813876411689
-19.785733868619612
-81.80042289841683
-19.098176255729854
-87.79286709429336
-34.93271735625943
-37.915619775711974
-50.771459109505265
-39.61434268321295
-61.82504180392475
-48.13157956941071
-44.473057455484934
-71.47871004975384
-16.61685129364625
-48.6056395717993
-39.47460320474562
-31.26630851459295
-19.027997770158777
-67.40452125485189
-75.52694180981887
-79.32828095987358
-33.808370964183844
-56.091153222200894
-28.162687988855183
-62.93185716867721
-48.92956035379176
-6.154341765155585
-76.88420428887923
-43.736918022083785
-47.33387980712117
-41.49474718252908
-17.1504627453053
-33.5040384749662
-17.017376787908937
-120.58863049103299
-68.10346451529534
-32.00316793594161
-38.94728535430843
-37.55501578201225
-67.51190352793694
-75.35235164703566
-37.93208548977378
-44.85055376949858
-78.80474235766823
-40.369285645920186
-42.919404854574225
-19.568275542243832
-53.44692832058876
-9.498650153396774
-29.815402104344887
-52.89802579816375
-34.77872797233052
-33.68127131632367
-42.489280718407045
-77.91663655852452
-127.2767087865951
-43.67713694913276
-55.963434085365506
-27.280667014278173
-27.502794286010953
-46.9165698854746
-87.96940028540645
-24.407530243080885
-36.45123458145385
-77.36025491878247
-47.09204027400207
-51.38103419769486
-57.136819425752336
-36.6322450095305
-62.574930836598526
-34.39803560615341
-79.01166487864431
-59.63049615984851
-122.14119840911727
-68.57303228111297
-48.8498729705973
-2.696661358479326
-42.286864092801295
-56.88391414817949
-93.37357012549523
-18.886394304116617
-47.79944515889676
-24.812724801876776
-49.0850842296162
-72.45406096393535
23.452363312980033
-18.46306829420722
-51.93690793641335
-40.04252117168227
-42.528914774025985
-66.75484668230138
-53.944945333451045
-75.93550479749939
-34.808908585795045
-19.386175465078633
-5.285603057007349
-84.15263583104277
-39.083963367675636
-48.175912039382325
-24.940883713811978
-46.11334696645906
-26.381205067108
-65.5248474486405
-42.004854700028964
-37.24790806014976
-59.259461328882296
-19.771651271056776
-94.07019427159042
-60.62999687024421
-70.8264310186916
-69.32662372671136
-41.94796948309045
-39.159543444301235
-32.359186983575235
-40.646783421305585
-88.81701380050987
-61.62783289394491
-43.50484245252582
-80.55939181521987
-76.40607265796825
-25.28192807103965
-15.166412295848428
-32.03751876538224
-72.30488065619966
-30.708386327443627
-54.41752622331024
-79.22735946351207
-64.2221243341172
-66.6480483291839
-18.881716303899818
-62.30254117276996
-60.90218083678796
-16.147003458258176
-25.956670166637032
-14.195162179197872
-50.91039267425276
-61.130134580872145
-48.26765485922797
-5.104440604696423
-31.8295174857104
-78.86894586837664
-62.34643075641493
-51.490436699048814
-27.39114132559397
-56.14941183049139
-10.52451536982554
-50.655073304329036
-48.45623858772652
-78.84012754553237
-77.84151150814583
-41.577398738960994
-44.79671530499821
-66.17643549281179
-80.90733184970293
-53.07984049613167
-23.243567135711515
-59.69082307601561
-55.733422879990606
-80.76620259075119
-28.540329047898716
-66.61237634170587
-49.10857499098196
-8.186650663122688
-100.99927571455186
-39.45295521617696
-66.549300176948
-3.922655046905239
-23.9650971822862
-42.01369007346285
-51.240888278209134
-56.692071918658584
-59.82816591283698
-88.10725023130364
-71.16659452827018
-79.85943261178971
-18.052607917264652
-85.9121010324178
-44.32891524128032
-67.55021578260622
-27.869638828654594
-43.31636007835301
-58.831166178002555
-65.33215303984011
-76.24785777801961
-41.32557656117726
-65.89065725303334
-81.6394190039302
-50.2385725512747
-74.64897022671141
-115.0636763511124
-73.14944100978055
-25.11313737706363
-36.783179867936546
-15.10968653309304
-64.41247859470859
-41.57855710179132
-65.70625120620214
-107.31928086259683
-83.6970180804839
-110.07890484659706
-34.856659869140586
31.25060563137373
-63.57636003381643
-61.24481695988783
-73.0628558879308
-32.57148360805943
-41.23382870077453
-24.367745808126397
-17.678125315361527
-28.91923006097238
-58.06165641856555
-88.70219748835166
-35.12930863407361
-59.988294375577794
-86.68284416588021
-51.255975392690566
-43.46379616273305
-65.95111442476977
-71.78436509633914
-99.45653299502088
-36.97602724142979
-59.55023027094173
-10.157966064218103
-79.93793064195047
-42.437377109378716
-36.95831817496907
-44.484864851724694
-25.147308539454365
19.67721130758835
-59.852253854899146
-37.84546128651348
-47.60960655079961
-42.65323883134109
-76.03773271595796
-76.19407166532106
-48.872413281598575
-22.610611536167134
-43.99895933148477
-71.61227938759251
-62.6136792661443
-41.68077584493919
-31.858352585824257
-53.44300874649518
-48.663250816460874
-30.023296923065672
-76.50001057478397
-24.52333257822857
23.70481817388797
0.7042471707964897
-14.751351374011156
-64.73485642688986
-47.854768227712995
-28.044040945005392
-40.399013468219195
-6.240207005452541
-27.17947508351391
-44.135231328827466
-3.1024024658637193
-76.06489624286615
-27.041339423089756
-37.44170226682269
-51.80986582215012
-65.8144829735466
-62.64637000546479
-37.15040604466785
-86.65351962177164
-55.80768602364801
-63.89482032960817
-85.79720793763164
-105.66195937461559
-31.60919394007079
-75.33932355963238
-63.26201946965389
2.065551258333672
-8.24061718090852
-11.049101636926629
-67.66820617527486
-28.951417063173473
-86.13040921772037
-26.626864273269483
-52.65448991406626
-39.641668443735654
-7.996759213460714
-10.401634544560043
-38.001781000827776
-64.68353033597688
-41.478748429510325
-76.47722308167994
-55.12481746887862
-15.685417059638601
-33.77823821025157
-33.27072020639376
-55.65950989836654
-53.99834680210868
-82.82510764604115
19.986982031154454
-22.195804524793086
-48.0830759954983
-68.30605917565816
-58.58452607261492
-61.18179848695067
-66.94856893132089
-70.57501065178036
-52.424331439130206
-27.39357937372041
-80.3366826240872
-70.71270514283611
-94.39711546575245
-9.111296247521862
-73.59241943782553
-33.41602078792844
-88.40286312251482
-34.805594771631874
-41.56190475332877
-23.395608724812345
-91.93532013741114
-56.16202646192072
-56.095400414505804
-60.829060851297605
-32.53947828676102
-63.843454506004726
-15.525358214249746
-44.910924890689984
-25.73722070866122
-128.26115241262352
-47.64480050174226
-37.77368405797311
-77.39363980923584
-46.071001466383784
-75.11738614832588
-30.865705327791567
-37.17041446548582
-48.01996752768746
-72.68958440180197
-80.98572205583099
-71.55805890031728
-63.86028145444355
-95.66275141257435
2.460664790288722
-49.91096772447327
-101.05398933852513
-52.37433460659449
-64.04311911634511
85.85003905281083
-74.56713834574677
-63.34241351259533
-5.520813211960732
-63.68803093556577
-51.46998103151762
-75.03898028045151
-70.97997213277114
-61.77112543468053
-67.37131226553186
-86.91438501263906
-77.0108959562305
5.452480580703214
-34.76505780025775
-42.16160607420342
-72.57502315412816
-63.57533246585597
-39.00139399972542
-45.0604866853162
10.263615295539896
-10.720844668286063
-43.2207864746237
-66.8727827441563
-53.166800019774044
-68.72125830217493
-52.079244095301135
-13.87812618051844
-58.320806062914144
-71.87656050585286
-84.52060324312146
-110.31072054171065
-43.09273708895833
-61.69460356788409
-88.99574091137544
-54.750462974774294
-76.94376958642015
-25.461136903161503
-60.98426737412832
-51.05967815715279
-32.400921515776325
-51.621000260713885
-90.36020427972892
-35.51849251642933
-91.32803495799925
-34.03445155072933
-112.250748764738
-110.38681312773264
-63.38076881824619
-66.9655551850822
-12.871766304667739
-73.6763798641574
-74.07480226519169
-41.582036411482804
-69.8903572397922
-67.26219505823576
-53.12501287584903
-53.02116372508881
-73.61468220815138
-63.224119419540564
-65.17943966510046
-45.13035127640154
-48.5501382122858
-45.440977017096664
-64.49476533590865
-61.56377965352743
9.92123091888507
-51.84489326172405
-46.357283361924274
-9.285341422606699
-47.90080993920348
-79.65110453525494
-48.992523130806966
-56.26538661240661
-90.34314863275449
-65.37685634736296
-49.130443030750754
-59.50660844283999
-52.451627907905475
-24.25328051993349
-53.80174731967546
-59.103122580702035
-47.530373683804015
-82.096921605933
-45.09036258957049
-35.040603460458335
-34.56287133950702
-18.59931568444785
-50.600100380135295
-34.905380464669705
-31.24662581366916
-65.76875424312661
-36.89733468966323
-69.06159485321828
-54.86400152045342
-82.29598634167371
-69.46982271050314
-34.04563762726313
-15.661068625007212
-52.56487664076674
-60.11977547854484
-97.40102022621488
-29.528905549254283
31.233890043740466
-31.402673182365852
-30.384478228975077
-113.99073040778094
-16.98437306362937
-16.718048514382282
-78.0737077975816
-27.541383746089785
-21.270917890571738
-55.638035374813086
-66.54348219918174
-85.23364798656895
-79.91166108858036
-71.5021629181191
-17.42471401485884
-39.5517049770086
-15.291665733887822
-15.500468096942758
-50.12071931950479
-52.704803312320635
-45.111625898408455
-61.82128546868266
-77.38203795132776
-41.257198310967
-57.44784988960562
-121.15177552399948
-58.85104048634365
-81.21081755737764
-23.816446805210017
-82.51442075354659
-27.315353412415583
-44.129715791283516
-1.7917165558393504
-57.55577553065868
-86.17666940604664
36.20130304612192
-78.61724392335586
-25.989173197785114
-65.1070682110737
-29.98309203117624
-36.81586789280282
-53.04981161431205
-61.744463450004346
-76.43070421138839
-60.424861361547585
-45.13859271129447
-39.24960302522778
-29.5897787871247
-37.65167610779905
-49.325270128055365
-44.19294603354224
21.260172943432895
-62.43484342846227
-46.442514000893894
-31.08056973995402
-91.6914922739832
-64.41453463833027
-43.37126118220855
-27.17114604304925
-56.201894027985176
-56.262376717992055
-37.47951527624283
-40.985741540047144
-33.661228072576534
-40.42391779484095
-33.40411472424567
-60.073307307841446
-34.87064630024972
-36.46033014282534
-33.66901612600764
-37.23945814082825
-37.019360925077606
-46.873355255867395
-7.8955277823306105
-41.69533358040349
-31.696318246735803
-35.52368944642184
-14.616680861247536
-45.04839630940717
-56.072088737570894
-31.560776227648546
-61.737013052525114
-13.58216869080205
-68.06113851194324
31.79565043949618
-51.73006385167072
-56.345499255624695
-69.79161485922103
-72.35130518880871
-10.246098622691214
6.579867983508771
-100.92361736871436
-25.687044751895165
-55.41027000462145
-17.666490824534563
-23.76878172352061
-46.10500922305042
-46.00214625941282
-0.4848836846601295
-43.59054041060419
-8.076058154620966
-59.55744216906777
-31.70601030035667
8.30179632385757
0.6865287409234005
-43.21902595160446
-56.00493922302489
-7.931993519795405
-37.24807212448191
-41.071548197130795
-8.636316867813292
-68.95878742832889
-10.615764506436822
-14.163148532536429
-85.84791424462344
-90.978949175556
-71.9422714172878
-48.14111860674922
-58.79262374109928
-65.96491224475011
-7.435707942771738
-35.52323733896448
-57.328135164715384
7.527470174499902
-63.022388903920465
-38.880542457632664
-36.40963753277168
-59.60998139251147
-33.64848148425253
-49.70620327289375
-71.68163004846048
-87.53163457032736
-64.50483550240466
-45.01909726338198
-64.53406694274094
-46.831329718332654
-52.073325561150334
-57.650319092572595
-72.53357583378371
-83.15701012168464
-88.61697228422005
-72.69832119800289
-72.76126715845973
-102.56830349680189
-58.41290465848562
-17.53807507883148
-41.359323724110354
-41.3284439245632
-19.11656392234466
-47.38671353374567
-47.113829095689624
-65.5967251413467
-48.97362234213411
-3.970564943401792
-32.05654141330177
-69.34878319600466
-47.02152981763436
-37.35481731633486
-61.24489764105378
-59.79108968337009
-50.11396593228307
-48.550294115684856
-65.8877783077063
-12.935050052575617
-82.81826660376464
-14.291861920113318
-20.57882408718553
-71.97226172773486
-22.576961171919923
-67.35255246922536
-20.807969173126832
