-55.330047607421875
-32.85218048095703
-37.14154052734375
-51.68720245361328
-52.17948532104492
-58.20775604248047
-47.63979721069336
-44.112815856933594
-51.36441421508789
-57.000732421875
-47.91020965576172
-48.54718780517578
-52.291526794433594
-53.82944869995117
-63.876708984375
-63.33623504638672
-72.17593383789062
-69.61099243164062
-64.7381362915039
-68.55789184570312
-77.67887878417969
-60.14702606201172
-62.24028778076172
-62.688262939453125
-61.50529861450195
-48.17963409423828
-41.65702438354492
-59.766380310058594
-38.32820510864258
-50.52626037597656
-56.136070251464844
-48.30776596069336
-48.49111557006836
-57.10325241088867
-50.61223220825195
-46.40340805053711
-47.01860046386719
-47.75326156616211
-44.12697219848633
-36.76338195800781
-53.49500274658203
-34.73789596557617
-41.7031135559082
-48.07930374145508
-38.380287170410156
-42.72258377075195
-40.36317443847656
-30.130035400390625
-36.02736282348633
-31.691242218017578
-33.997039794921875
-38.83395004272461
-37.55638885498047
-26.830944061279297
-25.32842254638672
-22.963197708129883
-21.783485412597656
-32.88207244873047
-33.973426818847656
-33.1054573059082
-31.385684967041016
-28.222768783569336
-27.33561897277832
-30.374032974243164
-29.215614318847656
-28.82550811767578
-24.994464874267578
-17.880159378051758
-34.28139114379883
-22.173236846923828
-19.056169509887695
-24.323699951171875
-30.30776023864746
-25.35246467590332
-28.353309631347656
-31.042287826538086
-38.023014068603516
-31.957847595214844
-31.121030807495117
-34.128726959228516
-31.682952880859375
-32.67123031616211
-27.90327262878418
-18.369613647460938
-26.171964645385742
-26.24167251586914
-27.721160888671875
-31.175453186035156
-28.636415481567383
-15.696809768676758
-21.453886032104492
-27.681262969970703
-19.2895565032959
-19.232940673828125
-31.24582862854004
-26.211803436279297
-28.009742736816406
-18.318511962890625
-25.939279556274414
-21.780467987060547
-20.1541690826416
-19.08061408996582
-15.936383247375488
-25.843427658081055
-21.028396606445312
-21.20134162902832
-15.153399467468262
-17.887672424316406
-14.04710865020752
-26.305139541625977
-15.157634735107422
-19.551240921020508
-20.58505630493164
-21.841665267944336
-20.67551040649414
-20.03586769104004
-15.69886302947998
-12.57110595703125
-14.127057075500488
-16.971282958984375
-4.622694969177246
-8.158957481384277
3.6438076496124268
3.2622880935668945
-7.912272930145264
-4.4258036613464355
2.9276621341705322
0.5952709317207336
10.690383911132812
0.7222882509231567
12.018765449523926
3.0470263957977295
4.371803283691406
11.068224906921387
16.897470474243164
13.518401145935059
7.786673069000244
11.937234878540039
12.504213333129883
8.285493850708008
14.111564636230469
8.051548957824707
10.546472549438477
13.615140914916992
2.572211265563965
5.280899524688721
16.63589859008789
8.157658576965332
2.841357707977295
11.932404518127441
9.869650840759277
6.81303071975708
11.655550003051758
9.669283866882324
4.310600757598877
9.656851768493652
8.958664894104004
11.79681396484375
16.387922286987305
6.292036056518555
13.855179786682129
7.3392133712768555
5.826587200164795
11.143389701843262
4.444282531738281
12.291473388671875
7.583193778991699
12.318157196044922
18.088356018066406
9.766880989074707
17.34975242614746
13.86266040802002
14.617324829101562
20.911781311035156
16.1977596282959
17.761308670043945
18.600814819335938
9.088796615600586
8.828707695007324
10.05614948272705
10.021726608276367
16.318063735961914
-0.2612384259700775
11.425559043884277
10.71032428741455
7.632749080657959
-0.5985949635505676
7.9922261238098145
1.4179153442382812
4.739895820617676
-3.379300832748413
-8.235344886779785
1.0256123542785645
8.87655258178711
1.4927762746810913
-0.14748474955558777
-7.199689865112305
-0.3099381625652313
4.8329033851623535
-9.225353240966797
-12.08411693572998
-6.513372421264648
-7.536899566650391
-11.623394012451172
4.305624961853027
-1.1274868249893188
5.222595691680908
-1.1048413515090942
5.463569164276123
2.499675750732422
7.799213886260986
-6.293881416320801
5.438075542449951
-7.871059417724609
5.513388633728027
5.1748833656311035
5.62246036529541
26.976238250732422
14.758994102478027
2.591296672821045
3.77579665184021
7.556960582733154
27.2935848236084
13.42812728881836
10.547029495239258
13.396478652954102
10.405977249145508
10.008357048034668
8.075700759887695
48.3056526184082
13.669319152832031
20.96045684814453
3.582671642303467
27.762725830078125
6.202760219573975
17.045503616333008
19.679182052612305
7.228586196899414
11.141670227050781
14.359375
28.121076583862305
23.40390968322754
8.219878196716309
4.108502388000488
-0.8047037124633789
17.77587890625
16.483917236328125
1.1287339925765991
5.06777811050415
28.453502655029297
0.07454653829336166
23.766468048095703
0.22498080134391785
-0.03521212190389633
-3.5318822860717773
18.90310287475586
-11.97443675994873
-13.312281608581543
5.140420913696289
9.699044227600098
-1.364829421043396
0.32829535007476807
9.921404838562012
9.076593399047852
4.426907539367676
-5.0281195640563965
8.88555908203125
-11.687671661376953
12.932750701904297
2.8806443214416504
-14.725325584411621
15.231522560119629
3.7790687084198
5.472301006317139
11.720821380615234
11.336691856384277
16.327911376953125
-8.982559204101562
-11.019275665283203
19.757455825805664
-10.78902816772461
4.870169639587402
2.63439679145813
23.21831512451172
16.624818801879883
14.430459976196289
7.655020236968994
14.554056167602539
-0.428762286901474
14.162677764892578
26.823286056518555
16.380495071411133
2.944049119949341
18.887678146362305
7.736100196838379
-5.512667655944824
1.0307159423828125
11.77544116973877
-4.958681106567383
-0.6329589486122131
22.535259246826172
19.36606216430664
12.301187515258789
17.045387268066406
-1.8551450967788696
13.10499382019043
7.718854904174805
19.390058517456055
9.407218933105469
-2.1892688274383545
11.982029914855957
20.538089752197266
10.204930305480957
-0.9605311751365662
2.948883056640625
-3.949800729751587
-5.857545375823975
4.916478157043457
0.2749439775943756
12.175580024719238
-0.14119376242160797
11.436809539794922
9.901498794555664
-9.69768238067627
0.02183648943901062
7.130222320556641
-8.398493766784668
12.260932922363281
-13.059629440307617
6.015545845031738
-4.988625526428223
-13.979303359985352
0.5564486980438232
-3.449228525161743
4.213130950927734
-0.23265863955020905
0.4242323040962219
-15.015096664428711
0.022404111921787262
8.042559623718262
-5.520352363586426
-21.078737258911133
6.301372051239014
-16.525747299194336
-12.140067100524902
-2.368650436401367
-7.063111782073975
-27.315507888793945
-13.42233943939209
-4.7810750007629395
-26.855792999267578
-4.302709579467773
1.1504039764404297
-2.564162254333496
10.951112747192383
6.5774712562561035
3.468874931335449
10.954845428466797
3.6725568771362305
-12.455625534057617
-15.085586547851562
0.2791232466697693
6.350488662719727
7.612823486328125
-18.316547393798828
-3.7597708702087402
20.272811889648438
10.602377891540527
9.22191333770752
3.905402898788452
-12.15080451965332
5.033088684082031
-8.983448028564453
6.255048751831055
0.832275390625
14.997689247131348
15.338240623474121
4.339654922485352
15.512015342712402
18.512569427490234
20.56513214111328
6.5424113273620605
7.697840213775635
7.518214702606201
-3.410710096359253
-11.008461952209473
11.248655319213867
3.152381420135498
8.579082489013672
-2.1418216228485107
-9.114908218383789
10.531573295593262
16.912498474121094
3.9220693111419678
4.868259906768799
5.058560371398926
-7.708385944366455
3.084514856338501
5.601606369018555
-17.86106300354004
-4.151356220245361
-7.8043317794799805
-20.941965103149414
-13.916553497314453
1.9599380493164062
-13.676732063293457
-11.564295768737793
9.226099967956543
-4.00149393081665
3.347782850265503
6.427277565002441
3.378821849822998
-7.071442604064941
-3.7747256755828857
0.79881751537323
1.5304131507873535
12.806512832641602
7.361671447753906
8.170883178710938
-9.217554092407227
0.20717211067676544
0.9523937702178955
-1.9266095161437988
2.5282340049743652
17.222623825073242
-12.411476135253906
-3.0001823902130127
-4.142628192901611
-30.940752029418945
3.9509925842285156
-10.44596004486084
-4.504951477050781
-13.346770286560059
-6.216200351715088
-12.179298400878906
-25.699045181274414
-10.769289016723633
-7.36290168762207
-24.515249252319336
-10.326460838317871
-18.419126510620117
-16.215700149536133
-25.422962188720703
-10.338261604309082
-12.60416316986084
2.0393381118774414
-8.380660057067871
-0.3656511902809143
0.99641352891922
-3.77848219871521
-15.98680305480957
-6.95997953414917
-19.17278480529785
-5.179137229919434
-14.39460277557373
-6.173585414886475
-8.539684295654297
-12.250554084777832
-5.401455402374268
-1.4822664260864258
1.782392144203186
-24.672740936279297
9.017563819885254
5.049691200256348
-22.439149856567383
-1.0050415992736816
-2.6373350620269775
-7.896792411804199
-13.60083293914795
-7.670632839202881
-1.2564051151275635
5.405123233795166
2.4351589679718018
0.9583330750465393
2.5055065155029297
-4.976907253265381
-23.38892364501953
-1.7032111883163452
-16.949689865112305
0.8233876824378967
6.1412248611450195
7.895228862762451
-16.057554244995117
6.231544017791748
-0.22390495240688324
-13.351696014404297
-10.30130672454834
-17.36236572265625
-20.98053550720215
-25.01625633239746
-15.682845115661621
-17.21673011779785
-5.4568376541137695
-7.0243024826049805
1.1531827449798584
-14.147026062011719
-25.499507904052734
4.536217212677002
0.9051091074943542
1.5850094556808472
-9.162379264831543
-12.282747268676758
-7.990814208984375
4.6513671875
7.358952045440674
7.408034801483154
-4.276254653930664
3.1647207736968994
17.314496994018555
3.361388683319092
-2.399733781814575
27.65419578552246
2.7824597358703613
9.441752433776855
3.1275906562805176
9.627958297729492
6.985324859619141
-6.555006980895996
16.180477142333984
-14.337442398071289
0.22382935881614685
3.9406003952026367
4.567056179046631
9.68584156036377
6.307626724243164
-1.4093177318572998
7.080480098724365
3.69573974609375
-2.8385322093963623
-4.927943706512451
2.1622061729431152
-20.21843910217285
-10.560042381286621
-15.883180618286133
-20.78008460998535
-9.454242706298828
-14.201460838317871
-6.109055519104004
5.618108749389648
-14.930561065673828
5.221335411071777
-5.477512836456299
5.375442028045654
-20.17536163330078
-13.875801086425781
4.394706726074219
9.51991081237793
-7.17569637298584
6.30604362487793
-15.995992660522461
14.531482696533203
-7.24927282333374
7.79602575302124
21.814151763916016
-8.062361717224121
-2.8630213737487793
9.553658485412598
16.014938354492188
8.750242233276367
4.37189245223999
6.709602355957031
-2.020646572113037
16.727800369262695
1.9606143236160278
0.6285540461540222
6.603885650634766
10.524209976196289
-28.039833068847656
-11.95988655090332
0.15527139604091644
10.694931030273438
7.288376331329346
-3.4597253799438477
9.143519401550293
-17.199626922607422
7.133118629455566
-9.086243629455566
7.4610209465026855
-3.2685329914093018
1.2387714385986328
14.833931922912598
3.589749574661255
11.3410062789917
15.12435245513916
5.687315940856934
-4.315635681152344
11.446181297302246
-5.555797100067139
-6.5267157554626465
31.253767013549805
6.580005168914795
-7.564272880554199
14.453899383544922
21.616004943847656
10.159708023071289
1.0811662673950195
8.598729133605957
7.532719135284424
5.698000431060791
-5.837850570678711
0.766112744808197
15.2985200881958
23.4355525970459
1.7525522708892822
21.207624435424805
16.364816665649414
-5.66010046005249
2.143231153488159
9.22657585144043
1.5358976125717163
4.7198967933654785
-9.824746131896973
-3.7783210277557373
7.533663272857666
-2.863450050354004
-2.0058255195617676
-14.840208053588867
5.860357284545898
1.623765468597412
-8.901065826416016
13.667740821838379
0.9624789953231812
-1.4764938354492188
4.554444313049316
-1.6046454906463623
10.563718795776367
-6.952149391174316
9.133580207824707
-13.469979286193848
-1.2370109558105469
5.330253601074219
2.099493980407715
-0.7565919756889343
-1.8465499877929688
-3.9566948413848877
-9.840761184692383
-2.4395341873168945
5.620662212371826
-8.265493392944336
-2.4212348461151123
-0.33369696140289307
4.352746963500977
-5.690922260284424
-5.57261848449707
-8.39488410949707
-23.206159591674805
12.170992851257324
9.330036163330078
18.126300811767578
-3.009911060333252
-6.657379150390625
-3.44939923286438
2.741987943649292
1.4668058156967163
-7.6760029792785645
3.73667049407959
-6.9869184494018555
-10.389512062072754
-9.372477531433105
-16.94563865661621
1.2079832553863525
2.329177141189575
-22.751487731933594
1.2747434377670288
5.384196758270264
-10.749774932861328
-8.127805709838867
7.970242977142334
-3.542991876602173
-26.118104934692383
-7.62798547744751
5.350106239318848
3.4643726348876953
-2.7073440551757812
6.001903057098389
3.392056703567505
10.540817260742188
-6.073154926300049
4.77693510055542
-5.72953987121582
4.678020000457764
-19.40201187133789
-1.1425213813781738
9.402337074279785
-3.1708240509033203
13.456279754638672
27.189367294311523
2.2143352031707764
3.0072784423828125
9.508646011352539
-13.1428861618042
27.246492385864258
-0.07858964800834656
8.383909225463867
4.924582004547119
-9.64348316192627
6.921811580657959
7.4120893478393555
-0.17134533822536469
5.895995616912842
-1.4907373189926147
8.369990348815918
12.477398872375488
6.915069580078125
3.0171544551849365
-6.857553482055664
2.857011079788208
-3.1495485305786133
-1.8409913778305054
0.03190905973315239
12.144280433654785
7.771274566650391
-1.3121448755264282
-2.8454480171203613
-11.446039199829102
17.685993194580078
-4.4798264503479
8.766240119934082
-3.5567760467529297
27.68539810180664
11.092927932739258
-1.0799072980880737
8.09370231628418
-5.149294376373291
-9.920085906982422
-9.231063842773438
14.287137985229492
-9.062874794006348
-2.2994654178619385
-3.002094268798828
-3.53161358833313
-16.95408058166504
-1.1345564126968384
7.43663215637207
0.7983911037445068
10.373130798339844
15.9634428024292
15.654630661010742
-4.565517902374268
13.477729797363281
-3.9830217361450195
7.472372531890869
1.9454200267791748
-2.5911858081817627
6.959261417388916
8.911826133728027
25.046428680419922
-8.240314483642578
6.275882720947266
19.050745010375977
9.402728080749512
-1.4970871210098267
-11.645543098449707
1.7647924423217773
-6.1335248947143555
3.5080149173736572
-0.17489129304885864
-8.362686157226562
-18.587392807006836
4.585968494415283
-4.646063804626465
-4.369795799255371
-1.1351594924926758
-1.7107524871826172
0.9036121964454651
-6.240355014801025
13.17260456085205
0.9013718366622925
14.03801155090332
18.030704498291016
3.0987229347229004
0.3138824701309204
-6.8486809730529785
-1.3522981405258179
13.392660140991211
11.64327621459961
12.394248008728027
13.940581321716309
-3.62327241897583
-1.660322666168213
4.181938171386719
3.31716251373291
-21.33608627319336
-18.865516662597656
-7.983297824859619
-5.206191062927246
-2.499420642852783
-4.133918285369873
3.229583740234375
-2.1853599548339844
-13.85802173614502
2.2769386768341064
5.092654705047607
-5.537412166595459
-6.788328647613525
20.766815185546875
-1.5175280570983887
17.734407424926758
1.6001851558685303
-9.963171005249023
9.25911808013916
12.129132270812988
1.8217648267745972
8.113870620727539
-4.845577239990234
-10.257102012634277
7.2890625
19.90683364868164
-6.820468902587891
-2.596018075942993
-16.9538516998291
10.635129928588867
1.9408684968948364
-0.4422435760498047
-1.4256224632263184
7.004495620727539
-1.5819019079208374
1.9206528663635254
5.592540264129639
-5.8804779052734375
7.186410903930664
-0.9299858808517456
-14.0015869140625
3.050142526626587
-18.763336181640625
0.971505880355835
7.483804702758789
-16.528844833374023
12.719264030456543
-2.242894172668457
14.689081192016602
-9.318720817565918
4.600880146026611
16.05289649963379
-2.427795171737671
2.684330701828003
-3.909142017364502
-6.37032413482666
-11.753032684326172
2.1602532863616943
0.850431501865387
-14.978889465332031
-12.477935791015625
-5.646268367767334
-1.479595422744751
-6.108137607574463
16.207773208618164
8.175580024719238
5.1181511878967285
1.9674696922302246
4.6375579833984375
-9.021130561828613
-1.7409453392028809
-9.16256046295166
0.9337995648384094
0.6478255391120911
-15.623030662536621
-4.719956874847412
-3.1094460487365723
2.087153196334839
4.1460442543029785
18.74456214904785
5.47875452041626
0.9850492477416992
1.9988253116607666
10.396949768066406
-13.123363494873047
-13.982305526733398
16.941802978515625
-4.832064151763916
13.856480598449707
-1.203490972518921
-2.6739063262939453
-5.476126194000244
-6.614068031311035
3.5445895195007324
-23.42130470275879
1.780839443206787
-6.934237480163574
9.110302925109863
3.782020330429077
1.99576997756958
-2.0012643337249756
-2.471484899520874
4.036721706390381
-4.569947242736816
5.491898536682129
-0.0053486996330320835
-9.237777709960938
2.4102296829223633
-8.237092018127441
0.3661578595638275
18.946516036987305
-6.720921993255615
3.831897258758545
-6.84935998916626
11.329907417297363
-0.49456754326820374
8.379059791564941
-10.011648178100586
0.9776263236999512
8.084783554077148
-3.532332181930542
0.7040269374847412
14.37566089630127
28.49579620361328
22.366104125976562
-12.598224639892578
-9.641721725463867
30.40585708618164
-0.4349566698074341
0.24162369966506958
10.394401550292969
2.2293076515197754
-9.528768539428711
-2.163350820541382
2.8532183170318604
14.348366737365723
6.361708641052246
3.627211809158325
-8.744805335998535
2.3613784313201904
2.137603759765625
-4.40037202835083
-8.573817253112793
-5.819303035736084
-8.26928424835205
-6.656163692474365
0.9840616583824158
6.711672782897949
-4.036470890045166
2.6355252265930176
4.4632720947265625
5.008319854736328
-4.446117877960205
-13.503040313720703
9.919394493103027
0.638818621635437
-3.27908992767334
3.3510537147521973
-1.0987622737884521
1.717763900756836
9.364523887634277
1.803076982498169
2.5257701873779297
-6.133065700531006
7.271951675415039
-14.822843551635742
-17.602636337280273
-18.491769790649414
-1.0832303762435913
-0.21168625354766846
-5.275484561920166
-17.68467903137207
1.163580060005188
-14.422087669372559
7.413562297821045
-10.019948959350586
-12.726740837097168
-2.339400291442871
-1.779206395149231
-13.663776397705078
14.1549711227417
-0.22013041377067566
-2.6055619716644287
-6.007813453674316
4.070655822753906
2.27779483795166
4.4594340324401855
13.275667190551758
28.065784454345703
6.426549434661865
3.8686776161193848
-1.1025701761245728
2.2559642791748047
6.233353137969971
7.004430770874023
9.416387557983398
1.519478678703308
2.0598185062408447
4.782958984375
17.419567108154297
-5.839047908782959
-1.7787084579467773
30.232952117919922
3.577347993850708
-4.203435897827148
-16.55339813232422
-4.690074443817139
-10.402069091796875
5.463229179382324
-7.206066608428955
-9.551066398620605
3.7217612266540527
12.28250789642334
12.702288627624512
8.016424179077148
-1.9292316436767578
1.4843436479568481
-7.428211688995361
2.3073019981384277
-0.9785321950912476
8.010903358459473
-18.350101470947266
2.104572057723999
-10.264203071594238
15.22182559967041
23.40801429748535
-0.19395120441913605
7.325630187988281
-4.501107692718506
-10.014948844909668
13.867379188537598
12.163294792175293
-10.402705192565918
-6.647095680236816
-23.78367042541504
-11.287944793701172
-3.656280040740967
-2.458977222442627
12.971874237060547
-6.088722229003906
1.9511789083480835
-5.965675354003906
14.909540176391602
-1.0794281959533691
2.9173390865325928
-15.064400672912598
-0.9654257893562317
2.074822187423706
-3.592146396636963
1.9041502475738525
3.2244951725006104
10.777050018310547
15.621844291687012
22.78095817565918
-0.37421274185180664
11.348664283752441
9.050179481506348
-3.325085163116455
-2.8720078468322754
-6.298172473907471
4.586272716522217
-7.407166481018066
-0.7616733312606812
-16.604536056518555
8.597606658935547
-12.133190155029297
2.8749749660491943
9.523955345153809
15.474207878112793
7.18121337890625
-5.012879371643066
-8.732406616210938
-5.757540702819824
-7.533585548400879
-9.513009071350098
10.541709899902344
0.8454818725585938
-1.0948678255081177
-0.9257816076278687
-1.6491825580596924
4.7305006980896
-10.286711692810059
-4.343472480773926
7.05648946762085
-4.686702251434326
-3.3783345222473145
14.882133483886719
7.78894567489624
6.081030368804932
-2.3765008449554443
9.107244491577148
-3.0751986503601074
2.238079071044922
11.393697738647461
10.890230178833008
-2.789954662322998
5.431181907653809
2.6460652351379395
-4.726466178894043
-5.583123207092285
-4.796397686004639
-1.4346154928207397
-7.852106094360352
5.180923938751221
1.9432528018951416
2.6975467205047607
-7.159878730773926
-9.944635391235352
12.374558448791504
9.362685203552246
-9.434592247009277
11.715558052062988
-0.680669367313385
2.426578998565674
-4.4068098068237305
-1.3685698509216309
22.1953067779541
1.7453895807266235
16.2115535736084
1.6335322856903076
-4.549179553985596
1.814635992050171
0.7301476001739502
-4.384890079498291
37.579750061035156
3.6914422512054443
10.134089469909668
-15.179780960083008
-20.953039169311523
-7.0382561683654785
2.8223299980163574
-4.496786117553711
-12.027129173278809
-23.152944564819336
-5.9946722984313965
10.191718101501465
-3.0676581859588623
-1.9044411182403564
-10.806159973144531
7.473850727081299
20.9019775390625
0.8000748753547668
10.84730052947998
0.26188722252845764
-16.99371910095215
4.862529754638672
7.90817928314209
0.04990044981241226
5.612180233001709
-5.038784027099609
6.424361228942871
4.3557915687561035
-15.747603416442871
9.598475456237793
3.981825590133667
-3.55106782913208
1.0476137399673462
-10.136628150939941
-30.38901710510254
-10.636178016662598
-2.2693819999694824
-7.014560699462891
-12.562457084655762
-10.035731315612793
-28.364538192749023
-11.210429191589355
-2.7699127197265625
8.47341251373291
8.249495506286621
8.899100303649902
18.616680145263672
-1.7124886512756348
4.337492942810059
-10.605676651000977
4.084112644195557
22.87735366821289
-19.770416259765625
-7.526007652282715
-12.111543655395508
3.0383615493774414
-14.43301010131836
-16.87895965576172
-17.66134262084961
20.050533294677734
-2.736724376678467
-7.586569309234619
-1.6931511163711548
-5.083357810974121
-12.818255424499512
-4.760303974151611
22.448549270629883
-9.010649681091309
6.4660725593566895
-8.22021770477295
3.0480453968048096
-1.1264578104019165
5.78895378112793
17.927928924560547
-0.9902034997940063
7.151280879974365
-0.9877464771270752
-1.2902599573135376
-0.944484531879425
22.638864517211914
10.043206214904785
-8.599949836730957
13.700591087341309
13.81466293334961
6.827998638153076
11.383889198303223
3.2789008617401123
-3.3475420475006104
-10.09567928314209
-17.146427154541016
-3.3938958644866943
2.795652151107788
-10.362309455871582
-1.3758474588394165
0.7959738969802856
3.858340263366699
-12.268207550048828
-1.0589344501495361
-2.7754464149475098
-2.9215383529663086
-15.359685897827148
-9.172799110412598
5.017648696899414
4.699562072753906
7.652664661407471
3.0801193714141846
-9.114726066589355
3.165107488632202
10.603378295898438
8.244894981384277
20.906063079833984
18.20659637451172
-4.619096755981445
0.9981749057769775
-0.9795595407485962
13.125276565551758
19.08654022216797
15.222748756408691
-9.599081993103027
2.0193119049072266
7.4099955558776855
-1.9698141813278198
6.452596664428711
17.95868492126465
12.030311584472656
-23.55440902709961
-8.355308532714844
-11.878138542175293
8.668325424194336
7.196847915649414
4.033992290496826
9.042262077331543
19.44368553161621
12.163613319396973
-4.800878047943115
-3.1599080562591553
-8.113919258117676
-12.534700393676758
-16.761329650878906
4.801567554473877
-14.810628890991211
-4.087160587310791
-19.905580520629883
5.9473557472229
-6.263192653656006
-13.613543510437012
9.843517303466797
-14.007146835327148
-4.238178730010986
5.395852565765381
-0.6921068429946899
16.157758712768555
10.30249309539795
-1.4675326347351074
-2.1506824493408203
-2.2661170959472656
-10.259587287902832
0.45179200172424316
4.159246444702148
2.3095481395721436
3.0066230297088623
11.171601295471191
14.095037460327148
-16.3795108795166
-8.877838134765625
-6.389854431152344
14.90805721282959
-14.938095092773438
-2.1115870475769043
-0.9101118445396423
19.522794723510742
5.679079532623291
-3.9342904090881348
4.664958477020264
-5.141512870788574
-3.9405994415283203
3.403074264526367
-4.689899921417236
-5.82260274887085
-2.458099603652954
3.60686993598938
11.820005416870117
1.2090706825256348
-13.59793472290039
5.834360122680664
15.901860237121582
-7.057236671447754
-7.563772201538086
13.261337280273438
-7.372315883636475
4.9944376945495605
2.6528120040893555
-3.8626222610473633
3.161208391189575
1.9733930826187134
1.542653203010559
-7.499699115753174
4.885581016540527
8.923699378967285
9.223038673400879
6.725671768188477
22.455732345581055
-0.05618998035788536
4.903012752532959
3.5878615379333496
-1.204549789428711
-0.6041291356086731
3.776921272277832
-0.9487104415893555
2.3475475311279297
1.3162528276443481
-4.2725677490234375
3.798952341079712
-12.883977890014648
-8.70954704284668
-12.265148162841797
-12.68001651763916
-4.519601821899414
-6.024890899658203
-7.34065055847168
-3.7500271797180176
4.78169059753418
-12.345088958740234
8.448111534118652
-4.811905384063721
-9.007102012634277
-4.843362808227539
1.9767804145812988
-0.018753226846456528
12.527961730957031
-1.1232190132141113
5.49895715713501
16.35881996154785
-3.1655385494232178
5.37907600402832
-11.867436408996582
6.9984517097473145
2.490612268447876
6.6622843742370605
-15.43231201171875
11.709077835083008
7.4825944900512695
-6.252139091491699
-9.30434799194336
4.668313503265381
3.2297563552856445
-16.637367248535156
6.367593765258789
-6.488393783569336
-14.152823448181152
-2.921109914779663
-11.273789405822754
-2.25801944732666
-6.863744735717773
1.919727087020874
-1.5738810300827026
-19.886106491088867
-4.309467792510986
7.057241439819336
-5.4550886154174805
2.5724616050720215
22.4171085357666
1.8691962957382202
3.1793525218963623
6.215229511260986
-8.209403038024902
3.6576695442199707
17.562536239624023
3.611586809158325
-10.454432487487793
-13.275636672973633
-9.210098266601562
1.67214035987854
-10.620017051696777
7.198617935180664
11.435978889465332
9.704256057739258
12.115428924560547
2.231020927429199
6.824338436126709
5.112781524658203
-4.240470886230469
-7.4567694664001465
-8.62705135345459
-2.647369384765625
7.56190824508667
13.91804313659668
-1.2156873941421509
-9.591943740844727
19.103363037109375
5.459091663360596
-2.7333242893218994
-4.385552883148193
7.83833646774292
-22.739166259765625
2.230923891067505
-20.510414123535156
-0.5742447972297668
2.642803192138672
-0.1786303073167801
-0.16723184287548065
5.156328201293945
-22.954364776611328
-30.069053649902344
-23.620433807373047
-13.226543426513672
7.958502769470215
6.232719421386719
-1.2023546695709229
14.498479843139648
-11.458251953125
1.081555962562561
-5.382388591766357
-4.438267707824707
-17.834779739379883
-4.276125431060791
9.932928085327148
-1.149479627609253
2.402676582336426
0.2659513056278229
-7.314447402954102
-12.994098663330078
-5.5354390144348145
10.425137519836426
14.405726432800293
-15.602812767028809
-3.950230598449707
-15.725397109985352
-1.919746994972229
-5.031852722167969
-2.9406795501708984
13.294228553771973
-8.73533821105957
6.018346786499023
9.21799373626709
4.512338638305664
1.3655235767364502
-1.7304754257202148
-9.733002662658691
2.575361490249634
7.08157205581665
-1.0894620418548584
14.063607215881348
5.400073528289795
5.330819129943848
4.559903621673584
0.8640299439430237
1.5397228002548218
-0.024535097181797028
-10.38223934173584
-16.194625854492188
0.7028168439865112
19.137889862060547
-12.070395469665527
-7.522124290466309
4.541788101196289
-8.280176162719727
6.9091925621032715
4.095066547393799
-0.9400107860565186
-0.12655118107795715
-13.830265998840332
9.399235725402832
0.28616881370544434
-1.578267216682434
14.808212280273438
-12.001124382019043
-5.270584583282471
-11.398032188415527
10.365950584411621
-12.224225044250488
0.3336434066295624
-6.7763671875
-12.21390151977539
-4.709118366241455
7.2911152839660645
0.5101804733276367
-11.710502624511719
-25.551721572875977
-5.266085147857666
6.166622161865234
-16.98208236694336
-8.055367469787598
-1.6710951328277588
4.157383441925049
0.8298678398132324
10.550299644470215
-16.833662033081055
9.14254379272461
10.923089027404785
24.71129035949707
8.642817497253418
16.634864807128906
-4.085676193237305
-3.7111921310424805
1.9250962734222412
-11.963626861572266
2.7391889095306396
-15.08519458770752
2.0613136291503906
-1.9746577739715576
-11.146087646484375
0.1334325075149536
-4.531549453735352
-33.10395050048828
-25.204912185668945
4.9262566566467285
-4.580307960510254
-10.495502471923828
-13.083284378051758
16.048898696899414
-0.875615119934082
-6.703088760375977
1.388449788093567
-10.026122093200684
-2.206977367401123
1.9852391481399536
3.2957370281219482
2.047100782394409
-7.14966344833374
10.599508285522461
11.138636589050293
2.573103904724121
7.137343883514404
25.662139892578125
8.241207122802734
-7.761512756347656
-10.182042121887207
-21.636314392089844
13.108979225158691
18.204904556274414
-4.760474681854248
7.875570774078369
3.771707773208618
-13.509634971618652
-18.130449295043945
5.796873569488525
-7.721620082855225
-3.758477210998535
6.755444049835205
6.4320878982543945
16.42702865600586
25.5174560546875
5.691159248352051
3.08008074760437
-7.387801170349121
-4.004239559173584
-13.3200044631958
3.926513671875
-2.6043450832366943
-1.9731136560440063
-8.767646789550781
6.454328536987305
-2.9712629318237305
4.091158390045166
8.890050888061523
7.351291656494141
-9.477421760559082
-2.2368593215942383
6.258126735687256
-1.3207718133926392
5.00745153427124
6.985673904418945
-7.316910266876221
-3.5986382961273193
-7.489563941955566
0.36201000213623047
6.436044216156006
-12.03969669342041
-2.1860623359680176
0.8704318404197693
0.8718224763870239
10.604377746582031
4.206455230712891
3.0129363536834717
-5.419119358062744
-20.846149444580078
9.534976959228516
-9.874032974243164
-7.52142858505249
-4.876860618591309
-3.0942165851593018
8.95946979522705
6.405271053314209
-1.5690975189208984
6.678811550140381
-5.950610160827637
7.999505996704102
17.782373428344727
7.13634729385376
-15.755132675170898
26.671794891357422
10.547004699707031
8.100557327270508
-8.134960174560547
1.192522406578064
1.5103124380111694
-9.499119758605957
-7.386923313140869
-10.096945762634277
6.883920192718506
4.799746036529541
-4.663863182067871
-10.225597381591797
-8.765331268310547
3.662548542022705
-17.154388427734375
8.306114196777344
1.2331464290618896
-14.204741477966309
-8.374425888061523
11.322351455688477
-21.78950309753418
-3.4362525939941406
-19.094932556152344
-0.18003875017166138
9.720508575439453
4.217257976531982
16.399606704711914
-9.445174217224121
-17.564950942993164
-15.015888214111328
-22.637611389160156
2.8311142921447754
3.761866569519043
1.0293891429901123
-4.722822189331055
12.867375373840332
-1.77069091796875
2.9614977836608887
5.740480422973633
6.732364654541016
-3.8349835872650146
6.784712791442871
0.7255824208259583
-13.982047080993652
-2.571025848388672
-21.437461853027344
-11.15268611907959
5.120168209075928
5.353107452392578
-0.691366970539093
-3.8058433532714844
-9.645441055297852
-0.8261551260948181
-8.38673210144043
-0.45798105001449585
3.6497840881347656
21.309152603149414
-1.665651798248291
16.09282112121582
-1.429953932762146
-21.613161087036133
7.817770004272461
-2.871208667755127
16.477046966552734
-16.225797653198242
-8.188838005065918
-4.667459011077881
-15.483136177062988
1.577168583869934
-5.91470193862915
9.33806324005127
2.6083731651306152
-5.435277462005615
14.605704307556152
-3.2391443252563477
-0.5260559916496277
33.048404693603516
-8.513786315917969
-1.290547251701355
-3.3743672370910645
-9.089362144470215
8.522544860839844
-7.692559242248535
18.605159759521484
-18.104841232299805
13.951606750488281
-22.072629928588867
-15.0723876953125
23.073827743530273
-1.4681521654129028
-11.467154502868652
-6.670285701751709
-18.213638305664062
7.0372314453125
4.493870735168457
11.096880912780762
2.38735032081604
5.023494243621826
7.755839824676514
18.734968185424805
14.514680862426758
1.2792247533798218
-0.40729820728302
0.2994494140148163
17.805360794067383
1.0855445861816406
-8.608867645263672
-4.538215637207031
-8.577178955078125
21.776643753051758
2.1512956619262695
-6.182742118835449
-4.111780166625977
8.536928176879883
2.905446767807007
3.649409532546997
13.949994087219238
-6.373313903808594
-7.689267635345459
-2.489532947540283
-4.400018215179443
-4.516816139221191
-4.2984747886657715
5.628601551055908
-13.046910285949707
-8.441404342651367
3.4698188304901123
14.552542686462402
-1.0566062927246094
-9.742805480957031
6.636351585388184
17.311323165893555
-18.725872039794922
2.437035083770752
-8.515557289123535
-23.333932876586914
-21.859683990478516
6.8945231437683105
-4.036781311035156
-7.03968620300293
-3.0117948055267334
9.256502151489258
3.0052835941314697
0.3578301966190338
6.35598087310791
-5.651810169219971
-10.633772850036621
-5.659906387329102
-16.643617630004883
9.596418380737305
-6.527153015136719
-12.387887001037598
-7.8478922843933105
20.280284881591797
-4.777031421661377
14.8794584274292
0.2787243127822876
-14.168085098266602
6.886721611022949
8.806218147277832
5.438849449157715
4.383774757385254
1.9089243412017822
10.608609199523926
-11.133516311645508
6.8510613441467285
7.00026273727417
-0.3518103361129761
2.391725540161133
-9.764938354492188
8.90758991241455
-18.626996994018555
-3.7988786697387695
-3.8165016174316406
6.5576043128967285
-1.546342134475708
-4.865684509277344
4.8712286949157715
-12.585362434387207
-18.651357650756836
1.3993386030197144
8.69429874420166
-14.3234224319458
14.09386920928955
-8.298373222351074
0.3241431415081024
5.538108825683594
-13.739483833312988
-4.998218059539795
1.7223119735717773
-5.991698265075684
-13.688186645507812
-2.508420467376709
1.7677538394927979
-8.79218864440918
-5.484372615814209
1.3369548320770264
-6.9189133644104
-10.981940269470215
-3.0251851081848145
12.436715126037598
-14.341629028320312
4.3713178634643555
-8.765523910522461
9.238435745239258
-0.051332660019397736
11.16916275024414
-3.292884588241577
-0.8684933185577393
2.573702096939087
-0.32086819410324097
5.145964622497559
-9.947178840637207
-0.5247735977172852
-7.777191162109375
-9.689048767089844
2.8040733337402344
12.27353572845459
5.094513416290283
1.8770396709442139
-0.7272626161575317
7.998861789703369
1.3586214780807495
4.598226547241211
-1.8743863105773926
13.45253849029541
-2.8335349559783936
-1.8108670711517334
-11.61577033996582
-0.9401019215583801
-11.783207893371582
15.195068359375
-0.6364295482635498
-0.6903638243675232
-1.2225919961929321
17.187599182128906
-11.382695198059082
-1.9382208585739136
18.862178802490234
-5.811005115509033
21.413230895996094
10.26591968536377
-13.463916778564453
1.5080845355987549
-1.0213359594345093
-16.41164207458496
-9.199018478393555
6.89968729019165
0.7411264777183533
8.532811164855957
11.222419738769531
5.773373126983643
-4.310347557067871
-11.243244171142578
12.195897102355957
2.733344554901123
-5.715137004852295
3.2669384479522705
6.600799560546875
-15.818075180053711
-4.598855972290039
-4.07359504699707
1.127329707145691
4.406192302703857
14.305957794189453
-3.375715732574463
4.84077262878418
-10.621800422668457
2.0009562969207764
-7.835790157318115
-7.929632186889648
6.99629020690918
12.107921600341797
8.756194114685059
17.55453109741211
19.086862564086914
4.811951637268066
-3.958411693572998
19.793865203857422
4.565709114074707
6.677465438842773
3.9126088619232178
-9.99137020111084
-0.4923800826072693
-7.50764274597168
0.684762716293335
0.02274467796087265
13.764392852783203
15.45764446258545
-9.6587553024292
-6.859105587005615
-9.300046920776367
4.576483249664307
-12.426654815673828
4.944516658782959
-9.796606063842773
-2.85176420211792
5.378693580627441
1.8020185232162476
15.578652381896973
-6.055625915527344
-8.813567161560059
-30.09514617919922
-4.488670349121094
-4.944015979766846
-10.960565567016602
-1.5800342559814453
14.039254188537598
-5.480884075164795
-5.782989501953125
8.403070449829102
4.038952350616455
-5.825863838195801
0.08875656127929688
0.011618277058005333
9.773435592651367
-4.603418350219727
-16.05616569519043
-0.7053440809249878
7.764098167419434
10.387205123901367
-10.373600006103516
4.777012348175049
9.611421585083008
1.6619266271591187
-9.54032039642334
-11.404328346252441
-11.384641647338867
17.308107376098633
2.6227457523345947
5.5188798904418945
6.789509296417236
-0.5762037634849548
11.375832557678223
-5.634379863739014
2.482487201690674
-12.049152374267578
-4.112053871154785
15.776359558105469
-21.743722915649414
-11.423981666564941
-1.6957321166992188
-12.078103065490723
-3.8536875247955322
15.775246620178223
1.888344407081604
9.992868423461914
-1.7314097881317139
-3.4571127891540527
5.946457862854004
16.13985252380371
10.780166625976562
-4.111153602600098
4.981076717376709
-1.4222196340560913
19.764068603515625
-2.5084750652313232
-6.105619430541992
-7.382534027099609
7.923328876495361
-3.619361400604248
-9.447159767150879
-10.616084098815918
2.143831968307495
2.74647855758667
6.727024555206299
18.38667106628418
4.486782073974609
11.069953918457031
5.595120906829834
-2.6110727787017822
-10.300609588623047
0.9058291912078857
-5.518087387084961
-16.184791564941406
-12.43211555480957
-11.14051628112793
-8.185894012451172
5.866273403167725
-3.608096122741699
-9.709966659545898
-1.6105449199676514
-3.78433895111084
-0.5766022205352783
-10.912826538085938
-6.123025417327881
5.381713390350342
3.0386016368865967
-3.4958574771881104
11.36326789855957
10.82750129699707
-2.502354860305786
3.9025332927703857
1.1363525390625
-5.564377307891846
11.972739219665527
1.0217669010162354
7.541040897369385
3.460968494415283
-27.020904541015625
-5.25295877456665
5.655719757080078
2.336726427078247
5.685663223266602
4.574004650115967
1.2315635681152344
-3.831568956375122
-15.518234252929688
17.650911331176758
0.5412901639938354
-3.949064254760742
-3.6103105545043945
-3.766507148742676
-11.42306900024414
-3.80224609375
-7.469924449920654
-4.732524394989014
-3.845210313796997
10.179841041564941
2.747495651245117
-7.576462745666504
0.07976517826318741
3.252683401107788
-4.691009998321533
7.458744525909424
-13.566394805908203
2.9096856117248535
-9.654057502746582
-2.2576935291290283
8.555622100830078
17.842323303222656
18.098609924316406
-5.357629776000977
7.235841274261475
3.532909393310547
11.14458179473877
-5.045313358306885
10.16993522644043
3.0327374935150146
-4.97265100479126
-4.035614967346191
-4.046720027923584
-11.514406204223633
15.550620079040527
8.648164749145508
-18.527307510375977
-18.267744064331055
1.8646694421768188
1.029044270515442
-3.8449254035949707
-3.691948413848877
-11.724028587341309
10.867209434509277
8.15051555633545
5.316744804382324
4.973270416259766
-8.407642364501953
-7.20535135269165
0.028429612517356873
7.9135918617248535
-0.2750331163406372
-1.0493499040603638
2.9240167140960693
-23.746999740600586
5.260698318481445
9.460589408874512
-4.789297580718994
14.68263053894043
2.833575487136841
-20.9845027923584
5.777445316314697
7.938472270965576
8.883193969726562
12.129898071289062
-1.4590550661087036
-9.737940788269043
-1.9948405027389526
13.177769660949707
-9.167756080627441
0.9600502848625183
-2.5638926029205322
-20.193227767944336
-10.140288352966309
7.690827369689941
10.292622566223145
3.1594364643096924
-9.705366134643555
-1.574527621269226
5.103879451751709
2.0181667804718018
1.9251400232315063
4.774979591369629
2.233635187149048
-3.4368138313293457
-9.919853210449219
14.93590259552002
3.9246561527252197
0.6659003496170044
-10.588350296020508
3.101032257080078
4.572762966156006
3.2189557552337646
-6.162727355957031
4.303934097290039
1.7166078090667725
-0.8812924027442932
-0.08290065079927444
-19.42630386352539
-16.880109786987305
-4.1934709548950195
-3.575835704803467
-8.295198440551758
-2.800480365753174
0.8282375931739807
2.0132665634155273
15.98678970336914
-3.3118698596954346
1.0850862264633179
9.041125297546387
14.525063514709473
-11.54233455657959
3.718653678894043
-6.625335693359375
-9.097444534301758
-11.464407920837402
-3.261106491088867
-7.324821472167969
-14.386821746826172
-2.303213357925415
-12.891180038452148
-3.187102794647217
-6.125392913818359
2.1517930030822754
-11.624927520751953
-6.687039852142334
-6.588882923126221
4.329090595245361
-0.222164124250412
-2.213282346725464
-15.035177230834961
4.51163911819458
24.404333114624023
-5.313545227050781
19.842010498046875
-7.643856048583984
-8.826506614685059
12.982755661010742
15.308318138122559
9.971070289611816
10.536029815673828
-14.290108680725098
9.810883522033691
-5.2225518226623535
-1.4137319326400757
14.399412155151367
6.89299201965332
0.3442496657371521
12.299517631530762
2.865025520324707
-0.42239585518836975
-12.26127815246582
-8.432903289794922
-11.584786415100098
-12.289229393005371
-23.08246612548828
-19.753406524658203
-27.636287689208984
-9.863892555236816
-4.028559684753418
-11.907737731933594
-34.15587615966797
3.9428391456604004
1.7580642700195312
-17.24666976928711
-7.0847954750061035
-22.879859924316406
-5.421079635620117
-6.304150104522705
-9.572819709777832
0.7604494094848633
-7.201933860778809
18.125946044921875
-23.6837100982666
10.159123420715332
15.028885841369629
22.985868453979492
23.06089210510254
7.477745056152344
5.097891330718994
0.08384882658720016
15.724776268005371
1.212986707687378
19.297088623046875
-2.581636905670166
23.772565841674805
17.41720962524414
2.5906879901885986
-0.5553317070007324
11.746742248535156
31.510046005249023
1.4091954231262207
-3.71466064453125
3.4174373149871826
6.853002071380615
2.361416816711426
11.00582218170166
-10.268102645874023
-7.124223709106445
-5.123704433441162
0.3007538616657257
15.86373519897461
-4.743956565856934
-19.387836456298828
-2.068450927734375
-18.865854263305664
4.9795756340026855
11.116110801696777
-8.541688919067383
3.950528144836426
1.8667341470718384
-4.095484256744385
-9.556291580200195
1.955193281173706
-3.0781197547912598
-23.364944458007812
1.3687382936477661
-8.906556129455566
-15.004579544067383
-2.8565118312835693
0.36147287487983704
-13.305855751037598
-11.935845375061035
-1.0091935396194458
-8.63017749786377
15.857128143310547
0.7511264681816101
15.769773483276367
9.520322799682617
7.263296127319336
2.22819447517395
9.477598190307617
16.696048736572266
0.08299735933542252
4.863846778869629
-5.565465927124023
11.071756362915039
3.2970175743103027
5.682875633239746
5.985546112060547
19.63875389099121
-1.7685489654541016
6.558440208435059
-10.4359712600708
3.6714823246002197
-0.1234082505106926
-10.265518188476562
-10.110067367553711
1.3156174421310425
0.5579035878181458
6.368627548217773
2.999068021774292
-2.111241102218628
-4.4825263023376465
6.75502347946167
3.227541208267212
-16.60343360900879
9.297934532165527
8.2925386428833
-6.715747356414795
6.5494208335876465
14.68964958190918
17.566144943237305
5.034055233001709
9.625728607177734
14.655974388122559
-9.843904495239258
20.343399047851562
-9.978425979614258
10.946222305297852
6.37528133392334
-5.403604507446289
1.5676459074020386
2.5197243690490723
-13.625594139099121
-7.534848213195801
-10.994949340820312
-15.057354927062988
-9.831503868103027
-2.7970874309539795
-10.046191215515137
4.680430889129639
-18.05735206604004
-12.510448455810547
4.049232482910156
-9.292620658874512
11.877737045288086
-12.717484474182129
-0.699181854724884
-14.65140151977539
22.90114402770996
-3.10153865814209
-5.339601039886475
9.6884183883667
12.516423225402832
-5.014463424682617
-2.037337064743042
-5.820328712463379
-2.401333808898926
-0.49743029475212097
4.690097808837891
2.233322858810425
10.121087074279785
-4.988761901855469
2.2097952365875244
13.869974136352539
9.647024154663086
15.69924545288086
-3.9721062183380127
14.415884971618652
10.242870330810547
19.24303436279297
5.345829486846924
-14.14801025390625
-8.029184341430664
-4.629602432250977
-1.1115479469299316
-0.4447499215602875
-4.01780366897583
-2.7041854858398438
-6.194606781005859
6.088261127471924
-2.054403781890869
-11.927663803100586
8.094672203063965
1.9321119785308838
-20.36605453491211
-11.925565719604492
0.77387934923172
-0.34386327862739563
4.1597065925598145
12.378022193908691
3.1881728172302246
-10.550413131713867
9.469415664672852
8.994593620300293
8.046090126037598
6.517630100250244
-8.93586540222168
-4.523982524871826
-13.643733024597168
4.95584774017334
-5.922050476074219
-8.17299747467041
1.4684721231460571
15.411897659301758
-0.9876537919044495
-0.024660073220729828
2.9799859523773193
2.5268592834472656
7.305739879608154
19.197193145751953
-4.192684650421143
10.234158515930176
21.83441162109375
-2.9350478649139404
0.5631961822509766
-0.47673824429512024
-0.5282330513000488
-8.355924606323242
1.6556977033615112
3.156374216079712
10.991406440734863
-10.200363159179688
-14.275070190429688
-18.30426025390625
-24.447011947631836
-12.350786209106445
0.5297397375106812
1.6917322874069214
-10.858325958251953
-1.9740397930145264
-7.068100929260254
-5.385696887969971
-14.35091781616211
-4.795699596405029
-1.839088797569275
1.1456067562103271
10.599227905273438
10.340933799743652
1.113218069076538
-3.404146432876587
2.5465078353881836
6.958663463592529
-5.07541561126709
-6.111423015594482
-3.3658010959625244
-7.07448673248291
-0.4330698251724243
16.08917808532715
-2.9189400672912598
-1.2021079063415527
16.167823791503906
8.330622673034668
8.531204223632812
-1.8919315338134766
10.73569393157959
15.453265190124512
20.361919403076172
15.708658218383789
5.794583797454834
3.448368787765503
17.7915096282959
3.9112582206726074
0.35766491293907166
-4.540381908416748
24.771766662597656
-13.483538627624512
9.751995086669922
-7.371001243591309
-16.065351486206055
-8.542341232299805
-7.885486125946045
6.7853899002075195
-20.099306106567383
-1.6180778741836548
-15.480426788330078
0.829835832118988
-8.097054481506348
0.8557257056236267
-6.320511817932129
0.558775782585144
11.349091529846191
0.15794116258621216
7.67822265625
13.259454727172852
-1.7691895961761475
-11.072348594665527
-3.942042589187622
22.744293212890625
14.025161743164062
-5.965351581573486
11.071455001831055
-9.45302963256836
2.8145647048950195
19.25605583190918
13.440206527709961
-2.0126543045043945
4.544642448425293
9.744080543518066
1.0783514976501465
-4.96342134475708
5.66886043548584
-4.391005992889404
1.9607516527175903
-2.73480486869812
-11.555543899536133
5.602809429168701
-2.557863473892212
-13.998190879821777
-2.180863618850708
-6.671480655670166
6.519957542419434
12.660633087158203
9.419441223144531
-16.196374893188477
-5.741210460662842
1.7193706035614014
-4.265885829925537
-14.302783966064453
6.640200614929199
3.519094705581665
-16.590065002441406
-4.495809078216553
11.349455833435059
8.69216251373291
-1.5770740509033203
-5.653411388397217
-1.9443389177322388
-1.6782863140106201
-2.299471378326416
-1.688435435295105
-6.144617557525635
-14.102530479431152
-19.773157119750977
-10.24817180633545
1.5140544176101685
-11.47758960723877
-25.646059036254883
-31.427526473999023
-27.594539642333984
-23.831878662109375
-20.096229553222656
-24.07786750793457
-16.869014739990234
-21.173439025878906
-12.695985794067383
-7.128616809844971
-12.72226333618164
8.1278076171875
1.4308464527130127
-14.689311981201172
-7.24918794631958
-11.612037658691406
6.3868184089660645
2.582151412963867
8.694000244140625
19.383073806762695
3.5489978790283203
18.211999893188477
-1.2362685203552246
5.835901260375977
10.890345573425293
13.537609100341797
1.2952513694763184
1.0790361166000366
-2.081256866455078
11.817699432373047
-2.527750253677368
-9.625589370727539
6.28591251373291
0.09377074986696243
-2.338066339492798
7.7279558181762695
20.521711349487305
0.5795263648033142
-21.732267379760742
0.286303848028183
6.123374938964844
5.876106262207031
9.056394577026367
-11.664698600769043
9.126705169677734
4.4064531326293945
7.1578450202941895
-4.520201683044434
11.804244041442871
-2.691141128540039
-7.073763370513916
-9.148171424865723
1.987694501876831
-3.079526662826538
5.741352558135986
21.992511749267578
3.1568968296051025
-11.707963943481445
15.435853958129883
-0.9547324776649475
8.253706932067871
7.690505027770996
-21.106220245361328
-3.5691380500793457
14.042130470275879
-13.636811256408691
3.3290789127349854
6.637842178344727
5.564908981323242
22.064809799194336
-12.101058959960938
21.25381088256836
-13.18847370147705
7.8778791427612305
1.935889482498169
2.106245994567871
4.848196029663086
-2.4403157234191895
-1.4717696905136108
6.932697772979736
9.814167976379395
4.786541938781738
-12.211556434631348
2.4117908477783203
5.678382873535156
-7.359866142272949
9.521831512451172
-4.600499629974365
-1.4856605529785156
9.471674919128418
7.5383100509643555
-4.4840569496154785
-12.863405227661133
-8.682379722595215
-5.170332908630371
3.664381742477417
-16.171470642089844
9.038138389587402
3.2776620388031006
-7.151535511016846
4.761253833770752
9.110157012939453
-8.516846656799316
-7.324225425720215
-2.5237293243408203
13.121272087097168
10.467120170593262
0.9696240425109863
-6.704049587249756
2.0266566276550293
24.4621639251709
12.257181167602539
4.329365253448486
0.4773581922054291
9.617453575134277
5.9589762687683105
21.147701263427734
0.30583781003952026
10.89150333404541
21.32672119140625
7.639425277709961
2.541924476623535
-0.44290822744369507
11.923928260803223
-4.302283763885498
-6.456082820892334
-0.5659260749816895
1.6147798299789429
-15.464200973510742
7.487783908843994
-3.6561830043792725
-9.529031753540039
7.435004234313965
8.969368934631348
0.8099880814552307
2.1034932136535645
-10.100689888000488
0.2312319278717041
-3.714099884033203
0.8570748567581177
6.838632583618164
-15.869071960449219
3.766266345977783
-0.4629959464073181
9.489751815795898
-4.171382427215576
-0.3086804747581482
-10.027266502380371
23.90695571899414
-1.2380188703536987
-8.609190940856934
-22.800474166870117
0.1264493614435196
-3.022343635559082
5.379576683044434
7.0552191734313965
17.888900756835938
-15.639983177185059
-15.117592811584473
5.750852108001709
-2.2171220779418945
1.0990720987319946
-1.0539658069610596
2.767272472381592
-10.58975887298584
7.726383209228516
4.4174017906188965
7.69382381439209
-3.987966299057007
3.3824872970581055
-4.927844524383545
20.67908477783203
-11.011842727661133
7.825717926025391
2.3119707107543945
-2.372051239013672
-13.76824951171875
-7.686068534851074
12.260894775390625
-15.900469779968262
-14.7312593460083
-6.464335918426514
4.9434075355529785
10.357805252075195
8.530156135559082
3.8347771167755127
0.5154445171356201
-1.326478123664856
-4.084622383117676
-2.603841543197632
24.887468338012695
-7.016885757446289
-14.307924270629883
-6.150093078613281
-12.811145782470703
0.5205228328704834
10.349920272827148
4.889453411102295
4.442729949951172
5.35534143447876
0.5846772193908691
0.958052933216095
-0.988439679145813
-9.252889633178711
-6.9410319328308105
-17.296667098999023
-11.690361022949219
-13.089090347290039
14.640134811401367
-4.850522041320801
-14.767026901245117
-17.669429779052734
28.848712921142578
10.882745742797852
-10.411741256713867
-5.737884044647217
17.674072265625
-5.763219833374023
-11.617874145507812
-9.184170722961426
-11.419899940490723
5.758946895599365
-11.132109642028809
-6.426851749420166
-9.072482109069824
10.238896369934082
-5.027781963348389
-0.7005510926246643
-11.063284873962402
1.6836212873458862
-1.4794106483459473
1.0232309103012085
-11.63211441040039
-4.491893768310547
-1.326432228088379
-1.1350293159484863
-9.391281127929688
-0.7048113346099854
3.8359878063201904
10.433845520019531
8.265765190124512
-4.335748672485352
-1.5226788520812988
4.320616722106934
-2.681093215942383
1.7989753484725952
10.173421859741211
7.933908462524414
7.259890556335449
4.821802616119385
-3.116643190383911
11.60512638092041
6.9479660987854
5.634963035583496
4.818794250488281
-5.397163391113281
6.389218807220459
4.1172027587890625
-3.835608959197998
10.973977088928223
-16.046953201293945
0.28055131435394287
2.602776527404785
12.96725845336914
7.316765785217285
-15.52193546295166
-12.966438293457031
-6.72986364364624
-3.7013497352600098
-3.8936409950256348
8.246784210205078
6.501484394073486
13.039877891540527
-8.683876991271973
-1.9154367446899414
-2.6112422943115234
20.605730056762695
-0.04004153981804848
-6.649391174316406
-3.9499330520629883
3.9990181922912598
-0.28580355644226074
1.5154311656951904
16.871078491210938
15.770342826843262
9.481058120727539
-4.326767921447754
-4.199316501617432
9.232219696044922
-5.1147685050964355
5.038846492767334
-8.971324920654297
4.232116222381592
7.776264667510986
6.68090295791626
20.823888778686523
-0.7930766940116882
-0.4660353660583496
-4.127730846405029
-3.9025990962982178
-0.15751221776008606
-1.2670602798461914
-9.003681182861328
1.4059070348739624
-8.55202865600586
0.6203870177268982
22.519697189331055
5.341044902801514
-12.454939842224121
-4.936164855957031
-1.8343422412872314
-1.8587825298309326
6.5177717208862305
8.16425895690918
-2.889432668685913
-3.9119181632995605
4.274542808532715
3.5691051483154297
11.922765731811523
13.83041763305664
5.528335094451904
11.126601219177246
12.241476058959961
-2.487480640411377
3.6412572860717773
-9.147087097167969
7.520726680755615
-20.56438446044922
12.419832229614258
-7.270401954650879
4.416927814483643
-18.987192153930664
-3.953256368637085
13.680461883544922
7.6483283042907715
1.3121075630187988
11.601527214050293
13.612743377685547
0.026344241574406624
9.353995323181152
7.339338302612305
-11.447550773620605
2.236070394515991
-8.503596305847168
-4.5580973625183105
-20.505937576293945
1.8921540975570679
-22.613515853881836
-21.980642318725586
-19.174541473388672
-7.480484962463379
-4.192930698394775
7.117664813995361
-13.198858261108398
2.6990721225738525
-7.30192756652832
14.716019630432129
11.782242774963379
-2.2266674041748047
1.9154108762741089
15.296416282653809
1.71116042137146
4.502189636230469
-8.404424667358398
-2.6517910957336426
8.386517524719238
4.259180068969727
-11.416160583496094
-9.38640308380127
-28.34589385986328
-12.098005294799805
-13.263101577758789
-12.218717575073242
0.8230924010276794
1.1574259996414185
-5.647103786468506
12.9256010055542
23.008441925048828
8.188030242919922
5.468958377838135
0.7356826066970825
6.831968784332275
24.932851791381836
-15.27673625946045
-7.908005237579346
14.373579978942871
-8.376736640930176
5.7031402587890625
2.1590816974639893
-8.947410583496094
2.1566250324249268
-11.640556335449219
23.57185173034668
-6.605086803436279
-4.624617576599121
2.5100748538970947
-0.7462409138679504
4.777888774871826
10.261795043945312
5.482819557189941
1.5708681344985962
1.05305016040802
11.705793380737305
9.146794319152832
2.565183639526367
-2.9077258110046387
6.270390033721924
-0.1051606684923172
7.3967509269714355
-12.459534645080566
-11.724804878234863
-0.5869179964065552
1.603899359703064
5.778839588165283
-1.321915626525879
-1.751373291015625
-10.19906234741211
-4.021722793579102
-19.12981605529785
-8.136573791503906
-0.6689640879631042
-2.0638997554779053
-9.957822799682617
2.492316961288452
-12.354035377502441
-0.24925322830677032
3.3045222759246826
-1.6725026369094849
-0.16030395030975342
-8.259658813476562
-13.457074165344238
-2.010922431945801
-5.801609516143799
5.497791767120361
-1.397875189781189
-0.6762440204620361
5.524749755859375
-3.2864432334899902
0.01630927249789238
9.034294128417969
-1.5534021854400635
-10.326438903808594
5.549746036529541
8.851276397705078
-11.261144638061523
-9.161097526550293
-7.343635559082031
6.87149715423584
9.459589958190918
-0.2786674499511719
12.855985641479492
-1.6043362617492676
-12.485637664794922
-7.292344093322754
-1.470209002494812
3.507248640060425
18.920297622680664
-1.5828630924224854
15.478940963745117
-12.65599250793457
-11.126500129699707
0.13009360432624817
10.519298553466797
5.567690372467041
15.93084716796875
15.298381805419922
26.142616271972656
10.635581016540527
5.949420928955078
-1.8226783275604248
-3.122007131576538
-12.266672134399414
22.867279052734375
-2.078641653060913
10.799442291259766
0.6097784638404846
-1.493100643157959
-10.892955780029297
-1.241229772567749
17.832740783691406
4.746251106262207
-7.048615455627441
4.982156753540039
4.394951820373535
22.607616424560547
-7.249607563018799
14.773540496826172
19.268009185791016
0.4326864182949066
-8.738065719604492
-10.062637329101562
15.209945678710938
-0.4548227787017822
2.673952579498291
0.3514498770236969
-3.355780601501465
12.164590835571289
18.112770080566406
12.281058311462402
6.2418012619018555
6.77605676651001
4.706596374511719
10.152596473693848
9.135339736938477
-7.445489883422852
1.6826423406600952
-13.642064094543457
7.151200294494629
-5.429322719573975
7.073210716247559
-11.509198188781738
-1.7613015174865723
-3.6695556640625
17.416736602783203
-0.4887644946575165
