137190.5625
137622.75
136911.03125
69.89167022705078
136437.03125
309.1164245605469
137533.421875
99.79914855957031
135699.75
971.0991821289062
1.7710239887237549
62.297786712646484
20173.05078125
93.50389099121094
14478.806640625
136571.578125
227.81854248046875
15.431632995605469
137106.75
136121.1875
136909.03125
1131.0438232421875
712.2784423828125
136207.015625
36.26797103881836
16.00830841064453
0.510859489440918
979.2661743164062
137182.796875
135218.078125
2091.375244140625
150.12310791015625
537.6715698242188
135870.984375
135933.03125
135703.296875
136679.71875
383.89862060546875
116.27229309082031
77.07974243164062
33.61391067504883
131.76544189453125
135822.125
136270.234375
136159.40625
136278.03125
136180.78125
136372.0625
16.741607666015625
3608.967529296875
3209.318115234375
136071.234375
135641.8125
136675.15625
590.6691284179688
719.4942626953125
135357.59375
94.21317291259766
648.5982055664062
135640.375
135780.03125
135440.375
846.581298828125
444.01220703125
1621.7799072265625
1124.6558837890625
136335.1875
135193.078125
135184.296875
37.83388137817383
77.808349609375
902.9428100585938
135085.234375
7.204499244689941
18.863731384277344
102.38084411621094
13.604823112487793
1329.232421875
57.44258117675781
135114.46875
234.41610717773438
950.2044677734375
134580.21875
144.0132598876953
1406.08544921875
134119.640625
134401.1875
133960.078125
134275.84375
133572.53125
422.42425537109375
133488.90625
133628.5625
49.04045104980469
21.681819915771484
133499.265625
1150.4659423828125
1266.1519775390625
175.87979125976562
281.335693359375
133541.53125
680.8286743164062
783.5615234375
132466.703125
132764.953125
77.04302215576172
1071.840576171875
558.9263305664062
132327.578125
105.66703033447266
800.7827758789062
132794.515625
133224.546875
133250.65625
133222.921875
365.3542175292969
133662.203125
2373.9951171875
132723.640625
132833.265625
646.1424560546875
991.1036376953125
53.194698333740234
132310.59375
15.607573509216309
131790.40625
132928.6875
306.60711669921875
8163.11669921875
3193.44091796875
133028.1875
132714.6875
24.757150650024414
147.18714904785156
44.39162826538086
2236.89111328125
117.30867767333984
132300.96875
448.55792236328125
132275.96875
132173.28125
43.81938171386719
131535.546875
131761.828125
132150.8125
131943.59375
4088.3095703125
932.90625
34.14897155761719
8716.0107421875
131417.0625
606.4247436523438
218.47349548339844
130907.875
131686.640625
131389.28125
201.80520629882812
131559.40625
25.79753303527832
33.22407913208008
155.2016143798828
633.8490600585938
131185.453125
2475.08740234375
130599.875
507.4690246582031
7913.94970703125
132134.984375
1740.9822998046875
3099.50146484375
131448.828125
2378.6201171875
40.67399597167969
78.7383041381836
287.3087463378906
130597.5859375
130964.0625
168.1190948486328
131342.3125
131307.796875
130826.21875
972.45654296875
130965.5
30.179946899414062
131232.25
27.120832443237305
130791.6796875
130484.828125
130429.21875
155.58926391601562
130661.0234375
130138.65625
169.30905151367188
253.379150390625
131031.21875
130432.3515625
222.7741241455078
130243.6953125
131010.2109375
129870.4140625
130531.8046875
129965.5703125
130518.671875
130169.8203125
84.55801391601562
130099.4140625
49.11385726928711
129586.234375
61.09148025512695
129215.8515625
130368.9609375
130490.5
129513.59375
72.22725677490234
89.74262237548828
59.627323150634766
130131.7890625
183.91326904296875
129567.15625
131147.03125
130181.765625
65.45854187011719
154.0894012451172
37.69306564331055
74.5831069946289
130785.875
129567.3515625
131194.359375
128942.9296875
120.2393798828125
2216.552001953125
50.14935302734375
674.0951538085938
129992.1484375
8229.7666015625
130527.125
745.0167236328125
141.56166076660156
129803.875
51.65005874633789
130237.625
630.7930908203125
130058.78125
129771.671875
129934.8203125
128972.84375
138.0709686279297
350.6329650878906
130465.6796875
172.90528869628906
36.622562408447266
129255.609375
720.101318359375
130168.234375
134.60174560546875
129706.6953125
1204.462890625
129587.7578125
461.9960021972656
300.74346923828125
277.650634765625
206.06687927246094
130070.4296875
156.14602661132812
128802.484375
71.01513671875
735.859375
74.97986602783203
35.5487174987793
247.4112548828125
538.5691528320312
129038.4765625
1401.804443359375
195.05592346191406
1487.6619873046875
349.38031005859375
129458.0703125
129395.90625
129003.5703125
129307.1953125
128321.015625
129564.609375
129414.0390625
128465.90625
128826.3671875
159.30059814453125
41.454551696777344
128488.34375
2455.280029296875
362.6405334472656
129596.1953125
866.6105346679688
184.40956115722656
428.466796875
129726.0234375
374.9197692871094
128298.3203125
129142.484375
275.9363708496094
2578.916015625
129187.2890625
129282.2421875
129616.3203125
47.73029708862305
128633.40625
509.9009094238281
130378.5703125
129482.8046875
53.18379592895508
83.91690063476562
129229.15625
128635.109375
184.11927795410156
129261.125
128190.671875
406.4474182128906
128639.828125
129310.6953125
129160.5859375
129359.390625
128502.90625
128568.0703125
128884.1328125
1795.99365234375
50.467803955078125
176.0923614501953
41.997825622558594
129042.2109375
129059.7578125
128478.3515625
128272.5859375
128881.953125
85.54025268554688
128637.9609375
105.05037689208984
417.2419128417969
128934.1484375
393.8260498046875
296.0069885253906
129446.2578125
82.78534698486328
128571.3671875
127731.609375
128635.171875
128320.8515625
1690.90478515625
128566.328125
128201.4609375
1909.773681640625
128591.875
127441.9765625
6642.80859375
493.97113037109375
205.8734588623047
8762.1064453125
128694.625
128204.5
128053.390625
128019.5
128227.890625
128147.0703125
266.00836181640625
150.35279846191406
129001.21875
364.44525146484375
128131.2109375
70.43903350830078
127511.6328125
128319.0234375
127978.515625
7025.41748046875
128342.546875
128113.9296875
128638.4140625
127678.78125
127803.0390625
128663.5703125
127593.953125
590.6414794921875
128415.3046875
127820.3671875
127605.90625
128116.375
127607.7109375
208.40243530273438
290.9560241699219
127232.0625
128176.875
379.01959228515625
128059.265625
1639.4246826171875
127768.1328125
149.296630859375
127229.7421875
127983.4609375
128151.1953125
428.5061950683594
126945.09375
420.4774169921875
465.8021545410156
157.69338989257812
973.749267578125
126967.3515625
381.7154541015625
74.48123931884766
126587.5390625
536.6279296875
286.995361328125
127820.28125
434.8718566894531
127985.7109375
1315.987060546875
1148.76806640625
1519.9754638671875
234.19436645507812
127619.765625
127358.78125
127329.484375
127806.78125
1245.613037109375
121.79225158691406
127475.015625
127526.953125
112.19586181640625
127857.9296875
71.85100555419922
60.75984191894531
127580.78125
136.46177673339844
127468.4375
56.474822998046875
2938.369140625
127536.3203125
216.68988037109375
128071.234375
146.9239044189453
874.6780395507812
2878.34814453125
127333.71875
55.38158416748047
127349.3203125
127102.5
127545.765625
127012.1484375
126793.5390625
126874.21875
127572.2109375
2447.656494140625
127880.1484375
126722.28125
418.31854248046875
119.59674072265625
81.85816192626953
127302.71875
146.1615447998047
127921.5390625
127721.5625
175.04835510253906
127127.8046875
11593.01171875
795.923095703125
3158.694091796875
366.3404235839844
297.67724609375
127458.3671875
127606.4375
13516.5107421875
126717.1953125
239.01576232910156
127357.7578125
126740.4609375
1084.7879638671875
127513.5390625
126226.90625
126790.0625
127352.6796875
127098.78125
64.32614135742188
126801.234375
126257.34375
126700.1328125
126609.3203125
586.760986328125
173.77334594726562
127133.328125
126607.046875
126664.8046875
126923.9765625
125956.265625
600.369873046875
127820.34375
1287.9815673828125
127529.09375
126411.0
3502.837646484375
126386.625
896.1885375976562
126558.9765625
343.8970031738281
126724.515625
252.18130493164062
127090.484375
319.9754943847656
127025.9765625
126700.9765625
1003.8928833007812
69.65718841552734
126862.21875
171.6289520263672
673.1542358398438
126463.8203125
126552.3515625
126608.9765625
57.79160690307617
126625.9765625
125830.375
167.5833282470703
830.3178100585938
90.54354095458984
125950.8515625
126449.4140625
126163.21875
66.37560272216797
125623.875
126432.09375
126639.1484375
83.28702545166016
126308.0625
79.05912780761719
125994.125
88.46479797363281
357.3543395996094
126346.0625
411.0473937988281
300.20501708984375
126747.515625
661.5708618164062
126084.1953125
83.88692474365234
7284.22998046875
114.31460571289062
127163.5390625
326.3201904296875
372.8440246582031
126283.5703125
271.9114990234375
126108.5859375
126619.453125
125571.15625
59.41862869262695
171.2994384765625
126363.09375
126692.84375
189.1391143798828
126041.0703125
126990.6484375
125547.0703125
126313.6953125
1331.9862060546875
125436.8203125
125920.8515625
125633.9296875
125509.2109375
77.21534729003906
125808.984375
125610.9609375
73.42739868164062
189.28851318359375
136.9637451171875
384.5921630859375
126104.0
126455.34375
125683.4296875
125334.015625
126044.4375
112.15569305419922
125863.7109375
745.7310180664062
125684.4296875
125877.4296875
126288.5625
126181.265625
70.61280822753906
125737.4609375
125271.5
125390.1484375
97.4534912109375
125743.1328125
161.1615447998047
125016.09375
125550.0859375
559.9903564453125
125345.5390625
158.11122131347656
128.50799560546875
550.7552490234375
400.1671447753906
20685.8828125
124947.7578125
846.2483520507812
124612.0703125
125667.734375
125475.125
83.88587188720703
125494.59375
124697.4140625
353.23822021484375
125174.1328125
117.7055892944336
125567.828125
282.7250671386719
125399.734375
1426.307373046875
125049.3046875
124936.0703125
124757.984375
90.86270141601562
125732.21875
125036.28125
125001.8046875
83.3799819946289
125373.1953125
766.2467041015625
149.85733032226562
125590.0703125
125214.2421875
125524.265625
125248.3515625
80.33396911621094
184.1868438720703
818.0150756835938
74.90477752685547
1912.3624267578125
423.0304260253906
125449.125
256.0635070800781
125269.78125
125668.7109375
125908.90625
124436.5703125
124626.015625
264.849853515625
125452.390625
2165.446533203125
87.9674301147461
124965.953125
257.83856201171875
328.8952331542969
124449.9375
634.8772583007812
215.06924438476562
124519.4296875
115.94490814208984
125083.453125
588.0919189453125
125023.6796875
125466.828125
136.70631408691406
125386.9765625
124904.5
125229.5859375
136.86593627929688
124517.234375
125382.5859375
125255.4140625
71.32295989990234
125292.484375
124856.9609375
125105.78125
395.4154968261719
124302.2109375
99.46773529052734
124359.21875
125148.4140625
125290.828125
125518.015625
124994.984375
125479.40625
763.270263671875
213.95364379882812
360.54119873046875
153.3586883544922
2942.662353515625
3251.580322265625
124863.9296875
106.25919342041016
125304.0234375
71.1754150390625
88.78045654296875
124225.5625
394.24212646484375
125154.6796875
124984.109375
124383.3671875
129.5679168701172
124816.0625
124668.6796875
124779.890625
535.895263671875
125058.171875
79.52963256835938
124801.28125
232.78973388671875
124961.78125
335.46588134765625
125519.6484375
125373.109375
125268.0
124256.734375
124505.2421875
125034.4609375
123452.0859375
124368.40625
124298.65625
124124.28125
997.2877197265625
6264.98193359375
123287.0703125
188.16978454589844
124130.7578125
124577.234375
144.47903442382812
132.0319366455078
164.73548889160156
124395.6328125
124532.15625
158.09625244140625
1119.023193359375
142.79592895507812
209.57537841796875
124093.7109375
760.7913208007812
123402.484375
124477.2109375
123906.453125
68.6163330078125
124057.4140625
661.3836669921875
124901.1484375
124366.265625
1043.1744384765625
124417.3515625
123953.7109375
123469.9765625
123325.453125
124172.8203125
585.04150390625
260.5709533691406
123998.390625
123747.109375
123410.875
123565.2109375
124385.3046875
177.93910217285156
124357.234375
124288.5703125
189.3945770263672
189.36349487304688
534.2642211914062
527.9329833984375
123796.8515625
123998.5234375
251.26419067382812
297.0707702636719
123066.78125
123514.625
123148.21875
123508.1796875
123427.765625
74.0242691040039
123703.7109375
123382.78125
85.03195190429688
123412.7578125
123052.828125
123904.6953125
122601.8671875
123821.5234375
123869.8203125
1366.9150390625
94.79024505615234
123289.0
77.81400299072266
123711.5390625
171.76287841796875
2548.4970703125
123210.828125
123658.9765625
1985.8433837890625
672.57568359375
123543.125
280.3591003417969
123292.125
1065.453369140625
124226.2578125
123501.4140625
3747.399658203125
123754.0
123136.109375
387.8814697265625
123670.59375
2618.87109375
977.02001953125
936.5049438476562
123117.09375
3441.3544921875
253.74957275390625
123392.515625
1010.3485107421875
123216.8203125
122554.828125
300.58929443359375
122907.0625
420.0387268066406
100.23908996582031
361.38970947265625
123005.21875
122589.5
118.98934936523438
173.0283966064453
123379.046875
875.0050659179688
172.9925079345703
123140.734375
123267.390625
235.17404174804688
123059.6953125
122760.7421875
123945.9609375
4683.39697265625
123240.78125
122732.234375
123202.953125
123371.5859375
1495.92041015625
123731.828125
122592.765625
178.79673767089844
123986.828125
2580.293701171875
352.5570373535156
122894.15625
112.09803771972656
123304.9765625
123249.265625
123863.0703125
123139.265625
1829.9024658203125
95.42618560791016
122785.984375
129.16966247558594
264.734375
122425.328125
122.10100555419922
126.95513916015625
122714.4296875
185.80496215820312
123647.625
123069.6328125
123432.9765625
123258.875
123007.265625
965.2130126953125
103.12145233154297
123286.3046875
629.2631225585938
150.40399169921875
414.70635986328125
123060.265625
91.58389282226562
122668.15625
123324.65625
123479.0703125
122928.8046875
122685.9140625
196.59539794921875
384.5639343261719
208.5797882080078
124049.5390625
122431.515625
122239.3203125
122591.2109375
122405.59375
122620.828125
1408.0926513671875
122528.2890625
122880.90625
123312.09375
107.90843963623047
122374.5390625
683.6485595703125
122641.046875
123108.5625
123776.515625
122300.59375
489.90240478515625
122144.9140625
704.455810546875
122063.0703125
2917.568115234375
275.25225830078125
113.72237396240234
121668.78125
122763.625
122688.890625
122679.875
122492.8046875
122631.9375
122365.65625
123096.6484375
122348.3203125
5569.1044921875
122492.9375
122849.0625
122235.0234375
544.787841796875
121840.109375
335.1466369628906
158.81613159179688
294.7395935058594
122558.65625
122450.71875
168.97079467773438
121.7938232421875
765.8768920898438
724.5294189453125
171.96481323242188
404.3125915527344
121777.4765625
121591.328125
121935.2578125
112.13905334472656
599.9895629882812
427.6203918457031
122968.2421875
104.7113037109375
122419.109375
459.49212646484375
1822.88427734375
414.0482482910156
92.65167999267578
508.9966735839844
122047.8046875
1406.13427734375
605.1322631835938
122922.046875
121724.59375
121136.828125
873.5286865234375
188.13677978515625
121659.6796875
190.70884704589844
122270.9140625
120.17086029052734
3181.43017578125
122200.171875
122801.953125
122304.59375
121768.6796875
122231.7421875
122177.6328125
144.28445434570312
121911.625
122609.8203125
121677.7890625
122212.5625
121236.40625
121604.9140625
1126.2310791015625
281.11810302734375
124.27365112304688
122149.875
107.93943786621094
122288.6796875
337.15740966796875
376.2330017089844
121721.3515625
208.54266357421875
274.28765869140625
121390.9140625
114.55088806152344
121898.0234375
121917.125
122258.4765625
99.2442626953125
121857.234375
121930.8203125
201.4852294921875
122140.390625
120764.9375
122029.6953125
122001.7890625
937.9026489257812
121397.0390625
558.4864501953125
121204.765625
122398.7109375
122006.234375
121818.734375
121666.546875
122035.5
122039.3203125
3182.9228515625
507.0660705566406
120951.9765625
120855.0
6425.7197265625
121917.046875
429.3277587890625
921.3731079101562
122036.015625
192.00119018554688
120415.125
121166.0234375
2260.79296875
639.5186767578125
346.3948059082031
121555.0703125
121633.484375
121200.171875
136.57518005371094
2389.688720703125
142.44798278808594
120846.2421875
121032.5625
623.7406616210938
1993.2816162109375
215.14605712890625
844.8622436523438
151.02769470214844
118.98095703125
1094.0753173828125
121485.2578125
122003.2109375
121260.2578125
121315.6796875
159.4370880126953
121405.40625
488.0565490722656
121153.5703125
121329.0
240.5653839111328
493.87677001953125
121895.7109375
121562.2109375
2490.9892578125
361.5909729003906
106.48390197753906
121100.1953125
831.5089721679688
121185.453125
121435.6796875
89.26324462890625
103.33264923095703
121288.4296875
121248.5625
99.8321533203125
122184.7890625
121354.0625
120811.0703125
121267.3515625
120952.828125
120696.0625
209.13050842285156
113.74141693115234
121012.8046875
121395.21875
292.0079650878906
1300.38720703125
579.782470703125
193.65328979492188
121034.8671875
120353.6796875
121413.6953125
2432.867919921875
354.42730712890625
121481.15625
107.0615005493164
120872.15625
121434.265625
219.38641357421875
847.3524169921875
121414.0234375
120866.7578125
256.68701171875
120191.8203125
121130.390625
1008.903564453125
120777.5390625
142.632568359375
618.0075073242188
120702.3046875
120986.953125
1796.2755126953125
121594.0703125
120837.546875
100.90863037109375
122.15884399414062
121221.0859375
120752.5390625
120182.9296875
121242.8515625
120442.7421875
1003.2670288085938
120822.171875
1621.64697265625
121318.0703125
120498.171875
120988.671875
3478.986572265625
674.5962524414062
120577.7578125
119984.2578125
120508.8671875
120616.2421875
338.2750244140625
126.66983032226562
120688.65625
120427.671875
120679.84375
120736.6796875
120666.0
120603.2421875
193.14013671875
702.5147705078125
119.93795013427734
120077.9765625
120053.015625
1105.7628173828125
119703.28125
120461.5
179.55360412597656
120315.046875
119937.015625
127.50086975097656
119807.0390625
120283.4765625
119473.6796875
1872.0400390625
120476.2421875
2127.398681640625
120659.9765625
119698.9765625
120909.4765625
343.4792175292969
118967.9140625
177.09942626953125
120008.40625
119500.4296875
119474.0390625
184.82717895507812
473.73504638671875
119482.6328125
119953.4765625
119497.9609375
120349.4765625
119715.5234375
134.14666748046875
120477.7890625
120088.34375
120591.609375
1966.050537109375
119724.3203125
119566.875
120676.8515625
382.13824462890625
119926.6796875
120119.5
390.5812072753906
2186.958251953125
1047.1678466796875
195.2998046875
119284.0234375
1005.8873901367188
207.29721069335938
480.2279052734375
119969.5859375
165.5565948486328
120678.34375
120057.9609375
1225.9248046875
119819.8046875
120026.171875
120301.109375
555.3899536132812
120275.3671875
119308.109375
174.18089294433594
119571.5625
120222.1328125
119773.828125
119148.65625
119469.125
621.1110229492188
119685.765625
361.4858093261719
119755.09375
219.6064910888672
119938.0859375
118880.4140625
118627.21875
119715.328125
119566.7890625
215.55906677246094
1029.31005859375
1186.6341552734375
580.122314453125
119942.34375
115.63677978515625
119292.71875
150.40074157714844
4709.33837890625
119260.7109375
118765.0390625
1415.3365478515625
120362.2890625
119951.609375
545.2325439453125
118990.484375
119782.09375
119569.9375
831.7509765625
119671.6796875
119308.09375
254.23387145996094
118831.7578125
119528.5859375
119277.875
119151.3046875
118907.65625
119776.2890625
119475.2890625
132.56689453125
1371.158203125
118886.4140625
119718.2890625
210.42152404785156
119568.890625
143.49269104003906
119433.109375
774.94384765625
119744.3203125
1107.033203125
119142.21875
119677.4140625
118875.0390625
299.1708984375
1072.315673828125
190.39329528808594
8097.8896484375
118138.2578125
230.28163146972656
468.60595703125
254.8662109375
119222.8046875
174.9084930419922
119063.265625
119116.515625
119197.125
118484.8671875
118875.84375
269.6190490722656
1177.168212890625
119050.21875
300.0026550292969
113.00350189208984
212.39373779296875
119763.375
118830.265625
119535.1796875
119954.671875
128.34490966796875
119257.375
545.5977783203125
119282.6328125
220.74400329589844
119498.1328125
119279.609375
119242.59375
603.5480346679688
119735.4609375
268.44134521484375
119046.5390625
131.8366241455078
118679.28125
532.5489501953125
118866.6796875
289.46240234375
380.8924560546875
129.63221740722656
119218.0703125
188.5732879638672
118670.0
119501.1796875
118452.984375
118961.5
118997.609375
7345.42236328125
118973.5234375
118269.09375
118511.4765625
119519.1484375
1635.2860107421875
625.2525024414062
220.62380981445312
169.87673950195312
118255.8515625
119317.7109375
1789.8978271484375
703.3243408203125
118151.0390625
119115.09375
119512.4765625
118902.2109375
118616.15625
173.3974609375
118870.125
117524.2890625
118296.8203125
118646.015625
118661.875
182.47621154785156
118720.671875
200.2428741455078
118893.0703125
119018.6796875
118432.390625
3332.9306640625
118007.9140625
143.81561279296875
118368.7890625
380.14678955078125
447.61614990234375
117818.609375
326.1380920410156
593.7556762695312
117672.484375
118077.21875
189.37423706054688
118539.9765625
117951.828125
576.367919921875
118668.34375
118220.0859375
118358.875
180.54730224609375
170.26388549804688
118449.84375
117909.5859375
184.3990936279297
969.932373046875
118125.5859375
118816.5234375
118167.28125
117984.9375
118178.015625
118304.0234375
1501.9727783203125
817.022705078125
118667.015625
272.96881103515625
118250.65625
311.0824890136719
118369.90625
116974.4296875
116662.8671875
173.43353271484375
118090.265625
118112.0859375
117716.59375
232.95266723632812
117753.375
117166.7890625
118185.9609375
267.0205078125
118686.9140625
118709.40625
393.1781005859375
267.1940612792969
117242.109375
118116.0625
118050.21875
118474.0
356.6180725097656
117429.0
285.273193359375
117729.734375
117933.171875
524.1318359375
117442.8203125
118433.171875
117628.4375
117694.5
118210.984375
704.2731323242188
118204.5703125
118008.3203125
118329.6953125
1119.21240234375
117176.515625
117713.734375
117575.609375
117629.671875
366.7197265625
967.1026000976562
290.55963134765625
117802.890625
9324.318359375
252.81402587890625
369.55517578125
117392.71875
117541.84375
1236.1126708984375
118399.3046875
117739.515625
117834.0625
517.804443359375
1133.2723388671875
117732.5234375
116867.15625
117465.453125
117204.3515625
542.7134399414062
117081.9140625
117106.875
117571.4296875
117143.890625
117403.171875
296.7447509765625
117312.828125
265.7038879394531
150.0248260498047
117580.4375
117153.7578125
117328.3046875
711.0407104492188
117358.21875
117595.1484375
117792.265625
117678.390625
116888.8671875
117782.765625
117554.828125
117558.28125
117710.7890625
201.3778076171875
208.0413055419922
118287.984375
1135.219482421875
117176.3515625
117367.984375
117264.4765625
117149.9296875
117007.1796875
117076.7109375
116905.78125
207.83853149414062
116636.671875
116797.4765625
116623.3203125
637.1122436523438
117028.3515625
523.2963256835938
117554.765625
117423.6796875
116730.3203125
116287.71875
116942.2578125
117009.09375
116910.265625
117116.7109375
117693.1328125
117940.2421875
710.4385986328125
116819.453125
263.77294921875
116659.9140625
116939.78125
117400.4609375
454.214599609375
181.51516723632812
116839.21875
5272.32275390625
647.5809326171875
116780.15625
116239.328125
115945.84375
116630.40625
462.4037170410156
360.9407958984375
117323.2421875
116519.09375
116749.5859375
220.8864288330078
116333.234375
116912.4375
116783.9765625
116192.4765625
199.89602661132812
324.12945556640625
326.1354675292969
116662.953125
7114.89501953125
116317.7578125
116829.515625
115925.125
116698.734375
235.48704528808594
2892.92431640625
116120.734375
173.35772705078125
207.63917541503906
116137.9140625
276.7193298339844
638.4667358398438
116554.8203125
117117.6484375
681.35498046875
317.4273376464844
116819.8046875
1002.8892211914062
117011.265625
117233.3203125
135.4364471435547
116632.8046875
116827.375
116654.015625
116578.8515625
1394.706787109375
116530.8515625
116325.7109375
117039.390625
116431.5390625
143.73158264160156
117093.34375
3558.377197265625
116208.609375
194.8840789794922
315.8454895019531
116689.9296875
115371.40625
115787.609375
116612.28125
382.559814453125
116703.6796875
115870.65625
116024.7578125
116351.828125
116485.4375
116421.5234375
116436.7109375
169.65682983398438
215.1981201171875
115978.4765625
116915.125
116174.8046875
115461.6953125
205.0782928466797
171.74745178222656
116267.109375
758.3732299804688
116232.9140625
205.447021484375
243.657470703125
115925.3046875
685.4385375976562
673.891845703125
4051.547607421875
115836.609375
4975.79345703125
207.2469024658203
116212.953125
116032.734375
116451.4609375
958.5753784179688
116385.6328125
116310.625
116769.5625
1165.8037109375
274.2026062011719
213.51217651367188
116677.59375
215.62741088867188
116391.4765625
420.03863525390625
429.1481018066406
115549.4296875
771.2388305664062
116172.5859375
115977.609375
187.03976440429688
115429.375
1385.550537109375
116595.5
115708.953125
115905.2578125
116502.8203125
1375.6685791015625
116155.90625
116148.515625
116593.7109375
116272.6953125
116117.890625
115334.4609375
116085.6328125
223.63836669921875
115774.2109375
115655.9296875
1818.535400390625
115831.171875
115773.1796875
115561.125
384.7359619140625
815.2955322265625
115767.5390625
620.90478515625
114966.4375
375.48541259765625
2257.4169921875
115491.625
115616.28125
115542.484375
115346.734375
440.9233093261719
244.794189453125
115614.40625
115448.0
194.2705078125
114626.109375
115341.6796875
551.065185546875
197.62046813964844
115854.8671875
115702.375
115653.09375
115735.0703125
115536.0
115378.484375
116132.1953125
115319.546875
114875.5234375
216.74171447753906
2063.788818359375
115285.109375
115666.109375
115175.3671875
533.7720336914062
115562.609375
1423.6151123046875
380.050048828125
114814.4609375
115600.9375
115157.6953125
115331.046875
115277.0234375
1890.0584716796875
115158.4140625
287.10479736328125
114859.9296875
115124.5703125
760.4630126953125
730.4263305664062
114604.8046875
115451.78125
926.4260864257812
326.1115417480469
115481.546875
330.9093017578125
268.09149169921875
115107.0703125
115069.875
448.04840087890625
115201.1953125
115228.3203125
115933.234375
4633.1884765625
241.10903930664062
241.24668884277344
115399.7578125
223.8321990966797
115348.34375
115374.453125
114755.59375
115857.625
362.78289794921875
236.6342010498047
114977.9296875
114706.4140625
114555.0390625
115206.2109375
2244.11767578125
114614.8515625
115260.828125
114208.9375
114791.34375
2485.173095703125
114653.5390625
669.2237548828125
114846.7578125
531.674560546875
457.9103088378906
114011.0859375
115041.21875
114958.484375
114739.84375
196.89926147460938
2079.39306640625
114902.8671875
114298.0625
114928.5234375
115003.265625
115410.5625
3329.43701171875
209.83775329589844
115132.5
114667.6953125
292.28106689453125
114655.8203125
1245.0523681640625
4046.900146484375
114654.6328125
114372.6484375
241.0352020263672
114070.2109375
1038.4793701171875
114353.9375
114449.890625
115101.7109375
537.326171875
114709.4296875
196.5719757080078
114645.875
114945.0625
113615.7109375
114203.828125
114808.3203125
114707.78125
1817.52099609375
114124.8671875
115127.0625
114202.2109375
114822.9375
114935.65625
2951.045166015625
1528.1171875
114086.6328125
114050.234375
114472.015625
113872.265625
113857.1484375
5441.20263671875
113519.2890625
113922.2421875
417.7680969238281
113576.7109375
114549.9375
114785.59375
114101.65625
740.9075317382812
113689.6328125
113872.4765625
114056.71875
279.4293212890625
113806.828125
113765.3203125
114136.375
113799.5703125
114153.4375
1608.1490478515625
114571.78125
443.53717041015625
114340.875
113664.953125
113085.2421875
113294.5703125
113508.0
877.8850708007812
113842.015625
113543.828125
114192.171875
114058.515625
114331.6328125
413.2832946777344
113321.671875
113633.9609375
114302.375
1190.56103515625
1079.1470947265625
113268.8046875
251.36825561523438
2326.451171875
114595.015625
113492.390625
4659.896484375
113175.734375
553.17919921875
112935.5625
114022.59375
113971.21875
114292.4609375
3024.70654296875
113431.8046875
114327.609375
343.1885681152344
673.80419921875
113555.0390625
387.46844482421875
113302.1484375
113518.1953125
507.5074768066406
112868.7109375
113404.546875
457.2428894042969
535.5460815429688
113234.65625
113332.7578125
113118.9140625
112920.0859375
113600.5390625
113697.5703125
114012.9296875
113586.59375
113315.171875
112916.59375
112565.328125
250.73928833007812
113155.1953125
547.9404907226562
113735.8515625
113600.484375
112770.7890625
113962.4140625
113364.40625
624.4847412109375
113367.1796875
113546.78125
597.84375
357.26031494140625
113228.390625
304.3480224609375
112913.671875
904.8988037109375
113417.7890625
112881.734375
794.9411010742188
112907.71875
364.6409912109375
113586.265625
1571.1087646484375
113371.9765625
113352.5
113868.5703125
113262.8046875
112732.265625
114159.2890625
458.618896484375
112947.28125
689.5172729492188
113537.609375
112926.265625
112746.5859375
113365.4140625
113057.2109375
583.3697509765625
113086.3203125
261.8350830078125
2761.222900390625
233.14117431640625
2515.4091796875
112706.4375
113476.7421875
1499.9146728515625
379.5997009277344
112970.171875
362.34307861328125
113228.328125
113117.4765625
113355.8203125
1967.3651123046875
113852.9296875
227.99209594726562
113778.234375
112792.4296875
530.9519653320312
450.4555969238281
569.175048828125
113288.6484375
113231.09375
113140.375
927.2282104492188
113445.3203125
715.2299194335938
113062.6796875
113574.1796875
113335.28125
113119.984375
1027.9189453125
112904.8046875
113445.0625
112825.15625
113591.953125
1178.9334716796875
211.09629821777344
359.0846862792969
442.4840087890625
200.54104614257812
112733.0234375
112100.1796875
485.0533142089844
112745.2890625
112726.21875
112495.0
112546.390625
112053.0390625
112586.9296875
752.8250732421875
1729.915771484375
546.6504516601562
113292.28125
112961.9375
761.5628051757812
113219.109375
313.799560546875
112862.953125
112991.7890625
112345.265625
1396.9932861328125
112720.4140625
112622.6328125
113006.7890625
112964.875
112918.765625
112412.671875
113410.59375
282.0813903808594
113330.0
112595.4296875
113019.0
112298.21875
112720.671875
211.22567749023438
113381.2421875
112316.84375
112331.015625
1113.85986328125
794.1511840820312
112245.609375
113484.9375
112196.390625
111652.265625
111863.09375
112096.671875
112827.90625
390.47100830078125
111963.7890625
112049.1796875
111841.2578125
112419.0703125
111471.171875
112644.6953125
112511.7578125
284.3149108886719
111654.78125
111971.2578125
493.6407165527344
513.591064453125
112725.21875
281.7102966308594
815.1044311523438
111991.7890625
246.247802734375
111836.1953125
840.665283203125
112397.8515625
111791.984375
112269.9609375
112524.7109375
112360.0703125
239.09426879882812
112640.484375
111939.4140625
1608.4796142578125
111750.3046875
112306.40625
111559.6484375
112689.2109375
316.21771240234375
112529.28125
111902.109375
754.7037963867188
112033.0390625
111914.0390625
1034.989501953125
112290.234375
112211.0
112483.515625
111461.4609375
112152.0234375
111975.890625
111485.3203125
111530.9765625
112038.9296875
891.9115600585938
111754.2578125
112806.34375
111772.1484375
111166.3515625
1466.0411376953125
111338.8671875
112667.90625
111887.109375
1323.6058349609375
110841.8515625
315.0924072265625
111733.2578125
566.5150756835938
111302.1484375
111091.0625
522.9428100585938
111421.5703125
111289.890625
112265.0390625
368.7447204589844
111712.609375
111323.34375
1600.47998046875
1459.289306640625
111617.0390625
111480.5234375
110690.515625
110931.1328125
1024.1181640625
111089.1484375
457.4465637207031
333.34613037109375
111853.515625
110534.7421875
111952.328125
111241.109375
111271.125
111463.0
499.75018310546875
111464.15625
364.4947204589844
111811.7578125
111374.609375
111309.875
1204.3074951171875
323.99017333984375
231.17051696777344
111080.4609375
927.6229248046875
111451.953125
110801.828125
111112.390625
111034.5
111938.625
293.2557067871094
328.76507568359375
598.4840698242188
604.5654296875
111934.9765625
111751.3671875
314.4499206542969
111520.9296875
111030.5234375
111893.390625
111635.2890625
662.7985229492188
707.0799560546875
111658.9375
110766.9140625
110121.6328125
382.206298828125
227.09608459472656
299.6734313964844
1159.1905517578125
112066.515625
111510.15625
111185.125
234.45303344726562
111054.3046875
111008.15625
111255.5703125
111137.9765625
110794.8671875
110822.0234375
357.7340393066406
110947.59375
111121.890625
391.6041259765625
309.7295227050781
111523.625
387.8094177246094
109968.78125
842.5616455078125
295.3487854003906
111509.15625
110222.09375
111432.7109375
111417.78125
110977.328125
110511.71875
110952.6328125
340.3649597167969
110469.1484375
111276.7578125
110655.6484375
111025.546875
110872.2109375
110346.28125
110401.015625
110926.515625
110806.0390625
110586.4296875
111352.7109375
110978.453125
802.5383911132812
2353.608642578125
110846.734375
110755.9765625
4725.6630859375
110571.8515625
469.2379150390625
111054.625
110922.1484375
390.65875244140625
385.78985595703125
111082.734375
110333.2109375
110551.875
110627.109375
110167.6328125
110684.0625
2964.46728515625
110531.609375
110191.59375
382.4185485839844
110702.328125
110113.5703125
110579.234375
1048.9620361328125
655.6012573242188
109723.234375
534.7813720703125
110623.0859375
110290.0703125
109199.1484375
110247.3203125
109959.9765625
504.7816162109375
1522.222412109375
110485.09375
1149.1400146484375
110358.09375
110290.0625
973.34716796875
109988.9296875
1340.6024169921875
109970.21875
273.89349365234375
110056.15625
110743.40625
293.4607849121094
110436.328125
109926.453125
907.2260131835938
109825.59375
111142.3515625
1114.668212890625
110850.109375
109930.875
110251.2421875
110303.0234375
110385.0703125
110095.6484375
1347.859619140625
110323.1953125
109806.9375
110598.0390625
1016.9595947265625
1186.43310546875
110230.609375
561.9172973632812
611.3955688476562
109830.2890625
109411.609375
594.5098266601562
110275.7890625
110077.875
612.12939453125
109255.5390625
109596.2890625
109531.6796875
110044.2109375
109439.3671875
110214.015625
110335.3515625
649.29638671875
109568.3046875
2412.236328125
109657.5625
765.7958984375
110213.671875
109949.5859375
109220.5234375
110644.0703125
108901.125
653.6362915039062
109788.4609375
109556.84375
109903.390625
480.8775329589844
109824.8515625
676.8214721679688
1654.8543701171875
109720.0703125
109769.71875
108503.0
109108.515625
109446.4609375
647.0399780273438
109890.1484375
109773.171875
109255.65625
410.9853210449219
109474.0390625
108776.7109375
109602.78125
374.54339599609375
516.6328125
109421.734375
109386.7578125
109556.1796875
448.94622802734375
109291.09375
108916.625
109677.8046875
109298.0625
109482.375
1301.70849609375
2871.5439453125
109100.0859375
846.21923828125
108946.1953125
109413.515625
469.6368713378906
1673.36083984375
744.0452880859375
110016.6796875
109860.65625
935.7927856445312
108773.734375
644.3265991210938
109406.9296875
109122.453125
109445.90625
108868.234375
108688.0859375
556.6490478515625
2252.10595703125
108398.3046875
108839.8515625
109462.484375
391.9967041015625
110323.7421875
109013.828125
770.9566650390625
109247.5703125
109148.0
108858.5
108903.7578125
109097.828125
1224.75390625
109338.7578125
1881.4439697265625
621.190673828125
108936.28125
109832.7578125
109371.4609375
1948.4793701171875
108625.4765625
108471.7578125
109044.0703125
109101.0
108208.15625
108910.484375
108427.4375
109106.1796875
108931.109375
1247.245849609375
109176.890625
109037.8515625
2285.405517578125
108368.3203125
108821.734375
108135.4609375
109207.453125
108914.78125
109635.4375
109399.7109375
108713.3515625
450.3909606933594
108371.6484375
108498.3671875
107928.984375
108735.3203125
108502.3203125
470.40753173828125
108644.78125
108755.671875
452.1368103027344
798.8718872070312
1681.9931640625
108771.015625
108471.59375
108563.7578125
109090.046875
356.8336486816406
616.3318481445312
108275.1484375
108389.7578125
1190.2218017578125
2252.20556640625
108734.375
108223.5234375
108529.09375
108443.3671875
108335.34375
108309.4375
1435.540771484375
108883.890625
108301.8515625
108322.9375
1256.261962890625
108755.5703125
108512.7109375
109042.1484375
108753.484375
359.2843322753906
108877.8046875
108931.59375
410.6885070800781
108523.0625
107780.09375
2677.16796875
981.8226928710938
108593.1328125
107859.0234375
107947.0390625
108362.7578125
108158.8203125
108679.7109375
107915.546875
108647.5
108053.953125
107966.7578125
1884.3953857421875
1247.127197265625
108102.125
108039.6484375
107553.2578125
108483.515625
107821.15625
108138.2890625
108949.5234375
406.9717102050781
107665.453125
107792.1796875
107945.5703125
108362.375
108494.40625
107894.6484375
108107.671875
383.2071838378906
107938.984375
1363.64990234375
108011.0859375
107567.890625
107313.84375
107439.84375
107812.1953125
107580.0859375
591.3218383789062
107439.5859375
108251.3203125
107874.3046875
108254.4375
107500.59375
108083.09375
107319.171875
1334.0120849609375
108054.9609375
535.86572265625
107511.2109375
107324.84375
107116.9765625
107653.6953125
432.4786682128906
108106.4140625
520.2208251953125
107496.046875
107661.34375
1345.9190673828125
107242.4609375
107195.515625
107371.2109375
107793.046875
107353.9609375
1733.7724609375
107220.0
107694.046875
107285.1796875
107756.2890625
714.33203125
1022.5914916992188
625.5493774414062
1014.8997802734375
107152.328125
424.8275146484375
107285.5390625
617.1107788085938
107331.9765625
107148.15625
107390.1484375
107183.65625
107265.9375
107304.84375
107240.15625
106415.4140625
331.33966064453125
107610.2578125
107279.4609375
106418.2421875
1906.048828125
107112.0390625
107050.0
107670.484375
107461.7421875
106143.234375
107807.734375
612.8308715820312
107025.453125
107730.78125
1028.2352294921875
2557.668701171875
107166.109375
500.1495361328125
1510.3353271484375
1324.0059814453125
2185.4521484375
107211.21875
107091.6484375
1257.8358154296875
107146.484375
106950.28125
589.8995971679688
107785.609375
107801.5
1752.9847412109375
1480.7366943359375
107647.4609375
683.54345703125
1111.9737548828125
890.5193481445312
835.1956787109375
559.6570434570312
106941.875
106999.28125
107460.046875
107686.984375
107922.2109375
107398.6328125
107031.65625
107229.4296875
107897.0703125
107003.171875
107752.484375
107505.6796875
1590.9642333984375
107294.046875
107202.109375
107770.6796875
7334.5322265625
1423.7103271484375
106584.6953125
107091.734375
107025.015625
106849.2890625
107412.3515625
107122.875
107193.3515625
106602.546875
793.9217529296875
107119.6953125
106358.4765625
106789.5625
3821.544677734375
952.3408203125
980.0098266601562
106827.984375
106569.5625
106402.2109375
105925.9140625
975.5458374023438
857.9402465820312
106867.875
1497.7449951171875
3524.830078125
1748.396484375
105889.8671875
106385.125
106940.4296875
950.2562866210938
2528.9404296875
394.04779052734375
106055.5234375
106112.5234375
106210.7578125
105620.5
106977.34375
2187.1123046875
106558.6953125
2652.05322265625
106484.171875
106455.2109375
714.9489135742188
106694.0625
107230.0390625
105654.59375
106558.6328125
106130.28125
105970.6328125
106233.1796875
106503.9609375
106794.9140625
106028.5625
903.2830810546875
429.5011291503906
106432.1484375
107432.4765625
440.34588623046875
106453.4296875
106209.015625
106166.4140625
106378.71875
106113.2578125
106327.890625
106702.40625
106177.0625
106372.9296875
105715.5234375
106013.5625
105892.71875
2998.46875
106578.5859375
106155.046875
656.4150390625
1001.6447143554688
105880.65625
1359.6162109375
105697.7109375
106476.6953125
106703.265625
106546.046875
105717.8203125
914.563232421875
106062.2421875
106020.6953125
105998.78125
105936.2109375
106034.0390625
485.54345703125
1173.3621826171875
106048.1953125
1097.14208984375
105497.765625
649.1466064453125
105772.8046875
105817.9765625
105533.0234375
2301.03515625
105306.78125
504.81011962890625
105917.2421875
105827.1953125
105708.90625
105564.546875
106155.4609375
106620.1328125
106146.6484375
105795.046875
601.9212036132812
105262.515625
105712.046875
105265.09375
1500.2979736328125
811.313720703125
677.4788208007812
105771.265625
105631.0234375
105741.5625
833.0200805664062
105643.7890625
106413.8515625
105430.390625
1826.2957763671875
958.70751953125
105015.5
467.818603515625
105462.2578125
105682.90625
631.4386596679688
463.93597412109375
435.1452331542969
105936.7578125
105223.9140625
105635.046875
105878.5703125
105186.734375
372.5845642089844
105467.09375
3293.810302734375
782.1947631835938
106498.3515625
105445.9375
106023.6328125
105602.2109375
1015.579345703125
104977.3046875
1125.72998046875
105104.4375
105256.15625
104971.390625
106112.171875
508.1822204589844
2344.094970703125
105715.2421875
105980.765625
105090.1953125
104920.8046875
105925.9140625
105992.8046875
105645.4765625
1565.65576171875
489.55255126953125
104978.546875
104814.890625
105374.3203125
775.9906616210938
104778.5
105038.34375
105153.90625
104819.5625
105614.4140625
105282.9296875
104757.6484375
559.8944091796875
104867.7890625
105504.0625
105038.234375
105855.9765625
516.5415649414062
521.777099609375
105649.8671875
105410.609375
105067.0390625
105623.2890625
105097.0859375
105014.28125
1152.7410888671875
104922.40625
1568.2650146484375
105085.609375
104813.875
2501.45263671875
105027.390625
105483.0
2380.11279296875
105231.609375
105162.3046875
105127.4296875
105342.2421875
105173.65625
104596.0625
537.9172973632812
1942.9681396484375
104502.9296875
104496.9609375
104470.7578125
1808.4833984375
2535.354248046875
1399.98046875
502.671875
634.0498046875
2962.481689453125
105436.4375
1325.9229736328125
104874.234375
104915.5703125
541.5675048828125
2535.195556640625
105174.625
104987.0234375
399.02435302734375
104871.8203125
428.474365234375
104594.84375
105400.6796875
105179.09375
105730.046875
105052.875
105245.5
474.22222900390625
105259.734375
105651.484375
1399.2183837890625
958.3262329101562
104896.78125
105295.734375
1782.6356201171875
104657.984375
104528.6953125
105173.3515625
105209.984375
105370.9140625
104723.90625
105163.3671875
544.1207885742188
469.17169189453125
629.2321166992188
104968.78125
104588.8671875
104324.78125
482.4284362792969
104876.4140625
104187.6953125
3075.554931640625
104589.6953125
442.9285583496094
104580.171875
104041.7421875
104202.78125
1219.7789306640625
104544.0234375
104442.3671875
1122.156982421875
1526.2640380859375
104068.0703125
2689.7705078125
1578.269775390625
1104.1544189453125
104303.8203125
104254.4609375
373.1583557128906
104867.765625
104550.7578125
373.379638671875
478.43450927734375
103861.4609375
104089.8046875
1670.2867431640625
442.5705871582031
103733.2890625
104100.9375
104583.6796875
482.67816162109375
399.6883544921875
435.9153137207031
826.0886840820312
104335.953125
105386.0859375
104791.40625
1378.660400390625
105428.2890625
103715.9609375
105238.3671875
105454.7109375
104721.7578125
104896.8046875
658.4490966796875
104192.234375
1376.31396484375
104865.4609375
104876.21875
103898.59375
104429.4609375
104640.0703125
105059.4609375
103944.390625
1223.30224609375
2892.13232421875
103828.0625
104752.9609375
103624.4375
103572.5703125
104839.5703125
104243.7421875
104117.734375
351.10089111328125
930.3646240234375
104117.875
1104.18017578125
1914.965087890625
1271.02490234375
3298.247314453125
104227.546875
104153.953125
1072.474853515625
104180.828125
104086.9375
104682.78125
104577.0234375
103291.9375
706.4742431640625
2368.865478515625
2891.806396484375
1339.894287109375
2464.8486328125
104398.0
2374.027099609375
104156.40625
509.6390380859375
104208.8671875
103976.0859375
104301.6484375
104875.2578125
1326.3187255859375
103270.3671875
104307.3671875
103399.2109375
860.9722900390625
104101.65625
103259.8046875
103748.453125
104572.625
1596.1490478515625
3454.2314453125
103861.625
103551.375
1430.272216796875
103863.34375
103906.828125
633.5579223632812
104135.71875
103760.265625
103387.6484375
103480.40625
103701.09375
3137.936279296875
103634.7578125
103986.9296875
103359.59375
409.73480224609375
875.1513671875
103726.984375
1064.91650390625
103301.0
104111.765625
103574.84375
103619.2890625
103120.5234375
2020.2894287109375
102985.875
103245.7578125
103842.125
2326.24853515625
103270.7890625
103506.109375
103557.28125
103083.671875
103458.484375
102801.65625
102879.9140625
663.703369140625
103036.1953125
103330.9375
925.7049560546875
103227.71875
102845.1953125
103457.8671875
102584.6328125
103429.71875
103334.5
102645.8515625
102971.6953125
103951.984375
103618.015625
103206.7109375
3445.122314453125
1599.2017822265625
102950.765625
103157.9296875
103029.015625
103257.828125
102996.4140625
678.4321899414062
1074.381591796875
1389.2884521484375
102880.84375
4273.48291015625
102792.046875
102998.234375
102795.3515625
2159.39404296875
101922.390625
102751.0
103609.59375
103050.515625
102283.59375
103028.6953125
102774.953125
103072.328125
102562.21875
103360.09375
700.9179077148438
543.2754516601562
103657.484375
103170.5859375
102763.1328125
103226.4140625
102828.9296875
102602.3671875
103431.2109375
102803.15625
471.6654357910156
102858.1953125
102780.2421875
102425.09375
103019.8203125
102670.09375
102435.09375
102618.5390625
102863.5390625
103197.09375
102976.484375
621.2778930664062
103009.1328125
1804.965087890625
102802.875
102797.2578125
102939.6484375
3524.28125
1466.8839111328125
1879.8856201171875
735.0948486328125
102211.6484375
102844.4140625
102634.7109375
102181.9140625
1105.5333251953125
824.0892944335938
101966.484375
102455.5625
1114.19287109375
102876.890625
102453.6484375
102446.328125
1112.0848388671875
102578.3515625
3841.98046875
102829.328125
102314.390625
718.0122680664062
102152.6328125
102765.7421875
102595.046875
102085.9140625
101936.5625
102241.015625
957.8110961914062
102866.125
101997.7578125
102348.0859375
102694.5390625
101651.4453125
102628.9609375
102117.0078125
102552.328125
101599.984375
874.8838500976562
102337.109375
3077.71826171875
102022.2421875
101756.375
101588.359375
574.8362426757812
101817.71875
102053.84375
805.0458984375
102093.9453125
2099.08056640625
102580.5859375
2195.70068359375
102294.375
102190.9609375
102309.3203125
1791.8543701171875
1706.242431640625
102081.5390625
