6402.55020960034
7028.610327856919
6838.921896451551
8010.012141272465
6949.092199228562
9510.05020960034
6123.5929264747965
8872.55020960034
6906.05020960034
7566.55020960034
8325.55020960034
8033.05020960034
7302.128573484219
8006.941826761861
7305.335057565703
6647.524135560835
7872.05020960034
8536.110327856919
6820.610327856919
6343.55020960034
6924.427803420128
7534.05020960034
7626.6122704711515
7241.610327856919
8082.472635808511
8142.628573484219
8363.640036900111
7570.55020960034
6612.024135560835
6823.0945242765465
7446.1122704711515
7891.05020960034
7657.55020960034
6477.4599701801235
6849.560457701026
6841.170283487474
7076.05020960034
9869.05020960034
7943.05020960034
8019.524135560835
8128.55020960034
7911.736591996291
6247.597951811941
6879.181529535499
6851.55020960034
6539.917743710264
7296.55020960034
7129.55020960034
8101.05020960034
7375.858041167978
7385.05020960034
7045.421173169825
7194.143184942638
7248.55020960034
7639.918437983831
7612.55020960034
7284.859223220262
8880.128573484219
7624.736591996291
7238.706689504815
6942.05020960034
7171.656135232058
7571.359223220262
7681.55020960034
7472.628573484219
7539.05020960034
6844.55020960034
7186.524135560835
7149.533125181822
8092.628573484219
7954.55020960034
7557.110327856919
6742.058527356989
8201.05020960034
8404.327361074098
7906.706689504815
8371.05020960034
7484.55020960034
7978.736591996291
6858.05020960034
7751.128573484219
7542.110327856919
6695.524135560835
7860.55020960034
7482.55020960034
6668.05020960034
6725.628573484219
6469.066720299482
6619.05020960034
6580.427803420128
7667.05020960034
6955.856972531131
7014.884092911414
7986.05020960034
8309.110327856919
6487.009863490176
7498.05020960034
7487.05020960034
7787.128573484219
7732.05020960034
6653.05020960034
7589.05020960034
7558.507866126325
7198.095291782843
7205.113571014108
8557.05020960034
7505.55020960034
7618.736591996291
6900.2580392360815
8645.55020960034
7557.05020960034
7010.195351508366
6690.05020960034
6143.359223220262
7237.55020960034
7663.736591996291
6438.05020960034
7398.197706671868
6796.353281862179
7299.699027266057
7569.229242446332
7498.60606699937
7913.110327856919
7115.628573484219
8108.0417515350255
6744.754346053104
6664.610327856919
8933.05020960034
7315.628573484219
7372.418437983831
7273.128573484219
5886.110327856919
8008.55020960034
8533.05020960034
7948.7270456763845
7402.05020960034
8510.55020960034
6715.736989967084
7606.628573484219
6701.05020960034
6781.063319932777
7906.610327856919
6684.063319932777
7257.05020960034
6751.156135232058
7273.05020960034
7347.55020960034
7516.110327856919
7963.05020960034
7312.938823409496
6962.128573484219
7583.610327856919
7730.670283487474
6937.05020960034
6962.236591996291
7088.19186418386
7732.55020960034
7142.236591996291
7970.110327856919
8004.55020960034
8579.55020960034
7555.55020960034
7216.05020960034
7384.05020960034
6111.05020960034
7595.05020960034
7315.05020960034
6989.55020960034
7418.190992214093
7368.55020960034
6640.55020960034
7395.628573484219
8185.55020960034
7823.024135560835
7654.2862884529395
6554.612274047012
6566.786837742958
7729.55020960034
6408.860339594606
6832.61696703543
6682.199027266057
7497.156135232058
6228.827458994836
8102.941826761861
7024.128573484219
8024.706689504815
7073.706689504815
6913.918437983831
6838.05020960034
7720.55020960034
7034.110327856919
7181.1122704711515
7732.918437983831
7670.206689504815
6682.821010981331
7006.389929975503
8677.736591996296
6740.918437983831
7131.05020960034
7121.185878117
7065.112274047012
6547.524135560835
6316.252068828357
6326.359223220262
7809.05020960034
6446.0122937884125
7918.05020960034
7013.706689504815
7853.706689504815
7109.46874196484
7132.120100580973
6978.626749476924
6406.921173169825
8250.55020960034
7809.05020960034
8193.41843798383
7036.55020960034
7728.05020960034
6813.595973455348
7191.628573484219
6868.197706671868
8206.55020960034
7737.05020960034
8096.628573484219
7820.55020960034
7277.05020960034
6639.264121937972
6858.55020960034
6839.05020960034
7779.05020960034
7390.628877761469
8178.05020960034
7535.628573484219
7000.128573484219
7313.571669068215
6968.421173169825
7515.55020960034
8391.610327856919
7103.110327856919
7894.441826761861
7246.5041539648755
7549.628573484219
7233.05020960034
7076.05020960034
7189.128573484219
6804.166969549902
7741.418437983831
7621.05020960034
6961.55020960034
7701.860962626622
7929.628573484219
7144.460077299816
9512.55020960034
7139.706689504815
8330.05020960034
6522.736591996291
7452.05020960034
7118.55020960034
7587.55020960034
7633.05020960034
7646.128573484219
8438.55020960034
6944.05020960034
7723.128573484219
6767.736591996291
7815.55020960034
7523.736591996291
8183.05020960034
7957.55020960034
7671.194804703576
9123.128573484219
6856.3720481160335
7439.206689504815
7700.7862884529395
7429.644362732182
8713.110327856919
7084.800327408853
6704.670283487474
7245.55020960034
6774.7862884529395
7265.646582124648
6630.55020960034
5767.338490727876
6749.159073972313
6674.764121937972
8370.55020960034
7881.628573484219
6964.128573484219
7377.05020960034
8821.55020960034
6817.128573484219
7491.628573484219
7709.128573484219
8905.128573484219
7189.55020960034
7592.628573484219
6677.024135560835
7227.206689504815
7630.55020960034
7368.128573484219
7197.697706671868
6693.55020960034
7269.110327856919
7864.05020960034
7120.628573484219
7556.110327856919
7043.55020960034
6897.55020960034
8064.05020960034
8177.441826761861
6519.941826761861
7249.128573484219
8426.05020960034
7126.05020960034
6578.628573484219
7583.55020960034
6551.327458994837
7255.706689504815
7076.55020960034
7178.628573484219
6863.524135560835
6253.55020960034
6433.736932139249
7401.943052578868
8084.96684283132
7679.441826761861
7938.55020960034
6739.736591996291
7042.05020960034
6869.05020960034
7173.610327856919
6350.38679036861
8185.441826761861
7080.736591996291
7750.05020960034
7582.05020960034
6998.128573484219
8776.128573484219
7615.55020960034
6948.825638524897
7780.55020960034
7160.736591996291
6593.685340640611
6946.191973552743
7272.55020960034
7412.110327856919
7297.860339594606
6042.012141272465
7393.524135560835
7125.441826761861
7139.024135560835
7318.110327856919
8814.360962626622
7660.128573484219
7310.702990945169
7268.128573484219
6666.55020960034
6536.524135560835
6247.8720481160335
6989.128573484219
6946.024135560835
7611.05020960034
7701.334341399077
6844.05020960034
8660.83936329778
6856.128573484219
8078.05020960034
6863.05020960034
6509.05020960034
6877.128573484219
7316.05020960034
6917.117569871403
6870.55020960034
6480.05020960034
7220.958671714158
6554.859223220262
7083.441826761861
6407.05020960034
9052.55020960034
7194.110327856919
7014.55020960034
7243.121329885542
6934.05020960034
6771.05020960034
7661.55020960034
7611.736591996291
6916.05020960034
6907.05020960034
8627.38551928672
6550.170283487474
7412.55020960034
6939.55020960034
7708.55020960034
6666.027333638086
6185.123686437599
7138.05020960034
8741.55020960034
7126.184458945193
7568.612274047012
8795.05020960034
8216.921173169825
7458.755703026824
7113.140036900112
8651.55020960034
8015.7993686267555
7080.55020960034
8876.941826761864
7600.110327856919
6746.524135560835
8761.55020960034
6786.918437983831
7430.418437983831
7441.128573484219
7415.05020960034
7625.071669068215
6848.128573484219
6757.024135560835
6867.524135560835
6314.128573484219
7434.670283487474
7708.978956384506
6800.7862884529395
6970.164274878807
7734.418437983831
6391.404551163584
8048.05020960034
7827.55020960034
7234.121673154041
8200.043753505728
6256.79359118232
7831.05020960034
7354.128573484219
6925.628573484219
7639.55020960034
6390.55020960034
7692.55020960034
7472.55020960034
7358.55020960034
6525.524135560835
7957.55020960034
7125.05020960034
6657.832993182439
6956.55020960034
7151.611177563463
7058.696795921894
6767.113571055328
6478.128573484219
7373.05020960034
6916.55020960034
7271.110327856919
7556.128573484219
7711.05020960034
7782.05020960034
6959.55020960034
7683.05020960034
6894.026453531639
6673.024135560835
8241.670283487474
7196.859223220262
7305.061849870953
9195.55020960034
7352.941826761861
7587.128573484219
8513.05020960034
7234.05020960034
6532.133644424478
7303.55020960034
7102.919726999591
7628.55020960034
7127.524135560835
6381.695351508366
7442.55020960034
6740.340235134277
6769.524135560835
6438.55020960034
6506.1619597840045
7155.05020960034
7949.206689504815
7195.128573484219
6764.243176123445
6974.024135560835
7279.05020960034
8812.128573484219
7654.628573484219
6864.55020960034
6988.024135560835
7031.628573484219
6718.921173169825
6854.024135560835
8869.704688405403
5943.706689504815
7423.128573484219
7092.421173169825
6541.986317457542
7345.736591996291
7252.628573484219
9344.55020960034
7245.921173169825
8516.55020960034
7073.05020960034
7605.418437983831
6535.05020960034
8388.628573484219
6789.628573484219
6732.05020960034
7447.55020960034
7792.697706671868
6937.860339594606
7666.55020960034
7503.05020960034
7257.441826761861
6005.05020960034
6769.628573484219
7842.02111660292
7244.206689504815
6757.860339594606
7663.736989967084
7470.55020960034
7746.562064967644
7243.024135560835
6693.05020960034
7035.55020960034
7960.05020960034
6965.55020960034
5893.628573484219
6818.05020960034
7754.628573484219
6623.093704949804
7780.7270456763845
7208.335948645005
8016.55020960034
7563.55020960034
6300.05020960034
7544.55020960034
7576.55020960034
6700.285604686976
7489.55020960034
7189.128573484219
7753.441826761861
7313.55020960034
7702.55020960034
7276.05020960034
7561.441826761861
8483.236591996296
6997.024135560835
7589.55020960034
6696.628573484219
6219.140033875782
6844.128573484219
7938.55020960034
7646.05020960034
6613.311774155491
6854.812283862818
7645.140036900112
6845.628573484219
6566.128573484219
6467.519304735444
7282.05020960034
7424.55020960034
6623.110327856919
7058.736989967084
7006.206689504815
6833.05020960034
7780.55020960034
7188.610327856919
6093.866436354033
7905.941826761861
8209.55020960034
8017.55020960034
8425.55020960034
5963.628573484219
7198.110327856919
6924.441826761861
7193.110327856919
6703.865176543145
8007.89567027072
7083.628573484219
7467.55020960034
6902.045996533994
6930.40455116355
7276.05020960034
6269.164651585164
7863.55020960034
7294.05020960034
6956.334341399077
7177.359223220262
7979.441826761861
6899.628573484219
8118.55020960034
6830.666969549839
6894.55020960034
7500.8720481160335
7020.128573484219
8084.55020960034
8015.110327856919
7506.335948645005
8478.55020960034
7301.05020960034
6515.110327856919
9060.05020960034
6838.55020960034
6734.906902253202
7021.764121937972
7939.736591996291
6303.3720481160335
6714.197347985628
7553.128573484219
6921.55020960034
8004.941826761861
7019.9502881218295
7576.418437983831
7235.610327856919
7403.836060072844
7257.628573484219
7092.3720481160335
6715.097951813272
7942.55020960034
7285.05020960034
7191.128573484219
7121.635092017585
7760.206689504815
7009.200512723866
7462.05020960034
7668.55020960034
7064.05020960034
6817.425070275662
6884.181888361353
6477.014501796066
7834.55020960034
8138.05020960034
7461.441826761861
7822.670283487474
7376.801170674392
8510.128573484219
7052.628573484219
8195.05020960034
7159.81591508642
7112.128573484219
7166.55020960034
6690.610327856919
7147.53725388476
8291.55020960034
5973.55020960034
7366.418437983831
7910.05020960034
7294.05020960034
8221.670351890087
7560.05020960034
6948.138764760748
8805.128573484219
7598.55020960034
6855.05020960034
7979.55020960034
6987.05020960034
7492.55020960034
7213.110327856919
7161.628573484219
8045.128573484219
7020.706689504815
6554.75062868765
6990.05020960034
7668.55020960034
6781.093693888883
7081.206689504815
6620.360339594606
7911.128573484219
6991.184458945193
6914.5540637203885
7146.05020960034
7539.670283487474
6985.301676197726
7685.706689504815
6636.55020960034
7010.128573484219
6796.55020960034
6548.236932136482
6784.05020960034
6956.236989967084
7460.918437983831
7595.628573484219
7528.96874196484
8090.55020960034
7349.55020960034
7343.55020960034
6844.586505102542
7702.55020960034
6785.441826761861
7788.128573484219
7932.55020960034
6921.05020960034
8324.920469982108
6535.05020960034
6899.8720481160335
7248.189037929033
7668.05020960034
7210.55020960034
7170.05020960034
6794.538195988098
8576.206689504816
6615.05020960034
7867.128573484219
6893.128573484219
8145.236591996291
6787.6122704711515
7556.05020960034
6344.628573484219
6715.128573484219
6517.425155478526
7080.55020960034
6954.55020960034
6897.610327856919
6851.167459684749
7074.55020960034
6686.05020960034
6527.941826761861
7424.55020960034
7315.5417515350255
6569.128573484219
7589.55020960034
6660.05020960034
7106.921173169825
7646.610327856919
7950.628573484219
7609.05020960034
7176.05020960034
6612.524135560835
7622.441826761861
7422.702990945169
8026.418437983831
8089.55020960034
6964.05020960034
8802.55020960034
6675.165293050099
6654.3159151398
7229.129023304061
7805.110327856919
6564.2485460682055
7468.441826761861
7038.628573484219
7166.736591996291
7419.524135560835
6680.610327856919
6327.568179229143
5999.170283487474
6545.170283487474
6213.524135560835
7484.110327856919
7567.05020960034
6116.960657094053
6591.55020960034
7148.206689504815
6837.706689504815
6431.55020960034
8059.55020960034
7004.05020960034
6493.859067178675
8030.706689504815
7599.736591996291
8486.05020960034
7488.05020960034
6697.05020960034
7298.236591996291
7573.05020960034
7543.55020960034
6632.524135560835
6795.05020960034
7292.128573484219
6778.05020960034
6533.55020960034
7784.140319556319
7238.552884137439
6971.133645826163
7846.55020960034
7245.628573484219
6407.347270280923
7191.128573484219
7249.8233237212135
7051.128573484219
6790.524135560835
7400.55020960034
7787.128573484219
6500.110327856919
7765.3720481160335
7191.55020960034
8012.05020960034
7358.112274047012
7091.524135560835
7039.55020960034
7369.867655715833
8704.41843798383
6998.05020960034
7555.074164196548
6479.628573484219
9219.670283487472
6640.764121937972
6836.05020960034
7332.692035106131
7023.628573484219
6511.137791980068
8243.05020960034
7032.55020960034
7352.188193898304
7429.610327856919
7424.206689504815
6679.597963068055
7337.05020960034
7561.441826761861
7108.736591996291
7423.55020960034
6599.507866126325
7106.05020960034
7546.941826761861
6616.05020960034
8258.421173169825
7773.05020960034
7522.05020960034
6413.55020960034
6385.575188312742
7681.827324117826
7968.55020960034
6327.524135560835
8953.628573484219
7604.206689504815
6561.628573484219
7142.990070988914
8139.55020960034
6997.110327856919
6870.05020960034
6576.538195988098
7324.05020960034
7298.55020960034
6862.55020960034
6765.706689504815
6890.05020960034
7389.45676168222
6885.024926148657
6936.128573484219
7998.736591996291
7285.921173169825
7352.05020960034
8218.586505102543
6500.814394418029
7703.05020960034
6887.55020960034
7171.05020960034
6564.05020960034
6547.36140089827
7373.55020960034
7837.360339594606
6824.128573484219
7682.421896451551
8076.628573484219
6272.301676197726
7719.628573484219
7910.55020960034
7038.55020960034
8034.05020960034
7172.236591996291
7114.1619597840045
6944.55020960034
6750.128573484219
7207.628573484219
7424.55020960034
7868.05020960034
7051.110327856919
7470.05020960034
7617.322739165804
7507.206689504815
6569.813941119473
7675.55020960034
6448.05020960034
7219.524135560835
7246.05020960034
6863.6060846444425
6845.128573484219
7995.681259125024
8231.96874196484
8045.05020960034
7067.610327856919
7189.55020960034
7060.55020960034
6441.024135560835
6427.186720993346
7237.620372190756
9547.55020960034
6406.815915086341
6769.133154844959
6959.128573484219
7868.418437983831
6696.628573484219
7450.38551928672
7192.229166790041
5761.110327856919
6956.159080206159
7125.628573484219
8294.292523040056
6909.05020960034
7445.55020960034
6844.736591996291
7342.441826761861
8107.55020960034
7687.55020960034
7192.05020960034
6535.55020960034
6372.2250375356
6160.704973585178
7220.05020960034
7210.05020960034
7238.55020960034
6917.55020960034
6956.05020960034
7317.05020960034
6718.110327856919
6647.05020960034
6955.05020960034
8346.128573484219
6962.05020960034
7521.3216186624395
7621.05020960034
7527.55020960034
5142.524135560835
7082.55020960034
7605.206689504815
7661.05020960034
8664.941826761864
8538.05020960034
7592.118589956478
8186.837945631928
6427.630394532472
6918.55020960034
6971.236989967084
7799.55020960034
7455.05020960034
8258.55020960034
6379.236591996291
7721.55020960034
6638.022622477171
7483.860339594606
7372.128573484219
7501.628573484219
7805.55020960034
8389.05020960034
7023.05020960034
7390.55020960034
8471.05020960034
7094.05020960034
6777.628573484219
6915.195351508366
7426.128573484219
8007.55020960034
7118.55020960034
7974.55020960034
6886.236591996291
7625.110327856919
7336.55020960034
6505.628573484219
6946.8720481160335
6763.7862884529395
6678.628573484219
6200.05020960034
7284.55020960034
7604.206689504815
7198.55020960034
7293.55020960034
6886.236591996291
7128.05020960034
6971.55020960034
6624.128573484219
7405.628573484219
8069.110327856919
7855.05020960034
7217.418437983831
7682.628573484219
6695.524135560835
8126.941826761861
7509.55020960034
6862.110327856919
7969.05020960034
8036.55020960034
6802.05020960034
7766.05020960034
6874.524135560835
7172.52269022988
6982.918437983831
7689.736989967084
6907.524135560835
7004.05020960034
7571.441826761861
7248.812283862818
7038.471827560629
6659.835948645005
6916.3378599157595
7420.6619597840045
7205.110327856919
8366.236591996296
6025.170283487474
7128.55020960034
6396.05020960034
6823.92392421426
7289.921173169825
6633.941826761861
6551.404551074148
7335.050956497831
8313.55020960034
6787.05020960034
6694.11415028403
7312.55020960034
6262.55020960034
8169.128573484219
8742.55020960034
6749.236989967084
7590.634743717602
6323.919762154874
6979.55020960034
7354.170283487474
8353.628573484219
8071.441826761861
6944.631435537364
6995.55020960034
6641.892131553252
7611.55020960034
7350.05020960034
7635.55020960034
7282.2485460682055
7111.55020960034
8432.05020960034
7359.629023304061
7570.834341399077
8636.55020960034
7803.05020960034
7621.05020960034
7401.941826761861
6927.05020960034
7038.55020960034
6821.941826761861
7043.05020960034
7598.55020960034
6772.55020960034
8280.55020960034
7235.206689504815
7158.55020960034
7539.05020960034
8288.55020960034
7248.05020960034
7201.55020960034
7348.46874196484
7496.128573484219
7770.55020960034
6536.7426303588845
8641.05020960034
6195.628573484219
7243.185878117
7725.05020960034
7776.206689504815
7195.918437983831
7230.024135560835
7688.441826761861
6948.05020960034
7264.706689504815
6899.12179830996
6670.05020960034
7091.264121937972
7247.05020960034
7553.05020960034
7653.55020960034
6878.628573484219
6104.05020960034
8070.55020960034
7386.05020960034
8378.55020960034
7561.628573484219
7065.628573484219
7038.05020960034
6870.05020960034
7348.396249524221
7489.918437983831
6357.628573484219
7790.05020960034
7173.55020960034
6358.05020960034
7936.027831583295
8667.05020960034
7064.05020960034
6560.815915086341
7533.2270456763845
7263.155523868883
7063.086505102542
7409.55020960034
7108.366420816896
7587.206689504815
8440.55020960034
7298.55020960034
7056.128573484219
9641.128573484219
6994.55020960034
6877.24866192534
7648.110327856919
7616.05020960034
7146.863598004554
6981.05020960034
6512.610327856919
7149.670351890086
7044.55020960034
7403.55020960034
6500.05020960034
7373.1060846444425
6203.628573484219
7166.55020960034
6720.827458994836
7331.55020960034
8364.05020960034
6873.745482732853
7102.441826761861
6820.7862884529395
7099.628573484219
7497.628573484219
7702.55020960034
6790.628573484219
6482.612274047012
6422.4119205806155
7136.110327856919
6918.96874196484
7260.128573484219
7564.55020960034
8420.05020960034
7665.418437983831
7240.820458640078
6382.610327856919
7398.110327856919
7204.610327856919
7031.628573484219
7587.170283487474
6929.55020960034
6799.05020960034
7762.670283487474
7234.628573484219
6633.666969638607
6397.834230520129
7362.05020960034
6727.236591996291
7356.941826761861
6739.024135560835
6864.299497364864
7009.628573484219
8018.222092576317
7270.417828733115
7834.834341399077
6660.628877786335
6690.629023304452
7169.418437983831
7822.96874196484
8119.128573484219
6365.553163833521
6886.754267452119
6695.359223220262
6578.110327856919
6874.05020960034
7678.05020960034
6919.05020960034
6417.184612550137
6828.128573484219
7355.1655430247065
7043.737658930382
6577.236591996291
6819.941826761861
8054.05020960034
6887.55020960034
6615.097951811941
7476.628573484219
7352.05020960034
7400.736591996291
7577.670351890086
6161.522622479107
7406.05020960034
7856.55020960034
8132.29034340956
6966.55020960034
7762.55020960034
6620.05020960034
7182.55020960034
8858.55020960034
6372.014508683831
6956.90197219394
6599.05020960034
8204.335948645006
6823.110327856919
6845.55020960034
7694.05020960034
7014.55020960034
6604.55020960034
7259.05020960034
6693.713375089724
6812.568624770777
7440.8720481160335
6539.05020960034
7481.65626947645
6753.524135560835
7545.421173169825
6487.128573484219
7276.566541339329
7114.623686437599
6924.628573484219
6390.129023304452
7840.05020960034
7402.941826761861
7388.628573484219
8259.05020960034
7033.524135560835
7717.024135560835
7159.55020960034
7584.610327856919
7319.05020960034
7203.539702292536
7287.236989967084
7373.05020960034
6307.6620014141445
6167.552081480588
8195.206689504816
7016.524135560835
6766.524135560835
6921.685878117
7408.918437983831
6446.55020960034
6880.55020960034
7882.418437983831
7262.55020960034
7244.55020960034
7263.128573484219
6715.628573484219
6307.790361683664
6968.593704952601
6620.1619597840045
7666.55020960034
7378.327324117826
6639.05020960034
7070.610327856919
7534.05020960034
7165.819168344781
7611.648215113866
6979.128573484219
7416.610327856919
7056.1619597840045
8790.55020960034
7031.110327856919
7016.55020960034
6441.499433594812
7908.421173169825
8663.401972193937
7778.55020960034
7307.55020960034
7238.524135560835
7861.941826761861
8091.55020960034
7523.55020960034
6752.628573484219
7776.628573484219
6688.327458994836
6839.670283487474
6888.415423266604
7123.2371687234845
6561.419762152776
7915.524135560835
8811.05020960034
7205.05020960034
7504.55020960034
7674.562675936881
7549.551110395965
6819.05020960034
7054.610327856919
5127.55020960034
5955.024135560835
7576.736591996291
6462.032720059942
8183.55020960034
6638.5948018026875
7523.05020960034
6522.05020960034
6929.55020960034
6836.55020960034
7438.55020960034
6669.55020960034
7934.921173169825
7084.384092911414
7699.7544865420205
6757.610327856919
7447.05020960034
6579.524135560835
7915.628573484219
7467.459765109444
7578.902354124859
7092.610327856919
7804.55020960034
6923.55020960034
6838.05020960034
7073.628573484219
6217.55020960034
6257.1438961262165
7308.441826761861
6585.55020960034
6793.524135560835
6955.024135560835
6456.628573484219
9260.670283487472
8211.170283487474
7526.55020960034
7560.05020960034
7104.197706671868
6285.112274047012
7359.05020960034
8299.156135232059
7114.236989967084
6282.258846858512
7277.751931012683
6753.024135560835
6937.05020960034
7625.706689504815
6412.930192504781
6712.628573484219
6047.236591996291
6797.524135560835
6825.524135560835
7738.128573484219
6833.628573484219
7558.860962626622
6557.1828169224445
6885.236591996291
6740.1619597840045
7327.934859507363
6846.701633803964
7662.55020960034
6916.610327856919
7915.024135560835
7460.441826761861
6766.524135560835
7932.206689504815
8126.05020960034
7043.55020960034
6849.524135560835
7553.206689504815
6994.55020960034
6638.699027266057
7437.55020960034
6417.55020960034
7098.004737913107
6926.55020960034
7746.441826761861
7616.05020960034
6376.444440945248
6939.075059007889
7755.206689504815
8425.05020960034
6950.55020960034
7190.206689504815
6935.263029781599
6830.024324030341
7063.55020960034
7133.089411087972
7366.55020960034
8281.55020960034
6985.55020960034
7858.860962626622
7193.64160660354
7901.55020960034
6406.05020960034
6671.629023304452
6665.524135560835
7671.55020960034
6379.049242035009
6807.024135560835
6659.05020960034
7786.608213420482
6977.522622479107
6733.55020960034
6622.05020960034
7506.918437983831
6938.55020960034
6707.086505102542
7934.55020960034
7752.820523829259
6954.189930944553
7095.110327856919
6418.427803420128
7244.05020960034
7468.234001488108
7222.156135232058
7846.195351508366
6637.282669952151
6496.130394532472
8027.55020960034
6335.327458994836
7291.001622821675
6240.628573484219
7203.3720481160335
7053.610327856919
8157.05020960034
6504.1619597840045
6238.006015021224
6211.764121937972
8472.05020960034
6854.69482729285
7238.610327856919
6565.736989967084
6866.05020960034
7905.05020960034
8395.921896451551
7791.55020960034
7005.032596716227
7305.05020960034
7819.549577020009
7922.05020960034
6960.55020960034
7161.55020960034
7374.418437983831
6501.05020960034
6136.375135470914
6776.018830797806
8022.628573484219
7383.610327856919
6984.610327856919
7134.156135232058
6737.524135560835
6241.063599516696
8046.55020960034
6823.503178658384
6967.05020960034
6969.55020960034
7208.140036900112
6803.628573484219
7835.05020960034
7054.128573484219
7505.128573484219
7577.55020960034
6788.128573484219
6118.05020960034
6494.046440702552
8198.05020960034
6940.748020037658
7049.55020960034
7114.563117225728
6847.1619597840045
6937.05020960034
7271.55020960034
6512.110327856919
5914.55020960034
6511.024135560835
7684.658100228163
7685.05020960034
6687.963069821427
7383.55020960034
6313.7015748976055
7247.586505102542
6576.628573484219
5203.827458994837
6664.628573484219
6871.05020960034
7244.628573484219
7527.05020960034
7073.170351890086
6652.024135560835
7041.879439573173
8055.110327856919
6556.941826761861
7438.706689504815
6520.55020960034
7273.524135560835
6989.55020960034
6663.024135560835
6984.610327856919
6621.815915139801
7054.55020960034
6510.628573484219
6418.128573484219
6808.55020960034
7410.55020960034
6443.919762152776
7506.55020960034
6732.024135560835
6537.128573484219
6993.05020960034
7985.05020960034
7561.55020960034
7125.55020960034
7313.05020960034
7423.128573484219
6763.156135232058
6729.582319412734
6955.570126452009
7072.05020960034
7933.05020960034
7853.05020960034
7219.628573484219
5950.128573484219
7210.199027266057
7716.2118011357925
6747.05020960034
6808.628573484219
6575.610327856919
7268.3833716526815
7638.55020960034
7480.05020960034
7477.441826761861
6846.8720481160335
7308.05020960034
6569.628573484219
7030.628573484219
6598.820214926191
6062.628573484219
7518.55020960034
7330.55020960034
7245.292236412177
7575.05020960034
7532.941826761861
7061.05020960034
7796.55020960034
7424.55020960034
7144.128573484219
7262.05020960034
8082.55020960034
7805.236591996291
6269.290341151779
8385.941826761864
6916.128573484219
6926.441826761861
7664.55020960034
6763.05020960034
7102.05020960034
6972.610327856919
7259.427796274387
8667.55020960034
6885.070060655356
7185.722355691777
6180.05020960034
6820.251033247527
7678.418437983831
6969.736591996291
7323.025655099246
7287.128573484219
7691.441826761861
7468.421173169825
6320.229006110614
6565.697247458786
6946.441826761861
6779.206689504815
7821.425120489268
7005.206689504815
6532.1619597840045
6820.501622821163
6505.170283487474
6410.610327856919
6835.12237405312
6951.593704952601
7541.05020960034
7579.55020960034
6944.512517216626
6594.418437983831
6735.128573484219
7005.236591996291
7588.55020960034
7602.418437983831
6537.551623351449
8068.55020960034
6807.610327856919
7702.55020960034
7582.05020960034
7205.55020960034
8065.918437983831
7409.024135560835
7318.628573484219
6728.674525283652
7313.941826761861
7701.128573484219
7075.55020960034
6074.38679036861
7105.128573484219
7385.506474921511
6573.55020960034
6748.939160300801
6941.05020960034
7376.55020960034
7770.699027266057
7568.360962626622
7289.05020960034
7725.128573484219
6750.976508416829
7911.05020960034
7895.128573484219
7297.05020960034
8185.128573484219
7283.05020960034
6596.692743357731
7513.610327856919
6998.55020960034
7364.05020960034
7267.05020960034
6061.941826761861
7066.086505102542
6532.05020960034
7364.05020960034
7054.421173169825
6273.55020960034
6350.7862884529395
6811.670283487474
6784.918437983831
6890.4144996127625
6543.218033077927
7504.706689504815
7193.736591996291
5086.110327856919
8902.05020960034
6837.55020960034
6885.206689504815
6785.939033855014
7783.170283487474
7395.05020960034
6570.024135560835
7414.128573484219
6674.097951813272
7461.128573484219
7340.05020960034
6414.05020960034
6912.55020960034
6494.164651586087
6917.732460201894
7834.706689504815
7650.05020960034
7172.145415212944
6727.05020960034
7592.684277890185
5681.939160299891
6447.563319931437
7944.05020960034
7645.061164626228
7035.55020960034
6881.05020960034
7214.128573484219
6230.855283191573
7164.506474921511
7031.128573484219
5907.68186480347
6339.164651586087
7058.817353652005
7678.628573484219
9117.55020960034
6194.55020960034
6391.0354656269965
7270.024135560835
7417.55020960034
7209.55020960034
8578.05020960034
7787.736591996291
7296.55020960034
6918.55020960034
6923.05020960034
6793.05020960034
6476.053277961731
7349.628573484219
6931.110327856919
7694.706689504815
6966.55020960034
7221.682548214973
7402.024135560835
8038.729241856623
7029.05020960034
6445.05020960034
8130.418437983831
7697.706689504815
6686.884092911414
7466.170283487474
7546.128573484219
6818.7862884529395
6793.628573484219
7811.55020960034
6828.524135560835
6175.55020960034
6470.110327856919
7314.087682288965
7696.05020960034
7524.20261603001
6968.236591996291
7685.55020960034
6759.441826761861
7186.628573484219
7014.55020960034
6584.532720059942
7834.55020960034
7662.05020960034
6749.628573484219
6749.05020960034
7034.55020960034
6740.628573484219
7336.05020960034
6477.4119205806155
7110.206689504815
7175.05020960034
7225.236989967084
9416.55020960034
6966.941826761861
7990.421173169825
6128.05020960034
7829.418437983831
7426.029074556869
7145.1958690105275
7071.123426121045
7120.55020960034
6933.55020960034
7533.941826761861
9058.236591996296
6342.093941406996
6851.628573484219
6242.128573484219
6852.024135560835
7106.6122704711515
7322.55020960034
7540.55020960034
6721.462020827276
6843.024135560835
7713.128573484219
6325.524135560835
8347.05020960034
7317.55020960034
6609.05020960034
7058.844940524797
7650.628573484219
7265.185878117
8187.441826761861
6455.801844268241
6750.531519012595
6577.101044571124
7419.628573484219
6551.441826761861
7589.628573484219
6669.313306361941
6500.128573484219
6771.128573484219
6895.55020960034
6230.7862884529395
6916.05020960034
8720.55020960034
6517.697247458786
6713.524135560835
6662.128573484219
6592.55020960034
7179.55020960034
7326.55020960034
7357.128573484219
7084.7485460682055
6308.55020960034
6815.024135560835
6819.55020960034
7160.918437983831
7311.05020960034
6899.7862884529395
7140.421896451551
7795.05020960034
6839.05020960034
6640.03385667541
7251.524135560835
6659.645867497162
7912.7118011357925
6460.441826761861
7079.128573484219
6437.827458994836
7575.885348842028
6348.05020960034
7057.441826761861
6959.55020960034
6497.614024338412
6628.05020960034
8538.55020960034
7261.05020960034
7690.05020960034
6462.128573484219
7139.628573484219
6522.23304864649
6677.011717136682
7120.327324117826
8049.128573484219
6815.128573484219
7272.55020960034
7057.55020960034
7159.996778586649
6853.921173169825
7704.05020960034
7117.05020960034
7130.706689504815
6362.524135560835
8205.706689504816
8167.55020960034
7162.05020960034
7529.55020960034
7333.55020960034
6376.110327856919
7174.1872301177755
7313.628573484219
6726.851372467557
7816.55020960034
6886.926747483052
6457.532907226942
7118.320458640078
7053.05020960034
7324.55020960034
7091.628573484219
6901.628573484219
7625.55020960034
7895.418437983831
7280.05020960034
7455.46874196484
7165.236591996291
5222.6619597840045
7813.05020960034
7015.05020960034
6482.628573484219
7426.55020960034
7802.0407477759945
7024.236591996291
6735.156135232058
7099.110327856919
6329.629023304452
6542.05020960034
6473.05020960034
5643.406220944263
6715.110327856919
6495.128573484219
6782.697302318069
7021.46874196484
7585.941826761861
6776.55020960034
7412.637211925099
6669.55020960034
6888.024135560835
7108.165479989856
6865.128573484219
7136.236591996291
7893.441826761861
7160.697247458786
6932.029463155765
7840.55020960034
7710.004024199922
6522.113571014133
7459.55020960034
6372.55020960034
8040.360339594606
7117.55020960034
7277.128573484219
7984.918437983831
6737.999433590679
7708.55020960034
6654.628573484219
8437.05020960034
6759.971901860753
6832.96874196484
7202.55020960034
6750.308231270842
7170.860339594606
6919.706689504815
7437.610327856919
7026.55020960034
7400.441826761861
6730.610327856919
6574.959793484766
6971.610327856919
6693.05020960034
6742.670283487474
7831.908698220881
5168.05020960034
7524.921173169825
7326.55020960034
7582.05020960034
7329.05020960034
6993.110327856919
6762.55020960034
7352.110327856919
7682.55020960034
6469.00035979965
7656.55020960034
7261.037600532323
7101.05020960034
6932.524135560835
7340.628573484219
6993.05020960034
7478.05020960034
6687.706689504815
6798.236591996291
7426.55020960034
7711.8057594993625
7820.140036900112
6927.170283487474
7087.610327856919
7109.44045497098
7376.024135560835
7256.05020960034
7929.05020960034
6156.441826761861
6746.05020960034
7284.610327856919
6852.05020960034
8103.610327856919
7253.736591996291
6240.128573484219
6800.128573484219
6684.128573484219
8211.05020960034
7587.05020960034
7691.628573484219
7436.55020960034
7522.628573484219
6473.973215100674
7210.706689504815
7423.921173169825
5924.55020960034
6134.05020960034
6979.110327856919
6796.834341399077
6876.55020960034
6590.385348842028
7922.628573484219
8600.628573484219
7798.05020960034
6441.921896451551
6435.628573484219
7961.05020960034
6695.210455600366
7680.7820743963175
7129.610327856919
6776.441826761861
7020.05020960034
8374.736591996296
6073.110327856919
6423.05020960034
6980.05020960034
7061.55020960034
6520.110327856919
6466.192409217691
7107.610327856919
7606.05020960034
6965.110327856919
7231.05020960034
7073.55020960034
7177.610327856919
6816.55020960034
7542.170283487474
6578.05020960034
7172.706689504815
7228.359223220262
7365.05020960034
7883.128573484219
6921.128573484219
7295.05020960034
6906.05020960034
6834.55020960034
6976.55020960034
6680.645789861337
6653.628573484219
7622.941826761861
6935.930294632872
7257.610327856919
6614.610327856919
6253.05020960034
7176.706689504815
7020.628573484219
6274.610327856919
7557.05020960034
6884.128573484219
6743.638751121865
7701.128573484219
7427.05020960034
7033.610327856919
7580.441826761861
7916.206689504815
6790.545423117507
7512.197706671868
6673.610327856919
7924.55020960034
6855.524135560835
6136.628573484219
6451.164651586087
6951.55020960034
6431.128573484219
7499.05020960034
6765.05020960034
7184.496778586649
8426.05020960034
6877.941826761861
7237.55020960034
6492.327458994836
6205.128573484219
7581.05020960034
6311.628573484219
6542.290361683664
7900.918437983831
6473.110327856919
6727.05020960034
7368.860339594606
6592.05020960034
6671.2862884529395
7122.320214926191
6719.629023304452
6387.715008880156
6632.768046262424
6885.315915139898
6411.05020960034
6207.55020960034
7948.706689504815
7289.736591996291
6588.05020960034
6575.610327856919
6989.022622477171
7347.418437983831
7294.206689504815
6953.05020960034
7265.628573484219
8194.546251973276
7074.752305059214
7491.628573484219
7105.197706671868
7401.05020960034
6946.441826761861
7157.05020960034
7761.05020960034
7287.05020960034
6357.05020960034
7057.933481870102
7448.55020960034
6676.524135560835
7236.941826761861
8369.128573484219
8217.05020960034
6797.110327856919
5865.628573484219
7031.706689504815
7254.206689504815
8001.628573484219
7265.128573484219
7703.55020960034
7601.164483697014
6399.628573484219
7018.264121937972
6182.562114792904
6787.918437983831
6532.524324031534
7100.05020960034
7409.55020960034
6737.610327856919
7505.86140089827
6835.512141272465
7118.206689504815
6051.736989967084
8093.05020960034
7507.161744264049
7483.110327856919
7122.908017531639
7970.110327856919
6860.55020960034
6972.05020960034
7160.55020960034
6300.128573484219
6891.05020960034
7572.07049409923
7564.334341399077
7783.128573484219
7784.206689504815
7022.128573484219
6914.55020960034
7492.55020960034
6989.055600648761
6396.55020960034
7163.941826761861
7075.05020960034
7729.55020960034
7379.719349522017
6974.55020960034
6777.706689504815
6753.083800117657
7438.941826761861
7518.699027266057
7549.524135560835
7357.128573484219
5658.05020960034
6484.05020960034
7083.556361463749
7539.55020960034
6267.327458994836
6877.128573484219
6435.206689504815
6573.198079199896
6871.610327856919
7094.513702675269
7629.832104528529
6915.9119205806155
7141.05020960034
7596.128573484219
7461.55020960034
6428.123686437599
7494.55020960034
6925.05020960034
7374.05020960034
7617.524135560835
6991.05020960034
6807.1193879384255
7041.55020960034
6214.55020960034
7292.236989967084
6588.610327856919
6315.129023304061
7445.05020960034
6285.641070830055
6393.55020960034
6588.55020960034
6979.05020960034
7237.05020960034
7264.55020960034
6616.770458524703
6559.628573484219
6145.05020960034
7032.55020960034
7127.05020960034
6296.336060073358
7856.05020960034
7328.55020960034
7156.705225959005
6832.05020960034
7311.05020960034
6501.052081480588
7588.05020960034
7223.128573484219
6542.236989967084
7585.670283487474
7549.55020960034
6958.327361074097
5697.128573484219
7184.05020960034
6246.166394520798
7053.441826761861
6817.55020960034
7321.55020960034
6504.05020960034
6204.610327856919
7496.05020960034
6654.05020960034
6963.538555948541
6804.113571055378
7923.656135232058
7397.052236248231
6709.628573484219
7411.918437983831
6286.024135560835
6315.888172227896
6743.6707365756265
6890.024135560835
7092.524135560835
7423.05020960034
8179.628573484219
6449.05020960034
8039.128573484219
6111.201633804884
6800.55020960034
7912.55020960034
6661.05020960034
7345.364179417938
7066.427803420128
7505.644361312968
7092.55020960034
6885.128573484219
7465.418437983831
6611.077723437759
6607.706978091668
7368.628573484219
7037.110327856919
6884.236591996291
7959.628573484219
6717.610327856919
6703.671971932154
6914.166394348143
6980.628573484219
5124.1619597840045
6656.552081480588
8099.610327856919
7296.55020960034
6920.941826761861
6848.55020960034
7888.628573484219
7350.05020960034
7027.55020960034
7398.05020960034
7392.55020960034
7174.610327856919
6763.206689504815
7396.736591996291
7201.236591996291
6298.05020960034
7719.628573484219
7078.110327856919
6660.77022566639
7070.628573484219
7041.610327856919
7018.05020960034
7047.05020960034
6279.164651585164
7670.628573484219
7141.133645826163
8676.421173169814
6950.706689504815
7376.05020960034
7131.128573484219
7214.288298494965
6632.299497366145
6523.05020960034
6466.822171888739
7389.05020960034
6455.068179226894
6857.418437983831
6893.128573484219
7420.55020960034
6788.301676197726
7716.05020960034
8184.55020960034
6777.524135560835
6892.128573484219
7200.070126452009
6528.706689504815
6516.921173169825
7732.628573484219
6601.130394532472
6183.024135560835
7001.05020960034
7434.736591996291
6492.014501796066
6483.443797683687
6759.128573484219
7489.610327856919
7419.55020960034
6661.55020960034
6885.128573484219
6265.410254626968
7593.441826761861
7060.453057550965
6246.256260627745
6913.610327856919
6421.314394418029
7138.05020960034
7989.55020960034
8948.185878117
7148.206689504815
7759.55020960034
7260.524135560835
7011.05020960034
7512.524135560835
7337.55020960034
7374.024135560835
5894.110327856919
6908.55020960034
7373.304460712047
6506.128573484219
7704.05020960034
7128.55020960034
6266.499433594812
6572.024135560835
6433.5929264747965
6919.024135560835
7657.920079729086
8539.290339440598
6461.05020960034
7143.55020960034
6848.236989967084
7563.706689504815
6896.133645826163
6918.05020960034
7723.05020960034
6982.05020960034
7026.628573484219
7188.628573484219
6555.629023304452
6811.206689504815
7930.418437983831
7242.128573484219
8337.55020960034
7617.55020960034
5798.524135560835
7152.628573484219
6424.024135560835
8318.05020960034
6827.0246028090505
6861.05020960034
6316.629023304452
7015.05020960034
7237.628573484219
6527.128573484219
6537.954919220343
6725.05020960034
7262.692035106131
7351.206689504815
6379.05020960034
7019.55020960034
7325.301676197726
6705.551562090184
6315.628573484219
7214.628573484219
6325.613571055348
7198.378596745282
6961.628573484219
6590.206689504815
6906.55020960034
7557.55020960034
6840.704277610777
7053.55020960034
6665.09490657178
6420.918437983831
7050.628573484219
7424.55020960034
6598.250370426287
6497.024135560835
7543.78085324853
7369.670283487474
8134.05020960034
7079.55020960034
6873.05020960034
6858.05020960034
6859.441826761861
7508.05020960034
7641.55020960034
6729.414860033636
6537.128573484219
7881.55020960034
8428.05020960034
7053.55020960034
7283.441826761861
6945.524135560835
6974.55020960034
7052.610327856919
6030.706689504815
7993.55020960034
6781.524135560835
6217.512601838769
6792.55020960034
7905.8720481160335
6935.236591996291
6843.524135560835
6379.524135560835
6708.610327856919
7508.05020960034
6249.706689504815
6945.628573484219
7555.55020960034
6161.640033875782
6493.6719719313705
8886.55020960034
7803.05020960034
5929.05020960034
6939.140036900112
7247.05020960034
6793.07598774551
6559.032720059942
6938.05020960034
6424.796243964078
6748.05020960034
7187.628573484219
7162.524135560835
8249.110327856919
7946.613289163899
7191.524135560835
6295.05020960034
7079.764121937972
5896.628573484219
6892.128573484219
6425.084529814718
6521.55020960034
7515.206689504815
6434.168846448489
6376.110327856919
6823.55020960034
7140.55020960034
6328.736591996291
6967.05402272421
7124.05020960034
7509.55020960034
6126.874191916429
7973.128573484219
7082.236989967084
6761.110327856919
6895.55020960034
7101.55020960034
6342.55020960034
6840.55020960034
7583.05020960034
6252.206689504815
5747.2485460682055
7172.421173169825
6546.524135560835
6689.610327856919
7114.110327856919
6494.347265833452
7912.05020960034
6880.05020960034
7523.128573484219
6810.46874196484
6361.429232925623
6973.425070275662
6140.524135560835
7412.921896451551
7229.866973206602
7509.206689504815
6423.561164626228
7219.55020960034
7344.695351508366
6924.610327856919
6835.05020960034
6628.524135560835
6775.065705986168
7251.706689504815
8043.110327856919
7099.628573484219
6942.049484639317
6686.128573484219
6329.327381702722
7673.55020960034
7353.736591996291
7598.05020960034
7763.670283487474
7122.55020960034
7422.05020960034
6849.764121937972
7596.418437983831
6844.05020960034
6528.110327856919
6357.05020960034
6029.2485460682055
6948.610327856919
6611.377518960824
5205.2862884529395
7099.628573484219
7457.55020960034
7203.55020960034
6510.55020960034
7201.55020960034
8194.23659199629
6480.05020960034
6934.629023304452
7004.628573484219
6969.524135560835
6374.05020960034
6434.55020960034
7577.628573484219
6630.38551928672
6305.597951813272
7355.05020960034
8515.05020960034
6836.613571014098
7532.706689504815
7340.05020960034
7916.12237405312
8287.05020960034
6843.55020960034
6066.55020960034
7862.706689504815
7167.05020960034
7073.860339594606
7407.05020960034
6366.441826761861
6707.55020960034
8167.941826761861
7929.55020960034
6812.628573484219
7662.232010902613
7829.399676105745
7792.05020960034
7735.236989967084
7382.421896451551
7066.128573484219
6554.827458994836
7200.55020960034
7162.128573484219
7246.129023304452
7130.697706671868
6759.515512012897
6513.350414942173
6401.736591996291
7287.05020960034
6360.024135560835
6324.610327856919
8085.004191108624
7205.628573484219
7151.0407477759945
6543.524135560835
7304.05020960034
7959.05020960034
6237.170463452101
6956.623686437599
6953.05020960034
6820.55020960034
6656.05020960034
6355.05020960034
6994.110327856919
7208.05020960034
7367.55020960034
5754.4138100790915
7041.236591996291
6628.685302351688
7312.628573484219
7751.236591996291
7713.706689504815
6935.236591996291
7189.700965172343
6951.05020960034
7045.606343589221
7350.55020960034
7362.646664845622
6318.130394532472
7940.332104528529
8943.55020960034
7329.628573484219
7297.170283487474
5699.323609889111
5115.4325435983465
7749.05020960034
7320.628573484219
7424.799496187363
6714.05020960034
7298.421681105998
6678.610327856919
7212.128573484219
6484.55020960034
8334.91843798383
6505.05020960034
8519.55020960034
7017.706689504815
6575.748546065403
7649.05020960034
6630.6507023241165
7221.05020960034
6788.221549392808
6867.55020960034
7037.05020960034
7188.402354124859
7058.736591996291
6975.55020960034
6989.05020960034
7043.05020960034
7706.55020960034
7442.55020960034
6919.05020960034
7076.55020960034
7415.706689504815
7011.05020960034
5839.628573484219
6271.55020960034
5880.05020960034
6585.736989967084
6587.55020960034
6380.524135560835
6846.128573484219
7070.736989967084
6848.610327856919
7136.610327856919
6588.206689504815
8567.128573484219
7243.128573484219
7239.05020960034
7564.941826761861
7700.570126452009
6996.128573484219
7833.385348842028
6280.206689504815
7106.8720481160335
6603.05020960034
6926.05020960034
7290.0611646242405
7676.05020960034
6320.706528230588
6922.024135560835
6930.55020960034
7091.05020960034
6249.05020960034
7496.05020960034
7761.55020960034
7133.128573484219
7350.788158672938
7100.110327856919
7382.128573484219
6138.0327200606125
7108.448661101434
6928.3019667408535
8353.05020960034
6862.610327856919
7536.05020960034
6465.524135560835
7079.05020960034
7023.3889337155515
5065.6619597840045
6261.628573484219
6843.05020960034
6651.123686437599
6687.785604685755
7374.577224112964
6866.336060073358
6572.55020960034
6282.109608101063
7847.022375306639
7645.918437983831
7583.524135560835
6794.628573484219
6861.05020960034
6305.05020960034
7604.55020960034
6719.46874196484
6576.610327856919
7156.551142047185
8023.610327856919
7349.628573484219
6649.05020960034
7529.9209273649585
6954.578592396046
6952.46874196484
7570.110327856919
7448.024135560835
7457.110327856919
6254.55020960034
6689.05020960034
6090.796243964078
6579.628573484219
6907.128573484219
7444.628573484219
6884.05020960034
8728.05020960034
7361.670351890086
6763.55020960034
6847.59507939701
6503.156135232058
6671.352182468352
7660.05020960034
7034.110327856919
7801.55020960034
6819.576228249047
6719.610327856919
7177.110327856919
7276.110327856919
7476.170283487474
7323.118272847158
6447.024135560835
6269.693389685073
6669.738589612447
6884.55020960034
6935.05020960034
7257.55020960034
6696.55020960034
7841.55020960034
7419.06804861068
6767.918437983831
6994.0611646242405
6382.628573484219
7377.05020960034
7152.610327856919
7230.610327856919
6832.166394520824
7175.05020960034
6770.500389699053
6892.55020960034
6786.55020960034
7417.128573484219
6538.110327856919
7055.628573484219
6937.55020960034
6474.05020960034
7485.55020960034
7463.55020960034
6611.128573484219
7292.55020960034
6258.199027266057
6466.55020960034
6581.55020960034
6568.55020960034
7680.736591996291
7220.55020960034
7864.55020960034
6614.706689504815
6836.160198343577
8291.55020960034
6919.128573484219
7212.128573484219
8238.128573484219
6769.05020960034
7246.236989967084
6360.628573484219
6825.077734391573
7122.128573484219
7222.524324030341
7422.236591996291
7935.83840021984
6913.1619597840045
6588.813616734155
6248.55020960034
7325.7862884529395
8174.55020960034
7336.169087405653
7414.734825902721
7568.05020960034
8542.610327856919
6554.1619597840045
7816.421173169825
6739.110327856919
6432.05020960034
7391.110327856919
8337.128573484219
6676.552081480588
6978.941826761861
7478.05020960034
7104.05020960034
7506.610327856919
7033.987816269895
6758.736591996291
5873.129023304452
7140.524135560835
6697.885348842028
7057.610327856919
7383.024135560835
6589.55020960034
6631.55020960034
7887.206689504815
7697.610327856919
6917.628573484219
6346.128573484219
7326.628573484219
5871.05020960034
6978.55020960034
6649.695351508366
6673.610327856919
6911.55020960034
6522.7485460682055
6862.110327856919
7430.110327856919
7520.128573484219
7560.110327856919
7162.39567027072
6742.55020960034
6927.701633803964
7405.941826761861
6969.918437983831
6784.921173169825
8474.05020960034
7046.706689504815
7494.05020960034
7156.05020960034
7056.612274047012
6332.201633804884
7738.941826761861
7087.05020960034
7158.55020960034
7345.05020960034
7834.55020960034
6940.684824040758
8363.62237405312
7329.55020960034
7704.128573484219
6753.110327856919
6935.441826761861
7445.524135560835
7122.55020960034
7122.110327856919
7460.628573484219
7517.05020960034
7156.470305872136
7198.128573484219
7897.128573484219
7386.860339594606
7215.628573484219
6738.681729271752
6233.691142983536
7532.55020960034
7501.128573484219
7476.711776265014
7657.55020960034
7172.206689504815
7163.918437983831
7067.128573484219
7848.05020960034
7252.706689504815
6718.943793421356
6619.05020960034
6814.682548210366
7194.834341399077
6673.55020960034
7596.05020960034
6252.097951813272
7850.628573484219
6792.55020960034
6452.55020960034
6899.610327856919
6890.05020960034
7240.236591996291
7268.05020960034
5252.628573484219
7762.05020960034
8423.206689504816
6863.55020960034
6870.55020960034
7016.628573484219
6865.55020960034
6703.598850745745
6190.834230521539
6710.628573484219
7421.185878117
7644.55020960034
7026.128573484219
7702.55020960034
7935.441826761861
7687.55020960034
7312.146634924325
7029.55020960034
6711.128573484219
7352.421173169825
7101.918437983831
6988.170351890086
6583.156135232058
6624.55020960034
7268.109424319002
7379.55020960034
8159.05020960034
8379.128573484219
7738.628573484219
8273.628573484219
6906.55020960034
8228.05020960034
6798.3221700972
7480.05020960034
6378.613571055414
6633.327458994836
6154.628573484219
6908.628573484219
7768.524135560835
6677.685878117
7163.05020960034
7150.189121197078
7621.672015046202
6896.55020960034
6889.05020960034
6593.524135560835
6055.55020960034
7328.1122704711515
7311.55020960034
6260.671971932154
7109.941826761861
7828.05020960034
6790.835031623888
6846.55020960034
7367.236591996291
6887.55020960034
6582.55020960034
7011.524135560835
6783.128573484219
7261.128573484219
7312.826329160944
7165.706689504815
7133.441826761861
6970.05020960034
7441.706689504815
7615.55020960034
6936.55020960034
7618.110327856919
7040.706689504815
6301.455081232683
6224.7862884529395
6545.55020960034
6017.05020960034
7913.46874196484
6797.593704952601
7182.05020960034
7004.05020960034
8121.128573484219
6655.122432196741
7246.628573484219
7292.128573484219
6918.110327856919
7140.55020960034
6149.164274963711
6310.05020960034
7551.55020960034
6270.524135560835
6550.628573484219
7352.55020960034
6904.670283487474
6817.024135560835
6610.05020960034
6982.610327856919
7199.55020960034
6552.206689504815
6501.110327856919
6719.05020960034
7017.610327856919
6443.736932136482
6601.024135560835
8611.55020960034
7743.610327856919
6269.786837742958
7129.610327856919
7100.628573484219
6701.55020960034
6178.7862884529395
7474.736989967084
7613.05020960034
7779.736989967084
6255.128573484219
9015.55020960034
6538.55020960034
6352.05020960034
6947.55020960034
8022.55020960034
7025.8720481160335
6644.748546065403
6867.05020960034
7099.610327856919
7110.356972531131
6798.05020960034
6944.05020960034
6940.05020960034
6998.644014808319
6862.55020960034
7411.05020960034
7466.128573484219
7134.55020960034
6168.128573484219
6434.628573484219
6526.05020960034
6568.024135560835
7072.206689504815
6162.05020960034
6309.156135232058
7444.55020960034
7239.206689504815
6404.140033875782
6377.129023304452
7241.628573484219
6534.236591996291
6404.55020960034
6862.043751830166
6198.05020960034
6816.05020960034
6279.55020960034
7482.05020960034
6648.427803420128
7834.05020960034
6816.097195492049
6559.610327856919
6336.55020960034
8472.706689504816
7688.96874196484
7862.05020960034
7529.05020960034
6987.05020960034
6110.55020960034
5795.110327856919
6479.236932139249
7626.05020960034
7572.236989967084
7089.019329870618
7104.568179226894
7601.128573484219
6646.44701689354
6447.7862884529395
7097.05020960034
7618.05020960034
6500.55020960034
7309.55020960034
6766.610327856919
6227.628573484219
7356.236591996291
6819.55020960034
6131.05020960034
6735.05020960034
7076.55020960034
6803.536110274111
7046.5407477759945
7530.05020960034
6601.917185746428
6699.628573484219
5348.05020960034
6699.628573484219
6601.628573484219
6065.610327856919
6956.55020960034
6712.9119205806155
6662.88551928672
7357.55020960034
6480.128573484219
8255.05020960034
7159.55020960034
5884.875135464744
6852.671377969037
7420.05020960034
6585.789323034796
6369.610327856919
7501.55020960034
7170.666394520824
7923.128573484219
6683.921173169825
7318.628573484219
6780.20261603001
6607.785604685755
6963.55020960034
7767.918437983831
7833.55020960034
6906.55020960034
