7817.628573484219
7914.206689504815
7903.05020960034
6766.05020960034
8151.215157351062
8107.05020960034
7229.024135560835
7927.05020960034
8519.55020960034
7122.128573484219
7447.05020960034
6953.05020960034
7861.55020960034
7999.441826761861
5443.822171888739
6126.336060073358
11023.505984888508
8007.05020960034
7582.736591996291
8374.05020960034
6771.610327856919
7915.05020960034
7605.05020960034
7541.941826761861
7376.8720481160335
7657.903045747838
9531.170283487472
7449.05020960034
7909.827324117826
8328.736591996289
6999.628573484219
7391.714444779496
9594.05020960034
6723.474904782059
8143.86140089827
7315.1135710553135
7123.05020960034
7043.699027266057
8238.872048116033
7262.05020960034
7747.05020960034
6687.05020960034
6923.128573484219
6503.55020960034
8586.05020960034
6513.884092911414
7551.55020960034
6664.434859507363
8239.55020960034
8022.441826761861
8535.901972193937
8100.418437983831
7213.628573484219
7336.128573484219
6874.628573484219
7739.05020960034
8198.55020960034
8105.128573484219
7332.441826761861
7556.55020960034
6725.05020960034
7030.128573484219
7085.610327856919
7724.628573484219
7027.00790362521
7627.6619597840045
6738.7862884529395
8134.610327856919
8366.05020960034
6770.524135560835
8107.55020960034
7460.2862884529395
6916.628573484219
8338.55020960034
7221.706689504815
8239.706689504816
8369.55020960034
7063.05020960034
7841.628573484219
6553.628573484219
7371.128573484219
7855.610327856919
7909.55020960034
6960.628573484219
7319.236591996291
7277.05020960034
7172.628573484219
6913.522622479107
7871.610327856919
8013.706689504815
7285.55020960034
6948.628573484219
7846.55020960034
7681.941826761861
8295.441826761862
7393.05020960034
7150.1619597840045
6569.532814592305
7289.128573484219
7484.128573484219
6616.55020960034
8949.05020960034
7036.206689504815
8759.236591996296
7636.55020960034
7687.110327856919
7745.55020960034
7713.529072517615
7173.464583609476
5846.892131553252
7989.628573484219
7249.128573484219
7183.297779740294
6466.156135232058
6696.024135560835
6897.562114795191
6057.206689504815
7046.05020960034
8031.918437983831
7092.628573484219
7759.128573484219
6904.05020960034
6957.656135232058
7098.05020960034
7740.902980708083
6894.55020960034
7445.55020960034
8074.05020960034
7618.441826761861
7922.670283487474
7313.05020960034
6266.05020960034
7425.55020960034
6797.55020960034
7397.8378599157595
6588.045405888877
9085.441826761864
7048.736591996291
7846.62237405312
7664.05020960034
7486.170283487474
8340.921173169825
7303.921173169825
6439.628573484219
7509.699027266057
7220.236989967084
6986.024135560835
10203.05020960034
7059.024135560835
6897.441826761861
7790.685878117
8080.628573484219
8002.05020960034
7956.05020960034
7917.441826761861
7970.628573484219
7679.290341151779
6633.524135560835
9405.941826761864
6870.05020960034
8229.05020960034
7585.128573484219
6953.610327856919
6759.628573484219
6602.474027187515
7689.05020960034
7748.418437983831
7323.610327856919
9302.206689504816
6824.55020960034
7834.128573484219
6349.55020960034
7486.110327856919
8276.790341151778
7690.628573484219
6595.112274047012
7178.05020960034
7148.2485460682055
7383.128573484219
7699.128573484219
7080.327699905774
6669.404551163597
7543.55020960034
9308.421173169814
7462.55020960034
7168.628573484219
7667.441826761861
7290.524135560835
6943.05020960034
7192.178974770903
6977.941826761861
6407.024135560835
7643.55020960034
8523.706689504816
6794.104830767061
7647.819168344781
8699.736591996296
7265.736989967084
6676.628573484219
7965.05020960034
7177.55020960034
6777.597951811941
6484.050956497831
7578.140036900112
8137.206689504815
6229.128573484219
7599.236591996291
8166.05020960034
7855.05020960034
6619.128573484219
7986.05020960034
6585.178774347928
6866.716280789924
8126.05020960034
7635.736591996291
7698.55020960034
7701.086505102542
7599.427803420128
8035.128573484219
7808.628573484219
7313.236591996291
8921.55020960034
7988.610327856919
7313.170283487474
7656.05020960034
9266.55020960034
7337.514501796066
7477.128573484219
7742.2502373262005
8167.05020960034
8154.441826761861
8058.55020960034
9418.55020960034
6817.628573484219
7852.05020960034
7068.628573484219
7848.55020960034
8810.468741964842
6786.512619434775
7212.9119205806155
7463.55020960034
7715.336060073358
7768.55020960034
7456.918437983831
7886.55020960034
7731.128573484219
8051.418437983831
7920.55020960034
7358.05020960034
7466.921173169825
7218.128573484219
6993.55020960034
8207.612274047013
7864.628573484219
7012.05020960034
6796.05020960034
6938.69186418386
8834.236591996296
9306.05020960034
7570.05020960034
7475.05020960034
6934.524135560835
8873.55020960034
7784.628573484219
7121.55020960034
8281.628573484219
6710.572365931502
7880.55020960034
7304.628573484219
7380.024135560835
9774.670283487472
8720.128573484219
7846.05020960034
8319.05020960034
6639.153235195171
7027.441826761861
7800.55020960034
7437.670283487474
7389.05020960034
8939.05020960034
8157.441826761861
6079.55020960034
6801.529016902591
5826.610327856919
7707.128573484219
7071.05020960034
7874.612274047012
8056.05020960034
7792.55020960034
8446.55020960034
7564.6122704711515
7347.05020960034
6728.441826761861
8335.05020960034
8112.05020960034
7662.086505102542
7115.55020960034
7516.05020960034
7863.05020960034
8160.921173169825
7550.55020960034
6972.55020960034
7350.628573484219
7740.55020960034
6728.110327856919
8681.05020960034
6685.022622479107
6978.6122704711515
7485.05020960034
6928.559204228906
6841.55020960034
7378.8720481160335
7661.05020960034
7750.05020960034
7202.628573484219
7627.418437983831
7597.55020960034
7072.706689504815
7586.55020960034
7952.128573484219
7696.05020960034
6632.05020960034
6478.524135560835
7067.05020960034
7314.751892435073
8770.05020960034
6931.941826761861
6802.55020960034
8536.05020960034
7383.441826761861
6705.110327856919
6776.2485460682055
7942.918437983831
6804.628573484219
7559.55020960034
7956.110327856919
8016.334341399077
7648.128573484219
7903.05020960034
7903.736591996291
7805.628573484219
6872.236989967084
7450.736591996291
7207.55020960034
6573.441826761861
7953.128573484219
7220.524135560835
7434.128573484219
6097.097951811941
7188.05020960034
8053.441826761861
7162.628573484219
8117.55020960034
6606.190423832468
6897.123686437599
8114.05020960034
7061.123686437599
6889.05020960034
8604.05020960034
7903.628573484219
6545.128573484219
8919.55020960034
9153.086505102543
7690.05020960034
8156.610327856919
7582.110327856919
7501.05020960034
5995.55020960034
7042.610327856919
8646.55020960034
6961.2862884529395
9474.55020960034
6545.918437983831
7103.628573484219
8699.236591996296
7251.588900622308
7570.941826761861
8226.55020960034
8979.55020960034
7700.206689504815
7288.55020960034
7761.902477468742
6424.123686437599
6955.05020960034
8126.55020960034
6977.05020960034
7617.55020960034
7317.05020960034
8486.236591996296
6303.597951813272
7793.55020960034
7756.05020960034
7999.55020960034
7380.441826761861
8058.363598004554
7848.941826761861
7662.685878117
7650.623686437599
7378.55020960034
8581.55020960034
8249.170351890087
6888.128573484219
7717.628573484219
8475.05020960034
6946.128573484219
7495.128573484219
7677.05020960034
6779.05020960034
6543.706689504815
6946.063319932777
6701.5059848885085
6864.55020960034
7719.003430194697
7900.55020960034
7440.55020960034
6026.5611646242405
6602.05020960034
6306.461192165971
7273.628573484219
6707.55020960034
7095.236591996291
7483.706689504815
6995.628573484219
7952.128573484219
7177.644963865199
7870.05020960034
7678.941826761861
7208.110327856919
7977.543751830166
6801.941826761861
7769.55020960034
6900.55020960034
6220.908641877817
7846.55020960034
6445.2544865420205
7404.55020960034
7373.05020960034
7949.628573484219
6990.05020960034
7834.55020960034
6306.05020960034
7277.05020960034
6948.128573484219
8015.55020960034
6588.05020960034
6438.294937181098
6548.441826761861
8334.05020960034
7090.110327856919
7848.05020960034
6965.55020960034
8103.05020960034
8971.128573484219
6986.628573484219
7984.128573484219
6724.05020960034
7326.128573484219
8397.55020960034
7019.05020960034
7086.882110163745
9143.05020960034
6731.524135560835
7735.55020960034
8003.05020960034
8373.05020960034
6996.1358416931325
6727.128573484219
7323.55020960034
8048.55020960034
6721.610327856919
7358.441826761861
7278.05020960034
7325.699650100137
7868.55020960034
7358.05020960034
7553.55020960034
7305.05020960034
7271.05020960034
8094.05020960034
8175.05020960034
7615.128573484219
8458.55020960034
8352.128573484219
7617.441826761861
6958.3720481160335
6588.05020960034
7464.206689504815
6614.610327856919
6084.55020960034
8237.941826761862
6643.05020960034
7516.628573484219
6909.542196341266
7316.55020960034
6668.05020960034
7677.206689504815
7984.55020960034
8275.941826761862
7854.55020960034
7244.55020960034
8439.05020960034
7183.941826761861
8129.55020960034
7178.55020960034
7117.611967697455
6929.55020960034
6982.941826761861
6361.55020960034
7591.05020960034
7456.05020960034
7923.670283487474
6728.360339594606
7722.628573484219
6973.8784593345035
7553.206689504815
7478.628573484219
7862.55020960034
6826.55020960034
7223.16747238155
7298.140035287882
7274.610327856919
6931.55020960034
7512.55020960034
6889.524135560835
6583.05020960034
6704.05020960034
6697.55020960034
7507.610327856919
8075.391267528158
7568.834341399077
7649.586505102542
8535.628573484219
6533.55402272492
7793.05020960034
7238.05020960034
7603.610327856919
7462.170283487474
7664.128573484219
7953.05020960034
6850.05020960034
7888.128573484219
7494.441826761861
7295.55020960034
8381.55020960034
6861.524135560835
7154.55020960034
7203.628573484219
7760.128573484219
7953.128573484219
7693.05020960034
7557.110327856919
7045.46874196484
7346.312283862818
7133.941826761861
6952.128573484219
7994.05020960034
6757.0327200606125
7342.05020960034
7244.55020960034
7177.024135560835
6974.648376543941
7344.706689504815
6935.628573484219
8947.05020960034
7514.128573484219
5891.576377922108
7397.14286035462
8220.55020960034
8695.05020960034
7774.05020960034
7238.610327856919
7261.110327856919
7227.55020960034
7166.524135560835
6323.327458994837
7457.55020960034
6810.362669814886
7310.05020960034
5865.439160300801
6794.05020960034
8220.55020960034
7704.128573484219
8052.292523040055
7530.685878117
7286.941826761861
8189.55020960034
7246.55020960034
6633.55020960034
9567.05020960034
6115.827458994836
6956.379439568599
8101.55020960034
7443.55020960034
8798.55020960034
6967.576228249047
7746.628573484219
8042.05020960034
7417.55020960034
7079.128573484219
8533.41843798383
7356.55020960034
7757.697706671868
6867.670283487474
6747.05020960034
6253.628573484219
6079.628573484219
6808.628573484219
6521.628573484219
7494.5417515350255
5910.542913856449
7631.736591996291
7323.628573484219
6629.264050015389
7836.706689504815
7210.921896451551
7590.55020960034
7509.477845987582
8946.05020960034
6680.524135560835
7307.55020960034
7276.55020960034
7371.05020960034
7662.628573484219
7046.676914264024
7269.05020960034
6923.2015748976055
8233.05020960034
6620.05020960034
6948.024135560835
7355.128573484219
7544.128573484219
6358.506418259001
6766.55020960034
7733.05020960034
7318.046856018757
7182.941826761861
6254.38551928672
6761.707544914951
7192.05020960034
7211.640035287882
7649.22185838546
7783.55020960034
6969.128573484219
6949.612274047012
7643.05020960034
7513.05020960034
7327.418437983831
7947.05020960034
7807.706689504815
8115.628573484219
7564.55020960034
6558.103915544959
7015.524135560835
7059.05020960034
7891.55020960034
7931.128573484219
7558.186898239342
8746.086505102543
7821.567895962819
7109.441826761861
6889.55020960034
8015.516802046853
7031.110327856919
7432.706689504815
7209.206689504815
7145.05020960034
6857.595868765977
7379.524135560835
8434.55020960034
8015.628573484219
7472.05020960034
6879.32721614418
8486.327324117827
7155.706689504815
8145.05020960034
8552.446207137757
7441.05020960034
6821.5535806521475
7962.05020960034
8347.128573484219
7322.55020960034
7444.170351890086
7031.441826761861
7748.264121937972
6651.128573484219
7802.128573484219
7675.941826761861
6576.113571014108
8583.128573484219
6623.610327856919
8206.55020960034
7412.05020960034
7822.55020960034
7215.7862884529395
7776.628573484219
9004.05020960034
7122.55020960034
8006.860339594606
7998.110327856919
7344.05020960034
7068.695351508366
6669.628573484219
9222.236591996289
6699.628573484219
7954.05020960034
6817.55020960034
8034.128573484219
7080.918437983831
7127.628573484219
7300.55020960034
6356.110327856919
6403.248325700588
7030.918437983831
6844.05020960034
6412.55020960034
7461.202990945169
6418.628573484219
7073.40197219394
6358.53853675493
6942.05020960034
6596.508522856823
7075.05020960034
7190.128573484219
7010.024135560835
6908.441826761861
7978.05020960034
8499.372048116034
7049.236591996291
7487.55020960034
7381.736591996291
7113.05020960034
7656.418437983831
7008.128573484219
7079.421173169825
6688.05020960034
7432.55020960034
7511.628573484219
6900.128573484219
7346.128573484219
6094.597951813272
6890.05020960034
7080.736591996291
6339.137771595895
6879.024135560835
7002.05020960034
7394.55020960034
8162.628573484219
8388.122345728403
6626.264121937972
6670.501622821675
6893.55020960034
7449.55020960034
7563.55020960034
7998.706689504815
6893.7862884529395
6679.024135560835
7038.6619597840045
7431.05020960034
8092.55020960034
6898.05020960034
7242.05020960034
7416.736989967084
7673.1619597840045
7152.05020960034
6305.048325655889
7480.55020960034
6404.55020960034
6827.55020960034
6361.8720481160335
7767.55020960034
6651.156135232058
7161.05020960034
8302.05020960034
7332.05020960034
6357.128573484219
6900.855552643663
7645.628573484219
6544.128573484219
7076.128573484219
8128.05020960034
7306.628573484219
6807.628573484219
8374.05020960034
7425.236989967084
8992.736591996296
6884.706689504815
7910.05020960034
6591.628573484219
7064.019188671739
7366.736591996291
7000.628573484219
7143.23779491291
6971.024135560835
6911.9119205806155
6727.230057986953
7311.641236236749
6859.356972531131
8444.05020960034
6559.2367760502675
7782.05020960034
6828.55020960034
8459.670283487472
7331.55020960034
8185.421173169825
6744.206689504815
8028.628573484219
7720.941826761861
7793.360339594606
7965.941826761861
7539.255759785161
6834.05020960034
8303.05020960034
6678.3720481160335
8487.628573484219
8042.55020960034
8013.05020960034
7530.918437983831
6466.128573484219
6831.941826761861
7459.128573484219
6692.05020960034
7972.524135560835
7105.394114693642
6143.05020960034
8180.523631602438
6952.524135560835
6809.05020960034
6670.024135560835
6518.20261603001
7812.55020960034
7410.941826761861
7642.628573484219
6773.46874196484
6729.941826761861
6911.223847517158
7309.941826761861
6422.853273412716
7386.024135560835
8445.628573484219
7870.55020960034
6882.8720481160335
6946.628573484219
8380.05020960034
6501.1619597840045
7254.918437983831
7051.170283487474
6274.301676197726
7306.05020960034
7409.55020960034
7481.628573484219
6790.921173169825
7117.128573484219
6347.128573484219
7706.128573484219
7409.55020960034
6939.55020960034
8435.55020960034
8080.55020960034
6906.05020960034
7593.3651897183145
7644.206689504815
7669.425120489268
7295.55020960034
6867.360339594606
6958.9204699821075
7177.55020960034
6794.524135560835
7735.05020960034
7050.799623859243
8114.05020960034
7313.55020960034
8302.55020960034
7088.05020960034
7474.441826761861
7436.236989967084
7350.206689504815
7834.128573484219
7123.603473078385
7735.441826761861
7237.55020960034
6916.128573484219
6730.128573484219
7812.128573484219
7826.55020960034
8589.55020960034
7057.207001505371
7185.206689504815
8046.236591996291
7604.0407477759945
7026.03853675493
5274.524135560835
6696.628573484219
6291.0059848885085
7002.86681794878
6691.628573484219
7212.55020960034
7105.628573484219
8447.05020960034
7426.55020960034
6643.05020960034
7688.55020960034
7176.736591996291
6278.05020960034
7625.55020960034
5542.128573484219
6495.706689504815
6573.024135560835
7249.610327856919
7711.55020960034
7761.05020960034
6228.736989967084
7359.55020960034
6798.610327856919
6964.55020960034
7795.55020960034
7651.05020960034
6298.701633804884
6562.236591996291
8106.05020960034
7491.55020960034
7002.110327856919
7848.128573484219
7388.628573484219
7567.55020960034
8384.941826761864
7826.55020960034
7060.05020960034
8302.170351890087
7578.706689504815
6792.0421963427325
7369.46874196484
8024.55020960034
7729.859223220262
7651.55020960034
6516.612274047012
8662.55020960034
6945.315915139792
7277.236989967084
7225.670283487474
7260.403497142432
7816.05020960034
6995.55020960034
6915.55020960034
8406.610327856919
8144.55020960034
7160.628573484219
7130.55020960034
8247.024135560836
7814.628573484219
8039.55020960034
7260.46874196484
7132.434859507363
6553.55020960034
7680.55020960034
7627.55020960034
6724.061164626228
7391.024135560835
7213.128573484219
6618.524135560835
6981.55020960034
7207.55020960034
8482.013889215901
7230.55020960034
6463.3720481160335
6441.475718428231
7283.123531959948
7970.05020960034
7677.05020960034
7929.05020960034
6556.046856018757
6910.524135560835
6997.05020960034
7267.55020960034
7291.706689504815
8218.44182676186
7308.128573484219
7617.128573484219
7074.05020960034
6237.736591996291
7012.236989967084
6722.05020960034
8592.55020960034
8041.05020960034
7708.921173169825
6424.5398768016175
6232.640036900112
7171.628573484219
7020.05020960034
7908.365349942729
7429.198451085041
7535.170351890086
6694.178974770904
7170.251892435073
6722.315915139801
7433.05020960034
7492.110327856919
7548.05020960034
6616.512545600816
6554.063174832601
7323.05020960034
7458.55020960034
6614.05020960034
8271.05020960034
8076.708243560783
6902.55020960034
6473.05020960034
6832.6060846444425
6310.681887597215
7143.290341698372
8145.05020960034
6340.05020960034
7717.654943867144
6349.063698010121
6763.683794657032
7364.418437983831
7732.05020960034
6451.477109042174
6974.110327856919
7504.236591996291
8078.941826761861
7956.55020960034
7793.55020960034
7011.55020960034
7233.628573484219
6600.110327856919
6969.610327856919
7474.628573484219
8194.55020960034
7175.55020960034
8386.55020960034
7853.548076791785
6909.441826761861
7769.834341399077
7007.610327856919
6497.55020960034
6373.55020960034
7538.57789004941
7515.55020960034
7297.55020960034
7741.199027266057
7515.736591996291
6895.55020960034
7685.441826761861
6937.55020960034
7024.206689504815
9407.860339594612
7151.05020960034
7291.644726316071
6794.524135560835
8378.55020960034
6481.05020960034
6855.55020960034
6872.552240745939
7195.524135560835
7256.860962626622
7009.55020960034
7635.05020960034
7570.918437983831
7208.645001472731
6933.792761530274
8388.55020960034
7712.622345728401
6874.024135560835
9188.05020960034
8635.736989967085
6276.55020960034
6546.628573484219
7623.92762804488
7158.524135560835
6935.46874196484
6713.55020960034
6360.166701503352
6597.706689504815
6952.05020960034
6471.941826761861
7035.123686437599
6933.05020960034
7546.918437983831
7588.05020960034
7280.05020960034
7724.110327856919
9167.05020960034
7946.55020960034
7809.05020960034
6816.024135560835
7104.629023304452
6581.55020960034
7373.524135560835
7138.418437983831
7063.3387646153315
7849.236591996291
7070.418437983831
7818.55020960034
8050.628573484219
7448.55020960034
6715.63713740912
6235.327458994836
8359.05020960034
6682.827324117826
6684.128573484219
7462.55020960034
6800.736591996291
6937.55020960034
6942.55020960034
7082.05020960034
7135.594917530048
6481.563319931437
7739.55020960034
7645.628573484219
6924.05020960034
7784.55020960034
7537.110327856919
7008.55020960034
7142.110327856919
7318.110327856919
7972.628573484219
6992.523184973874
7924.05020960034
6888.129023304452
6739.05020960034
6862.834230521539
6817.628573484219
7459.610327856919
7176.55020960034
7769.05020960034
7894.05020960034
8465.05020960034
6342.05020960034
7008.628573484219
7704.05020960034
7957.128573484219
8037.236591996291
6753.524135560835
7498.628573484219
8483.128573484219
6924.164138719875
7389.968161696617
7528.059204228906
7625.55020960034
7496.128573484219
8324.628573484219
7497.110327856919
6706.55020960034
7474.96874196484
8910.702815269375
6064.05020960034
10031.128573484219
6662.55020960034
6700.024135560835
7615.05020960034
6842.128573484219
7600.628573484219
6520.441826761861
6633.628573484219
7051.110327856919
8227.55020960034
6480.05020960034
6832.640035287882
6856.610327856919
5949.05020960034
7956.360339594606
7636.55020960034
6954.55020960034
6953.170283487474
7858.441826761861
7744.55020960034
7423.918437983831
7311.736591996291
7549.190014205401
7552.290339440597
7127.0948018026875
7356.706689504815
7392.55020960034
8123.55020960034
7817.05020960034
7569.705259048056
7451.55020960034
7465.05020960034
7376.3720481160335
6490.55020960034
8249.628573484219
6875.7862884529395
7682.336060072844
7873.05020960034
7838.128573484219
7485.628573484219
6597.05020960034
7951.110327856919
7465.628573484219
7265.441826761861
6959.024135560835
6892.7544865420205
6237.05020960034
8010.55020960034
6724.05020960034
8909.628573484219
6329.55020960034
6694.610327856919
7864.421173169825
7166.621329646013
6851.736591996291
7380.128573484219
6920.55020960034
7506.55020960034
7854.418437983831
7136.628573484219
7070.05020960034
7507.441826761861
7985.918437983831
6516.683918842993
6694.110327856919
7058.360962626622
6487.6619597840045
7431.628573484219
7325.55020960034
7089.719713086187
6148.610327856919
8416.55020960034
7208.05020960034
6996.110327856919
6764.423323044187
6981.815915139872
7350.628573484219
7977.05020960034
7035.6793245683575
6727.697706671868
7704.05020960034
7068.441826761861
7443.55020960034
6847.174651059195
7353.55020960034
6836.55020960034
7581.55020960034
7414.941826761861
7301.55020960034
7169.610327856919
7526.110327856919
8479.05020960034
6659.1619597840045
6941.55020960034
6923.706689504815
7514.524135560835
8552.55020960034
7211.05020960034
7468.05020960034
6977.141777163279
7643.55020960034
7419.55020960034
7281.05020960034
7307.110327856919
7246.441826761861
7174.55020960034
7543.5948018026875
7319.610327856919
8094.05020960034
7685.128573484219
6672.55020960034
7639.206689504815
6771.55020960034
7421.140035287882
7245.55020960034
9412.55020960034
9066.05020960034
7205.941826761861
6974.043021348016
8211.23659199629
7779.441826761861
7303.05020960034
6371.55020960034
7748.4204699821075
7743.55020960034
7038.55020960034
6910.02269022988
7363.55020960034
6959.197706671868
7984.55020960034
6619.05020960034
7833.05020960034
7783.55020960034
7357.05020960034
6045.05020960034
8327.05020960034
6682.201574899975
8862.110327856919
6923.101544441967
8063.628573484219
7126.402354124859
7315.921173169825
8015.197706671868
7614.524135560835
7419.55020960034
7347.55020960034
8638.05020960034
6961.199027266057
7891.628573484219
6945.05020960034
7352.441826761861
7077.024135560835
7361.206689504815
6905.628573484219
7371.55020960034
6911.610327856919
8858.670283487472
7570.36865589455
7305.110327856919
7111.618272847158
7028.024135560835
6207.522622479107
6607.846278010936
7205.55020960034
6657.628573484219
6591.55020960034
7163.55020960034
6915.628573484219
7067.55020960034
7333.7862884529395
7245.55020960034
6570.320214926191
6922.918437983831
7832.55020960034
6314.55020960034
7297.706689504815
8439.441826761864
7565.941826761861
6954.05020960034
7571.8720481160335
6760.884092911414
6714.524135560835
8015.55020960034
7300.128573484219
7508.05020960034
7958.55020960034
7792.327324117826
7154.024135560835
7947.706689504815
6934.5885864874
7238.55020960034
6652.05020960034
5881.885348842028
7353.939892662962
6578.05020960034
6994.55020960034
7156.55020960034
6982.524135560835
7867.628573484219
7240.05020960034
6759.251033246422
6704.05020960034
7107.236591996291
7316.128573484219
7820.46874196484
6334.441826761861
7604.576228249047
6712.140033875782
8231.55020960034
6439.2862884529395
7470.55020960034
7930.55020960034
7158.05020960034
6978.128573484219
7906.886268116626
7326.941826761861
7710.55020960034
6284.05020960034
6504.736591996291
7254.55020960034
6750.022283413398
6858.628573484219
7001.79972253771
6637.236591996291
8286.41843798383
6647.55020960034
6966.40197219394
6165.6096081002315
6925.55020960034
6976.441826761861
6950.55020960034
7559.206689504815
7791.610327856919
7509.206689504815
7645.921173169825
7062.384092911414
7526.96874196484
7116.197347985628
7074.3720481160335
7187.128573484219
7771.860339594606
6593.706689504815
9245.05020960034
7652.05020960034
7138.628573484219
6704.46874196484
7174.327324117826
8418.55020960034
6865.55020960034
7062.610327856919
7443.05020960034
6725.589746873637
7689.55020960034
7541.885348842028
8075.05020960034
7067.024135560835
7653.128573484219
8362.05020960034
7570.55020960034
7274.939160299891
7154.05020960034
7173.55020960034
8864.041275142146
8040.55020960034
7297.8720481160335
7536.55020960034
7288.113924052964
6917.128573484219
6473.628573484219
6786.628573484219
6458.55020960034
6395.110327856919
7640.122345728401
7194.156135232058
6926.05020960034
6643.256260623585
7099.55020960034
7235.05020960034
6334.128573484219
7771.110327856919
6899.264121937972
7213.128573484219
8947.05020960034
6666.264121937972
7889.05020960034
7290.55020960034
6343.128573484219
7641.918437983831
8160.128573484219
7599.05020960034
7689.05020960034
6774.05020960034
8119.628573484219
6168.7862884529395
6665.628573484219
7249.55020960034
7179.128573484219
8151.382394361636
7608.05020960034
7002.55020960034
7168.55020960034
6350.799722536428
6994.128573484219
7082.05020960034
7565.55020960034
7409.55020960034
6753.05020960034
6971.55020960034
6815.628573484219
7379.628573484219
7116.55020960034
6855.05020960034
6756.024135560835
7058.05020960034
6345.110327856919
7329.629023304452
6369.55020960034
7069.55020960034
7608.05020960034
7432.55020960034
6857.024135560835
7482.55020960034
6571.05020960034
9053.79893630392
6512.285604685755
6684.610327856919
7762.05020960034
7049.418437983831
6904.254255262637
6856.001622821163
7777.05020960034
7744.05020960034
7233.128573484219
6972.55020960034
8598.55020960034
6864.55020960034
6287.628573484219
8814.05020960034
6917.036689597481
7069.36240430855
7073.40197219394
6816.294835671935
8143.55020960034
7582.7862884529395
6973.05020960034
7670.05020960034
7035.610327856919
7619.628573484219
6764.55020960034
7518.586505102542
5988.524135560835
6351.747511374061
7263.587334534066
6815.836060073358
7663.941826761861
7168.024135560835
7303.55020960034
7957.128573484219
6828.55020960034
6057.206689504815
6861.55020960034
7426.55020960034
6868.024135560835
6901.628573484219
7436.156135232058
7404.524135560835
7819.05020960034
6996.024135560835
7268.55020960034
6804.55020960034
6718.05020960034
7213.524135560835
8637.628573484219
7359.55020960034
8005.55020960034
7681.402354124859
8050.128573484219
6970.4933492809805
7111.05020960034
7334.55020960034
6818.6098627706415
8631.441826761864
9087.05020960034
6894.3720481160335
7164.499433590679
7717.024135560835
7537.024135560835
8592.05020960034
7365.55020960034
6595.110327856919
6126.5327200606125
6697.55020960034
7473.628573484219
6821.05020960034
6500.524135560835
7460.122345728401
6890.628573484219
7189.05020960034
8302.55020960034
7054.05020960034
6713.247086106428
6633.093704949804
6321.195351508366
7228.156135232058
7671.128573484219
7365.55020960034
6494.736591996291
7512.441826761861
6874.418437983831
6463.128573484219
7150.717125777725
7019.706689504815
7801.55020960034
7012.106243437076
8476.55020960034
7553.05020960034
6890.628573484219
7752.05020960034
7204.05020960034
6819.918437983831
6989.024135560835
7379.128573484219
7238.335948645005
6809.110327856919
7425.628573484219
7805.05020960034
6910.55020960034
7018.206689504815
6984.999433590679
7500.941826761861
6233.119495734187
6871.55020960034
6067.191142983536
7440.05020960034
7793.05020960034
7942.55020960034
8682.012141272415
6416.55020960034
7327.05020960034
8997.55020960034
6496.524135560835
6693.128573484219
7660.628573484219
7056.885175408746
6924.787266692887
6752.6601983458295
6895.110327856919
8347.55020960034
6420.093704949804
6693.55020960034
6905.55020960034
6833.55020960034
8211.635104247065
6828.05020960034
6532.2862884529395
8096.197706671868
6804.455541452479
7597.327324117826
7148.55230241093
6635.248546065403
6188.334230520129
6070.325318376673
7241.05020960034
7623.05020960034
7969.55020960034
6332.417743710264
6771.05020960034
7577.629023304061
7753.55020960034
6698.264121937972
6993.128573484219
6859.12179830996
7219.941826761861
6607.110327856919
7470.05020960034
6638.656135232058
6536.628573484219
7187.05020960034
7457.55020960034
7593.670283487474
7863.55020960034
7691.05020960034
7676.55020960034
6959.05020960034
7253.941826761861
6206.884092911414
6934.128573484219
7545.000386776787
6516.55020960034
7441.236989967084
6321.55020960034
6355.170283487474
7019.540944991775
7280.012081371674
7270.610327856919
7193.941826761861
7821.55020960034
7270.55020960034
7654.55020960034
6643.446360640676
6863.55020960034
6805.836060072844
7275.764121937972
7188.024135560835
6848.799497364864
6287.128573484219
6362.128573484219
7816.921173169825
7305.55020960034
7415.128573484219
7346.128573484219
6775.206689504815
7464.918437983831
7045.781347155141
7485.441826761861
7317.197706671868
7055.55020960034
8176.55020960034
7301.05020960034
9304.05020960034
8052.128573484219
7835.05020960034
7301.128573484219
7023.960797975655
6815.05020960034
6560.416353814993
6363.024135560835
6965.628573484219
7999.628573484219
7724.918437983831
7568.55020960034
7169.706689504815
6694.706689504815
7632.05020960034
7697.486262756733
6882.05020960034
7770.236591996291
7470.05020960034
8879.586505102543
6466.666394520824
8063.128573484219
6737.05020960034
6902.05020960034
7393.903808724204
9150.91843798383
7153.05020960034
7031.006015021224
6611.135265694332
7848.55020960034
9142.55020960034
7489.941826761861
6393.1135710553945
6696.55020960034
6691.524135560835
7236.170283487474
7480.55020960034
6212.55020960034
6951.55020960034
7643.543751830166
7274.55020960034
8741.05020960034
6703.381344477927
6954.05020960034
6637.524135560835
7996.05020960034
7029.05020960034
6944.110327856919
7013.524135560835
6834.110327856919
7396.55020960034
7535.55020960034
7489.05020960034
8392.05020960034
7563.441826761861
8198.20261603001
7092.05020960034
6799.128573484219
8279.55020960034
8127.628573484219
6576.610327856919
6414.05020960034
7246.628573484219
6649.921173169825
6614.334341399077
7360.05020960034
7473.029072517615
5845.1096081002315
7600.941826761861
7874.421173169825
6409.764121937972
7254.442691061685
8651.05020960034
7406.55020960034
7323.050956497831
7305.360339594606
8850.05020960034
6050.128573484219
6557.55020960034
7551.05020960034
7254.629023304452
7505.524135560835
6574.55020960034
7714.706689504815
8611.41843798383
7923.05020960034
6782.706689504815
8354.861400898271
7925.55020960034
6771.628573484219
6657.05020960034
6236.206689504815
7164.195351508366
6922.7117758402665
7632.206689504815
7197.9209273649585
7169.236989967084
6716.9204699821075
6875.05020960034
6584.236591996291
6326.65892992124
7019.05020960034
6695.628573484219
7098.102615927455
7480.05020960034
7249.55020960034
7247.628573484219
7612.128573484219
8155.55020960034
6733.5520814794345
6880.303958759103
8577.05020960034
7810.610327856919
7021.05020960034
6182.610327856919
6952.55020960034
8061.110327856919
6516.05020960034
6830.55020960034
6714.55020960034
7849.334341399077
7663.75130545157
7806.55020960034
7522.873329395952
7319.216853146767
8069.236591996291
7177.359223220262
6345.55020960034
7253.628573484219
7515.490498406302
7405.55020960034
7938.55020960034
6947.918437983831
7074.628573484219
7093.05020960034
6694.128573484219
7459.55020960034
6395.610327856919
6808.05020960034
7043.670038024406
7498.110327856919
7207.610327856919
7296.55020960034
6770.320214926191
7438.441826761861
8305.55020960034
7147.941826761861
7541.123686437599
8082.55020960034
7188.05020960034
7852.55020960034
7771.6122704711515
6521.206689504815
7409.05020960034
6570.110327856919
7146.55020960034
6774.315915139872
6652.545731374459
6447.610327856919
6126.55020960034
7957.206689504815
7665.128573484219
7301.421173169825
7786.685878117
7438.05020960034
7197.610327856919
6874.19224139892
8189.236591996291
7341.55020960034
6958.804184584185
6978.55020960034
7239.628573484219
6777.05020960034
6522.05020960034
7620.8720481160335
7911.918437983831
6772.05020960034
7482.55020960034
6997.55020960034
7223.418437983831
7784.827324117826
7009.55020960034
7720.29034340956
8112.05020960034
6624.610327856919
6946.042407986435
6904.05020960034
7763.941826761861
8107.55020960034
7617.421173169825
5979.99382446804
7135.441826761861
7412.55020960034
6822.285604685755
6987.7051983242
7023.670283487474
7036.628573484219
6745.628573484219
7234.622345728401
7022.307186048012
7502.05020960034
7801.05020960034
9008.05020960034
6001.110327856919
7346.628573484219
7354.05020960034
7126.628573484219
7213.05020960034
6938.628573484219
8656.05020960034
7293.628573484219
6426.610327856919
6992.628573484219
6526.557131250295
8302.128573484219
7929.05020960034
7860.05020960034
6863.9119205806155
7293.128573484219
8029.55020960034
6017.13282263121
7088.628573484219
7336.418437983831
7418.128573484219
6350.128573484219
7433.628573484219
7950.128573484219
6074.524135560835
6530.05020960034
6286.55020960034
7046.706986935101
7511.672015046202
7550.55020960034
7150.55020960034
7396.128573484219
8482.128573484219
7032.628573484219
7024.55020960034
6469.024135560835
7454.55020960034
6898.128573484219
7491.024135560835
6727.408726730195
6352.051110395965
6848.236989967084
7201.05020960034
7139.113571014108
6807.085204412113
7610.123686437599
6806.024135560835
7517.55020960034
7856.55020960034
6964.024135560835
7002.815915139864
6002.02890501969
7351.55020960034
7908.128573484219
6775.061806833692
7625.8676009635365
6840.55020960034
6353.79034340956
7339.05020960034
7569.05020960034
6396.610327856919
6668.110327856919
7077.359223220262
7663.128573484219
6771.55020960034
8101.05020960034
7283.037891565864
6836.05020960034
6146.192591654827
8475.05020960034
6704.05020960034
7081.543751830166
6599.236591996291
7242.524135560835
7364.628573484219
7240.55020960034
8369.820206162865
7375.524135560835
7458.55020960034
6463.876120502929
7377.610327856919
6838.610327856919
6984.55020960034
6585.628573484219
6495.628573484219
7231.8720481160335
6747.195351508366
7280.356625247601
7358.421896451551
7376.860339594606
8731.110327856919
7960.55020960034
7632.55020960034
8434.441826761864
7736.128573484219
6973.128573484219
7147.55020960034
8026.55020960034
7564.706689504815
7406.05020960034
6769.55020960034
7450.421173169825
7921.51282286987
7203.110327856919
7427.610327856919
7177.128573484219
6976.024135560835
6319.024135560835
6733.55020960034
5992.610327856919
7407.941826761861
6847.05020960034
7995.831087637121
7940.55020960034
8031.05020960034
8712.05020960034
6674.834341399077
7640.621405408196
6941.954578857778
7310.628573484219
5953.323609889111
7100.532989928154
7633.086505102542
7335.05020960034
7912.697706671868
6592.55020960034
6774.071669068215
7492.256077301198
6970.736591996291
6829.05020960034
7314.236591996291
6785.134679864945
5768.55020960034
6777.128573484219
6493.05020960034
6874.565705986168
6871.128573484219
7720.334341399077
6747.6344079034525
7140.418437983831
7161.236591996291
7586.05020960034
6042.628573484219
8359.05020960034
7213.110327856919
7131.441826761861
6709.05020960034
6771.05020960034
6371.7015748976055
6439.55020960034
7777.628573484219
6885.55020960034
7356.55020960034
7703.236591996291
6050.05020960034
7164.05020960034
5667.831499639227
7634.05020960034
7551.05020960034
6648.110327856919
6513.55020960034
6511.441826761861
6443.7862884529395
7630.024135560835
6745.110327856919
7343.55020960034
7148.024135560835
7447.05020960034
7088.628573484219
6796.565705986794
7033.55020960034
7153.628573484219
6971.55020960034
7555.05020960034
7462.206689504815
8002.790339440597
6956.206689504815
6512.1619597840045
6428.236591996291
7519.623686437599
7328.628573484219
9026.05020960034
6548.024135560835
8147.421173169825
6935.628573484219
6698.05020960034
6645.05020960034
6604.236591996291
6578.05020960034
7724.610327856919
7270.827458994836
8145.628573484219
7624.441826761861
8223.441826761862
7693.320214926191
6800.250482774612
6266.584018348225
6297.762267929137
6780.129023304061
6728.05020960034
6985.628573484219
6673.6619597840045
7548.55020960034
7118.859223220262
8636.401972193937
6681.110327856919
7337.05020960034
6991.628573484219
6883.941826761861
6266.05020960034
6726.628573484219
7324.166394348143
7535.05020960034
7069.55020960034
7111.628573484219
6616.610327856919
7075.123686437599
6607.355028328691
6447.628573484219
7503.6619597840045
7361.55020960034
6969.55020960034
7462.170348620819
6621.05020960034
7563.55020960034
7056.05020960034
7619.632319945969
7134.05020960034
7505.53853675493
6264.918437983831
7129.958843489862
8187.55020960034
6654.0611646242405
7021.55020960034
7329.128573484219
6613.05020960034
8095.05020960034
6989.55020960034
7056.05020960034
6841.236989967084
7817.55020960034
7182.55020960034
7645.918437983831
7034.05020960034
6885.05020960034
6018.05020960034
7083.55020960034
7854.206689504815
6909.164803401781
7524.55020960034
6679.483436182085
8038.55020960034
7573.128573484219
7232.55020960034
7403.05020960034
6898.128573484219
7466.05020960034
7508.628573484219
7752.628573484219
7378.55020960034
6858.222465874255
6796.55020960034
7324.184380119823
6345.05020960034
7110.55020960034
7411.6122704711515
7448.05020960034
6643.05020960034
7259.05020960034
7912.755759785161
7342.524135560835
6785.628573484219
6406.610327856919
6937.971214275495
6820.543655037555
6715.610327856919
7158.55020960034
6746.359223220262
6530.0520814794345
7545.55020960034
7906.236591996291
6463.524135560835
6746.55020960034
9581.628573484219
7618.05020960034
7016.524135560835
7366.55020960034
6502.55020960034
7826.05020960034
7572.55020960034
7113.8841639472475
6805.110327856919
7225.206689504815
7814.05020960034
7365.55020960034
9173.334341399126
6706.659530963409
6873.068179229143
5838.05020960034
6893.918437983831
6404.835948645005
7079.170283487474
6333.05020960034
7014.918437983831
6883.628573484219
6712.706689504815
6344.110327856919
7188.628573484219
7034.1619597840045
5351.55020960034
7141.05020960034
7176.128573484219
8524.206689504816
7054.05020960034
8366.736591996296
7529.55020960034
7633.709766424775
6881.024135560835
6957.736989967084
7539.55020960034
6055.55020960034
6465.610327856919
7071.128573484219
6319.628573484219
7346.05020960034
6530.8426767981355
6917.918437983831
6795.524135560835
7163.197706671868
6777.068767071445
8214.170351890087
6886.640036900112
6645.610327856919
6336.598318709017
7600.05020960034
7427.706689504815
8502.128573484219
7129.05020960034
7370.628573484219
6967.9196592079825
6933.55020960034
6601.212569034339
6552.55020960034
6173.884092911414
6465.55020960034
7349.112274047012
7419.05020960034
6723.128573484219
6593.685878117
7946.170283487474
8285.041275142146
6980.441826761861
6996.681259125024
7518.55020960034
8848.628573484219
6536.05020960034
7849.128573484219
7300.05020960034
6704.05020960034
6768.55020960034
6834.55020960034
6952.379439573173
8548.628573484219
7015.05020960034
7787.628573484219
7363.736989967084
6980.128573484219
7174.941826761861
6018.05020960034
6976.610327856919
7127.540527205955
7035.55020960034
6790.278256764019
8050.918437983831
7664.610327856919
7974.55020960034
7124.014501796066
7251.55020960034
7892.128573484219
6713.55020960034
6759.524135560835
6600.628573484219
7482.05020960034
6760.110327856919
6398.706689504815
6655.55020960034
7318.05020960034
8615.736825699076
7650.05020960034
6772.941826761861
7855.706689504815
8140.860339594606
7041.05020960034
7472.05020960034
6129.7485460682055
7350.05020960034
8172.05020960034
7686.236989967084
6860.628573484219
7501.05020960034
6274.821243648818
6963.1619597840045
7242.110327856919
6751.55020960034
7331.55020960034
6977.7371687234845
6511.110327856919
6821.072148060528
7342.55020960034
5914.795391698922
7041.2862884529395
6885.628573484219
7345.05020960034
7521.55020960034
7936.110327856919
6620.55020960034
8125.55020960034
6855.628573484219
7194.05020960034
7360.128573484219
6802.593704949804
6616.213105692533
6830.05020960034
6238.55020960034
6443.05020960034
8027.55020960034
6791.05020960034
6904.128573484219
7702.128573484219
6161.308231549018
7034.441826761861
6696.206689504815
6934.55020960034
8390.236591996296
7777.441826761861
7697.418437983831
8439.685878117
8053.628573484219
6588.071889500969
7109.128573484219
7583.706689504815
6833.441826761861
7240.55020960034
6666.3720481160335
6755.34711444783
6981.128573484219
6440.524135560835
6922.55020960034
6884.55020960034
7707.623686437599
6746.55020960034
7009.610327856919
7687.05020960034
6913.522622477171
7599.05020960034
6932.55020960034
7415.206689504815
6855.278697691356
6986.55020960034
6669.630459797203
7212.628573484219
6545.024135560835
7336.610327856919
7384.55020960034
6532.55020960034
7480.128573484219
7846.628573484219
7195.55020960034
6865.755759785161
7894.05020960034
6526.55020960034
7277.05020960034
7729.123686437599
6743.170283487474
5845.2485460682055
7878.55020960034
6290.606532660772
7289.628573484219
7459.128573484219
6094.836060073358
6363.55020960034
6958.128573484219
7053.128573484219
7373.524135560835
7336.128573484219
7499.610327856919
6894.05020960034
7027.05020960034
6987.55020960034
7861.610327856919
7030.166394348055
7481.024135560835
6786.55020960034
7399.170283487474
6715.05020960034
6806.05020960034
7077.55020960034
7456.524135560835
7360.05020960034
7160.628573484219
6506.630459797203
7679.628573484219
7645.110327856919
6822.879439573173
7361.918437983831
7795.128573484219
6889.301676197726
7458.55020960034
7338.418437983831
7050.55020960034
7280.05020960034
6210.756260627745
7160.524135560835
6785.610327856919
6169.609608101063
7291.55020960034
7664.55020960034
6612.640035287882
7614.05020960034
6861.110327856919
6596.110327856919
7371.921896451551
7625.110327856919
7933.05020960034
7445.05020960034
8394.628573484219
7441.110327856919
7282.05020960034
7321.7544865420205
6501.628573484219
6336.844786253876
6486.860339594606
6778.55020960034
6273.55020960034
5287.55020960034
7438.519166459499
7025.827458994836
5369.327458994837
6918.2862884529395
6928.05020960034
7077.524135560835
6937.110327856919
7569.128573484219
7719.628573484219
7770.55020960034
7003.55020960034
7974.05020960034
7578.736591996291
6496.55020960034
7042.941826761861
7032.55020960034
8918.05020960034
7483.55020960034
8102.55020960034
6680.236591996291
6967.128573484219
7165.918437983831
6079.128573484219
7351.628573484219
6774.671630189821
7061.05020960034
7549.633640749249
7061.696960147336
7610.55020960034
6733.100713428065
7041.832104528529
8465.05020960034
6833.128239069913
7162.737245878602
7005.128573484219
6669.05020960034
7711.610327856919
7117.05020960034
6420.55020960034
7101.610327856919
6877.110327856919
8116.55020960034
8686.55020960034
7226.706689504815
6453.05020960034
7285.55020960034
6998.017935377928
7547.706689504815
6660.884092911414
6277.1619597840045
6966.739264058638
7366.051110395965
7212.05020960034
6656.2862884529395
6910.55020960034
6587.005965232083
8237.05020960034
7754.55020960034
7551.610327856919
7813.79359118232
7456.399676105745
6929.55020960034
7146.655382417344
7084.8378599157595
7804.55020960034
8585.05020960034
6677.628573484219
8200.55020960034
6297.55020960034
7751.736591996291
7722.427803420128
6937.524135560835
7118.610327856919
7366.236591996291
6670.182866391068
6436.55020960034
7523.921173169825
7501.628573484219
7092.05020960034
6566.812600801223
8085.05020960034
6288.55020960034
6710.706689504815
7760.55020960034
7239.0143648296635
7574.421896451551
7250.628573484219
6335.524135560835
6658.421173169825
6741.1619597840045
7511.05020960034
6648.15648073019
6926.628573484219
6295.110327856919
7008.6619597840045
7183.736591996291
8492.55020960034
6987.05020960034
7926.05020960034
7766.441826761861
7094.012141272465
8212.94182676186
7114.005281521774
7046.55020960034
7696.524135560835
8233.55020960034
6863.563319932777
7697.315915086341
6106.613571055345
7239.128573484219
7011.628573484219
7101.55020960034
7643.05020960034
8850.55020960034
7429.670283487474
6464.55020960034
6016.55020960034
6351.628573484219
8135.55020960034
5545.05020960034
7504.941826761861
7671.55020960034
7847.05020960034
7308.601044571124
6747.776847851457
6838.55020960034
6729.128573484219
7477.024135560835
7442.05020960034
6935.024135560835
7175.610327856919
6560.7862884529395
7556.55020960034
6780.05020960034
8021.55020960034
6513.05020960034
6456.46874196484
7209.610327856919
7206.05020960034
6394.024324031534
6865.05020960034
7408.236591996291
6319.035686260738
6625.785604686976
7609.128573484219
6920.550133909934
7165.128573484219
6674.128573484219
6739.133316260018
8143.05020960034
6762.307186048012
6986.05020960034
7898.05020960034
8344.41843798383
7448.55020960034
7164.55020960034
7683.55020960034
7646.088539776295
6372.432470752887
8053.55020960034
7464.110327856919
6787.524135560835
7540.05020960034
7675.55020960034
7290.8720481160335
6890.128573484219
7526.128573484219
6435.764121937972
7376.55020960034
7192.05020960034
8056.55020960034
7587.128573484219
6899.128573484219
7345.418437983831
7079.206689504815
7278.128573484219
7006.8720481160335
7846.55020960034
8311.140033875783
6552.128573484219
6872.05020960034
7008.128573484219
6825.1619597840045
6774.181187073934
6718.55020960034
6837.55020960034
7850.05020960034
8161.55020960034
7142.008667128905
7585.128573484219
7204.05020960034
7158.206689504815
7101.628573484219
6580.55020960034
7628.05020960034
6129.809703098389
7049.628573484219
6838.024135560835
6747.128573484219
7076.217221270349
6266.606522221964
7119.860962626622
7112.05020960034
7852.55020960034
7219.132797008098
6555.05020960034
7453.441826761861
7205.55020960034
6034.05020960034
7326.140035287882
6859.05020960034
6761.6443596304725
7990.360339594606
7388.05020960034
6477.706689504815
7097.748546065403
6351.834230520129
6686.812283862818
7414.55020960034
7362.55020960034
8491.128573484219
7161.55020960034
7337.55020960034
6381.55020960034
5648.55020960034
7300.628573484219
7317.918437983831
6919.628573484219
6626.03853675493
7195.110327856919
6237.55020960034
5603.110327856919
8049.628573484219
6658.0520814794345
6353.206689504815
6726.03771207545
6248.441826761861
6436.524135560835
7118.05020960034
6492.047474123955
6482.0948018026875
7978.55020960034
7485.55020960034
5974.595212681239
6845.896766775983
6258.145789863989
6736.1098788141835
7353.140327779947
7603.55020960034
6866.105574845769
7434.05020960034
6834.55020960034
7423.05020960034
7472.628573484219
6832.110327856919
7196.444112212029
7357.442691061685
6738.206689504815
7469.55020960034
7084.099247271869
8235.55020960034
7073.110327856919
7708.236989967084
6027.823609889111
7529.05020960034
6566.55020960034
6098.706689504815
7984.05020960034
6154.918437983831
7712.899177090695
6708.884092911414
6422.05020960034
6424.128573484219
6900.55020960034
6772.524135560835
7178.20177735126
7309.05020960034
6645.032720059942
6132.628573484219
6791.05020960034
7120.024135560835
7088.610327856919
6734.128573484219
7590.05020960034
6971.610327856919
6158.505984891294
6512.613571055378
7637.0327200606125
6813.524135560835
8244.41843798383
6959.927803420128
6439.09970037057
8165.610327856919
6770.024135560835
7136.05020960034
7328.628573484219
7553.05020960034
6446.628573484219
6694.359223220262
7409.628573484219
7723.05020960034
7919.736591996291
6497.55020960034
7229.128573484219
7157.524135560835
6864.05020960034
7317.55020960034
7135.55020960034
7924.55020960034
7591.628573484219
6808.2485460682055
7534.441826761861
7776.827324117826
7183.736591996291
6172.524135560835
6400.706689504815
6192.05020960034
7017.55020960034
7257.55020960034
7172.05020960034
7371.519441094627
7323.628573484219
7696.935201392793
8033.170351890086
6698.881654092694
6884.05020960034
6301.74567144948
6989.55020960034
6423.55020960034
6998.441826761861
6631.562114795191
6298.128573484219
6694.52269022988
7153.05020960034
8019.05020960034
7063.55020960034
7371.918437983831
7087.128573484219
6360.099257088083
6928.05020960034
7606.236591996291
6995.04273001565
7423.524135560835
7302.55020960034
8084.05020960034
6921.706689504815
7127.628573484219
7415.2862884529395
7054.628573484219
6709.504702125232
6848.565705986794
7806.55020960034
6793.110327856919
6591.55020960034
8434.206689504816
6794.55020960034
7174.55020960034
6966.55020960034
7670.206689504815
6980.110327856919
6380.2862884529395
6660.022622477171
6463.05020960034
7341.230057986953
7261.05020960034
6517.55020960034
6516.05020960034
6057.409911636426
6783.697066244211
7552.55020960034
6192.206689504815
7054.33374493669
6775.126739083293
8098.55020960034
6981.05020960034
6711.128573484219
7896.55020960034
7107.55020960034
7699.706689504815
7294.05020960034
7526.421173169825
7045.206689504815
7005.06451523625
6609.05020960034
7747.55020960034
7235.024135560835
7514.05020960034
7682.736591996291
8174.05020960034
7019.551381041778
7260.628573484219
6598.3378599157595
6284.55020960034
6799.076228249047
6607.736591996291
7970.05020960034
8352.41843798383
6988.05020960034
6930.140036900112
6232.546856018757
8160.110327856919
6866.730057986953
6951.941826761861
7199.736591996291
6981.610327856919
8251.55020960034
7342.128573484219
6266.628573484219
6604.610327856919
7600.55020960034
7385.670351890086
6391.197706671868
6378.441826761861
7986.839252936149
7930.6122704711515
7074.628573484219
6655.55020960034
7194.55020960034
6456.55020960034
7003.62237405312
7186.55020960034
7471.05020960034
6662.129023304452
7458.05020960034
7825.05020960034
7069.55020960034
6625.55020960034
6873.704664052626
7850.55020960034
6787.05020960034
7062.736989967084
7239.327458994836
6787.05020960034
6289.110327856919
6457.385348842028
6859.628573484219
6583.05020960034
7717.628573484219
7230.55020960034
7058.315915086388
7360.736591996291
7615.524135560835
6533.596907732056
7290.55020960034
7477.55020960034
6966.55020960034
7513.05020960034
7456.206689504815
7071.05020960034
7862.55020960034
8001.55020960034
8737.05020960034
7130.610327856919
7635.05020960034
7203.836060072844
8204.73659199629
7118.0514558813375
7665.46874196484
7098.670351890086
6765.697706671868
7122.628573484219
6996.55020960034
7085.628573484219
7375.697706671868
6164.562114795191
7386.628573484219
6053.55020960034
7248.628573484219
7017.628573484219
8093.610327856919
7425.815915139833
8755.128573484219
6815.610327856919
7244.05020960034
6148.05020960034
7868.610327856919
5855.542341886977
5238.628573484219
7486.941826761861
6229.03853675493
5949.128573484219
6491.628573484219
6914.628573484219
6654.110327856919
6595.05020960034
7496.736591996291
7376.05020960034
6841.55020960034
6678.110327856919
6603.736591996291
7065.921173169825
7503.55020960034
6794.55020960034
7364.921896451551
6774.05020960034
7073.918437983831
6526.55020960034
6865.070295184716
7765.05020960034
7379.236591996291
7714.206689504815
7565.628573484219
7854.05020960034
7163.628573484219
6717.05020960034
6535.105103693983
7712.170025733739
7319.524135560835
6571.110327856919
6242.05020960034
6429.093520946788
7203.05020960034
7381.55020960034
7873.55020960034
7462.418437983831
6371.941826761861
6829.128573484219
6798.05020960034
7244.55020960034
6974.05020960034
7367.363598004554
6793.441826761861
7424.55020960034
7380.55020960034
6290.74552286934
5771.128573484219
7721.7544865420205
7123.610327856919
7330.110327856919
6857.941826761861
6461.628573484219
6324.128573484219
7153.128573484219
6852.05020960034
7325.55020960034
6386.128573484219
6997.110327856919
7594.110327856919
7073.05020960034
7492.55020960034
6852.128573484219
6823.55020960034
7354.05020960034
6821.05020960034
6692.140033875782
7390.110327856919
6628.924035886151
7268.55020960034
6963.05020960034
6792.110327856919
6768.228746884831
7810.170283487474
7039.524135560835
7068.4119205806155
7130.05020960034
7139.024135560835
6669.55020960034
7495.55020960034
7043.058158405549
6844.834341399077
7679.918437983831
7124.05020960034
6593.156748420355
7879.55020960034
7479.128573484219
7571.859223220262
7212.05020960034
6511.05020960034
6475.628573484219
7215.166969638599
6387.55020960034
7834.941826761861
7930.128573484219
7003.05020960034
7428.128573484219
7344.024135560835
7117.610327856919
6762.089900247816
7606.05020960034
6820.55020960034
7021.608657191956
7103.110327856919
7214.128573484219
7905.628573484219
6990.55020960034
7407.05020960034
8091.610327856919
7122.206689504815
7710.628573484219
6684.699027266057
6870.55020960034
6683.524135560835
8084.55020960034
8146.628573484219
7496.421896451551
8007.7862884529395
6207.110327856919
