-28.601028442382812
127.26658630371094
843.1785888671875
57.17781066894531
48.63530731201172
843.8421020507812
-33.99699401855469
843.0838012695312
842.201171875
842.5218505859375
-14.213617324829102
44.56633758544922
1.4212374687194824
97.39656066894531
33.394691467285156
843.3199462890625
115.99641418457031
843.796630859375
-31.60693359375
846.22900390625
94.0266342163086
842.5482788085938
842.9970092773438
67.68841552734375
843.5315551757812
843.9715576171875
72.32109832763672
69.55351257324219
845.8196411132812
-14.226318359375
-7.083897590637207
845.2542724609375
129.61956787109375
58.782569885253906
840.4705810546875
63.606441497802734
843.3985595703125
43.692325592041016
847.275146484375
841.7040405273438
33.73591613769531
843.7958984375
845.941162109375
80.90711975097656
843.260986328125
-29.03112030029297
49.0546760559082
128.5538787841797
843.0868530273438
842.2478637695312
843.865234375
-18.568424224853516
840.4512329101562
844.471923828125
60.482486724853516
844.170166015625
34.08931350708008
35.05990982055664
3.388746738433838
58.50359344482422
842.2083740234375
844.6126708984375
841.5799560546875
842.2083740234375
841.7061767578125
846.43505859375
75.55683898925781
2.968919038772583
842.0166015625
154.68360900878906
840.7197265625
106.1337661743164
843.603271484375
843.749755859375
843.6611328125
12.211831092834473
55.87971496582031
844.8504638671875
58.89970397949219
844.2028198242188
846.4119873046875
843.4363403320312
91.02183532714844
843.0944213867188
842.8743896484375
845.24560546875
842.8314208984375
842.3051147460938
843.7172241210938
843.010009765625
-5.784021377563477
846.1776123046875
844.1495361328125
842.7064208984375
62.46873092651367
844.0140991210938
11.560770988464355
843.0775146484375
25.888044357299805
87.49138641357422
844.3653564453125
4.661009788513184
843.6446533203125
149.33921813964844
842.62353515625
68.68278503417969
841.5323486328125
20.72930908203125
-4.0781941413879395
844.3836669921875
844.43994140625
846.1145629882812
844.1853637695312
26.275833129882812
212.9217987060547
843.9530029296875
842.41845703125
69.37184143066406
840.9238891601562
93.1219482421875
19.63896369934082
844.9324951171875
-13.421348571777344
842.5533447265625
843.46484375
845.09765625
37.904537200927734
-8.903926849365234
104.79852294921875
842.6183471679688
82.61873626708984
843.8084106445312
842.3778076171875
102.6211166381836
844.1072387695312
22.219913482666016
45.737274169921875
843.37744140625
137.6859130859375
844.745361328125
845.2000732421875
3.565465211868286
-3.1973915100097656
843.7508544921875
844.0264892578125
76.198974609375
841.5677490234375
26.68435287475586
60.87672424316406
846.9104614257812
-10.669677734375
21.128841400146484
843.7649536132812
99.26959228515625
70.25442504882812
18.187545776367188
41.04254150390625
845.083740234375
2.2724690437316895
844.0184936523438
843.0263671875
844.7188110351562
-3.7600324153900146
843.8495483398438
843.4088134765625
841.17138671875
81.70042419433594
844.5587158203125
845.611572265625
843.332275390625
115.3533935546875
100.74220275878906
842.1527099609375
-19.461196899414062
842.9669189453125
16.960941314697266
54.40818786621094
840.468994140625
841.5606079101562
841.907958984375
32.95152282714844
846.620361328125
86.14376831054688
41.58367156982422
845.2723388671875
843.6844482421875
-9.984054565429688
50.72174835205078
843.3192138671875
844.72607421875
-12.383224487304688
842.5155029296875
842.2093505859375
843.1841430664062
844.6500854492188
844.6094360351562
55.419036865234375
110.81192016601562
62.158851623535156
86.81651306152344
1.0915377140045166
843.3011474609375
50.22651672363281
845.06640625
845.8838500976562
844.76220703125
225.76791381835938
67.69208526611328
846.2989501953125
103.89913940429688
-8.5892333984375
847.389892578125
44.092002868652344
845.010009765625
95.5655746459961
844.3972778320312
33.97062683105469
844.6212768554688
36.09747314453125
841.298583984375
844.243896484375
842.2261962890625
30.69853973388672
843.9130859375
840.4378662109375
843.00634765625
840.5474243164062
844.4068603515625
841.2725830078125
13.197497367858887
842.5886840820312
47.184669494628906
842.2135620117188
844.9597778320312
65.00818634033203
842.818359375
84.48136901855469
842.164306640625
845.6656494140625
842.7037353515625
843.9798583984375
30.93161964416504
107.4963150024414
844.32958984375
845.3527221679688
-19.633169174194336
846.0256958007812
842.5797729492188
846.245361328125
20.723388671875
74.47932434082031
39.746402740478516
843.0980224609375
12.993682861328125
842.7457275390625
111.76940155029297
847.8447875976562
842.4710693359375
843.6177368164062
843.6297607421875
218.63540649414062
358.9173583984375
842.4237060546875
846.6740112304688
14.73599624633789
67.82562255859375
71.8973388671875
-55.96404266357422
838.9371948242188
843.2420654296875
845.5186157226562
94.41238403320312
844.3634033203125
844.7252197265625
844.5843505859375
7.964139938354492
124.2650146484375
45.64423370361328
225.3594970703125
844.2706298828125
844.7012939453125
174.71261596679688
33.46100616455078
845.482666015625
843.163330078125
841.3513793945312
846.1345825195312
43.53218460083008
27.866310119628906
30.279346466064453
847.041015625
843.24853515625
-0.21651482582092285
842.4100341796875
841.0360107421875
842.7935791015625
844.564697265625
39.153953552246094
844.4078369140625
65.26458740234375
9.720277786254883
844.1534423828125
846.5758056640625
188.2283935546875
-22.829010009765625
843.5140991210938
844.0377197265625
27.098651885986328
41.342376708984375
133.96926879882812
56.27565002441406
63.369384765625
843.546142578125
25.903331756591797
839.93115234375
37.34295654296875
841.900146484375
-5.91278076171875e-05
-32.421791076660156
840.6151123046875
842.2262573242188
845.2947998046875
48.99052429199219
-16.94784927368164
-28.323116302490234
23.11981201171875
-43.13044738769531
842.4979248046875
843.3533935546875
13.040629386901855
844.765625
131.70553588867188
843.7866821289062
165.21571350097656
843.80322265625
844.81591796875
26.078466415405273
79.24736022949219
61.92405700683594
71.4904556274414
185.53067016601562
843.1856689453125
845.1333618164062
843.98095703125
844.1922607421875
-15.442161560058594
2.722973346710205
841.964111328125
52.48249816894531
-10.578699111938477
245.99002075195312
10.718690872192383
841.3994140625
845.072998046875
55.02972412109375
845.0009765625
127.71859741210938
845.271484375
845.486083984375
842.9725341796875
841.2998657226562
31.749549865722656
845.783203125
12.812187194824219
843.900634765625
6.659728527069092
16.639060974121094
844.861572265625
-45.589385986328125
70.42716217041016
110.87129211425781
61.20628356933594
-23.060420989990234
842.3900146484375
842.0250244140625
149.34912109375
843.0936279296875
-13.5498046875
44.34391784667969
843.5958862304688
79.64175415039062
843.14990234375
50.034873962402344
134.13592529296875
6.419534206390381
846.2347412109375
843.526123046875
842.4679565429688
13.419230461120605
65.15345764160156
172.6916046142578
33.9890251159668
844.7096557617188
842.4521484375
37.070587158203125
844.8497314453125
44.631858825683594
844.060546875
841.8895263671875
60.97235107421875
841.5189208984375
49.50796127319336
842.6737060546875
844.8807983398438
844.4190673828125
841.763427734375
841.9649658203125
42.83867645263672
-20.716169357299805
844.59521484375
-12.009222030639648
10.669675827026367
14.423002243041992
844.995849609375
841.7162475585938
843.6685180664062
95.17073059082031
843.2125244140625
845.1148681640625
844.1072998046875
63.52048110961914
-2.205166816711426
38.302284240722656
845.5435791015625
101.6834945678711
844.0513916015625
846.6962280273438
38.56172561645508
844.9783935546875
18.226072311401367
217.57888793945312
842.3626098632812
844.8514404296875
843.47705078125
116.56071472167969
841.4663696289062
-8.455890655517578
25.42690658569336
24.904312133789062
841.8826904296875
28.313690185546875
41.525856018066406
84.14493560791016
6.117049694061279
91.0936508178711
842.9276123046875
-10.070723533630371
73.07261657714844
131.92498779296875
844.619384765625
26.46639633178711
844.3739013671875
846.2454833984375
-14.316608428955078
131.64712524414062
28.579164505004883
842.560546875
99.8098373413086
842.673583984375
843.3514404296875
846.185546875
846.5338134765625
196.1912841796875
156.52398681640625
840.3932495117188
845.193359375
120.26693725585938
60.12945556640625
144.58523559570312
845.59814453125
51.06470489501953
28.392227172851562
11.231270790100098
39.601112365722656
846.4398193359375
59.815147399902344
3.8256845474243164
149.0105743408203
10.116403579711914
843.4008178710938
25.158395767211914
841.98046875
844.6627197265625
47.20135498046875
29.725486755371094
19.461557388305664
843.1392822265625
6.130828857421875
843.43359375
844.9752197265625
841.2989501953125
843.4512939453125
35.30577850341797
55.388282775878906
42.4122428894043
41.51643371582031
82.67615509033203
8.778549194335938
155.7096405029297
40.87538528442383
844.6583251953125
844.806640625
133.75364685058594
847.374755859375
843.3280029296875
81.87869262695312
845.830810546875
844.0664672851562
846.018798828125
15.406370162963867
842.5003662109375
26.315412521362305
843.9742431640625
841.9429931640625
844.874755859375
28.338611602783203
846.3016967773438
839.4996337890625
841.4502563476562
843.9425048828125
845.1152954101562
843.8410034179688
842.8026123046875
111.58039855957031
842.1665649414062
845.5394897460938
6.567535400390625
157.12051391601562
842.364501953125
27.37289810180664
845.0110473632812
844.1612548828125
18.584861755371094
93.12178039550781
19.353036880493164
-17.567216873168945
845.7027587890625
839.4337768554688
21.264497756958008
126.16644287109375
842.3090209960938
843.1815185546875
842.6869506835938
121.95578002929688
147.39520263671875
9.480077743530273
844.4354248046875
11.516501426696777
844.6827392578125
842.1226806640625
51.465728759765625
841.8553466796875
840.357666015625
842.2150268554688
846.76123046875
846.9373779296875
193.4160614013672
843.7332763671875
-7.466010093688965
150.89305114746094
115.3730239868164
840.9652099609375
57.995582580566406
843.5658569335938
843.095458984375
27.645889282226562
845.5479736328125
843.3148193359375
13.220569610595703
12.498685836791992
845.9945678710938
2.80470871925354
14.44023323059082
845.9104614257812
123.87289428710938
842.2935180664062
842.9423217773438
843.6119384765625
844.0
68.46923065185547
840.520263671875
14.392654418945312
102.10160064697266
-11.79916000366211
845.94384765625
843.97509765625
842.6575927734375
842.12255859375
843.2227783203125
6.039124011993408
171.12570190429688
843.8930053710938
844.380126953125
842.49609375
57.37751770019531
25.748241424560547
843.0296630859375
-19.47966194152832
843.03271484375
-4.376128673553467
843.55908203125
40.74678039550781
846.0888671875
43.1945686340332
104.51515197753906
32.85104751586914
843.735107421875
11.651573181152344
844.0856323242188
845.3719482421875
843.274169921875
54.18183898925781
843.0104370117188
-25.39450454711914
89.45475769042969
844.8551635742188
846.58154296875
32.884803771972656
841.7733154296875
842.113037109375
843.735107421875
841.0743408203125
74.50040435791016
121.20079803466797
842.135498046875
845.595947265625
101.65287780761719
28.849185943603516
14.434856414794922
846.5220947265625
845.0947875976562
842.576416015625
844.7011108398438
842.1583862304688
845.109619140625
14.327168464660645
843.5301513671875
842.5706176757812
206.70794677734375
45.525123596191406
31.537147521972656
18.841785430908203
843.5355224609375
41.38728332519531
842.5794677734375
12.963414192199707
46.46372985839844
69.17561340332031
842.8351440429688
840.5764770507812
166.66213989257812
83.95071411132812
23.372692108154297
844.0836181640625
-2.0254569053649902
842.3063354492188
77.04263305664062
843.1854248046875
845.00146484375
173.34059143066406
842.90771484375
842.68798828125
-11.286874771118164
844.9683837890625
11.464256286621094
42.35277557373047
842.750732421875
80.41155242919922
37.226585388183594
841.4207153320312
-4.072073936462402
76.68168640136719
31.062091827392578
92.6756591796875
842.3287353515625
47.033172607421875
842.4910888671875
844.9310302734375
78.43896484375
50.81552505493164
40.50455856323242
51.86637878417969
126.95281982421875
296.5832214355469
845.566162109375
841.4533081054688
842.0275268554688
843.7670288085938
225.32554626464844
81.60423278808594
846.3246459960938
63.09953689575195
95.56945037841797
843.1702880859375
13.444674491882324
18.242202758789062
843.3361206054688
843.3277587890625
844.857421875
38.724143981933594
845.0196533203125
843.9439697265625
846.6700439453125
-11.706944465637207
34.912052154541016
67.69430541992188
845.7455444335938
64.2101821899414
844.57177734375
841.86474609375
842.7343139648438
846.8076171875
844.7969970703125
844.724609375
-22.105749130249023
3.553365707397461
161.23060607910156
52.87784194946289
845.2098388671875
-14.035836219787598
79.68501281738281
844.3587646484375
0.48682594299316406
-10.730982780456543
32.118247985839844
840.21435546875
3.0698184967041016
844.6976318359375
203.923095703125
844.0242919921875
844.3677978515625
844.4002075195312
841.865234375
843.6233520507812
2.4948534965515137
14.929546356201172
51.70825958251953
842.4280395507812
77.420654296875
158.5255126953125
0.9056639671325684
842.1993408203125
842.1180419921875
844.3414306640625
845.1480712890625
842.4051513671875
148.81175231933594
840.9224853515625
841.797119140625
80.77619934082031
12.322555541992188
58.76447677612305
279.8560791015625
144.23342895507812
11.31954574584961
-13.645217895507812
49.88883972167969
845.6334838867188
30.845264434814453
844.712646484375
846.5107421875
16.368743896484375
842.8824462890625
842.0932006835938
133.1924591064453
83.08283996582031
-8.385635375976562
14.137653350830078
842.27587890625
66.50355529785156
843.7022705078125
89.83494567871094
116.78543853759766
17.034221649169922
24.52566909790039
80.34616088867188
28.826061248779297
1.589383602142334
843.1689453125
8.088212966918945
-4.157279968261719
845.254638671875
844.2296142578125
68.76005554199219
-42.80754470825195
844.51318359375
-45.45983123779297
19.989086151123047
-19.572967529296875
842.248291015625
843.00634765625
-17.73143768310547
97.68539428710938
843.7960815429688
841.9033203125
72.59686279296875
22.662229537963867
91.34365844726562
63.354278564453125
36.98075866699219
843.1478271484375
-21.991226196289062
164.8700408935547
16.33539581298828
843.7205200195312
843.3554077148438
-10.348207473754883
-5.102712631225586
843.8953857421875
38.97532653808594
845.62890625
843.4119873046875
846.2567138671875
67.3809814453125
846.8280029296875
-7.712756156921387
844.1372680664062
843.031494140625
843.5466918945312
56.69979476928711
68.12386322021484
843.9027709960938
841.919189453125
846.4478149414062
842.741943359375
843.8721923828125
-3.688716411590576
18.41372299194336
56.23652648925781
846.1539916992188
842.0280151367188
53.59050750732422
-16.061626434326172
843.6787109375
844.720947265625
841.537353515625
57.56610107421875
845.2099609375
165.33364868164062
-10.94906234741211
845.4832153320312
845.9344482421875
30.001909255981445
165.95059204101562
843.306640625
9.288376808166504
845.6187744140625
842.624267578125
845.1424560546875
845.2841796875
845.3413696289062
844.054931640625
841.824951171875
845.2943115234375
841.8350219726562
156.90736389160156
845.257568359375
845.8126220703125
0.3004087209701538
845.5126953125
844.92138671875
31.54361915588379
844.2108154296875
841.5230712890625
843.497802734375
841.8427734375
116.09613037109375
842.5040283203125
843.0657958984375
845.4164428710938
-19.108510971069336
4.246018409729004
845.4585571289062
79.50956726074219
160.03033447265625
118.47915649414062
842.9202880859375
843.6744384765625
843.5068359375
-11.676655769348145
-21.305965423583984
843.673095703125
841.3244018554688
108.14896392822266
843.835205078125
844.0801391601562
21.79761505126953
52.311885833740234
29.127124786376953
844.6979370117188
844.4442138671875
31.21078872680664
844.35986328125
24.762388229370117
28.56582260131836
844.0100708007812
16.567527770996094
98.60836791992188
-18.036697387695312
844.23291015625
162.24468994140625
843.6298217773438
843.29443359375
843.1304321289062
843.4161987304688
842.7352905273438
71.20966339111328
841.5924072265625
115.57693481445312
100.81531524658203
842.8583984375
843.2119140625
844.95263671875
843.3125610351562
41.756072998046875
844.4019165039062
134.07127380371094
841.4149169921875
96.35508728027344
845.2496337890625
165.83297729492188
842.4599609375
132.03005981445312
88.63768768310547
240.16812133789062
846.1184692382812
8.538342475891113
844.6898803710938
844.464599609375
138.98301696777344
33.86805725097656
3.21958065032959
845.4447631835938
846.58447265625
842.674072265625
842.6190795898438
61.65167999267578
81.7659683227539
-4.622136116027832
841.897216796875
845.6439208984375
842.5108032226562
843.733154296875
844.4851684570312
843.2049560546875
18.613039016723633
843.991943359375
219.76707458496094
842.370361328125
843.2490844726562
107.9962158203125
843.1915283203125
20.241928100585938
842.9429931640625
841.5559692382812
104.1402816772461
175.34701538085938
840.713134765625
164.2166290283203
842.6513671875
-2.542046546936035
842.9635009765625
840.3785400390625
2.2925620079040527
842.4283447265625
88.44917297363281
843.158203125
6.049079895019531
35.36648941040039
18.449981689453125
842.85595703125
844.0565185546875
122.73692321777344
842.7474365234375
143.66952514648438
843.33056640625
842.2827758789062
843.880126953125
85.46615600585938
60.25611877441406
845.5081787109375
842.6439819335938
843.948486328125
840.9463500976562
843.2442626953125
38.42423629760742
34.42353820800781
3.044605016708374
844.284912109375
839.9310913085938
841.2318115234375
50.38148498535156
845.5191040039062
846.7341918945312
842.736083984375
104.05913543701172
843.335205078125
843.729736328125
842.7060546875
844.7289428710938
45.63261032104492
839.880615234375
-10.033921241760254
844.85107421875
-7.8780694007873535
844.9693603515625
86.3206558227539
74.74673461914062
842.7658081054688
35.13792419433594
844.367431640625
846.63916015625
56.84606170654297
842.631591796875
64.38153076171875
843.3167114257812
179.10150146484375
842.7843017578125
77.21238708496094
69.21870422363281
841.1795654296875
140.75189208984375
31.87782096862793
842.6094970703125
842.6376953125
843.5062866210938
49.93757247924805
42.445579528808594
843.78466796875
25.880077362060547
-1.9251389503479004
31.316638946533203
842.3519897460938
842.6864624023438
18.413530349731445
842.3963623046875
844.1849365234375
842.717041015625
843.877685546875
844.46875
168.85960388183594
843.001220703125
844.12548828125
844.40966796875
841.9654541015625
842.13720703125
108.65596008300781
60.966793060302734
123.06303405761719
844.8251953125
6.759604454040527
844.4462890625
55.491188049316406
341.57958984375
24.026155471801758
843.7391357421875
840.4213256835938
843.943115234375
845.3885498046875
844.84716796875
34.259037017822266
841.1839599609375
112.12783813476562
-3.210247755050659
842.7635498046875
845.905517578125
844.693359375
844.0928955078125
18.721202850341797
842.7476806640625
844.003662109375
29.918819427490234
842.8590698242188
841.0347900390625
148.96060180664062
843.8145751953125
844.7039794921875
845.7391357421875
845.18505859375
845.6749877929688
843.08642578125
846.0709228515625
843.6937255859375
844.3214111328125
840.00439453125
840.9282836914062
78.99334716796875
18.25963592529297
841.2518920898438
53.84749984741211
841.675048828125
158.016357421875
-11.10468578338623
69.48538970947266
844.1640014648438
-2.5443265438079834
841.9365234375
845.1091918945312
844.6524658203125
68.23676300048828
844.1829833984375
-21.15190887451172
840.5152587890625
846.4766235351562
847.0340576171875
36.015289306640625
844.54443359375
24.758930206298828
69.34207153320312
842.2600708007812
10.041302680969238
112.49217987060547
49.13629913330078
845.4434204101562
843.1504516601562
846.6497802734375
60.69944763183594
842.35888671875
843.5345458984375
119.30950164794922
99.04143524169922
843.4474487304688
33.998931884765625
844.4694213867188
840.938232421875
842.92626953125
841.94921875
841.7518310546875
841.457763671875
843.0613403320312
52.1827392578125
843.6976318359375
841.8994140625
841.28955078125
-21.15189552307129
48.018463134765625
841.8692626953125
842.635009765625
842.63525390625
841.8062744140625
844.7847900390625
-34.5572624206543
844.1466064453125
845.046142578125
44.149810791015625
844.1849365234375
845.5860595703125
21.693584442138672
844.7099609375
842.640869140625
164.71871948242188
840.6456298828125
65.65300750732422
54.751548767089844
843.9304809570312
29.001211166381836
151.9319305419922
70.06704711914062
844.973388671875
98.39967346191406
20.20671844482422
69.23870849609375
-13.756330490112305
82.24781799316406
845.2862548828125
844.5440673828125
843.3576049804688
166.6278076171875
845.0484619140625
24.14537811279297
841.7390747070312
388.74365234375
98.25691986083984
-9.623680114746094
842.5585327148438
842.0784912109375
155.96774291992188
99.14973449707031
24.810100555419922
843.7869873046875
843.0601806640625
29.204723358154297
48.960723876953125
302.6370849609375
18.956707000732422
170.72625732421875
-14.863656997680664
842.0699462890625
842.074462890625
844.5279541015625
844.2119750976562
50.02027893066406
-17.080223083496094
843.2940673828125
844.664306640625
-15.713621139526367
845.4305419921875
843.9296264648438
845.1475830078125
842.8770751953125
847.15478515625
98.5436782836914
841.9396362304688
844.7430419921875
144.35433959960938
841.3145751953125
845.5901489257812
165.9088897705078
29.033205032348633
38.22390365600586
171.118896484375
168.70321655273438
844.4402465820312
34.002113342285156
843.298583984375
36.582908630371094
841.4024047851562
843.0816650390625
843.0264282226562
844.79052734375
842.9935302734375
842.4334106445312
135.0994873046875
845.2918701171875
122.15473937988281
845.2791748046875
843.994384765625
73.55549621582031
841.2430419921875
-9.000204086303711
42.225830078125
1.801467776298523
844.09716796875
843.2266845703125
10.112399101257324
843.3998413085938
842.2969970703125
842.5035400390625
8.465362548828125
81.76271057128906
844.9971923828125
843.8685302734375
844.3878173828125
41.275146484375
842.1714477539062
89.94224548339844
840.4599609375
844.3714599609375
102.04302978515625
194.06222534179688
-23.667245864868164
118.93464660644531
-11.668547630310059
843.3468017578125
842.781494140625
842.576416015625
845.5144653320312
-24.035112380981445
52.24055480957031
844.8390502929688
124.88223266601562
20.667951583862305
843.9891967773438
847.3041381835938
-14.913898468017578
59.75697326660156
844.4228515625
841.6439208984375
19.629520416259766
6.503066062927246
176.63858032226562
11.400411605834961
842.7960205078125
90.1952896118164
842.5848388671875
842.4306030273438
32.03704071044922
56.60663604736328
20.545394897460938
29.44573974609375
843.451904296875
842.11181640625
843.1210327148438
844.708251953125
844.8375244140625
844.8404541015625
845.2474365234375
95.34779357910156
841.0136108398438
-7.835443019866943
844.0921630859375
59.70873260498047
68.03010559082031
842.78955078125
-11.521132469177246
841.3651123046875
64.70436096191406
26.24078369140625
35.65037536621094
55.57875061035156
92.05976867675781
63.594573974609375
846.1013793945312
840.6005859375
842.633056640625
16.876298904418945
843.4533081054688
844.0228271484375
-9.161642074584961
58.95427703857422
58.046722412109375
60.46810531616211
843.4197387695312
30.19683265686035
841.3475952148438
844.0853271484375
65.2469253540039
4.562997817993164
18.29862403869629
844.91357421875
842.2418212890625
846.0601806640625
49.915733337402344
844.3936157226562
164.13209533691406
33.001895904541016
104.28401947021484
26.82790756225586
844.2137451171875
47.834129333496094
-3.9879019260406494
96.84178161621094
9.515382766723633
843.4842529296875
47.40672302246094
844.2417602539062
844.0169067382812
122.47474670410156
844.1281127929688
88.66593933105469
31.1317195892334
844.3681030273438
100.6999740600586
2.883619785308838
844.104736328125
46.656883239746094
846.2968139648438
842.067138671875
844.2108154296875
-2.589991569519043
80.11331176757812
845.301513671875
26.701160430908203
844.8380737304688
132.3992919921875
840.9235229492188
844.258056640625
843.512451171875
5.350757598876953
52.959068298339844
845.5049438476562
23.832725524902344
841.4097900390625
207.7607421875
77.29132080078125
843.08056640625
843.8203125
842.938232421875
842.5006713867188
33.738616943359375
105.13631439208984
84.06804656982422
842.9029541015625
844.495849609375
250.50538635253906
842.30419921875
842.81005859375
845.1749877929688
844.6796264648438
840.0015258789062
165.85557556152344
840.7894287109375
86.58668518066406
3.6441874504089355
-28.449748992919922
128.29690551757812
843.541748046875
843.2651977539062
843.029052734375
847.7807006835938
844.8389282226562
73.99429321289062
844.3514404296875
141.5772705078125
844.820068359375
84.22982025146484
844.0087890625
842.0908203125
7.544491767883301
133.67042541503906
846.2005004882812
62.940914154052734
841.729736328125
844.353271484375
846.17919921875
841.9254150390625
841.8345947265625
93.76512908935547
40.209415435791016
843.38037109375
57.76502227783203
133.33328247070312
841.8713989257812
845.1663818359375
56.345436096191406
36.58488845825195
842.7152099609375
843.5042724609375
843.224609375
103.31222534179688
54.14704513549805
29.423053741455078
839.60791015625
842.7863159179688
99.12356567382812
40.67708969116211
50.331573486328125
843.7958984375
844.6422119140625
239.09942626953125
82.99481964111328
66.92990112304688
83.11084747314453
27.007049560546875
105.86930084228516
122.82322692871094
39.746788024902344
843.5501708984375
842.9071044921875
845.140380859375
843.7342529296875
91.61164093017578
845.673828125
843.9677734375
14.540596961975098
844.056640625
843.9583740234375
843.251708984375
840.8655395507812
843.593017578125
129.3431396484375
843.87060546875
843.9627685546875
842.751708984375
14.589587211608887
841.6485595703125
193.94439697265625
844.450439453125
843.5709228515625
279.8517761230469
843.7556762695312
840.37353515625
840.1531982421875
-9.647664070129395
844.2491455078125
87.98785400390625
170.79891967773438
846.0747680664062
840.0110473632812
65.71073913574219
843.3387451171875
22.86882781982422
54.921165466308594
71.14619445800781
841.88134765625
114.371826171875
844.3359375
843.362548828125
843.36376953125
841.283935546875
15.773590087890625
137.023193359375
842.25830078125
842.8160400390625
41.89421844482422
843.0066528320312
842.563232421875
76.45567321777344
-24.841876983642578
844.538818359375
31.700408935546875
844.3316040039062
840.675537109375
844.70654296875
842.4168701171875
82.90899658203125
43.97259521484375
11.757577896118164
843.9010009765625
141.5286865234375
115.44668579101562
843.8760375976562
91.5885009765625
843.0991821289062
845.4791259765625
844.702392578125
844.001953125
843.778076171875
842.3306884765625
845.3612060546875
94.73966217041016
844.4532470703125
104.35772705078125
117.54174041748047
36.97047424316406
843.56201171875
842.876708984375
25.564258575439453
89.494873046875
845.266845703125
841.7355346679688
843.61572265625
56.5539436340332
10.098989486694336
172.54339599609375
843.4611206054688
842.92138671875
846.11767578125
843.920654296875
28.80699920654297
36.07252883911133
152.80186462402344
-45.93584442138672
842.8911743164062
843.3225708007812
842.4443969726562
842.5557861328125
7.0770111083984375
194.36099243164062
845.0028076171875
90.68891906738281
18.331844329833984
57.752197265625
26.729799270629883
841.0343017578125
844.0852661132812
38.36576843261719
24.020509719848633
842.01171875
844.5499267578125
130.4227294921875
842.80224609375
19.264968872070312
82.80975341796875
843.16259765625
-17.86013412475586
840.81787109375
84.98833465576172
845.06884765625
159.04953002929688
7.874067306518555
842.1640014648438
842.67236328125
95.46354675292969
11.172717094421387
-15.633779525756836
845.5130615234375
841.9694213867188
842.7431030273438
175.89283752441406
844.2469482421875
44.03194808959961
844.717529296875
8.627254486083984
844.4183349609375
843.2957153320312
44.29911804199219
9.234244346618652
846.3734130859375
846.2633056640625
838.206787109375
47.531044006347656
843.1702880859375
109.89219665527344
51.30598449707031
844.2139282226562
845.725830078125
843.5478515625
843.7509765625
843.326904296875
113.50118255615234
844.8160400390625
844.759765625
841.226318359375
181.32308959960938
842.1221923828125
845.2819213867188
45.13620376586914
-25.10738754272461
60.02961730957031
841.2709350585938
843.798828125
843.13671875
843.316162109375
843.63232421875
108.46977996826172
842.8988037109375
838.932373046875
844.7576904296875
842.8336181640625
842.0594482421875
113.0504379272461
205.11679077148438
844.5543212890625
124.45777130126953
1.2291886806488037
57.60828399658203
845.876708984375
32.14945602416992
844.1363525390625
844.5960083007812
842.821533203125
844.7090454101562
843.884765625
-17.625015258789062
140.70057678222656
844.7894287109375
30.894689559936523
31.433956146240234
46.480323791503906
38.856353759765625
842.2904663085938
843.7764892578125
35.481788635253906
25.83058738708496
46.653961181640625
841.5255737304688
842.4285278320312
846.1536865234375
842.336181640625
844.085205078125
844.7159423828125
843.1897583007812
843.363037109375
841.7421875
843.7813110351562
57.899559020996094
141.35348510742188
34.390506744384766
842.3990478515625
5.703628063201904
-1.8110733032226562
29.08245086669922
846.4413452148438
843.025390625
71.29045104980469
843.4719848632812
844.4637451171875
-1.6086846590042114
844.099365234375
846.078125
842.5385131835938
841.4200439453125
844.1097412109375
0.5838987827301025
843.27685546875
840.8333129882812
61.170021057128906
100.50624084472656
840.63330078125
844.5916137695312
846.1060791015625
842.8463134765625
841.9989624023438
844.4522094726562
-20.595338821411133
844.147705078125
843.1961059570312
842.4244384765625
843.8072509765625
843.3986206054688
113.8815689086914
842.8560791015625
11.387205123901367
-14.360153198242188
196.91363525390625
160.3416748046875
71.47506713867188
844.2411499023438
107.68022155761719
29.43131446838379
843.8768310546875
14.055341720581055
63.53369140625
88.9898681640625
85.57290649414062
842.6143188476562
843.459716796875
69.95765686035156
52.87940216064453
842.5375366210938
78.12345886230469
-13.099295616149902
844.40673828125
-35.50318908691406
217.4368896484375
24.919694900512695
844.85107421875
-21.243019104003906
174.75885009765625
95.64429473876953
40.418609619140625
131.17800903320312
843.5023803710938
267.47882080078125
844.0859375
45.78676223754883
843.081787109375
843.3031616210938
845.5095825195312
844.5230712890625
844.3056640625
844.2581787109375
58.391544342041016
16.14291763305664
842.6134033203125
22.205665588378906
845.0477294921875
99.485107421875
184.84494018554688
115.85014343261719
845.5198364257812
843.0560913085938
48.12422561645508
844.7615966796875
840.7991943359375
76.46804809570312
103.56688690185547
842.9027709960938
138.5524444580078
843.8782958984375
841.8719482421875
840.7281494140625
40.53565979003906
844.5801391601562
842.0670166015625
12.656583786010742
841.7847900390625
841.9654541015625
-3.534560441970825
49.70460891723633
90.10517883300781
845.505615234375
841.6409912109375
844.6273193359375
841.4876708984375
26.890745162963867
844.0485229492188
125.96878814697266
845.5888671875
843.8699951171875
843.0740356445312
59.294273376464844
844.2353515625
842.132568359375
843.4586791992188
73.8851547241211
845.728271484375
843.2130737304688
841.6265869140625
9.654853820800781
843.939697265625
841.3983154296875
842.3108520507812
843.7138061523438
842.3408203125
191.8744354248047
843.609619140625
844.4599609375
36.61146545410156
842.7131958007812
845.3226928710938
843.3915405273438
844.5364379882812
256.8199768066406
845.4444580078125
841.7401123046875
843.5581665039062
46.07075500488281
843.2874755859375
843.95263671875
67.79690551757812
842.9570922851562
222.16856384277344
845.0151977539062
102.4338150024414
2.5576930046081543
844.4697265625
843.1156005859375
843.5809326171875
839.8971557617188
843.5549926757812
264.9024658203125
843.621337890625
843.3760986328125
55.26336669921875
843.68017578125
843.0303955078125
-11.656307220458984
841.1005859375
61.40156555175781
44.83992385864258
839.720947265625
104.29512023925781
11.143508911132812
845.839111328125
-6.387115478515625
100.66134643554688
842.5892333984375
35.44078063964844
12.191277503967285
844.2255859375
845.3746948242188
-10.417628288269043
842.9434814453125
841.292724609375
844.9302368164062
843.676025390625
98.36251831054688
844.3632202148438
61.165306091308594
844.3617553710938
845.1784057617188
35.45416259765625
842.5703125
844.1385498046875
842.6002197265625
841.4619140625
65.65570831298828
208.50827026367188
843.0206298828125
844.6138916015625
212.7940673828125
842.277099609375
111.28556060791016
844.5388793945312
842.5530395507812
78.61705780029297
844.300048828125
842.1192626953125
92.73802185058594
13.165885925292969
844.0853271484375
842.1788330078125
843.7606201171875
842.1209716796875
841.9570922851562
120.70608520507812
5.5521769523620605
66.89909362792969
843.0527954101562
844.6854248046875
846.2947998046875
843.3767700195312
42.89650344848633
21.81310272216797
842.33740234375
844.2134399414062
842.9697265625
842.823486328125
258.26239013671875
90.73926544189453
846.2989501953125
844.1328735351562
13.721641540527344
844.9304809570312
846.643798828125
846.63671875
844.6373901367188
846.00244140625
842.4029541015625
68.46902465820312
844.7216796875
843.3986206054688
843.91845703125
844.257080078125
62.135494232177734
28.673805236816406
844.596435546875
171.99234008789062
843.7232666015625
841.2076416015625
843.684814453125
842.7603759765625
9.80246353149414
39.95237350463867
33.846275329589844
844.4190673828125
845.15869140625
843.486328125
843.8289794921875
844.6577758789062
201.81671142578125
139.33297729492188
55.83974075317383
842.5343017578125
841.7454833984375
844.30029296875
844.869140625
843.025634765625
842.6565551757812
844.2879638671875
129.6270294189453
843.9764404296875
842.84033203125
844.3513793945312
844.5087890625
156.43365478515625
842.7623291015625
840.9214477539062
842.1270751953125
841.1619873046875
106.11215209960938
843.556640625
27.365211486816406
27.137664794921875
64.30577087402344
844.0260009765625
844.087158203125
842.7490234375
36.2918701171875
149.655029296875
841.3688354492188
844.2835693359375
842.5081176757812
58.795570373535156
843.9552612304688
844.3095703125
21.902118682861328
51.36286163330078
3.695643424987793
1.7849671840667725
842.1041259765625
90.13088989257812
356.276611328125
180.80877685546875
23.503402709960938
47.166954040527344
843.3746948242188
61.226318359375
844.1585693359375
844.4310913085938
842.23095703125
118.21324920654297
844.4125366210938
842.4393920898438
844.217529296875
843.8502197265625
843.1190795898438
842.66796875
37.408851623535156
30.966896057128906
842.621826171875
844.9908447265625
41.934532165527344
840.2401733398438
53.41212844848633
842.6746215820312
845.4588012695312
843.1808471679688
71.47740936279297
842.369384765625
843.2899169921875
845.296875
843.0426025390625
846.2498779296875
841.5072021484375
-0.6970338225364685
843.3614501953125
13.763359069824219
841.5081176757812
842.6687622070312
842.4161376953125
51.233036041259766
66.80513000488281
843.0369262695312
35.42274856567383
38.815574645996094
844.647216796875
844.868896484375
-12.667025566101074
842.804931640625
845.5592041015625
218.47940063476562
843.1505126953125
111.16387176513672
843.66015625
845.1063232421875
-24.560375213623047
64.3030014038086
842.7750244140625
842.8934936523438
844.7628784179688
842.5048828125
843.7742919921875
24.83490753173828
843.225830078125
843.5687255859375
846.887451171875
5.13623046875
841.3928833007812
841.7967529296875
838.96630859375
-9.372629165649414
66.85169982910156
843.33544921875
83.84906005859375
95.00460815429688
46.58955001831055
843.5103759765625
13.471707344055176
843.6450805664062
845.7061767578125
96.02449035644531
173.87570190429688
842.1259155273438
846.0595703125
84.02191162109375
843.5322265625
68.475341796875
171.46377563476562
844.2172241210938
841.997802734375
842.929931640625
840.4281005859375
19.956707000732422
5.051161766052246
842.8406982421875
844.7711181640625
842.9322509765625
844.4131469726562
842.5747680664062
29.61345863342285
840.4918823242188
19.378477096557617
845.7899780273438
-50.966365814208984
-11.248702049255371
844.709716796875
844.85400390625
842.4614868164062
28.976375579833984
842.8060302734375
-31.587167739868164
-10.178993225097656
29.51613998413086
117.64981079101562
2.785954475402832
-58.15580368041992
21.511213302612305
10.087162017822266
24.418460845947266
841.8032836914062
841.9288330078125
842.6009521484375
843.1512451171875
120.37284088134766
845.797119140625
29.933975219726562
18.069448471069336
845.051025390625
843.8850708007812
842.9984741210938
841.2012329101562
847.296142578125
-17.921100616455078
845.64794921875
58.12820816040039
843.4490966796875
841.17626953125
843.8447265625
58.34082794189453
81.49696350097656
844.4730224609375
841.8465576171875
842.5498046875
845.9820556640625
73.45965576171875
844.1985473632812
845.05517578125
844.1387329101562
842.44873046875
227.01400756835938
842.9755859375
43.369598388671875
74.77992248535156
101.52049255371094
841.9232788085938
312.4450988769531
844.401611328125
844.5220947265625
843.2098388671875
62.894126892089844
840.6689453125
844.43310546875
844.126708984375
842.7579345703125
841.4633178710938
840.6170043945312
66.5508804321289
39.42708206176758
843.7135620117188
845.4627685546875
842.2633056640625
157.89678955078125
160.8300018310547
127.00526428222656
842.9234619140625
202.40997314453125
844.7957153320312
843.5685424804688
843.1689453125
846.148193359375
43.39671325683594
842.4979248046875
841.0107421875
842.730712890625
844.7076416015625
841.87353515625
843.7107543945312
-10.578277587890625
844.153076171875
844.7868041992188
117.95196533203125
82.72711181640625
842.7652587890625
843.80078125
-6.643440246582031
843.4799194335938
843.736572265625
39.71292495727539
840.7122802734375
842.7239379882812
59.818756103515625
840.5419921875
197.16519165039062
841.3629760742188
843.1589965820312
127.15705871582031
15.230735778808594
842.6309814453125
842.906005859375
844.7359619140625
31.53786849975586
47.37984085083008
842.7369384765625
844.8706665039062
89.25495147705078
844.7337036132812
61.84882736206055
-6.103704452514648
843.0142822265625
841.9029541015625
29.35207176208496
842.239013671875
846.3314208984375
47.45915222167969
841.5955200195312
15.0286865234375
-38.324405670166016
87.2911605834961
842.744140625
68.7188720703125
843.87109375
844.1373901367188
189.37741088867188
841.683349609375
842.4581298828125
844.0474243164062
844.293212890625
844.1509399414062
842.5419921875
4.701454162597656
72.14881134033203
845.7808837890625
90.74200439453125
843.9613037109375
-12.909645080566406
41.012577056884766
26.194133758544922
168.21304321289062
-15.830394744873047
843.6224365234375
844.3350830078125
842.8279418945312
-13.235401153564453
843.2294921875
843.1826782226562
844.8112182617188
53.647850036621094
846.1272583007812
843.5901489257812
843.030517578125
197.48611450195312
842.8001708984375
844.3499755859375
11.644397735595703
844.6435546875
146.80642700195312
-31.14856719970703
844.3124389648438
845.0518798828125
842.8760986328125
163.095703125
70.84953308105469
845.3805541992188
842.9884643554688
843.0402221679688
846.2257690429688
-33.606651306152344
842.7490234375
53.263206481933594
845.146484375
60.94206619262695
35.032474517822266
52.24220657348633
-9.735620498657227
844.2017211914062
840.9107666015625
80.35212707519531
71.16777038574219
842.2008666992188
303.46490478515625
844.2943115234375
79.93830871582031
5.705578804016113
76.53742980957031
31.572341918945312
842.735595703125
846.214111328125
845.4493408203125
843.4296875
68.85914611816406
-21.265960693359375
106.78146362304688
69.08396911621094
65.92176055908203
12.071334838867188
147.36602783203125
842.1260986328125
152.3050537109375
843.6943359375
-0.9829705357551575
844.1612548828125
845.4056396484375
844.1185302734375
33.04766082763672
3.309843063354492
845.7239990234375
845.8580932617188
38.29206085205078
842.869873046875
-12.318580627441406
86.13956451416016
-12.834218978881836
49.879425048828125
843.296630859375
12.710436820983887
844.4327392578125
83.02083587646484
846.056396484375
-4.412039756774902
843.2630004882812
30.33489990234375
845.1853637695312
34.223365783691406
844.0206909179688
-15.792062759399414
43.75507354736328
843.5360717773438
22.30280876159668
843.76953125
106.59541320800781
9.931095123291016
36.09170150756836
4.907485008239746
845.792724609375
-22.206279754638672
844.4365234375
844.7986450195312
843.523681640625
841.526123046875
843.0423583984375
843.8798217773438
844.102294921875
150.9565887451172
842.4452514648438
843.6837768554688
842.2847290039062
45.31965255737305
842.3216552734375
843.4639282226562
70.04145812988281
117.75883483886719
842.4415893554688
843.9493408203125
843.713134765625
844.71484375
17.899566650390625
79.64213562011719
845.3301391601562
843.4754028320312
25.387104034423828
844.1368408203125
-10.993104934692383
844.65185546875
843.15673828125
85.49179077148438
91.77853393554688
-1.993156909942627
841.669677734375
88.0510025024414
123.65457916259766
845.1539306640625
846.8570556640625
844.634765625
120.29695129394531
23.928449630737305
845.1318969726562
846.3421630859375
843.3629150390625
841.25732421875
12.04287338256836
28.096097946166992
4.732962608337402
845.0548095703125
29.802797317504883
5.891415596008301
842.4781494140625
49.23381423950195
844.775390625
841.2782592773438
843.6589965820312
844.563720703125
19.424427032470703
842.6627197265625
845.6355590820312
843.4986572265625
19.247726440429688
204.55357360839844
844.933349609375
0.311676025390625
841.2691650390625
843.7395629882812
52.54179382324219
-0.3484712839126587
-46.532432556152344
842.5045166015625
844.358154296875
845.1209716796875
843.77734375
27.663393020629883
53.58159637451172
34.169677734375
67.73035430908203
-14.782787322998047
844.8737182617188
845.5932006835938
844.814453125
-42.311607360839844
843.5516967773438
844.9525146484375
59.526485443115234
844.28125
845.8575439453125
54.41910934448242
841.647705078125
844.2999877929688
28.401695251464844
843.255615234375
843.045166015625
52.49358367919922
844.89697265625
845.5560913085938
20.539705276489258
841.1759643554688
843.2471923828125
31.3745059967041
95.99386596679688
843.8565673828125
845.838623046875
844.5594482421875
55.119590759277344
44.38043975830078
842.3389892578125
32.376895904541016
845.4622802734375
844.4830932617188
98.9851303100586
844.2752685546875
840.845458984375
114.3237075805664
844.66455078125
66.88258361816406
38.98794174194336
844.9190063476562
844.6110229492188
842.3851318359375
47.16294479370117
843.1712646484375
840.8958740234375
23.421798706054688
842.2249755859375
844.3853759765625
841.9874877929688
842.0186767578125
841.617919921875
845.1964111328125
-2.7109203338623047
844.3424072265625
843.22509765625
5.746933460235596
842.6282348632812
37.10596466064453
13.241310119628906
29.239286422729492
843.27587890625
43.466102600097656
42.83836364746094
841.24853515625
845.5555419921875
844.20263671875
842.1261596679688
843.4711303710938
66.26896667480469
43.808921813964844
175.77920532226562
843.0631103515625
844.7103271484375
101.14521789550781
100.0546646118164
843.6776123046875
76.89828491210938
844.2445068359375
842.9439086914062
844.411865234375
845.9688720703125
22.59369468688965
843.1417236328125
32.660850524902344
845.440673828125
841.5062255859375
11.61337947845459
53.10898971557617
844.1868286132812
18.043088912963867
842.2708740234375
842.2728271484375
54.88985824584961
843.5184326171875
63.8719367980957
200.72207641601562
844.5948486328125
121.5594253540039
50.195411682128906
844.414794921875
842.4559326171875
841.7337646484375
24.36195945739746
5.922478199005127
839.23828125
69.58907318115234
204.2451171875
841.4117431640625
844.4749755859375
843.639892578125
843.8585205078125
842.6943969726562
843.7491455078125
-8.135138511657715
847.8519287109375
845.0613403320312
92.73434448242188
4.443449974060059
78.40103149414062
39.684234619140625
40.77180480957031
49.42708969116211
107.94202423095703
845.5902099609375
133.8238067626953
843.8649291992188
17.259754180908203
843.7929077148438
842.0000610351562
202.9079132080078
52.67278289794922
844.1444091796875
192.6741180419922
846.7435913085938
87.28009033203125
842.8744506835938
-18.422792434692383
842.1065063476562
843.1495361328125
840.7715454101562
841.8681640625
844.391845703125
63.976524353027344
843.509521484375
124.32530212402344
-42.358497619628906
845.0946044921875
845.8526611328125
20.56785774230957
843.6666259765625
33.979042053222656
846.438232421875
844.0610961914062
213.36300659179688
841.4497680664062
-14.550725936889648
844.909423828125
29.92745590209961
842.929443359375
842.281005859375
68.22480773925781
843.5615234375
114.94632720947266
54.15195083618164
843.8427124023438
846.422119140625
844.7075805664062
172.9412841796875
167.05087280273438
20.51219940185547
843.7366333007812
27.732017517089844
187.59555053710938
115.81787109375
-10.808999061584473
841.9356689453125
842.97021484375
297.41290283203125
846.1348876953125
842.17431640625
843.1110229492188
842.9395751953125
844.9468383789062
841.8804931640625
56.037052154541016
844.072021484375
842.3482055664062
844.3770751953125
124.26007080078125
843.9432983398438
843.5859375
171.084716796875
844.8629760742188
845.626953125
846.3843994140625
845.832763671875
82.21963500976562
71.4760513305664
86.787109375
121.37947082519531
16.232730865478516
844.3543701171875
20.60837745666504
842.4508666992188
844.1574096679688
842.90380859375
844.927001953125
841.2279663085938
845.6664428710938
844.721923828125
841.7423095703125
843.6439819335938
841.41748046875
843.0343627929688
843.5357666015625
37.05682373046875
842.7229614257812
109.06258392333984
80.8683853149414
840.1752319335938
195.5945281982422
841.568115234375
844.45849609375
841.9013061523438
27.617414474487305
843.5977783203125
31.0550537109375
69.63725280761719
843.4159545898438
32.514827728271484
842.4935302734375
843.6982421875
844.0698852539062
841.839111328125
839.589111328125
844.2564086914062
9.846811294555664
38.59709167480469
845.5857543945312
843.9686279296875
843.3955078125
843.9407348632812
843.7166748046875
844.7564086914062
840.56201171875
844.098388671875
49.113338470458984
844.4716186523438
50.601314544677734
845.56103515625
843.400390625
845.0531005859375
844.6309814453125
72.72789001464844
842.8099365234375
-4.2534661293029785
-3.388340950012207
844.9892578125
845.0623779296875
71.12462615966797
845.6292724609375
843.7935180664062
844.5337524414062
33.61470031738281
841.3526000976562
841.6527099609375
60.680335998535156
842.265625
844.7561645507812
842.43115234375
845.5587158203125
841.8040771484375
843.3114624023438
842.4296875
841.352294921875
840.8455200195312
110.18798065185547
845.20263671875
127.1353988647461
844.698974609375
842.41796875
845.10888671875
40.63604736328125
49.825279235839844
72.85414123535156
61.95861053466797
102.33512878417969
84.08885192871094
49.9878044128418
316.0447998046875
844.3986206054688
79.59861755371094
842.8238525390625
-8.370997428894043
844.389404296875
844.99072265625
843.3280029296875
845.894775390625
144.9462127685547
846.5684814453125
26.239437103271484
182.60218811035156
10.306429862976074
86.91419982910156
841.0601806640625
845.328857421875
842.0951538085938
839.6669921875
102.34856414794922
843.7175903320312
841.3724365234375
843.4490966796875
32.351863861083984
91.2344970703125
841.8973388671875
843.6340942382812
-3.1834893226623535
61.579891204833984
842.2532958984375
842.3391723632812
35.08879089355469
842.903076171875
840.342529296875
845.686279296875
844.2013549804688
840.824462890625
842.3487548828125
843.4332275390625
842.2408447265625
844.3612060546875
843.5222778320312
844.4654541015625
840.8116455078125
842.9105224609375
842.63671875
844.9610595703125
-7.262965202331543
103.83098602294922
843.6204833984375
7.466400146484375
2.562044143676758
842.7238159179688
79.92503356933594
843.3234252929688
845.0419921875
844.038818359375
69.87710571289062
845.83154296875
843.95947265625
112.25363159179688
843.19140625
132.4062957763672
843.70556640625
58.880245208740234
842.7244873046875
25.574462890625
844.3864135742188
46.24427795410156
-13.447820663452148
843.4014892578125
843.4010620117188
841.462158203125
845.0067138671875
844.6624755859375
844.13427734375
107.64757537841797
845.8832397460938
115.9560546875
839.76904296875
72.2883071899414
844.42626953125
843.672119140625
844.3115234375
844.9785766601562
54.328670501708984
-18.857036590576172
102.96464538574219
844.7883911132812
842.291748046875
843.6809692382812
82.0029296875
50.45724105834961
845.3154296875
842.609619140625
169.22250366210938
842.3450317382812
840.11376953125
842.5958251953125
843.687255859375
842.940185546875
842.5050048828125
845.26123046875
16.391155242919922
844.6131591796875
842.6045532226562
842.0888671875
842.4261474609375
844.1876220703125
843.4706420898438
842.0941162109375
841.8540649414062
839.74462890625
842.8768310546875
100.84082794189453
843.4676513671875
844.4179077148438
845.2823486328125
17.030912399291992
846.20458984375
843.1644287109375
842.3504638671875
118.65690612792969
843.7845458984375
841.7466430664062
843.9276733398438
843.06884765625
843.93115234375
842.8178100585938
843.010498046875
-23.543888092041016
69.77508544921875
61.810874938964844
842.231201171875
842.5845947265625
844.2410888671875
842.478515625
841.703369140625
154.78858947753906
843.3297119140625
844.508056640625
48.36661148071289
840.25
842.2685546875
843.2191162109375
844.3756103515625
103.67823791503906
841.7081909179688
843.2507934570312
845.3687744140625
843.1529541015625
843.482421875
134.9087677001953
842.9970703125
843.5648803710938
220.812744140625
110.89717864990234
842.848876953125
93.2718505859375
72.22767639160156
843.0535888671875
845.14990234375
843.4478759765625
210.04359436035156
842.4628295898438
123.77684020996094
843.2384643554688
43.788795471191406
95.51840209960938
51.58772659301758
846.2139282226562
843.0849609375
-1.0376330614089966
843.0201416015625
48.203975677490234
843.1472778320312
3.892670154571533
843.06591796875
36.36851501464844
843.6447143554688
844.2642822265625
840.8538208007812
845.3944091796875
843.1475830078125
9.913612365722656
-43.35713195800781
844.423095703125
843.9276123046875
843.48486328125
50.90025329589844
101.38964080810547
846.202392578125
843.992431640625
845.255126953125
844.3389892578125
844.238525390625
24.865371704101562
-21.039466857910156
845.1156005859375
14.338850021362305
842.666748046875
839.50341796875
843.765869140625
841.672607421875
840.3009643554688
846.0367431640625
-2.858105421066284
841.558837890625
844.5797119140625
20.708173751831055
39.018314361572266
844.36083984375
43.231201171875
41.42352294921875
843.8645629882812
842.7947387695312
843.9901733398438
92.83673095703125
59.5670051574707
845.0508422851562
844.295166015625
842.6383666992188
843.7067260742188
-14.703607559204102
845.3154296875
845.5999755859375
843.5833740234375
125.68673706054688
841.0008544921875
844.2648315429688
844.17529296875
842.3181762695312
847.0656127929688
844.512451171875
18.796995162963867
21.03373146057129
841.3380126953125
842.9072265625
845.732177734375
37.300392150878906
843.4935302734375
844.4673461914062
843.1744995117188
845.28955078125
44.21075439453125
843.0842895507812
12.95595932006836
146.74261474609375
13.599678039550781
843.90283203125
843.841796875
59.20764923095703
844.6372680664062
846.0785522460938
41.7053337097168
46.06898498535156
845.31591796875
847.1613159179688
225.77154541015625
6.200970649719238
840.662109375
844.01953125
840.5026245117188
844.0950317382812
844.708984375
840.9500122070312
845.0650024414062
843.6644287109375
844.5228271484375
74.15681457519531
205.09039306640625
26.716472625732422
20.32361602783203
843.5675048828125
3.908104658126831
843.7633056640625
841.7920532226562
-12.352312088012695
844.7032470703125
215.91015625
845.1015014648438
843.3698120117188
183.0021514892578
110.08316040039062
843.132568359375
844.84716796875
10.148855209350586
58.53861999511719
133.83303833007812
843.2144775390625
842.333740234375
842.0379638671875
842.337890625
843.512451171875
842.642822265625
104.61071014404297
845.5488891601562
841.6209716796875
71.35729217529297
846.940673828125
56.90643310546875
842.7589111328125
33.99803161621094
843.3076782226562
842.9002075195312
51.56761169433594
79.87889099121094
842.3364868164062
841.0926513671875
209.2192840576172
6.901790142059326
843.6944580078125
63.202392578125
839.3041381835938
32.58452606201172
843.4027099609375
128.2718048095703
844.0464477539062
841.11865234375
839.7982177734375
102.30152130126953
841.104736328125
98.04381561279297
844.5142822265625
172.87957763671875
154.3685302734375
846.4410400390625
841.79345703125
31.456960678100586
846.8604736328125
841.4873657226562
843.6668701171875
843.3428955078125
13.24630355834961
72.70474243164062
840.9617919921875
1.8924808502197266
176.8292236328125
55.04020690917969
843.5093994140625
845.3796997070312
841.6718139648438
843.6522827148438
841.2344970703125
56.15282440185547
