11404.509765625
15963.853515625
2817.077880859375
1726.3314208984375
3004.47216796875
6948.56298828125
3667.23779296875
9272.5859375
959.1958618164062
13057.837890625
820.7537231445312
3291.1513671875
2899.176025390625
11082.62890625
5001.0263671875
6355.53857421875
11448.15234375
2193.204833984375
2282.678955078125
2267.198974609375
3334.071044921875
2659.23974609375
7761.61376953125
4134.60205078125
1262.6053466796875
11151.4033203125
3880.890869140625
15527.650390625
3197.66552734375
11016.0849609375
12573.537109375
11657.544921875
5662.76611328125
3672.28759765625
7085.89013671875
1198.59423828125
10789.193359375
5996.61865234375
12464.98828125
10902.255859375
1229.021240234375
2360.025146484375
11599.9091796875
2011.3399658203125
7389.361328125
6808.03955078125
11270.52734375
1911.05224609375
1869.3248291015625
2323.35009765625
5606.82666015625
7082.00146484375
11188.6474609375
5712.716796875
1596.376220703125
2124.724365234375
3185.8017578125
2973.632080078125
2138.25244140625
11071.7763671875
1840.1700439453125
9921.6171875
10835.0751953125
6463.373046875
3741.1591796875
1950.33837890625
776.9601440429688
10940.09765625
17633.310546875
11194.7099609375
7665.77392578125
11297.41796875
901.297119140625
3057.6669921875
10995.9501953125
2722.7919921875
11231.1171875
1413.4677734375
10833.8798828125
4205.73291015625
10673.375
3286.1962890625
4078.988525390625
1650.474365234375
10994.51953125
2271.394775390625
4955.1171875
11078.8974609375
6544.5625
8993.3017578125
1755.10986328125
6195.47021484375
10919.9560546875
10833.978515625
7568.978515625
2409.0791015625
2443.140869140625
10634.0341796875
10675.5048828125
5834.0400390625
805.1013793945312
10836.9677734375
10467.396484375
3226.1181640625
10951.18359375
1472.6680908203125
10578.287109375
1896.260009765625
1527.9459228515625
5952.29052734375
6453.73046875
3992.40966796875
11093.1650390625
3382.635009765625
11201.892578125
3112.26416015625
3037.426025390625
10715.380859375
2419.618896484375
1350.7518310546875
2813.660400390625
11067.2626953125
4732.185546875
11123.236328125
3084.8681640625
6553.630859375
13169.65234375
974.068603515625
4539.26171875
5487.84765625
10893.9736328125
2773.250732421875
5103.44140625
10975.49609375
10550.9248046875
4709.26416015625
10834.537109375
1909.024658203125
1583.6424560546875
10838.8671875
2055.052978515625
1562.41357421875
10390.576171875
14721.57421875
10531.9140625
2921.914306640625
10703.763671875
1917.37744140625
6230.435546875
1209.4285888671875
5394.47998046875
2920.407470703125
3034.602783203125
2104.4638671875
19510.95703125
8491.919921875
18941.263671875
2919.3955078125
13101.013671875
1341.118896484375
1341.1138916015625
6024.017578125
3629.238037109375
1407.0408935546875
5329.068359375
2284.230712890625
11025.7978515625
10254.0126953125
10061.5126953125
10672.1376953125
5519.7900390625
4667.513671875
8823.3251953125
3613.789794921875
4545.70849609375
10097.5048828125
10749.1220703125
3803.23095703125
10165.05859375
687.97265625
16734.7578125
10045.3193359375
10227.2578125
2349.600341796875
3303.861572265625
7201.30517578125
9746.0869140625
5326.73681640625
1896.60400390625
1320.466552734375
9209.76171875
9553.3349609375
1159.2520751953125
672.1285400390625
14896.642578125
630.6592407226562
5356.61865234375
2704.55615234375
9121.0322265625
1282.3873291015625
8720.45703125
989.9989624023438
4328.58642578125
8325.607421875
1582.7181396484375
8104.626953125
2408.798828125
8481.537109375
3978.397705078125
1995.3682861328125
8075.14794921875
545.687255859375
681.8021850585938
1095.001220703125
2222.4541015625
2023.49365234375
2801.175048828125
23131.0546875
7241.12744140625
26025.177734375
148.4552001953125
2516.99560546875
1553.5257568359375
5726.60546875
679.3861694335938
2312.197265625
6270.02001953125
258.69293212890625
5952.82568359375
2993.308837890625
958.425537109375
6114.36767578125
5937.29736328125
5801.298828125
12877.080078125
877.072265625
4085.637451171875
803.0524291992188
515.4357299804688
3414.788818359375
960.7190551757812
308.09527587890625
4733.8994140625
5415.98583984375
2454.28759765625
294.9190673828125
23.05133819580078
1050.03271484375
4919.171875
175.23841857910156
9744.208984375
4816.9609375
138.8700408935547
13698.4326171875
569.4993286132812
922.3509521484375
5053.43408203125
1590.6737060546875
4917.349609375
4803.3212890625
2037.406982421875
405.7442321777344
13.545134544372559
6210.4873046875
954.952392578125
4577.10302734375
4464.880859375
45.23353576660156
4335.8154296875
4676.357421875
822.1959228515625
4673.96142578125
252.6708221435547
4580.72607421875
60.4116096496582
481.5406494140625
4710.62890625
126.24940490722656
2649.827392578125
278.3791809082031
4509.2529296875
72.59883117675781
120.91914367675781
4188.712890625
4377.08984375
3943.857177734375
4465.22314453125
1417.342529296875
2512.258544921875
22.04045867919922
4460.6689453125
364.6368713378906
498.9836730957031
540.6241455078125
1955.4208984375
4209.17822265625
122.63223266601562
4361.2666015625
4174.2275390625
4315.693359375
249.80282592773438
4199.80517578125
18450.880859375
108.268310546875
3943.97021484375
21.284921646118164
4247.8408203125
100.46879577636719
160.0894012451172
55.917598724365234
118.17505645751953
4078.45166015625
3120.04150390625
4302.4658203125
635.8657836914062
3658.667724609375
5597.37890625
736.8987426757812
3930.729736328125
4131.3134765625
3889.816650390625
58.0562858581543
323.7509460449219
17.040660858154297
158.2871551513672
24.494192123413086
517.6317749023438
126.7365493774414
239.12557983398438
4002.38427734375
3744.61962890625
605.3258056640625
4152.2265625
3884.8818359375
116.93461608886719
84.18794250488281
3943.8115234375
2762.080078125
1091.1148681640625
3817.561767578125
159.7854461669922
1158.510986328125
116.23821258544922
124.56013488769531
3714.3251953125
379.6434020996094
913.38037109375
28.363874435424805
184.39971923828125
295.7772521972656
56.890804290771484
3717.929443359375
134.16470336914062
3652.997802734375
641.7055053710938
1542.0279541015625
3359.869384765625
84.82694244384766
399.8923034667969
3520.2236328125
3499.481201171875
3309.647705078125
80.19886016845703
602.058349609375
3409.853515625
47.43330383300781
41.211910247802734
53.6269645690918
43.866729736328125
3418.669921875
420.134765625
49.80955505371094
222.00521850585938
3454.365234375
81.05126190185547
2390.177734375
3281.7255859375
158.15220642089844
76.94476318359375
3415.690673828125
3332.93115234375
513.3992919921875
3296.09033203125
43.384971618652344
46.603878021240234
83.56058502197266
1808.15478515625
3415.703369140625
29.262678146362305
3271.28759765625
173.4052276611328
3298.655517578125
3261.75244140625
714.7044677734375
229.8759765625
1326.2855224609375
245.40487670898438
81.38253021240234
3326.943115234375
149.50904846191406
2585.9140625
394.4320983886719
448.6504821777344
214.322265625
3085.6796875
3041.6640625
2040.1181640625
63.056697845458984
3249.7626953125
996.5819702148438
91.0890121459961
400.90472412109375
128.09962463378906
194.77066040039062
3161.8974609375
348.26544189453125
283.5528869628906
1376.934326171875
3155.87744140625
2950.781982421875
2869.663330078125
390.8669128417969
3010.977294921875
768.1278076171875
380.435546875
2925.951904296875
3053.284423828125
252.49171447753906
97.53787994384766
2804.341796875
733.0134887695312
2925.448486328125
2842.6826171875
2828.98095703125
445.4249572753906
2792.2373046875
53.29826354980469
15104.013671875
2775.912841796875
166.87669372558594
178.310546875
5102.2265625
2989.254638671875
1146.602294921875
547.5679931640625
2809.394287109375
3038.930908203125
923.2398681640625
2991.917724609375
64.65283966064453
512.6849365234375
1654.0400390625
95.3004379272461
2752.693115234375
2806.66552734375
94.88008880615234
1032.713134765625
107.6491470336914
341.9254150390625
457.6706237792969
537.6168212890625
96.0400619506836
139.22776794433594
2626.47314453125
446.3251647949219
522.5105590820312
179.2917022705078
2155.044921875
95.55332946777344
2295.266845703125
4162.30517578125
113.71194458007812
383.7529602050781
1112.910400390625
2672.31005859375
182.69874572753906
3751.544921875
78.70700073242188
381.725341796875
2633.12744140625
2843.724609375
162.30711364746094
118.90482330322266
203.29800415039062
179.78289794921875
498.4786071777344
4492.8935546875
2621.58154296875
147.46044921875
2584.91162109375
915.2572021484375
814.4199829101562
2734.587890625
2706.574951171875
784.331787109375
87.03475952148438
866.4058837890625
1528.087646484375
2739.48193359375
81.98375701904297
471.2344055175781
2601.1162109375
723.731201171875
2540.711669921875
2571.62060546875
2740.399169921875
138.82876586914062
74.63892364501953
94.67810821533203
71.00601959228516
2640.773681640625
2500.418212890625
2700.189697265625
2304.642578125
5246.44482421875
2688.672607421875
113.28042602539062
2058.9326171875
1658.24365234375
2518.38818359375
2493.14599609375
6793.96875
228.0124969482422
216.2261199951172
94.37346649169922
458.1972351074219
303.7359619140625
237.39785766601562
139.56842041015625
2368.9228515625
130.83436584472656
2360.5029296875
1484.15966796875
2589.677734375
2458.737548828125
674.0328369140625
77.2466812133789
823.3463134765625
2399.0390625
120.7799301147461
8361.88671875
176.89004516601562
413.124267578125
1196.693603515625
2401.652099609375
2289.8603515625
586.7439575195312
2553.4072265625
2345.57763671875
2325.37255859375
70.92568969726562
239.55299377441406
717.672607421875
416.6343688964844
2367.7119140625
624.9503173828125
134.64486694335938
2357.863037109375
2486.24462890625
642.8700561523438
154.86117553710938
293.4732971191406
918.20263671875
1709.2640380859375
289.9969787597656
2421.946044921875
868.9529418945312
2204.419921875
106.13481140136719
2336.01416015625
487.9960632324219
195.0645751953125
293.0223083496094
2284.99755859375
98.63483428955078
77.14776611328125
2320.900146484375
267.6848449707031
2241.34130859375
2294.54931640625
1859.9375
437.3729553222656
100.7715835571289
2470.518798828125
995.2498168945312
74.60011291503906
1231.01806640625
504.458984375
236.11410522460938
597.284912109375
3103.0419921875
2261.39453125
456.8534851074219
1239.451416015625
2348.183837890625
2268.0615234375
2235.846923828125
813.0614013671875
2259.955810546875
5635.36865234375
24259.65234375
2309.985107421875
326.62335205078125
870.05859375
2006.5511474609375
205.58132934570312
97.03958129882812
337.90875244140625
881.5623168945312
72.0887222290039
2149.8212890625
2337.348876953125
2298.955078125
1538.368896484375
225.37313842773438
128.70265197753906
192.26219177246094
1090.170166015625
769.3016357421875
121.95953369140625
654.9913330078125
214.7639617919922
2400.50732421875
100.69705200195312
2288.465576171875
1100.6656494140625
2093.41943359375
105.6070785522461
424.1582946777344
2120.1904296875
652.492431640625
2194.86962890625
2346.462158203125
140.55860900878906
2325.722412109375
234.44654846191406
2148.29150390625
2427.460693359375
2665.898193359375
98.1014633178711
2292.804931640625
572.4132690429688
2169.009521484375
240.1548309326172
2078.422119140625
744.3656005859375
1836.7730712890625
110.83070373535156
2210.416015625
599.3839721679688
2159.8115234375
2214.086669921875
354.1569519042969
99.5327377319336
2130.073974609375
2106.540771484375
1007.2251586914062
2206.024658203125
95.43480682373047
2232.3115234375
246.53652954101562
1977.824951171875
380.2376708984375
634.8239135742188
103.27239990234375
5998.21484375
2200.12255859375
2188.067138671875
2181.885009765625
2159.448974609375
371.004150390625
2056.083984375
113.2172622680664
1490.9647216796875
31495.732421875
615.1122436523438
1401.0478515625
178.27490234375
552.2715454101562
154.15118408203125
2013.403076171875
434.32586669921875
2121.141845703125
160.5034637451172
126.82522583007812
1685.984375
1400.4498291015625
160.7568817138672
94.7153091430664
2089.956787109375
2680.927490234375
76.80046081542969
120.73670196533203
1973.3990478515625
5793.24951171875
2017.66357421875
338.3358154296875
2057.332763671875
235.1695556640625
2187.1611328125
2068.034912109375
2095.556396484375
301.535888671875
387.53790283203125
121.07354736328125
7548.15234375
2052.62255859375
983.2379150390625
689.00341796875
2030.55712890625
700.3445434570312
151.30174255371094
1957.0692138671875
1365.753173828125
4958.76904296875
2114.205810546875
2083.491943359375
1980.289794921875
205.17543029785156
320.7626037597656
464.3905334472656
3435.037109375
164.44419860839844
533.9247436523438
263.2608337402344
1910.74951171875
2069.47216796875
87.5163345336914
7957.4033203125
1906.7718505859375
1921.6689453125
2601.584228515625
101.94979858398438
372.32000732421875
381.41363525390625
2025.7034912109375
1956.2724609375
2155.311279296875
1817.028564453125
1965.4512939453125
112.94384002685547
187.60365295410156
2100.408203125
2013.90380859375
1414.7379150390625
486.49005126953125
2065.009765625
5445.47021484375
121.7723617553711
2747.664306640625
566.4501342773438
1938.8497314453125
2000.783935546875
1971.3319091796875
349.93182373046875
2007.10693359375
1902.2894287109375
1995.572509765625
400.4432067871094
259.4700622558594
377.7842712402344
89.216552734375
1293.5869140625
2713.8125
2020.5489501953125
1475.9541015625
104.51590728759766
218.41864013671875
775.4478149414062
124.66897583007812
1841.2557373046875
2050.13037109375
299.86004638671875
242.66908264160156
144.69683837890625
338.6422119140625
105.89505004882812
274.9815368652344
138.91632080078125
404.9795837402344
70.46796417236328
915.22119140625
4275.64990234375
1870.633544921875
1928.5986328125
2105.353271484375
184.9181671142578
98.46989440917969
334.4447021484375
1071.8675537109375
1882.3890380859375
1862.927978515625
325.3218994140625
1987.2835693359375
1929.1221923828125
1880.2626953125
1838.8017578125
152.46751403808594
2112.705322265625
143.47671508789062
1850.543701171875
1821.755126953125
1727.0574951171875
2128.741943359375
890.13427734375
1963.8594970703125
491.1356506347656
1967.322998046875
375.5364990234375
215.12344360351562
1050.38623046875
1923.9884033203125
343.4048156738281
1330.2830810546875
2059.87109375
186.1684112548828
1960.8787841796875
1849.9434814453125
1812.7164306640625
1803.8533935546875
1898.235107421875
1861.3331298828125
1835.13330078125
3133.1171875
1897.8287353515625
101.77413940429688
776.2466430664062
1831.6622314453125
2077.3232421875
442.7572937011719
152.0934600830078
2013.49658203125
1893.0909423828125
463.0365905761719
156.04383850097656
147.5120391845703
3174.873779296875
1755.8944091796875
839.2263793945312
341.8050842285156
686.4915771484375
102.90182495117188
944.416259765625
1814.11279296875
1878.6307373046875
344.308837890625
1831.5692138671875
1231.6591796875
263.821533203125
3609.4658203125
180.29241943359375
513.3457641601562
1931.0462646484375
876.8711547851562
1759.58837890625
1857.3140869140625
2059.09814453125
442.3187255859375
203.88629150390625
259.72076416015625
1173.3446044921875
1738.43017578125
410.2950134277344
375.2115478515625
1838.5306396484375
1827.492919921875
602.5637817382812
1757.5316162109375
585.0726928710938
277.6379089355469
118.03317260742188
1855.265625
100.18374633789062
202.56480407714844
82.57467651367188
188.89524841308594
2040.128173828125
3130.819091796875
1685.6396484375
86.64075469970703
495.2431640625
282.9643859863281
854.9827880859375
189.51470947265625
2880.405029296875
132.50360107421875
456.9554748535156
1745.63134765625
1814.18994140625
2287.6181640625
241.74171447753906
330.1714782714844
1857.3223876953125
303.1128234863281
944.2279663085938
511.5224914550781
1818.63671875
1774.9111328125
224.02944946289062
1718.4659423828125
204.95880126953125
1839.0059814453125
1644.166259765625
93.8938980102539
1193.0601806640625
107.28473663330078
598.6506958007812
245.00271606445312
1816.8837890625
1051.311767578125
817.9613037109375
950.3230590820312
1715.715576171875
1815.088623046875
1697.530517578125
1975.0474853515625
1921.9156494140625
2654.31591796875
265.161865234375
1753.5992431640625
1465.065673828125
479.5556335449219
156.9231414794922
1755.856201171875
551.8026123046875
1787.9931640625
97.19795227050781
416.78985595703125
673.2998657226562
1623.0223388671875
1588.4920654296875
1670.1153564453125
134.94761657714844
408.36358642578125
119.63768768310547
134.60133361816406
1702.1456298828125
1068.19189453125
398.5333557128906
1676.20068359375
974.8163452148438
219.10035705566406
125.25668334960938
273.84588623046875
1673.485107421875
146.89292907714844
492.462646484375
1743.5489501953125
88.5505142211914
592.5791015625
394.58380126953125
80.99182891845703
1197.5465087890625
114.2064437866211
1727.33251953125
1771.9832763671875
1768.93115234375
1582.01171875
1878.0714111328125
1964.0408935546875
328.5504150390625
1739.916748046875
1804.7718505859375
1712.2974853515625
310.8544006347656
447.32757568359375
876.81689453125
227.09100341796875
125.88945007324219
251.4946746826172
1737.021240234375
285.3114929199219
1755.78173828125
173.90087890625
76.16895294189453
1385.6312255859375
1121.7728271484375
6544.8564453125
1625.3612060546875
192.96395874023438
8990.6865234375
1778.1602783203125
67.67703247070312
1647.422607421875
1639.6893310546875
102.58602905273438
310.267578125
77.74217987060547
258.8377380371094
224.58917236328125
85.71722412109375
1739.7989501953125
1697.0081787109375
936.8317260742188
1722.2418212890625
158.13897705078125
63.2135124206543
631.3468627929688
1815.4324951171875
2096.095947265625
81.49490356445312
2071.858642578125
1748.2169189453125
287.82989501953125
58.43523406982422
1846.1634521484375
1755.436279296875
1080.64208984375
439.5663757324219
247.7598876953125
914.38232421875
303.01983642578125
1110.87548828125
1635.6378173828125
2041.2593994140625
500.76507568359375
414.231201171875
947.6927490234375
245.69091796875
394.749755859375
145.17332458496094
972.0120849609375
1768.2633056640625
1717.1763916015625
5843.39208984375
1767.28759765625
140.65780639648438
539.5650634765625
450.94921875
2651.781494140625
1680.54443359375
1077.9722900390625
237.73052978515625
653.8834228515625
76.93185424804688
58.66761779785156
825.8557739257812
1221.8529052734375
643.3030395507812
378.25750732421875
1772.3492431640625
3263.367431640625
1688.235107421875
1675.20263671875
588.61962890625
4718.36572265625
812.724365234375
1738.575927734375
1778.8839111328125
378.0498962402344
109.85527038574219
77.82145690917969
219.9735870361328
1238.4154052734375
3426.123046875
151.1245880126953
985.5686645507812
1598.0498046875
1650.6676025390625
1804.2261962890625
486.1285400390625
4969.892578125
1749.122802734375
491.6484680175781
69.36724090576172
918.431640625
614.29443359375
243.96339416503906
161.4339141845703
1711.9803466796875
277.8126220703125
4157.384765625
788.7821655273438
1014.1802978515625
1788.985595703125
58.707698822021484
1659.44873046875
1025.18310546875
112.13043975830078
195.1544189453125
1772.10693359375
691.5971069335938
706.7208862304688
151.68873596191406
1644.463134765625
1694.7769775390625
412.4081726074219
139.15550231933594
1663.1551513671875
1868.4658203125
512.0247802734375
1020.3032836914062
487.6993103027344
1213.8514404296875
1864.216064453125
312.3475341796875
156.54319763183594
1647.81884765625
1637.1162109375
478.76934814453125
347.635498046875
1786.7940673828125
286.0625305175781
552.545654296875
95.43079376220703
10347.009765625
1661.6444091796875
1880.025634765625
186.86537170410156
1592.333251953125
1721.293701171875
76.86927032470703
4728.96435546875
1772.10107421875
68.38086700439453
804.1654663085938
1149.735595703125
156.53536987304688
1656.096923828125
569.4012451171875
1882.428955078125
1551.270263671875
1766.3154296875
1523.368408203125
577.7617797851562
1659.8675537109375
167.44686889648438
919.020751953125
2044.532958984375
1690.5606689453125
334.38922119140625
573.8524780273438
1610.014404296875
349.21038818359375
1626.99169921875
1644.2294921875
233.13449096679688
894.8026733398438
681.6624145507812
902.8446655273438
263.24676513671875
1684.5660400390625
1752.5908203125
126.00582885742188
1582.17333984375
1564.3939208984375
256.034912109375
14134.53515625
306.7586975097656
107.21002197265625
1070.3555908203125
1400.8826904296875
1662.6021728515625
1875.1126708984375
1533.0111083984375
496.095947265625
1579.454833984375
1253.00634765625
2117.2041015625
1741.54345703125
214.78884887695312
1040.9022216796875
1079.78466796875
1037.25927734375
100.82069396972656
155.35986328125
149.8016815185547
1618.2298583984375
1657.085205078125
1173.7999267578125
81.95402526855469
1660.3939208984375
1490.3807373046875
2822.180419921875
1642.533447265625
265.7164001464844
1011.859619140625
1405.88037109375
261.90472412109375
303.8129577636719
80.90293884277344
70.89556884765625
5018.341796875
98.37891387939453
1553.530517578125
1307.226318359375
2625.14306640625
412.80413818359375
758.1478881835938
94.4600601196289
1637.020263671875
1696.3583984375
875.0549926757812
994.9957275390625
126.19389343261719
8699.31640625
1525.3399658203125
1512.44189453125
866.1322631835938
1397.87744140625
254.45907592773438
871.158203125
1577.403564453125
1544.6824951171875
1604.5279541015625
1717.52978515625
1289.1922607421875
695.4002075195312
1750.4666748046875
1522.7890625
959.2627563476562
1614.17431640625
682.877685546875
248.84877014160156
269.5659484863281
1687.79443359375
1603.7164306640625
421.6823425292969
1474.7105712890625
271.1043701171875
735.3692016601562
473.63543701171875
110.20482635498047
104.82907104492188
2066.326416015625
1491.1868896484375
188.1295928955078
148.0904998779297
106.43618774414062
93.49993133544922
215.25291442871094
406.2663269042969
427.21234130859375
1569.54150390625
1607.2191162109375
1461.97021484375
305.4671936035156
1526.7738037109375
427.72796630859375
1013.540283203125
139.84181213378906
268.36328125
180.64341735839844
389.4632568359375
365.4426574707031
231.80323791503906
577.8504028320312
2484.274169921875
1585.5804443359375
9546.63671875
4203.486328125
1020.4855346679688
602.929443359375
632.7224731445312
343.3144226074219
1515.6014404296875
112.84664154052734
159.96343994140625
104.81918334960938
2229.331787109375
1542.8343505859375
1569.9197998046875
1634.7176513671875
83.44224548339844
126.49549102783203
1186.7752685546875
489.8733215332031
448.90509033203125
6488.8330078125
1645.6756591796875
1618.2818603515625
85.65728759765625
95.36625671386719
1585.9541015625
644.2977905273438
1591.35205078125
140.8148956298828
1619.5390625
1615.6031494140625
86.10725402832031
1583.9927978515625
519.8970336914062
115.8729476928711
144.38430786132812
785.5621337890625
301.7662048339844
142.6862335205078
886.853515625
206.54226684570312
957.7285766601562
162.9231719970703
1409.63134765625
239.7687530517578
231.41778564453125
1578.8984375
1621.86865234375
151.125244140625
1067.736572265625
317.2931213378906
648.7040405273438
80.77577209472656
534.332763671875
517.6725463867188
1128.8587646484375
1821.493408203125
1665.3399658203125
91.54804992675781
1338.1151123046875
412.9609069824219
404.6567077636719
162.73675537109375
104.7569808959961
159.56243896484375
745.8005981445312
299.58868408203125
358.96624755859375
1791.80419921875
104.57159423828125
648.6201782226562
59.4554328918457
55.38113784790039
1765.9434814453125
174.23651123046875
96.30066680908203
57.40288543701172
637.3825073242188
1630.5858154296875
42.34757995605469
116.15062713623047
237.39633178710938
2071.269775390625
5606.1591796875
1752.2344970703125
2148.733154296875
638.7864990234375
592.1127319335938
1933.73193359375
1652.594482421875
1798.41064453125
1619.5084228515625
268.534912109375
632.2842407226562
1672.228759765625
53.42641067504883
1702.8203125
1796.1417236328125
1989.5244140625
1746.7718505859375
911.766845703125
3401.399658203125
2073.140625
3138.957275390625
1879.0435791015625
153.3488006591797
1626.9849853515625
210.4655303955078
74.74200439453125
72.0794906616211
1647.9569091796875
1744.2974853515625
1602.0684814453125
625.7279052734375
1707.45458984375
45.47004699707031
492.1941833496094
102.90579223632812
1111.000732421875
252.55982971191406
912.1033325195312
1599.9083251953125
1710.6429443359375
196.41241455078125
1679.97509765625
85.16812133789062
583.067626953125
1124.58544921875
450.3003234863281
1324.739013671875
91.55010986328125
234.53273010253906
345.2809753417969
1688.969970703125
1804.1700439453125
4887.48046875
1715.4420166015625
185.9675750732422
766.4857177734375
179.7396697998047
1834.88427734375
613.1156005859375
165.19607543945312
1956.958251953125
709.677490234375
54.18429183959961
68.6504135131836
170.63583374023438
1891.1981201171875
82.77037048339844
1629.1334228515625
62.558921813964844
3457.722412109375
1236.9703369140625
238.16969299316406
196.28988647460938
961.607666015625
277.2201843261719
1518.2152099609375
1598.5509033203125
1757.1348876953125
388.1146545410156
718.421875
1435.52392578125
194.61114501953125
1706.8778076171875
166.42579650878906
74.36683654785156
146.24916076660156
153.8341827392578
5545.16796875
1620.9471435546875
1607.88671875
2306.581298828125
150.57200622558594
1508.7110595703125
269.4747314453125
63.891910552978516
81.93655395507812
1652.173095703125
1595.172607421875
133.69049072265625
516.2909545898438
1134.754150390625
264.6333923339844
508.9444885253906
106.2613754272461
644.0636596679688
90.59162139892578
173.02920532226562
756.2786865234375
5534.3486328125
211.99185180664062
1527.6165771484375
168.20167541503906
748.8512573242188
109.86568450927734
155.97703552246094
482.55303955078125
1550.4476318359375
968.9969482421875
1620.6846923828125
575.0076904296875
185.92080688476562
1667.5858154296875
184.88174438476562
1794.3544921875
430.30303955078125
597.4842529296875
1651.947509765625
69.35185241699219
71.80036926269531
1527.0916748046875
59.514347076416016
1001.6113891601562
257.36328125
59.5885124206543
219.2150421142578
314.088134765625
1532.8946533203125
855.1596069335938
417.9350891113281
1626.3944091796875
1443.6951904296875
1772.3984375
337.5591735839844
1718.084228515625
365.2274169921875
181.88262939453125
58.352333068847656
1731.0777587890625
1061.10009765625
1660.4324951171875
49.799617767333984
174.1809539794922
116.12828063964844
1197.0736083984375
1245.152099609375
77.63590240478516
604.396240234375
102.97935485839844
1033.8411865234375
94.6386947631836
73.13176727294922
460.6770324707031
486.60662841796875
1772.530517578125
1627.4871826171875
53.30927276611328
1608.2584228515625
1775.5933837890625
131.80374145507812
1825.3084716796875
1581.00341796875
670.2734375
1646.7049560546875
1776.97998046875
1672.0513916015625
1536.4134521484375
1629.6290283203125
1696.841552734375
1716.552978515625
1622.7103271484375
759.0742797851562
1680.8865966796875
1729.962158203125
1762.7203369140625
128.32749938964844
77.48255157470703
1515.221435546875
1439.8402099609375
1459.66162109375
1605.287841796875
1547.3592529296875
1507.861572265625
57.205963134765625
1522.2794189453125
1593.4847412109375
114.02505493164062
2637.035400390625
153.02767944335938
1459.6612548828125
122.17093658447266
1616.141357421875
1560.396240234375
373.30682373046875
574.62109375
1392.350341796875
92.67556762695312
4410.02978515625
123.35823059082031
1466.010009765625
108.11238098144531
202.67913818359375
1536.893310546875
247.2734832763672
555.1548461914062
327.6397705078125
430.6758117675781
1410.9112548828125
128.7855987548828
345.0307312011719
113.29545593261719
194.26336669921875
1507.126708984375
1641.328857421875
96.8941879272461
1531.120361328125
1066.7291259765625
1067.093505859375
226.51695251464844
344.70050048828125
148.83941650390625
1523.922607421875
1606.6005859375
1592.83544921875
697.10302734375
71.4347152709961
1485.2445068359375
1409.257080078125
1552.7572021484375
1451.46923828125
1555.759521484375
1568.3743896484375
1681.4571533203125
150.81695556640625
199.23631286621094
345.7842712402344
1802.899658203125
479.5450744628906
173.13111877441406
137.11732482910156
169.7627716064453
1492.32373046875
81.02334594726562
1479.3934326171875
1472.2666015625
555.32958984375
301.64892578125
384.6620178222656
1509.2607421875
76.5086898803711
1356.06689453125
774.01220703125
1434.5035400390625
496.4974365234375
694.8692016601562
1419.26513671875
394.5367126464844
1476.2197265625
107.0216293334961
506.9979553222656
2755.976318359375
1584.2684326171875
122.40939331054688
1396.921142578125
1362.2900390625
115.7285385131836
1445.7962646484375
740.5181884765625
167.43861389160156
436.5654602050781
1826.72900390625
7108.06396484375
2938.64501953125
1141.701416015625
254.13418579101562
1523.10400390625
4179.13818359375
102.15155029296875
1544.0135498046875
714.3982543945312
113.28885650634766
1329.1962890625
570.8086547851562
928.7980346679688
1501.585205078125
391.0778503417969
202.15847778320312
593.9966430664062
1388.389892578125
1430.8543701171875
1413.7191162109375
1529.15478515625
1514.9954833984375
349.69366455078125
94.54705047607422
178.8099822998047
865.1487426757812
1387.9066162109375
1376.5926513671875
1546.541748046875
157.85902404785156
1392.6292724609375
1471.7462158203125
384.3292236328125
1516.8480224609375
1394.626220703125
623.0408935546875
133.34881591796875
1369.3900146484375
78.70236206054688
727.0636596679688
132.64671325683594
1498.65771484375
1441.6207275390625
1452.30224609375
1378.9129638671875
346.2290954589844
1953.12939453125
1358.952392578125
102.99270629882812
847.3336791992188
1536.432373046875
1202.352783203125
1501.0621337890625
609.6220092773438
1101.1854248046875
160.64227294921875
1217.0877685546875
103.72107696533203
1498.891845703125
899.99658203125
1059.19580078125
1435.2589111328125
177.5370635986328
1589.2706298828125
216.9189910888672
1491.6087646484375
540.7628173828125
268.59014892578125
926.9322509765625
386.50250244140625
431.9799499511719
1175.1595458984375
1538.0145263671875
1078.2574462890625
1380.0389404296875
1412.3656005859375
1478.3114013671875
1555.569580078125
99.13031005859375
265.6812744140625
103.62503051757812
202.9984893798828
103.10444641113281
1570.911865234375
1405.891357421875
1486.538330078125
212.30133056640625
894.50244140625
220.22723388671875
138.7483673095703
1385.379638671875
1379.8831787109375
1387.1884765625
1509.12451171875
1525.1461181640625
195.49366760253906
279.9805908203125
2108.46533203125
59.9609260559082
92.60721588134766
1363.0152587890625
501.4504699707031
1481.7254638671875
1443.9532470703125
1398.1181640625
1370.9251708984375
1445.3291015625
100.81903076171875
853.6904907226562
1002.7865600585938
1435.081298828125
1368.553466796875
1431.7813720703125
1505.3829345703125
1419.385498046875
1389.049560546875
123.76080322265625
905.3074951171875
112.04436492919922
1336.1138916015625
252.49374389648438
132.1626434326172
265.73101806640625
8041.26611328125
619.391845703125
128.08914184570312
1718.5899658203125
1261.923583984375
1451.7574462890625
1358.6873779296875
153.69403076171875
1719.5994873046875
339.0674743652344
1067.9124755859375
241.6882781982422
1348.18017578125
664.4620971679688
1455.2998046875
345.1734313964844
1377.30810546875
13355.0146484375
1421.986572265625
302.2049560546875
1402.3282470703125
211.20213317871094
1434.0023193359375
226.54824829101562
1252.9293212890625
1240.8133544921875
111.24201965332031
175.9168701171875
1475.8377685546875
538.3273315429688
1393.1390380859375
412.5831604003906
1327.21337890625
156.8894805908203
139.1402587890625
1371.1556396484375
149.71629333496094
1368.6060791015625
164.31138610839844
1394.39306640625
471.44476318359375
1301.2637939453125
293.9776611328125
139.33834838867188
1394.4295654296875
1637.2947998046875
2847.470703125
1574.3543701171875
262.4762268066406
398.19293212890625
503.54840087890625
1453.30224609375
583.7144775390625
209.28294372558594
1290.9261474609375
87.23725891113281
1412.3251953125
9000.8447265625
1478.4683837890625
1401.299560546875
373.9692687988281
514.4764404296875
1638.4180908203125
90.48368835449219
510.38653564453125
1391.649169921875
384.52911376953125
997.6539916992188
312.7755126953125
472.0473327636719
1301.05322265625
222.12228393554688
164.0758819580078
162.77720642089844
1350.6990966796875
1308.8671875
1428.5687255859375
1513.7701416015625
1124.5338134765625
1267.54736328125
92.7334976196289
1188.25341796875
1219.2315673828125
474.5612487792969
368.9718017578125
1321.83251953125
1358.248779296875
1365.7125244140625
211.79351806640625
1328.177001953125
872.19189453125
227.40792846679688
175.59292602539062
195.48553466796875
1565.4659423828125
1403.4937744140625
622.7557983398438
1324.69287109375
1472.2342529296875
1495.3355712890625
1368.6729736328125
5752.9189453125
1419.565185546875
75.09254455566406
106.48081970214844
1307.847900390625
174.71395874023438
1435.5880126953125
235.880859375
559.873779296875
1362.97607421875
1330.2159423828125
838.6634521484375
1307.65576171875
3645.04150390625
504.6434020996094
77.21174621582031
165.73878479003906
5122.263671875
1385.024169921875
1890.0284423828125
1344.0931396484375
74.72180938720703
1220.56982421875
111.9627456665039
1741.2762451171875
1411.9722900390625
520.920166015625
311.1796875
181.92454528808594
264.6416015625
1243.3538818359375
1284.1331787109375
129.89117431640625
1033.836669921875
1322.2342529296875
1348.064697265625
271.5430908203125
1253.1358642578125
71.68584442138672
97.07296752929688
1423.0543212890625
1295.2755126953125
1464.5665283203125
564.4031982421875
750.874755859375
1253.4478759765625
546.7511596679688
1318.102294921875
88.0405502319336
1286.6151123046875
1325.1082763671875
789.2845458984375
1280.05908203125
115.25663757324219
1269.1114501953125
1483.2745361328125
1425.852783203125
222.2466278076172
1390.9051513671875
832.0108032226562
1648.3985595703125
807.8998413085938
159.83016967773438
111.90042877197266
832.4302368164062
390.91290283203125
1378.9703369140625
309.5174865722656
785.0222778320312
1448.5682373046875
180.93646240234375
1294.890625
1373.92724609375
191.25570678710938
210.06773376464844
502.6289978027344
485.1676025390625
1172.75927734375
1325.2471923828125
1509.62939453125
1359.2159423828125
737.912841796875
161.43531799316406
1335.8544921875
1330.5345458984375
1318.6064453125
261.90631103515625
983.5115356445312
701.6726684570312
1371.965576171875
115.58554077148438
603.111083984375
1307.952392578125
1392.1282958984375
2447.333251953125
1245.2811279296875
1317.2685546875
1674.36474609375
157.7581787109375
380.9106140136719
1237.0462646484375
1140.0670166015625
127.09430694580078
2051.687744140625
1310.796142578125
2018.2130126953125
670.0396118164062
166.6395721435547
1235.989990234375
1342.4498291015625
773.4202880859375
2651.373779296875
1315.3509521484375
228.7072296142578
222.20680236816406
1385.3388671875
1327.166259765625
1261.815673828125
139.4654083251953
1284.7060546875
691.6595458984375
523.4224853515625
180.8544921875
1323.6839599609375
919.2911987304688
276.89508056640625
832.9705200195312
1497.32861328125
1314.2978515625
1318.6097412109375
1298.2916259765625
677.3067016601562
402.4163818359375
1264.4998779296875
1314.255126953125
256.3623046875
1317.8226318359375
112.63832092285156
1239.35498046875
552.4646606445312
512.6298828125
1457.8521728515625
169.5633544921875
199.4564971923828
1392.067626953125
1323.884033203125
180.63426208496094
1283.6934814453125
1376.8126220703125
1176.9515380859375
811.7894287109375
123.75550842285156
1258.9212646484375
1255.8455810546875
316.1474609375
882.9031982421875
89.69305419921875
1296.212158203125
1356.17333984375
1195.3304443359375
2674.242919921875
441.6070556640625
1198.461181640625
203.57803344726562
307.2281494140625
1869.4793701171875
1218.7479248046875
369.89471435546875
263.9727783203125
465.1623840332031
1287.9404296875
1213.3070068359375
396.1551208496094
204.5818328857422
1297.00830078125
3571.65869140625
715.1554565429688
751.160400390625
981.586181640625
1364.876220703125
166.12278747558594
117.89944458007812
140.31008911132812
1291.8284912109375
1315.4384765625
781.0621948242188
1276.82373046875
261.550048828125
1189.1490478515625
1314.198486328125
90.53604125976562
370.0249938964844
1306.37548828125
765.9443969726562
1304.3052978515625
1215.410888671875
1279.2791748046875
324.7256164550781
197.00076293945312
737.7676391601562
1844.9566650390625
1154.1468505859375
1761.958251953125
1160.441650390625
1423.75048828125
1271.0987548828125
2300.330078125
935.0429077148438
105.59831237792969
1263.43505859375
1257.22314453125
168.43856811523438
139.90765380859375
1317.3856201171875
106.75509643554688
149.25051879882812
1300.7972412109375
534.5086059570312
1299.1533203125
1247.978759765625
1241.979248046875
88.79521179199219
458.6426086425781
1243.9197998046875
1345.8577880859375
1352.96435546875
4607.529296875
935.1062622070312
1324.9942626953125
469.7603454589844
223.75538635253906
1340.779052734375
213.2026824951172
1277.6954345703125
505.1541442871094
272.9482727050781
1367.7635498046875
69.46331787109375
2986.02197265625
874.7926635742188
631.2274780273438
6768.85205078125
1311.9224853515625
2991.685302734375
106.57159423828125
1205.9722900390625
1227.41064453125
1222.7303466796875
412.8048095703125
15414.1474609375
2117.644287109375
208.97886657714844
274.2662353515625
1314.118896484375
1452.78271484375
1230.779296875
98.68236541748047
1256.5238037109375
1158.0718994140625
2020.5675048828125
243.7997589111328
1216.8756103515625
606.578369140625
1029.5313720703125
1515.1920166015625
1230.9708251953125
1233.9912109375
1209.3648681640625
118.50121307373047
1217.221435546875
1103.002685546875
900.450439453125
1210.5550537109375
141.94129943847656
1142.8531494140625
178.96311950683594
496.94390869140625
1192.1160888671875
1642.7633056640625
1276.70166015625
1189.2294921875
128.18789672851562
1156.2742919921875
128.27435302734375
1172.0576171875
1218.16650390625
1225.7999267578125
4577.77734375
1279.469482421875
1220.6329345703125
1755.0574951171875
163.17893981933594
1146.66650390625
1234.334716796875
707.2770385742188
1267.8726806640625
1134.58544921875
7608.96240234375
1134.5166015625
1275.5643310546875
163.40847778320312
562.9180908203125
188.95826721191406
1210.4742431640625
1191.2537841796875
1135.103271484375
504.5604248046875
1569.932373046875
736.4461669921875
886.5003662109375
246.84356689453125
329.6503601074219
1153.91845703125
1161.14306640625
1083.7470703125
1206.18603515625
1167.1014404296875
1186.727783203125
253.173828125
1148.214599609375
1377.9285888671875
1129.891845703125
1244.770263671875
1130.594482421875
1173.8095703125
1231.2041015625
122.84479522705078
1135.1871337890625
1773.903076171875
335.7001037597656
1118.19775390625
127.11308288574219
1177.6844482421875
184.2779083251953
254.72189331054688
1054.664306640625
213.4727020263672
137.26687622070312
495.5310974121094
739.3134155273438
272.9892578125
2745.61181640625
445.5670166015625
81.29273986816406
775.5298461914062
1169.6253662109375
119.4732894897461
516.1506958007812
18477.04296875
801.2655639648438
1296.98876953125
1038.728515625
1189.3216552734375
1252.9892578125
9784.0595703125
6702.12744140625
1254.8389892578125
1216.4886474609375
1060.2010498046875
212.7393798828125
103.9894790649414
1182.5816650390625
1232.9437255859375
1022.7536010742188
1174.46826171875
1186.372314453125
132.03741455078125
79.17943572998047
238.95587158203125
306.7861022949219
1091.48974609375
1204.8831787109375
1196.5196533203125
960.58154296875
1190.1219482421875
1112.326904296875
1199.5361328125
1119.8953857421875
1931.40673828125
170.1352996826172
1184.5751953125
146.76187133789062
163.96670532226562
1371.6446533203125
1110.659423828125
144.808349609375
8196.548828125
1167.477294921875
589.9891357421875
963.6787719726562
1156.369140625
2428.00390625
1546.30810546875
1170.1566162109375
1178.50537109375
1013.735595703125
260.7586669921875
1195.5450439453125
1579.96923828125
1861.7598876953125
1185.473876953125
1189.1934814453125
1171.48291015625
528.7102661132812
262.19073486328125
182.89340209960938
1109.1524658203125
702.5404052734375
1085.7969970703125
1060.44677734375
181.72445678710938
238.86134338378906
635.4285278320312
1134.4613037109375
1145.5133056640625
222.5580596923828
1190.1053466796875
1120.2781982421875
6320.01123046875
1039.6551513671875
1181.7615966796875
1069.71875
172.67796325683594
4304.53076171875
493.46734619140625
1139.0992431640625
974.1991577148438
160.28712463378906
1405.72900390625
1055.666748046875
964.2846069335938
1112.2142333984375
1099.3360595703125
1048.0947265625
909.2361450195312
1069.2833251953125
128.2000274658203
494.2778625488281
654.5366821289062
333.72088623046875
1147.3414306640625
301.2005920410156
1123.2060546875
1155.7845458984375
1117.0997314453125
185.84390258789062
88.85478210449219
1235.2462158203125
2051.8681640625
1110.0008544921875
169.77969360351562
99.32389831542969
570.7303466796875
2667.050537109375
1033.634033203125
1060.3946533203125
1103.06103515625
1188.5943603515625
1061.3773193359375
205.88247680664062
1138.870361328125
301.7144470214844
1209.6904296875
1374.97900390625
94.8345718383789
1181.125
302.832275390625
772.8432006835938
369.3549499511719
1403.97802734375
113.36227416992188
100.63212585449219
490.2099609375
224.1719207763672
342.0186767578125
126.82797241210938
538.7506103515625
1345.6395263671875
114.87647247314453
1273.2027587890625
317.0240478515625
792.22998046875
1071.4462890625
139.80453491210938
1192.5540771484375
163.8594207763672
1179.5902099609375
1084.0069580078125
1115.27392578125
117.4865951538086
150.03286743164062
1124.78271484375
1238.2305908203125
1147.103759765625
168.97467041015625
1236.92333984375
104.40103149414062
164.31866455078125
696.2803344726562
1161.3358154296875
1151.0167236328125
1641.5977783203125
1354.5384521484375
1198.1151123046875
108.60519409179688
990.09814453125
1249.3404541015625
152.974853515625
1056.970458984375
1176.5863037109375
409.54949951171875
1042.8291015625
1434.21875
180.2477569580078
1089.051513671875
1045.191650390625
808.5706787109375
1597.6790771484375
844.8518676757812
1172.75048828125
122.88745880126953
1212.50927734375
120.80743408203125
200.1514129638672
1230.7755126953125
355.35821533203125
139.4024658203125
1182.8255615234375
224.29612731933594
1087.794189453125
171.70834350585938
1124.7432861328125
1056.4493408203125
246.7349853515625
436.71612548828125
253.79722595214844
105.19548034667969
768.8583374023438
25914.404296875
1021.154541015625
1376.22265625
1020.3331298828125
1145.02490234375
445.325439453125
1081.32568359375
378.03497314453125
1050.73876953125
989.1699829101562
258.7442626953125
888.150390625
605.7462158203125
1071.625732421875
1062.92822265625
985.4274291992188
693.5413208007812
1025.867919921875
1676.8214111328125
658.0343627929688
1203.0770263671875
1094.0523681640625
1011.6912231445312
1104.858642578125
1080.52783203125
2692.31103515625
1378.6324462890625
1009.5433349609375
1003.2352905273438
126.12541961669922
328.4223937988281
115.14933776855469
234.66664123535156
810.9459228515625
258.4556579589844
1039.0440673828125
1116.9862060546875
125.73971557617188
1107.36669921875
1279.6795654296875
1181.6168212890625
325.57855224609375
300.40374755859375
1101.1044921875
107.05757141113281
1084.9078369140625
598.7061157226562
1042.348876953125
1076.690673828125
5871.65234375
614.4452514648438
957.0767211914062
878.6448364257812
1012.6984252929688
1061.5828857421875
1050.5150146484375
2535.664306640625
771.5106811523438
887.704833984375
1108.7489013671875
420.6033935546875
241.6034698486328
343.66632080078125
272.30059814453125
641.4402465820312
751.070068359375
1084.6207275390625
1125.8148193359375
478.1343994140625
1115.9951171875
960.522216796875
1005.6922607421875
1153.6544189453125
1109.296142578125
1003.864990234375
126.27208709716797
2021.7001953125
1096.342041015625
477.2041015625
1026.5994873046875
1013.9921875
449.278564453125
1081.30859375
991.456298828125
710.8573608398438
1047.416748046875
1052.5089111328125
206.64794921875
621.6755981445312
825.24560546875
1050.4927978515625
781.5037231445312
1218.585205078125
993.7957153320312
227.19174194335938
288.404052734375
1032.2833251953125
895.97412109375
392.01531982421875
172.4527130126953
1038.1492919921875
1009.79296875
139.81787109375
350.94378662109375
197.30038452148438
678.8696899414062
1084.017333984375
1010.3057861328125
968.1171875
1115.0341796875
195.89524841308594
560.095703125
390.3555908203125
1033.005859375
1985.6787109375
1038.899169921875
229.41453552246094
1063.4549560546875
1073.2928466796875
550.5006713867188
956.9046630859375
1285.817138671875
372.4260559082031
754.7257080078125
1170.9306640625
95.51802825927734
962.6324462890625
2176.6181640625
217.0499267578125
960.2615356445312
1173.0748291015625
974.6026000976562
107.27035522460938
102.0194320678711
118.35822296142578
2745.212890625
672.1546020507812
1043.1845703125
933.5374755859375
1153.7855224609375
90.73396301269531
97.77033996582031
1038.4862060546875
235.4085693359375
1205.731201171875
1004.957275390625
1068.3182373046875
1376.225830078125
1070.9853515625
1090.2562255859375
852.7435913085938
439.4621887207031
115.65837097167969
299.5625915527344
1087.1014404296875
271.1302795410156
348.17230224609375
140.24879455566406
1902.7381591796875
146.94683837890625
1168.9664306640625
159.2400360107422
365.0953063964844
825.2757568359375
1521.542236328125
293.9687194824219
109.97977447509766
1104.2442626953125
1151.5634765625
1157.86669921875
367.3470458984375
1015.80615234375
325.5321960449219
1139.9844970703125
1074.7152099609375
483.30999755859375
362.0444641113281
598.4935913085938
866.58544921875
1176.9466552734375
306.81103515625
151.99835205078125
1078.3995361328125
1002.5950927734375
1069.4676513671875
991.3326416015625
951.6104736328125
1015.3687744140625
390.72015380859375
934.1002197265625
979.2796020507812
145.67318725585938
931.8331298828125
425.34417724609375
1037.6617431640625
1048.2725830078125
181.5867919921875
27985.0546875
1013.8114013671875
1308.8433837890625
1011.974853515625
199.30699157714844
1288.380615234375
875.0513916015625
514.2900390625
1603.432861328125
1645.36328125
245.8657684326172
1135.3521728515625
2870.890869140625
7153.7685546875
1015.5582275390625
1011.9536743164062
1085.27392578125
353.4877014160156
1008.7945556640625
1062.9603271484375
1029.58642578125
971.2509155273438
1034.4534912109375
900.1531372070312
796.48974609375
2513.83837890625
944.1063232421875
949.3419799804688
1035.1968994140625
966.618896484375
195.35816955566406
589.4469604492188
879.008056640625
1289.0770263671875
1646.5831298828125
1003.03955078125
1038.00634765625
156.04847717285156
1021.955322265625
899.2959594726562
952.4603271484375
123.82274627685547
1448.5892333984375
1041.7835693359375
596.2398681640625
995.8470458984375
892.3831176757812
1913.5855712890625
129.77569580078125
1298.7703857421875
921.80126953125
992.8043823242188
687.8939208984375
145.08929443359375
2384.829345703125
471.5166015625
1217.5247802734375
696.7321166992188
961.0556030273438
965.174560546875
311.1056213378906
984.4852905273438
971.9129028320312
909.2920532226562
119.38395690917969
1073.9127197265625
277.799560546875
1011.2379760742188
113.9605484008789
340.1258239746094
358.6977844238281
1006.16552734375
5128.4814453125
945.878662109375
928.7744750976562
305.5050964355469
202.0298614501953
1035.671875
488.32659912109375
423.3081359863281
942.126220703125
159.7238006591797
958.2845458984375
952.447021484375
147.8496856689453
994.0419311523438
461.75177001953125
558.6838989257812
183.95828247070312
498.7708740234375
355.8690490722656
129.4803924560547
707.19580078125
2805.218017578125
1181.5977783203125
971.920166015625
1031.6663818359375
974.4732666015625
1033.4100341796875
994.95556640625
232.9530792236328
1123.129638671875
207.72592163085938
91.00735473632812
1038.3853759765625
437.00750732421875
454.7300109863281
491.3602294921875
170.13644409179688
314.2386169433594
1385.361083984375
536.2968139648438
1417.49267578125
1113.2716064453125
858.6754760742188
929.3460693359375
684.9620361328125
380.4989318847656
2030.77978515625
664.8638305664062
1010.371826171875
2586.83447265625
1053.232177734375
209.03684997558594
1090.381591796875
1041.0068359375
951.5504760742188
1546.5201416015625
1778.1568603515625
963.2984619140625
453.35992431640625
972.1082153320312
963.0731811523438
1084.7501220703125
900.927978515625
200.42654418945312
1142.3577880859375
1033.5986328125
1101.0833740234375
1440.2105712890625
1087.6563720703125
926.8681030273438
973.776611328125
151.6316375732422
644.8702392578125
955.5658569335938
1011.5678100585938
941.467529296875
89.45001983642578
110.81797790527344
554.5347900390625
989.8187255859375
1014.261474609375
631.8779907226562
1046.8414306640625
375.2342224121094
856.8301391601562
425.3373107910156
1081.60986328125
716.744140625
1289.048583984375
417.6854248046875
255.13670349121094
1581.9090576171875
1015.0925903320312
1068.1429443359375
1021.720947265625
1006.16259765625
996.3998413085938
421.8441467285156
908.626708984375
933.1722412109375
911.3253784179688
176.19058227539062
931.4713134765625
935.1160888671875
884.281494140625
513.255126953125
524.2780151367188
3665.6806640625
2107.978271484375
513.7508544921875
1554.95751953125
915.4349975585938
986.8922119140625
119.19473266601562
957.76611328125
333.9683532714844
2587.947265625
2805.54931640625
374.6031494140625
262.07464599609375
224.3825225830078
576.6920166015625
930.6327514648438
345.1278381347656
106.00933837890625
104.84720611572266
1993.8907470703125
159.92408752441406
5661.0126953125
881.2559204101562
923.4066162109375
369.79742431640625
496.918212890625
967.0037231445312
1039.1370849609375
1013.9945068359375
948.0260009765625
966.080322265625
896.474365234375
561.9520263671875
655.3727416992188
1004.1517333984375
992.6157836914062
571.8941040039062
859.0505981445312
961.671875
139.73814392089844
873.901123046875
888.064208984375
289.8767395019531
2641.25341796875
933.6433715820312
197.45492553710938
163.6973114013672
83.02727508544922
1736.762451171875
1013.0997924804688
986.091796875
2843.909423828125
247.29507446289062
1238.020751953125
933.7652587890625
273.3955078125
2940.097412109375
921.1763916015625
207.0828857421875
859.5840454101562
82.62872314453125
1024.9622802734375
283.0471496582031
492.2657470703125
114.56459045410156
1047.4395751953125
1072.9676513671875
1430.842041015625
951.396240234375
892.733154296875
572.4296264648438
942.94580078125
488.1291809082031
330.36737060546875
69.63723754882812
1607.9368896484375
220.9907989501953
195.8736114501953
1104.04150390625
958.7909545898438
745.7011108398438
941.4039306640625
213.70042419433594
967.9476318359375
981.41552734375
1121.861328125
1037.209716796875
944.640380859375
976.2676391601562
1373.8526611328125
203.3245849609375
1394.4420166015625
972.0120239257812
1036.962158203125
1574.15673828125
980.0786743164062
187.02627563476562
340.89483642578125
176.1186065673828
1514.6729736328125
253.14479064941406
957.7215576171875
397.3795166015625
1040.06005859375
1601.41455078125
741.7796630859375
1022.0614013671875
951.7882690429688
955.22900390625
1177.3800048828125
287.1886901855469
1090.16796875
102.36105346679688
696.1749267578125
1127.73388671875
953.2422485351562
934.6344604492188
1107.227783203125
1018.953125
1001.7083740234375
1101.8154296875
4034.110595703125
1045.6624755859375
384.6956787109375
450.70745849609375
954.597412109375
993.9475708007812
384.3516540527344
2447.232177734375
2075.45166015625
895.63671875
1081.3292236328125
921.0872802734375
991.3905639648438
968.4520263671875
925.58251953125
970.1400146484375
690.0060424804688
175.58001708984375
977.271240234375
1028.666259765625
627.6149291992188
121.14067077636719
1370.500732421875
114.48626708984375
932.9739990234375
1042.1014404296875
876.7299194335938
882.6143798828125
142.78065490722656
166.35304260253906
152.3161163330078
483.07635498046875
996.2614135742188
1020.4132690429688
2640.65185546875
140.27651977539062
1018.6576538085938
861.6640014648438
312.3395690917969
732.8292236328125
898.37744140625
210.96070861816406
879.4453125
973.1298217773438
975.9865112304688
121.48242950439453
1075.7528076171875
855.8492431640625
191.8094940185547
1007.4240112304688
625.559326171875
1022.5499267578125
397.9140930175781
993.80322265625
394.8968811035156
1415.1014404296875
244.93826293945312
601.0081176757812
589.655517578125
1928.1893310546875
166.61106872558594
938.7036743164062
581.976318359375
350.332763671875
80.31880187988281
478.8208923339844
1969.5675048828125
1126.615478515625
849.3507080078125
925.925537109375
943.8942260742188
531.3118896484375
1079.3919677734375
1068.8009033203125
885.1878662109375
977.573974609375
1601.27197265625
111.21578216552734
81.24528503417969
231.85447692871094
1271.1279296875
661.005126953125
895.4406127929688
1489.1865234375
80.83308410644531
296.9366760253906
316.5553283691406
865.7259521484375
866.8583374023438
921.835693359375
392.32855224609375
7250.48876953125
894.9124755859375
899.3568725585938
151.46176147460938
1297.567138671875
997.2776489257812
273.50933837890625
683.076171875
967.300048828125
517.9381103515625
104.2540512084961
2048.9140625
1170.872314453125
887.4533081054688
921.7528686523438
4912.47802734375
1302.2158203125
931.9791259765625
1740.8134765625
1070.4937744140625
1017.1602172851562
950.3109130859375
1002.7947387695312
321.8593444824219
99.573974609375
987.9639282226562
260.2315368652344
537.98974609375
269.24822998046875
939.9592895507812
1007.0214233398438
294.6332092285156
933.0789184570312
926.52685546875
852.677978515625
889.5226440429688
135.05857849121094
1262.3636474609375
889.7540893554688
