11682.2939453125
10349.0712890625
14708.580078125
9188.625
20814.568359375
13485.6416015625
10287.35546875
15244.2177734375
9569.4326171875
14469.1328125
10647.2685546875
12374.9697265625
11353.3125
11050.9072265625
14386.6923828125
13503.474609375
12202.3583984375
13964.759765625
12261.50390625
6620.03271484375
21326.140625
9144.7783203125
14337.55859375
8821.966796875
11047.95703125
10150.8720703125
10781.10546875
6627.89990234375
12237.2275390625
5992.744140625
4594.68310546875
6893.03857421875
5245.75
15061.951171875
5065.5029296875
2614.20947265625
6056.8857421875
2857.437744140625
3871.22314453125
3990.413330078125
3976.5224609375
5453.89794921875
11003.125
4924.8203125
1711.3709716796875
6701.189453125
2931.350830078125
2467.2587890625
2438.48583984375
760.8875122070312
427.9165954589844
1887.3028564453125
5717.26953125
6042.67431640625
2925.468017578125
2571.6796875
1759.19482421875
1487.275146484375
320.813720703125
1611.786376953125
609.3383178710938
462.279541015625
2713.30712890625
1421.314208984375
2366.913818359375
5731.4912109375
1196.72998046875
14594.4990234375
4151.0966796875
1589.14990234375
1712.564208984375
2032.7857666015625
268.969482421875
545.7476806640625
7610.52490234375
2098.886962890625
393.34332275390625
212.90750122070312
586.054931640625
258.95135498046875
1832.43212890625
1914.2099609375
251.4553680419922
1123.319580078125
248.91241455078125
1777.358154296875
168.38865661621094
11400.896484375
2997.879638671875
604.9942626953125
268.7508850097656
964.8673706054688
394.20587158203125
190.47154235839844
2036.3883056640625
194.37921142578125
148.52488708496094
893.1055297851562
4432.73486328125
702.11767578125
142.0625762939453
5107.923828125
141.41053771972656
832.7918090820312
1377.482666015625
1072.06005859375
176.33370971679688
4877.6064453125
381.9542541503906
218.94239807128906
482.170166015625
124.0893783569336
1417.04541015625
1402.792236328125
1415.6824951171875
237.4825439453125
4381.68896484375
125.7863540649414
694.2634887695312
111.3216323852539
137.97085571289062
119.59873962402344
4411.78662109375
308.3755187988281
125.67662048339844
1016.6788330078125
404.8251953125
233.49359130859375
101.68412017822266
451.986083984375
217.27587890625
136.2641143798828
2246.006591796875
4187.20458984375
276.5540771484375
544.4059448242188
97.2725601196289
97.42354583740234
2761.781494140625
989.2639770507812
3884.5419921875
192.79165649414062
14330.4833984375
1366.4566650390625
99.53530883789062
229.45590209960938
98.21765899658203
190.2384796142578
5345.2880859375
299.733154296875
3690.135986328125
298.07061767578125
1646.046142578125
157.86099243164062
3904.748779296875
3731.320068359375
3272.136474609375
931.4277954101562
3607.955322265625
3717.882568359375
246.25189208984375
646.871826171875
1702.2618408203125
3252.447509765625
861.4026489257812
3123.0830078125
3200.5390625
139.19552612304688
2831.5986328125
276.3929443359375
201.18421936035156
540.67626953125
2848.908447265625
293.2568359375
462.49676513671875
2626.666015625
272.3207092285156
2414.35400390625
8758.5673828125
235.3002166748047
323.3120422363281
217.63392639160156
589.1588134765625
321.7587890625
1016.8345336914062
2030.3668212890625
718.4078369140625
186.63705444335938
184.44651794433594
188.69586181640625
2235.925048828125
2164.9326171875
185.2515106201172
803.1182250976562
654.5614624023438
2243.53662109375
171.4450225830078
746.6057739257812
2157.645751953125
166.61062622070312
2363.9736328125
314.87908935546875
2239.441650390625
2283.5458984375
2257.904052734375
2062.253662109375
203.82952880859375
2186.8056640625
2042.399658203125
509.439697265625
1873.9423828125
537.1210327148438
1720.65087890625
333.2607421875
386.5737609863281
194.02423095703125
305.912353515625
205.2235107421875
790.2259521484375
1130.90771484375
358.6627197265625
185.2841339111328
1024.8341064453125
7663.880859375
368.36492919921875
899.0856323242188
943.8507080078125
517.002685546875
235.82940673828125
1760.134521484375
185.83546447753906
1752.6513671875
859.5812377929688
882.5943603515625
776.984130859375
1692.8597412109375
1818.548095703125
534.8834228515625
1714.4385986328125
12883.9970703125
2230.855712890625
733.1592407226562
1712.5269775390625
445.64117431640625
1496.544677734375
1281.8480224609375
1816.7816162109375
188.8125
772.9127197265625
222.5871124267578
6471.82568359375
202.34732055664062
411.05157470703125
1616.482666015625
940.6824951171875
1594.4932861328125
1547.40087890625
774.88623046875
202.84677124023438
1210.1812744140625
1504.9697265625
1495.1444091796875
1226.8792724609375
362.5167541503906
1432.4688720703125
1501.2818603515625
1408.1607666015625
251.60426330566406
226.7353057861328
1390.7701416015625
578.9022827148438
665.6179809570312
1037.4439697265625
1628.5540771484375
1539.2520751953125
1259.2745361328125
1151.9085693359375
1080.999267578125
1270.7518310546875
498.6136474609375
1338.7467041015625
271.0035400390625
1849.668701171875
2928.404296875
1183.9356689453125
1180.28369140625
1158.010009765625
1752.49658203125
1045.0302734375
3077.801513671875
699.840087890625
893.2982177734375
1226.169677734375
967.6504516601562
1010.6912231445312
1223.65087890625
1048.2445068359375
3669.51318359375
353.10406494140625
521.8269653320312
1010.6434936523438
1037.3583984375
1100.1785888671875
554.0488891601562
1385.87744140625
3266.118408203125
291.7451171875
1590.904052734375
833.8768920898438
2443.366943359375
379.4492492675781
1360.048583984375
480.1341857910156
920.3287353515625
413.7085876464844
1436.9798583984375
2156.98291015625
924.0617065429688
4877.33251953125
301.1986083984375
6725.85498046875
930.39453125
1367.28271484375
768.2536010742188
1658.5623779296875
1170.0855712890625
282.66900634765625
703.977783203125
1548.7613525390625
1566.1103515625
1192.04931640625
1027.3294677734375
381.93414306640625
986.0689697265625
1106.1934814453125
950.0789794921875
1048.0098876953125
278.035400390625
1615.76953125
909.4427490234375
1585.2763671875
807.9486694335938
373.010009765625
2145.937255859375
1316.34521484375
203.056640625
1704.640625
2874.449951171875
1648.7879638671875
1666.25
1650.3001708984375
539.305419921875
1858.2940673828125
223.8916015625
1695.1712646484375
182.94503784179688
205.33453369140625
1573.3668212890625
1762.1517333984375
178.74789428710938
349.7543640136719
1702.0718994140625
232.60914611816406
662.3694458007812
1776.19091796875
990.11669921875
399.2903137207031
2200.74267578125
673.5003662109375
1868.3377685546875
1777.20849609375
1794.4810791015625
1716.920654296875
1531.2216796875
162.0842742919922
1517.5703125
1610.528076171875
1457.881591796875
435.03045654296875
1516.358154296875
1498.1446533203125
509.4862976074219
186.90191650390625
302.6925048828125
196.98199462890625
284.9800109863281
4504.10791015625
221.35491943359375
673.4119262695312
1388.6181640625
1410.64599609375
16055.23046875
236.45899963378906
188.18023681640625
194.2173309326172
195.4312744140625
997.0758666992188
374.3266906738281
1352.025634765625
1399.26123046875
204.80398559570312
1372.4334716796875
1374.83935546875
1323.0380859375
783.99365234375
201.8603515625
1419.8297119140625
281.8768615722656
2137.017578125
1260.2099609375
186.40576171875
296.921630859375
472.8580322265625
1366.348388671875
1390.9742431640625
1525.0821533203125
1236.3326416015625
885.464111328125
600.6876831054688
1248.9691162109375
1218.1695556640625
277.0328063964844
1251.1593017578125
938.5680541992188
306.3952331542969
1175.4600830078125
1195.2320556640625
1320.2225341796875
434.6640930175781
1076.115966796875
1208.0904541015625
1146.9615478515625
2690.374267578125
1176.3050537109375
1376.0245361328125
1143.6915283203125
1699.561767578125
1149.346435546875
4010.939697265625
1129.8997802734375
812.6299438476562
298.58770751953125
918.8588256835938
2003.809814453125
947.7029418945312
1474.2808837890625
1763.5909423828125
1046.32470703125
234.5267333984375
2622.024169921875
2263.100341796875
559.89990234375
1610.7540283203125
763.1942749023438
1014.6721801757812
513.8751831054688
1007.078125
2120.7880859375
764.7652587890625
4281.98828125
212.59381103515625
2077.039306640625
679.9880981445312
1929.9156494140625
980.6984252929688
350.7977600097656
1224.7091064453125
324.0509948730469
559.58935546875
1095.82275390625
999.697509765625
254.81298828125
968.6532592773438
1170.6680908203125
1173.014892578125
209.60525512695312
2257.278564453125
867.5435791015625
1837.6015625
1169.15625
1088.968017578125
741.1806030273438
636.9597778320312
1015.9922485351562
1093.9530029296875
1807.8375244140625
1237.2757568359375
1005.3272705078125
462.15118408203125
22421.32421875
427.3516845703125
1044.9359130859375
1107.4261474609375
375.47296142578125
1033.9193115234375
1060.2860107421875
518.6353759765625
4845.43408203125
1458.4503173828125
2244.31494140625
195.40557861328125
342.578125
1322.55859375
1475.9697265625
923.9664306640625
891.5570068359375
635.2045288085938
901.4584350585938
568.7047119140625
698.7625122070312
922.5982055664062
541.1302490234375
811.842041015625
2003.5045166015625
927.7833862304688
745.161376953125
487.736083984375
3555.872802734375
740.2435913085938
3217.25927734375
635.723876953125
707.7884521484375
681.3119506835938
375.3699645996094
3672.0771484375
630.8568115234375
280.82672119140625
8814.6552734375
1037.47607421875
545.7015380859375
1093.534423828125
2587.267578125
984.9573364257812
546.2647094726562
606.4422607421875
493.3853759765625
1096.563232421875
1433.6583251953125
493.2598876953125
723.4677124023438
1522.1552734375
1862.8565673828125
528.2457275390625
2236.387451171875
2020.647216796875
3234.88037109375
261.4925537109375
1160.303466796875
1165.1478271484375
1465.7828369140625
2154.187744140625
1291.8223876953125
705.7881469726562
2286.7568359375
240.72796630859375
973.2361450195312
4239.88134765625
2543.15283203125
500.1096496582031
1304.9315185546875
188.2751007080078
1010.0335083007812
2078.51904296875
1050.3004150390625
519.743408203125
671.799560546875
1751.088134765625
1106.004638671875
1207.25634765625
661.2453002929688
2059.50439453125
7673.2607421875
300.70947265625
454.6757507324219
190.44630432128906
341.9075927734375
1366.352294921875
174.17681884765625
639.3609619140625
189.95213317871094
6413.20703125
1250.794189453125
1228.2855224609375
1191.54345703125
385.6955871582031
741.8259887695312
1744.04638671875
1360.18310546875
1425.3292236328125
840.5437622070312
1907.5682373046875
1149.44775390625
1034.5355224609375
1227.965576171875
1182.2047119140625
5019.42578125
724.3388061523438
1149.5322265625
1085.19921875
1076.063232421875
1136.090576171875
1182.505859375
1376.6904296875
1029.612548828125
1101.930908203125
1974.2615966796875
248.03289794921875
1253.8265380859375
293.3533630371094
272.4457092285156
919.014404296875
701.2919311523438
430.3243713378906
600.6216430664062
189.06903076171875
941.1216430664062
984.0857543945312
1027.31103515625
1716.7386474609375
947.7691650390625
1673.202392578125
452.7876281738281
421.1173095703125
2484.50439453125
1017.9386596679688
1089.7786865234375
1054.8917236328125
264.41009521484375
777.1704711914062
834.4376831054688
183.5713348388672
200.98451232910156
941.719482421875
1517.0447998046875
932.296630859375
1397.40576171875
462.47027587890625
849.2968139648438
227.27845764160156
247.30662536621094
1136.3673095703125
621.7966918945312
906.005615234375
631.5905151367188
845.9059448242188
220.0316619873047
363.185546875
794.262939453125
899.3604125976562
862.725341796875
1239.83056640625
916.9620971679688
1000.8161010742188
1122.541748046875
977.5173950195312
865.8807983398438
1119.3924560546875
976.3584594726562
1748.743408203125
843.21484375
210.86114501953125
861.4126586914062
731.4398193359375
271.22528076171875
1948.4490966796875
254.55162048339844
953.00341796875
2192.08349609375
463.0633544921875
1298.3414306640625
1366.971923828125
921.7608032226562
806.712890625
2747.404296875
835.4191284179688
849.9652099609375
729.2366333007812
242.01441955566406
1002.462646484375
272.1046142578125
1191.033447265625
2243.941650390625
976.49365234375
815.6715087890625
963.7477416992188
1431.34814453125
873.7173461914062
1003.7254638671875
297.46063232421875
892.6864013671875
1016.9007568359375
2822.403076171875
174.05645751953125
1499.3465576171875
2249.281494140625
935.7952880859375
1060.20751953125
1419.98876953125
1057.240966796875
956.083984375
938.4288940429688
626.627197265625
1452.9615478515625
1581.68701171875
485.75274658203125
1570.864990234375
294.7955017089844
999.2744750976562
603.67529296875
438.1349182128906
153.3461456298828
1620.1234130859375
282.15264892578125
1294.55712890625
749.8484497070312
1192.4556884765625
1028.478515625
1119.7459716796875
1337.03466796875
152.68466186523438
1147.119873046875
143.7858428955078
825.766845703125
857.4642333984375
1021.1746215820312
1085.6756591796875
1258.5240478515625
3608.211181640625
5949.75146484375
137.4439239501953
807.1730346679688
1156.7294921875
564.0872802734375
415.2455749511719
1096.35546875
632.3522338867188
233.6376190185547
1160.119140625
827.3275146484375
904.9554443359375
1077.153564453125
2059.90771484375
1076.1839599609375
1198.5068359375
962.6214599609375
1170.270263671875
187.3217315673828
873.9683837890625
154.0104217529297
1673.02392578125
269.3847351074219
1032.2298583984375
903.067626953125
945.2404174804688
194.75692749023438
968.5343017578125
916.7740478515625
638.0433349609375
780.9193725585938
742.2884521484375
147.58201599121094
915.2003784179688
953.3446655273438
855.7132568359375
149.65283203125
2106.217041015625
422.8686218261719
468.8384094238281
881.609130859375
902.9154052734375
1055.839111328125
654.7760009765625
1587.1973876953125
1742.973876953125
883.9598388671875
417.005859375
879.1365356445312
234.27371215820312
2039.1785888671875
287.15008544921875
607.1119384765625
562.2539672851562
498.14227294921875
798.7948608398438
333.4282531738281
882.3361206054688
990.9260864257812
997.8251342773438
861.5178833007812
924.0372924804688
143.74737548828125
299.0796813964844
1058.4814453125
1066.22216796875
1098.0662841796875
1747.5462646484375
1061.8182373046875
756.6378784179688
1074.930419921875
148.8329620361328
176.19480895996094
866.9912719726562
162.8048858642578
1142.232666015625
1064.3516845703125
980.4949951171875
391.38604736328125
1089.405029296875
515.7721557617188
990.1652221679688
1461.11962890625
497.3219909667969
998.0081176757812
4829.13916015625
1024.72705078125
863.792236328125
985.0367431640625
1469.684326171875
581.4364013671875
1008.0560302734375
1360.59765625
658.0471801757812
200.85093688964844
176.88177490234375
1016.2149047851562
165.99644470214844
970.6724853515625
3048.409423828125
1113.8760986328125
1380.5970458984375
394.4823913574219
1124.8380126953125
213.88214111328125
995.4453125
284.7109069824219
628.584716796875
148.76112365722656
1099.704833984375
963.9475708007812
340.2077331542969
1888.8909912109375
1094.2489013671875
1878.766357421875
1149.1112060546875
417.5915222167969
1015.02783203125
131.07106018066406
1490.80419921875
1724.228759765625
1007.665771484375
729.8755493164062
193.4837646484375
859.7221069335938
938.38525390625
786.4353637695312
1078.961181640625
748.72900390625
194.41415405273438
1109.094970703125
322.76708984375
154.80850219726562
588.4666748046875
1111.7138671875
164.24114990234375
131.0756072998047
976.8008422851562
511.8287353515625
972.0524291992188
217.4917755126953
786.5927124023438
259.7948303222656
14314.8125
180.5161590576172
377.6239929199219
1650.544677734375
667.8897705078125
159.57325744628906
1083.2457275390625
870.12451171875
125.23628234863281
495.30352783203125
268.1918640136719
985.6558837890625
1030.9041748046875
178.9784698486328
4454.69775390625
939.4397583007812
564.631103515625
1236.6502685546875
187.1378936767578
882.281982421875
1874.22412109375
180.30252075195312
832.8814086914062
735.1536865234375
1806.9139404296875
260.3908386230469
695.0367431640625
818.8646240234375
1064.69970703125
1527.766357421875
875.816650390625
496.1983642578125
1613.720458984375
547.2734985351562
283.5138854980469
857.3441162109375
994.7108764648438
632.216064453125
209.39801025390625
889.3563842773438
1005.4459228515625
1245.8909912109375
149.601318359375
129.32781982421875
1009.3377075195312
966.259521484375
876.986083984375
126.48734283447266
1077.7711181640625
1294.1480712890625
735.2901611328125
1581.25537109375
902.0299072265625
890.844482421875
1020.5884399414062
527.6162719726562
338.73748779296875
1430.6639404296875
960.2913208007812
563.6080932617188
1099.5006103515625
146.66213989257812
3722.849609375
1040.4005126953125
192.14434814453125
152.2003936767578
979.7959594726562
302.3680419921875
945.3593139648438
13838.2158203125
129.34881591796875
133.94212341308594
360.079345703125
183.83816528320312
780.8320922851562
879.6735229492188
180.96844482421875
858.2738037109375
1371.91259765625
560.3546752929688
1110.1988525390625
706.8654174804688
125.88751983642578
1386.760986328125
694.2687377929688
900.379150390625
2740.916259765625
496.888916015625
926.5704956054688
402.86151123046875
923.896240234375
1902.3245849609375
1283.9990234375
1474.54248046875
353.5037841796875
1640.4637451171875
511.0442199707031
1142.08642578125
115.6235580444336
1837.4150390625
142.8272705078125
248.91009521484375
1014.0995483398438
1132.3292236328125
10180.2001953125
649.3372802734375
133.10116577148438
3259.98291015625
223.13206481933594
1122.7904052734375
148.3336181640625
1203.2767333984375
963.0682983398438
109.19931030273438
104.96155548095703
1123.9984130859375
177.23960876464844
1805.128173828125
136.9944305419922
227.5649871826172
387.0235900878906
1392.48095703125
1061.2222900390625
933.3367309570312
122.12406158447266
1035.52294921875
1918.625
315.9834289550781
1158.72265625
961.2408447265625
137.2476806640625
1025.6064453125
976.8783569335938
223.1475372314453
844.248046875
1048.542724609375
398.63653564453125
1062.568115234375
626.9971923828125
935.761962890625
969.60546875
1419.852294921875
825.9185791015625
996.0033569335938
1031.5098876953125
1285.433349609375
1234.5731201171875
979.0591430664062
899.04541015625
737.1942749023438
1033.8780517578125
480.8990173339844
472.00390625
142.37974548339844
132.72836303710938
658.9456787109375
202.54547119140625
940.553466796875
3317.714111328125
1077.263916015625
1016.5136108398438
121.68376922607422
1008.1154174804688
560.65576171875
112.1658706665039
1370.2059326171875
248.39259338378906
640.9281005859375
933.5625
726.4844360351562
548.634033203125
117.98754119873047
121.55648803710938
104.8510513305664
1051.12841796875
1085.87353515625
844.2965698242188
765.4251708984375
147.4613494873047
111.63204956054688
2605.5048828125
198.4209747314453
2237.27978515625
931.0337524414062
1100.05810546875
102.36784362792969
915.6600952148438
1932.2532958984375
903.867431640625
2437.100830078125
107.19457244873047
1014.31201171875
913.0918579101562
304.6600341796875
441.24737548828125
1846.099853515625
1016.7748413085938
1940.71533203125
301.2164001464844
175.1812744140625
583.1577758789062
917.300048828125
597.579833984375
1052.62646484375
1032.4317626953125
943.0504760742188
27626.453125
228.8230438232422
219.00033569335938
911.0798950195312
333.2742614746094
539.8138427734375
149.71878051757812
589.2537231445312
115.05169677734375
228.3838348388672
123.92139434814453
1024.044189453125
249.99000549316406
251.56600952148438
1722.462646484375
1050.355224609375
860.9000244140625
2225.01171875
107.29147338867188
947.4492797851562
944.4039306640625
1017.7658081054688
198.39308166503906
829.0740356445312
984.586181640625
892.3865356445312
788.640869140625
958.940673828125
834.901611328125
1137.8743896484375
109.81597900390625
245.76141357421875
807.7553100585938
160.80410766601562
639.2343139648438
397.64971923828125
118.64312744140625
725.3270263671875
135.49464416503906
1364.7496337890625
545.2962646484375
334.3799133300781
605.1529541015625
647.4031372070312
574.1066284179688
2065.849609375
573.7431030273438
947.2330322265625
722.2161865234375
1197.7333984375
1590.39599609375
644.8015747070312
2274.799560546875
537.13623046875
204.55601501464844
1338.7822265625
1107.5223388671875
547.9066162109375
595.0134887695312
1905.325927734375
176.8380889892578
1919.138916015625
853.2008056640625
121.73381805419922
602.8987426757812
613.5811767578125
472.309814453125
542.745361328125
218.86451721191406
578.871337890625
1044.934814453125
143.46151733398438
576.5390014648438
1871.254638671875
2560.045654296875
1668.7646484375
631.975341796875
1658.5313720703125
2399.22119140625
522.5523681640625
714.2545166015625
2844.516845703125
526.5552978515625
207.9081268310547
550.8470458984375
511.5372619628906
644.3905639648438
506.0835266113281
999.7965698242188
864.6451416015625
541.7635498046875
500.20977783203125
1803.536865234375
3460.3193359375
381.4888610839844
484.96502685546875
1881.1337890625
494.1251525878906
570.5123291015625
3378.5234375
342.1029968261719
285.82781982421875
906.2034301757812
710.7467041015625
488.6683654785156
1227.4072265625
1426.4359130859375
516.293212890625
344.9832458496094
674.65625
134.73306274414062
1116.5882568359375
2728.088134765625
799.2725219726562
608.6480102539062
2421.801513671875
2622.4453125
607.182861328125
693.4994506835938
632.5478515625
573.0601806640625
3341.059326171875
480.3062438964844
2365.411376953125
927.11572265625
973.7433471679688
185.62051391601562
123.5345230102539
596.9750366210938
349.24444580078125
1400.885498046875
511.1424865722656
123.99059295654297
1200.776123046875
651.2567138671875
702.5833740234375
620.9741821289062
166.19041442871094
641.0833740234375
404.5688171386719
1319.310302734375
689.1170043945312
636.824462890625
349.1900634765625
609.6878662109375
2190.554931640625
682.0982666015625
2346.703857421875
125.9609146118164
998.7542114257812
758.3126831054688
120.85859680175781
1497.7974853515625
850.3023681640625
231.17689514160156
693.2996215820312
762.5353393554688
646.3936157226562
110.79338836669922
804.1336669921875
713.6334228515625
212.57058715820312
739.3178100585938
727.69091796875
702.7813110351562
682.0836791992188
789.2175903320312
633.8511962890625
751.6751708984375
815.4089965820312
525.5165405273438
1620.8564453125
664.439208984375
131.7872314453125
805.6976318359375
1878.2972412109375
926.8135986328125
102.13427734375
230.4156494140625
367.3383483886719
972.0504760742188
525.0693359375
197.98760986328125
1486.19091796875
763.21826171875
1220.934326171875
3711.832763671875
659.4367065429688
761.0418090820312
759.0128173828125
836.203125
522.954833984375
502.3367614746094
939.066162109375
568.1835327148438
214.94078063964844
874.39453125
1046.8717041015625
115.7313003540039
3435.475830078125
135.57325744628906
831.60595703125
923.8716430664062
752.7329711914062
905.2860107421875
1006.365234375
961.55859375
261.9941101074219
1034.1416015625
2955.245849609375
246.3383026123047
515.5609741210938
2437.001953125
560.4248657226562
935.7977294921875
892.8963012695312
738.01318359375
861.8577270507812
828.3228759765625
837.0328369140625
845.0072021484375
885.0861206054688
924.1132202148438
212.84400939941406
947.5682983398438
699.7421264648438
1476.978759765625
983.4113159179688
931.058837890625
1306.2811279296875
1423.98779296875
6923.26171875
125.22476196289062
439.5625
1492.08447265625
479.2704162597656
90.87474822998047
434.3484802246094
940.5093994140625
960.036376953125
383.2866516113281
7212.166015625
940.0652465820312
1244.871826171875
288.4591064453125
922.5109252929688
979.904541015625
139.08819580078125
1033.12451171875
777.3510131835938
2963.54833984375
356.9072265625
824.3379516601562
91.22822570800781
206.48048400878906
104.05968475341797
679.6478271484375
794.3981323242188
713.91259765625
864.4263916015625
788.2185668945312
741.1322631835938
720.5181884765625
835.5468139648438
1279.315673828125
683.5248413085938
675.81005859375
1030.0947265625
2310.49365234375
1256.73486328125
448.299072265625
2302.05810546875
241.01718139648438
149.76754760742188
1075.31396484375
2057.2080078125
511.6404724121094
181.0637664794922
134.9766082763672
94.06596374511719
1627.22509765625
154.1053009033203
647.2699584960938
636.2886962890625
116.00712585449219
2594.519775390625
2487.286376953125
1948.6171875
1009.729248046875
2697.3359375
208.33494567871094
663.305908203125
687.682373046875
1646.0411376953125
633.6580200195312
2486.77392578125
124.21314239501953
615.942138671875
1680.1915283203125
586.3818359375
391.6334228515625
651.4395141601562
544.434814453125
704.9918823242188
135.5177764892578
813.3931274414062
7819.1845703125
141.59136962890625
2197.109619140625
189.2531280517578
338.4121398925781
301.086181640625
615.5449829101562
578.8727416992188
215.09275817871094
1351.98291015625
95.93419647216797
591.6796264648438
123.7962875366211
326.060791015625
655.9325561523438
89.95821380615234
1731.5384521484375
739.3336791992188
502.42510986328125
640.1966552734375
633.814208984375
1226.8404541015625
206.85499572753906
597.0061645507812
790.458984375
985.3368530273438
485.96173095703125
626.0512084960938
844.6065063476562
104.99641418457031
560.5948486328125
533.357666015625
486.8924865722656
1416.38525390625
617.215087890625
1278.484619140625
2782.0537109375
486.82928466796875
1055.82568359375
151.02398681640625
539.4452514648438
1559.2711181640625
548.93603515625
635.458251953125
526.5333862304688
137.0720672607422
2620.771484375
1003.6624755859375
134.52850341796875
573.7333984375
585.7567749023438
544.5030517578125
881.351318359375
210.2099609375
2547.496337890625
628.0529174804688
2334.3701171875
861.6698608398438
108.01161193847656
964.8711547851562
1344.46826171875
543.0396118164062
588.2344360351562
867.01904296875
1916.361572265625
946.6102905273438
698.1782836914062
608.229248046875
2298.311767578125
168.978515625
687.2977905273438
647.0242309570312
584.0286254882812
653.5106201171875
1341.3089599609375
119.83052062988281
590.173828125
520.6583862304688
1536.0098876953125
584.3563842773438
2086.346435546875
633.7015380859375
597.8958740234375
287.7334899902344
3517.620849609375
422.8807373046875
1118.199462890625
460.6016845703125
604.9883422851562
1636.6265869140625
113.39140319824219
475.7366027832031
591.9738159179688
559.0809326171875
551.5245971679688
880.9534912109375
504.929931640625
504.6138916015625
1158.68603515625
411.2735900878906
2614.589111328125
518.0463256835938
104.74099731445312
405.4200439453125
489.8339538574219
1132.3212890625
129.5642852783203
467.3701477050781
2526.26611328125
2495.65869140625
1651.3148193359375
440.0776062011719
369.60601806640625
470.5624084472656
433.7912902832031
1857.71533203125
137.7005615234375
383.0475769042969
428.1637878417969
112.4825210571289
380.0555725097656
417.3583679199219
362.2989196777344
344.6988525390625
602.81298828125
1467.0997314453125
1143.401123046875
1578.1468505859375
2449.733642578125
2656.501953125
3475.617431640625
1116.3017578125
502.7891540527344
389.76324462890625
688.443115234375
273.2164001464844
968.6051635742188
603.7867431640625
130.97727966308594
2561.123779296875
485.19781494140625
435.0584716796875
468.7080993652344
409.6731262207031
1053.7041015625
447.2395324707031
3642.241455078125
429.7837219238281
2104.1240234375
523.4420166015625
728.5460815429688
542.0505981445312
1829.7191162109375
838.3466186523438
1697.026611328125
579.837890625
610.5276489257812
539.5233764648438
558.827880859375
3070.330322265625
505.0770263671875
2227.429443359375
673.58154296875
1774.1212158203125
600.819580078125
1269.760986328125
475.0971984863281
238.60113525390625
539.0693969726562
2510.754150390625
1445.7171630859375
489.31024169921875
512.7808837890625
421.9736633300781
739.4705200195312
3230.941162109375
1401.059814453125
697.9827880859375
427.3969421386719
475.2048034667969
523.0409545898438
140.9289093017578
177.23446655273438
490.63128662109375
134.41871643066406
268.0948486328125
536.0187377929688
553.80078125
596.7651977539062
105.81410217285156
508.7131652832031
491.3453063964844
537.3106689453125
376.0045166015625
1330.0853271484375
496.6101989746094
473.4868469238281
9722.095703125
436.33770751953125
427.1455993652344
929.4954833984375
434.63616943359375
120.46675872802734
519.5633544921875
340.17938232421875
1765.260009765625
934.4249877929688
328.44219970703125
110.88284301757812
338.22772216796875
129.61077880859375
1117.9410400390625
305.384033203125
1320.942626953125
360.1537170410156
151.18919372558594
1901.4471435546875
324.52716064453125
281.7537536621094
2139.237060546875
254.4505615234375
269.48773193359375
269.56982421875
580.0166625976562
2735.515869140625
283.9026184082031
234.56756591796875
5295.015625
240.78085327148438
8309.798828125
3969.2734375
1788.0087890625
1952.0859375
158.7264404296875
298.3182678222656
291.6219787597656
1176.4906005859375
273.74066162109375
257.81964111328125
2682.343505859375
148.97470092773438
905.2511596679688
2282.699462890625
458.698486328125
592.1451416015625
346.6094665527344
8542.9765625
3094.84375
397.38934326171875
313.68524169921875
144.3323211669922
341.9217834472656
1907.647705078125
1973.9949951171875
201.9712677001953
2185.591796875
1108.65625
259.32830810546875
330.36932373046875
935.0571899414062
1505.5372314453125
274.35516357421875
315.3656921386719
218.76333618164062
430.5099182128906
1949.5042724609375
300.3619689941406
313.3503112792969
379.0241394042969
444.5574645996094
342.0340576171875
366.522216796875
1288.0548095703125
981.8595581054688
1271.9456787109375
333.0312805175781
118.50418853759766
363.2981262207031
441.9315490722656
241.40797424316406
397.1142578125
237.62498474121094
3545.54052734375
427.8860168457031
2187.826171875
340.332275390625
338.5954284667969
1313.9996337890625
333.01690673828125
509.9173583984375
900.1044311523438
378.88031005859375
856.6266479492188
730.7114868164062
373.3839111328125
307.4184875488281
775.3046875
2422.547607421875
400.51483154296875
486.49102783203125
2707.819580078125
126.339599609375
3327.950927734375
316.69830322265625
728.5415649414062
454.1808166503906
326.54791259765625
1679.90185546875
333.4866943359375
2686.26416015625
384.31781005859375
396.845703125
372.3139343261719
310.68304443359375
420.6008605957031
341.5547180175781
397.9676818847656
2335.60302734375
375.29901123046875
212.86346435546875
1830.6544189453125
333.01202392578125
854.3964233398438
1430.18798828125
389.884765625
164.15438842773438
1677.4571533203125
431.6961669921875
305.7592468261719
330.16339111328125
350.595458984375
426.1108093261719
914.0968627929688
189.1742706298828
409.2655944824219
555.9424438476562
332.67913818359375
3109.3916015625
128.76226806640625
792.7109985351562
1474.7623291015625
1151.99951171875
153.75099182128906
694.17041015625
291.5740966796875
2100.5986328125
5274.6005859375
1600.2830810546875
2558.4521484375
730.3622436523438
1909.1832275390625
332.4667053222656
364.97686767578125
333.069091796875
2324.291015625
1096.63525390625
6426.09423828125
124.38972473144531
382.4507141113281
3588.02685546875
267.94403076171875
390.7735595703125
1070.7332763671875
201.04840087890625
2645.955322265625
780.9915771484375
442.26483154296875
818.69189453125
460.1528625488281
1489.392822265625
2186.646728515625
428.3896484375
376.375732421875
420.111328125
442.85699462890625
394.8896179199219
779.080078125
1040.8956298828125
419.6981201171875
2371.008056640625
1727.0284423828125
4032.772216796875
1569.76318359375
336.5055847167969
737.30859375
674.1339721679688
565.2598876953125
408.62835693359375
471.3370056152344
105.8220443725586
485.4259033203125
493.9440612792969
133.9964599609375
464.3070983886719
1307.0877685546875
1437.3743896484375
1339.9625244140625
458.16534423828125
412.60101318359375
1662.85400390625
346.9934387207031
504.0166931152344
3691.77978515625
402.5419006347656
827.978271484375
319.75201416015625
436.4460144042969
273.1739196777344
418.89813232421875
395.4855041503906
462.0308837890625
127.48705291748047
413.55780029296875
226.54034423828125
5275.302734375
113.24685668945312
353.5489807128906
379.597412109375
1069.2161865234375
423.35723876953125
339.1781921386719
341.79364013671875
399.412109375
318.712158203125
1976.1773681640625
460.882080078125
345.1632080078125
220.7637939453125
314.1268615722656
252.3757781982422
288.0992431640625
1777.58837890625
2050.3720703125
441.1757507324219
3540.034912109375
1026.939208984375
118.1435317993164
173.61410522460938
2221.00048828125
4282.02294921875
551.7392578125
1975.2862548828125
1737.9619140625
347.67852783203125
299.0132141113281
1017.5565795898438
370.1671447753906
289.92462158203125
151.71713256835938
288.9830627441406
2034.84375
1143.2913818359375
187.6781768798828
506.59515380859375
906.5527954101562
400.2825927734375
165.5613250732422
371.78692626953125
1164.977783203125
295.3409423828125
3768.80126953125
347.30889892578125
610.7138061523438
377.5908203125
887.4390869140625
1087.6715087890625
2684.227783203125
1010.8060302734375
208.42465209960938
385.9481506347656
497.2217102050781
105.23406982421875
1862.965576171875
187.92007446289062
354.5139465332031
178.19921875
600.3846435546875
135.94638061523438
497.894775390625
2460.77978515625
1848.2840576171875
1283.71533203125
312.5246887207031
494.2825012207031
537.9911499023438
518.160888671875
513.4596557617188
497.0052490234375
170.9683380126953
85.42666625976562
584.1316528320312
494.11700439453125
187.2236328125
2467.279296875
2035.50927734375
340.665771484375
2079.711669921875
465.1347351074219
408.3804626464844
9286.5439453125
500.6619567871094
294.2236328125
1559.084716796875
104.98429870605469
429.12384033203125
372.2829284667969
268.1014404296875
422.1986083984375
472.9677429199219
1503.2403564453125
142.7494354248047
2778.48876953125
404.8265380859375
2955.9755859375
515.9075927734375
438.459228515625
101.44429016113281
224.72560119628906
392.26251220703125
1247.276611328125
785.3688354492188
469.5400085449219
1103.369384765625
475.489013671875
527.6541137695312
340.1727294921875
1916.2459716796875
564.275634765625
546.6900024414062
487.52667236328125
582.0510864257812
732.9893798828125
604.1103515625
2053.84228515625
1112.52734375
479.7813720703125
1088.97021484375
560.922607421875
590.7634887695312
528.1236572265625
139.70980834960938
435.4989013671875
429.0620422363281
368.33526611328125
484.34930419921875
549.2647094726562
5737.921875
2813.156982421875
459.1317138671875
3340.56396484375
1271.39111328125
2282.37255859375
4263.0078125
102.64899444580078
835.8194580078125
425.354736328125
4417.84228515625
451.6011047363281
408.45294189453125
385.02581787109375
423.46710205078125
3802.38525390625
725.0357666015625
180.01641845703125
297.8249816894531
413.3924865722656
285.8214416503906
418.56390380859375
434.9307556152344
1050.6824951171875
935.7181396484375
953.192626953125
381.7589111328125
1842.1300048828125
298.15814208984375
419.6205749511719
460.57843017578125
1660.7509765625
3330.6708984375
386.0318298339844
483.0173034667969
460.4200439453125
101.78511810302734
183.77806091308594
106.81524658203125
405.85992431640625
391.70233154296875
393.81463623046875
371.0823974609375
864.9570922851562
310.4011535644531
215.84068298339844
344.1773376464844
2493.4873046875
109.41148376464844
277.71502685546875
111.15029907226562
1986.22119140625
331.72821044921875
2330.327392578125
291.563720703125
260.7463073730469
250.76394653320312
200.8314208984375
233.8203125
984.0328369140625
141.74859619140625
239.75811767578125
160.07928466796875
242.80250549316406
273.1685791015625
286.1947937011719
208.98931884765625
430.060791015625
243.1377410888672
3467.75
1304.54443359375
4922.49169921875
237.97247314453125
1221.791015625
177.14622497558594
5657.48291015625
237.2452392578125
1547.0682373046875
384.6428527832031
196.60121154785156
2787.021240234375
1721.0159912109375
2901.553955078125
125.7052230834961
209.6050567626953
213.99378967285156
2333.97607421875
2597.366455078125
262.6870422363281
874.109375
255.55551147460938
3030.7041015625
3007.4384765625
460.3446350097656
646.9993286132812
331.1308898925781
1822.5003662109375
177.83377075195312
2941.81884765625
2654.688232421875
1803.2662353515625
267.00811767578125
334.86053466796875
115.1279296875
1857.1802978515625
528.986572265625
2836.9912109375
1219.124267578125
1491.346923828125
379.8704833984375
303.5014343261719
201.30882263183594
367.25225830078125
829.492431640625
4675.25537109375
1691.72021484375
354.3183898925781
3672.2568359375
792.9545288085938
145.97988891601562
2400.6162109375
1344.1221923828125
505.5791931152344
1520.8326416015625
473.1469421386719
388.0953063964844
404.5711975097656
701.5986938476562
483.28253173828125
3076.4169921875
2217.4453125
475.1932067871094
414.8597717285156
2935.533447265625
406.4271545410156
1485.5498046875
921.4806518554688
412.68524169921875
474.7091064453125
576.298095703125
125.54853820800781
122.15509033203125
1432.8433837890625
599.7855834960938
2444.545654296875
123.98503112792969
566.6066284179688
339.2524719238281
88.82235717773438
528.6480712890625
3139.61572265625
1942.7808837890625
1887.262451171875
1109.4417724609375
92.15988159179688
146.84454345703125
511.249267578125
891.6859130859375
271.02459716796875
461.3314208984375
582.3262329101562
187.33970642089844
901.5346069335938
419.7752685546875
1669.5904541015625
109.20252227783203
1095.33642578125
815.4443969726562
235.42437744140625
960.7568969726562
194.7647247314453
825.92529296875
1450.7989501953125
2094.891845703125
328.3447570800781
871.0228881835938
983.8278198242188
621.53076171875
929.7070922851562
681.0818481445312
1397.61181640625
908.6961059570312
789.0674438476562
861.1372680664062
545.6785278320312
262.7680969238281
67.8586654663086
746.5667114257812
748.6939086914062
84.01062774658203
125.45113372802734
923.823486328125
686.4706420898438
1270.08984375
759.8359375
784.6470336914062
1811.2027587890625
670.4564819335938
593.841064453125
78.0063705444336
755.4720458984375
1983.89794921875
1242.9979248046875
457.0591735839844
727.2156982421875
1189.2796630859375
644.75048828125
826.7948608398438
579.8217163085938
2064.527587890625
2203.643310546875
729.7843627929688
262.67803955078125
1835.0267333984375
188.7948455810547
624.4429931640625
632.353515625
84.4315414428711
663.75634765625
628.117431640625
702.524658203125
617.0086059570312
581.3035888671875
830.8799438476562
571.2982177734375
628.40966796875
1705.279541015625
1862.3956298828125
567.8721313476562
194.56851196289062
501.4320373535156
489.6800842285156
440.2410583496094
194.5484619140625
2188.2626953125
537.073486328125
595.6358032226562
1478.87939453125
524.4063110351562
2326.44677734375
1784.84033203125
473.8377380371094
688.9931030273438
97.16410064697266
420.083984375
2060.677734375
448.47613525390625
1082.932861328125
418.012451171875
1000.5392456054688
393.73748779296875
495.9448547363281
530.9890747070312
564.669189453125
509.61468505859375
172.81683349609375
427.7973327636719
516.7415771484375
512.7833862304688
500.7050476074219
513.7182006835938
1156.0589599609375
438.6165771484375
439.1820068359375
4232.982421875
507.4476623535156
103.24325561523438
300.0147705078125
429.5238037109375
1124.8759765625
131.84307861328125
378.29217529296875
397.98846435546875
343.941650390625
154.94424438476562
371.5987854003906
887.097900390625
1032.60302734375
337.2241516113281
342.34710693359375
1274.07470703125
329.8006896972656
280.23504638671875
354.8645324707031
1976.2314453125
735.758544921875
1492.4886474609375
284.8511657714844
422.5299987792969
4283.03076171875
1783.8656005859375
2499.353759765625
271.4609375
288.0375671386719
272.1262512207031
292.7662048339844
1306.2230224609375
2510.387451171875
265.0071716308594
287.3824462890625
310.0787353515625
3321.72119140625
1112.4354248046875
1165.118408203125
1407.0037841796875
1841.337646484375
295.5476379394531
332.6108093261719
456.7857360839844
288.98419189453125
1718.672607421875
294.9637145996094
98.95142364501953
386.63421630859375
278.0972595214844
291.77398681640625
251.12535095214844
361.6234436035156
1223.6494140625
2267.15087890625
3413.281494140625
276.0206298828125
263.346435546875
197.36077880859375
823.3836059570312
273.9726257324219
1330.8778076171875
791.6318969726562
241.25047302246094
253.5253143310547
1216.1090087890625
110.94985961914062
728.1812744140625
240.33779907226562
287.4311828613281
197.1566619873047
208.77651977539062
219.64996337890625
210.74630737304688
782.579833984375
255.35101318359375
5426.83447265625
1938.5380859375
2703.105224609375
2769.6865234375
203.03604125976562
610.3543701171875
2121.0009765625
298.8367919921875
253.9248046875
1343.6507568359375
275.7833251953125
966.5371704101562
1075.6658935546875
180.0970458984375
620.48583984375
323.9306945800781
338.25311279296875
426.5342712402344
298.83416748046875
7177.72998046875
396.5201416015625
295.93658447265625
377.1867980957031
589.8700561523438
263.09942626953125
257.717041015625
235.46580505371094
270.294677734375
1657.8533935546875
403.3975830078125
266.0035705566406
247.04800415039062
638.5014038085938
253.00462341308594
1337.415283203125
239.83242797851562
215.26841735839844
2706.764404296875
218.09129333496094
208.92584228515625
215.19664001464844
199.9842529296875
1360.923095703125
1405.521728515625
968.5634155273438
922.4776000976562
1223.347412109375
262.420654296875
245.2335205078125
819.6766967773438
195.56272888183594
200.60719299316406
213.33609008789062
2473.647216796875
225.67681884765625
190.14744567871094
205.32798767089844
1774.095947265625
2015.279052734375
695.4179077148438
1352.1929931640625
184.5124969482422
1140.8475341796875
772.2693481445312
985.9579467773438
235.79937744140625
226.1552734375
89.02399444580078
586.877685546875
1971.9027099609375
2581.76318359375
275.6290283203125
5427.123046875
1008.6566162109375
1563.0882568359375
238.43597412109375
953.377685546875
225.6284942626953
899.0680541992188
322.8589782714844
288.3726806640625
2298.986572265625
548.2669067382812
193.5837860107422
1754.6312255859375
964.9373168945312
328.3002624511719
298.4995422363281
359.7808532714844
209.83741760253906
1415.3587646484375
286.5283508300781
306.557373046875
1069.5350341796875
1179.2127685546875
1359.8035888671875
1803.0224609375
1400.9212646484375
334.0878601074219
277.670166015625
262.0268249511719
235.50669860839844
2880.877197265625
2224.1552734375
291.2481994628906
344.5373840332031
1231.2005615234375
1790.196044921875
2243.56494140625
194.70245361328125
2458.736328125
88.5677261352539
3085.784912109375
713.9835815429688
252.82546997070312
1692.307373046875
229.61541748046875
1134.7186279296875
348.372314453125
333.5445251464844
88.9264907836914
256.85357666015625
1921.9378662109375
212.9849853515625
257.6982727050781
215.86453247070312
151.36647033691406
3890.10302734375
2823.74462890625
198.48715209960938
179.78439331054688
3205.16650390625
218.73265075683594
186.06948852539062
156.69686889648438
164.8565216064453
2844.02978515625
201.30979919433594
587.8526611328125
184.1030731201172
225.10533142089844
185.43157958984375
220.43478393554688
217.78627014160156
166.35630798339844
8473.111328125
2378.728515625
1582.15185546875
705.1473999023438
2965.79443359375
2771.600830078125
113.40054321289062
3655.861572265625
2226.84814453125
207.78228759765625
268.74395751953125
586.33154296875
200.3052978515625
250.62823486328125
168.13360595703125
2449.98828125
277.52655029296875
262.96856689453125
1429.30419921875
199.9433135986328
1164.758056640625
227.69264221191406
1265.8763427734375
182.46653747558594
734.1426391601562
216.22207641601562
3399.4580078125
214.61305236816406
1319.1689453125
158.72393798828125
199.33651733398438
199.18673706054688
1605.1541748046875
1090.6473388671875
112.59430694580078
1298.417724609375
180.78997802734375
250.1737518310547
720.4615478515625
2613.7294921875
1723.643310546875
2865.836181640625
202.1350555419922
213.6775360107422
209.59437561035156
2496.18212890625
1919.6026611328125
245.92410278320312
219.5865020751953
1372.1451416015625
851.5848999023438
243.2915802001953
357.7493896484375
1051.117919921875
10152.755859375
2552.7529296875
218.78118896484375
168.31166076660156
278.2152099609375
431.7685852050781
297.9518127441406
222.84437561035156
1877.600830078125
1040.721435546875
576.5173950195312
2728.99853515625
356.6664733886719
1155.744384765625
1061.49560546875
3050.9296875
351.833984375
882.39892578125
825.089599609375
164.474609375
1135.462158203125
325.3893737792969
923.9617919921875
425.6683654785156
1103.0023193359375
3388.3916015625
405.9523010253906
1619.7745361328125
288.3383483886719
379.9408874511719
1623.55224609375
171.59918212890625
339.25347900390625
363.0596008300781
69.91145324707031
245.91770935058594
303.90228271484375
347.3301696777344
1820.048583984375
1271.922607421875
2439.55224609375
322.04229736328125
607.3359985351562
90.20194244384766
903.125
400.9496154785156
325.6581115722656
1155.6937255859375
142.12417602539062
445.9149475097656
416.00164794921875
1873.0177001953125
1102.21630859375
1030.9649658203125
319.2489013671875
1542.4195556640625
1423.20849609375
1234.3499755859375
320.580322265625
875.539306640625
368.6322937011719
373.0133972167969
195.67005920410156
1754.0509033203125
357.7799987792969
1320.3466796875
766.5780639648438
249.1658172607422
654.7949829101562
238.5020751953125
4082.54931640625
529.5460815429688
308.74969482421875
1523.95458984375
260.829833984375
290.37347412109375
364.0157775878906
352.0322265625
73.06616973876953
1775.6407470703125
262.1839599609375
1255.72998046875
297.36981201171875
335.2448425292969
1392.667236328125
248.89422607421875
360.8186340332031
228.84498596191406
2597.787109375
214.72999572753906
2536.70751953125
1315.48779296875
255.75120544433594
236.38204956054688
319.90533447265625
1070.8642578125
153.50018310546875
332.4728088378906
128.4026336669922
882.9199829101562
241.17982482910156
305.7573547363281
1291.975341796875
2014.2298583984375
1910.8905029296875
556.9601440429688
226.81529235839844
792.780517578125
227.99095153808594
225.9590301513672
185.2092742919922
227.93060302734375
276.8757019042969
4241.46875
1669.891845703125
290.472412109375
2039.5423583984375
1324.244873046875
914.2588500976562
270.35321044921875
422.1125793457031
1604.694091796875
287.51593017578125
292.74200439453125
482.6106262207031
232.79415893554688
437.8913269042969
1492.3978271484375
325.1493225097656
700.7720336914062
1010.6151733398438
85.52591705322266
398.2412414550781
365.3267822265625
1471.475341796875
790.7052612304688
351.9803466796875
156.47613525390625
475.8572692871094
402.76104736328125
1651.2484130859375
442.7715759277344
1411.7412109375
2952.632568359375
101.42591857910156
498.9685974121094
451.9391784667969
378.4536437988281
1396.0076904296875
125.73275756835938
2623.870849609375
497.1846008300781
284.63507080078125
320.30120849609375
1236.1793212890625
3191.40087890625
422.9830322265625
459.9530029296875
447.2612609863281
447.8282470703125
476.6015625
79.8384017944336
471.5959777832031
423.9912109375
5823.615234375
1410.1156005859375
356.8550109863281
383.71917724609375
1897.7576904296875
648.2792358398438
306.6029357910156
556.7730712890625
52.056243896484375
466.4913635253906
495.7575378417969
344.54376220703125
942.110595703125
1684.3397216796875
472.074951171875
527.151123046875
2164.192138671875
4405.62353515625
415.4096984863281
487.2293395996094
359.0557861328125
451.560302734375
455.14910888671875
834.6565551757812
1323.60595703125
51.773006439208984
461.64764404296875
496.6983947753906
1343.3349609375
509.920166015625
376.3025817871094
702.1571044921875
183.7318115234375
453.2989196777344
1055.2645263671875
390.7665710449219
368.3656311035156
448.0740661621094
77.23917388916016
392.7689208984375
283.4144287109375
396.9715576171875
119.4728012084961
242.14710998535156
407.8656005859375
886.9681396484375
410.555419921875
4486.42138671875
466.1191101074219
90.5556869506836
275.40045166015625
1795.2420654296875
1123.4024658203125
342.4599914550781
494.9476623535156
1144.3031005859375
113.94566345214844
194.80728149414062
336.6831359863281
333.49578857421875
299.56005859375
464.23187255859375
404.04522705078125
2140.1552734375
2775.9658203125
1227.3023681640625
689.62890625
299.8830871582031
57.49406814575195
301.5522766113281
2648.97509765625
1157.934326171875
294.318603515625
450.89630126953125
1241.3416748046875
405.1623840332031
3337.009033203125
2784.3837890625
1146.9290771484375
364.8724670410156
290.70245361328125
375.2010803222656
65.0297622680664
426.0745849609375
368.8907775878906
370.39862060546875
2205.985107421875
981.2784423828125
406.2617492675781
413.0023193359375
329.6703186035156
467.99066162109375
1754.95263671875
341.4471130371094
2624.044677734375
401.03778076171875
340.8795166015625
313.8411865234375
1060.6368408203125
347.4061584472656
300.4440002441406
238.87890625
2869.0693359375
279.71160888671875
253.14134216308594
272.94732666015625
3341.33837890625
264.5785827636719
284.5626525878906
585.1094360351562
215.25440979003906
523.658447265625
225.1897430419922
1332.537353515625
223.3061065673828
276.6469421386719
252.96478271484375
782.3336181640625
85.48553466796875
2349.37744140625
183.31973266601562
216.77175903320312
259.0686340332031
559.0989990234375
417.2389831542969
105.15113067626953
210.4766082763672
707.1669311523438
89.5619888305664
203.46197509765625
508.9169616699219
209.63067626953125
191.99595642089844
166.8863067626953
130.8036651611328
1289.49267578125
3640.769287109375
525.3829345703125
695.4463500976562
175.42124938964844
211.25779724121094
183.18380737304688
164.03192138671875
2618.813232421875
291.770263671875
927.3079833984375
583.9025268554688
1422.849365234375
79.01883697509766
199.85523986816406
235.10137939453125
177.07431030273438
492.9716796875
173.7748260498047
197.2373046875
206.8676300048828
173.39537048339844
1368.21484375
2701.19873046875
1354.53271484375
1042.1800537109375
209.4837646484375
1473.266357421875
264.0028076171875
319.8192443847656
712.5242309570312
2204.55078125
729.1964721679688
1167.218017578125
235.28890991210938
94.5344009399414
285.8039245605469
2815.8837890625
292.9618225097656
265.3963317871094
348.60015869140625
206.0795135498047
132.8848419189453
238.14288330078125
1254.9527587890625
3271.771240234375
263.7181701660156
247.43528747558594
2640.71533203125
1229.5108642578125
273.4300842285156
291.0771484375
214.9281463623047
327.987548828125
2248.836669921875
644.4393920898438
1894.002685546875
846.1166381835938
3113.120361328125
714.717041015625
239.94496154785156
291.7742004394531
220.30589294433594
388.3797302246094
386.3339538574219
511.02508544921875
2048.90185546875
95.47551727294922
634.413330078125
315.0216064453125
1169.8070068359375
778.80712890625
285.64593505859375
723.2249145507812
59.366817474365234
341.1476135253906
4262.42041015625
319.8977966308594
306.058349609375
305.354736328125
2615.4169921875
245.8585968017578
187.22012329101562
444.3710632324219
314.757080078125
266.13250732421875
395.2441101074219
230.84689331054688
858.4212646484375
291.367431640625
1544.4970703125
1543.805419921875
325.3721008300781
291.9194641113281
68.27838897705078
213.4516143798828
194.47296142578125
188.27244567871094
242.2764434814453
10213.13671875
225.8559112548828
3566.16845703125
904.6140747070312
218.57470703125
1947.810791015625
1458.38525390625
3066.86376953125
648.180908203125
250.2207794189453
174.24014282226562
4992.6005859375
213.28936767578125
187.58831787109375
2316.15576171875
2359.865234375
66.4792251586914
280.9825134277344
179.64584350585938
70.04525756835938
165.55712890625
1853.9998779296875
250.44480895996094
685.76416015625
221.63177490234375
121.37726593017578
747.7743530273438
248.9056396484375
186.36102294921875
269.8835144042969
190.7625732421875
1127.2596435546875
2256.8564453125
131.2427520751953
1799.3297119140625
759.70458984375
1342.6044921875
1140.5863037109375
1820.4722900390625
351.7546081542969
682.9568481445312
2268.792724609375
1087.300537109375
290.8155212402344
2121.9853515625
1032.1129150390625
1584.473388671875
1056.8759765625
408.607666015625
3763.457763671875
940.8336181640625
340.4064025878906
437.03558349609375
241.97775268554688
461.0948791503906
1264.5562744140625
236.32247924804688
386.3922119140625
2473.68115234375
1864.7772216796875
163.96144104003906
111.81884002685547
1531.133544921875
638.63720703125
2853.13623046875
1077.7047119140625
666.2793579101562
114.64138793945312
2888.6005859375
941.8837280273438
103.91580963134766
449.72528076171875
143.6602783203125
2165.92724609375
572.1749877929688
1688.12060546875
694.7302856445312
1265.1942138671875
1618.756103515625
537.0253295898438
549.93896484375
1447.5721435546875
816.8936157226562
1202.755615234375
1273.6947021484375
1579.747314453125
1986.6356201171875
5672.71630859375
152.65640258789062
320.548095703125
1011.6897583007812
1897.670166015625
4300.75537109375
1075.84619140625
10777.9111328125
1711.2506103515625
9284.9228515625
1345.521240234375
1130.764892578125
1269.89208984375
2820.78125
1696.01611328125
390.145751953125
268.7013244628906
1966.349853515625
1533.8642578125
326.3363952636719
544.2432250976562
1243.0745849609375
57.60017395019531
41.343807220458984
103.58087921142578
61.9283332824707
1265.1370849609375
1213.5693359375
2693.98291015625
282.863525390625
909.8834228515625
112.27884674072266
2056.455078125
1474.82861328125
2124.90771484375
446.6019592285156
1933.00927734375
1102.60009765625
914.1224365234375
1393.35107421875
230.1561279296875
388.8130187988281
2234.58251953125
109.86255645751953
73.01307678222656
1126.681640625
