7163.05020960034
8302.109407282302
7417.628573484219
6779.05020960034
7995.046372520475
7705.500887462469
7752.535295230235
7025.6938080775435
8717.05020960034
7648.55020960034
9128.625380067151
8900.128573484219
7981.799496187363
7994.000887462469
7902.363183790594
7401.524135560835
7888.05020960034
7361.000887462469
8370.658557760546
7862.28809343907
8568.05020960034
8100.632138547758
7882.625380067151
7398.917755808472
7789.124131982433
7381.628573484219
7257.05020960034
7313.3086403543175
7180.955033312797
9468.2758016561
7915.500887462469
7924.1111443960535
7703.780329617361
7785.05020960034
7407.046372520475
8057.046372520475
7403.132138547758
7470.588155153876
7331.651224956068
7643.187962211652
9260.55020960034
7277.546372520475
7481.55020960034
8866.177247901789
8360.841521481561
7442.05020960034
8065.93012142876
9547.625380067151
7893.884092911414
8191.917755808472
6525.252937037787
6675.169267933219
7405.051376807461
7572.610327856919
8237.41843798383
8392.200767500652
7448.942461727764
7830.677247901788
7471.161349925792
6641.237464083861
8297.05020960034
7611.546372520475
7647.0641798907645
6842.484200238639
7333.55020960034
7277.05020960034
8876.05020960034
7448.55020960034
8043.000887462469
8059.795635446163
8238.441732610198
6760.046372520475
8007.05020960034
8061.417755808472
8023.046372520475
7369.132138547758
8703.610327856919
8878.661439292931
7524.588155153876
6746.524135560835
7012.116079940915
7417.624131982433
7389.546372520475
7916.116174804918
7852.560664593711
7530.55020960034
6930.535295230235
8539.55020960034
7288.680905015407
6866.500887462469
7192.1619597840045
8494.91775580847
8499.55020960034
8234.05020960034
7360.610327856919
8308.052262437008
7291.580502820385
7312.55020960034
7080.917755808472
8075.55020960034
7534.013070664124
8590.628573484219
8058.588155153876
9082.05020960034
7893.111042856779
7539.18853223155
8138.05020960034
6742.55020960034
8638.00605710169
6936.621565109679
8045.453944893984
7835.503815398305
7124.616079940915
7440.07506578599
6649.500887462469
8783.502897113036
8329.94182676186
8484.295635446164
6936.609934647025
7739.080502820385
8906.677247901789
7927.500887462469
7160.55020960034
8112.5641798907645
8070.501752081898
7489.169267933219
7145.736591996291
8401.173718612506
8575.564179890765
7371.000887462469
7100.500887462469
7740.7690031845605
7707.500887462469
6657.637988275533
7321.3086403543175
6711.55020960034
7371.114565775422
8241.110327856919
7719.05020960034
7261.05020960034
7517.500887462469
8062.610327856919
7230.000887462469
7063.669613719585
6493.616174804918
7310.368557788784
7646.627576705654
7780.3086403543175
7782.616079940915
7778.282061225903
8025.547001950669
7563.876723401945
8116.05020960034
7149.628573484219
7484.504294893106
6479.60101101039
7013.000887462469
7571.244623178999
6570.500887462469
7741.595615262231
7125.500887462469
7663.000887462469
7982.05020960034
7303.346964366619
7426.149647690173
7423.632138547758
7445.546372520475
7080.546372520475
7567.000887462469
6732.55020960034
7254.624130595973
6365.10441504739
8962.104415047379
7501.580212217249
7596.546372520475
7847.124131982433
7074.546372520475
7937.371667761207
9670.00088746247
7147.546372520475
6880.594022340743
8190.843804500529
8594.63610586643
8242.808640354317
7490.05020960034
7019.616079940915
6888.616079940915
7695.652230649574
7968.0641798907645
7043.500887462469
7643.825116654009
6967.05020960034
9143.282061225904
8679.8121693873
7715.024135560835
6808.6619597840045
6691.0641798907645
8189.117308498873
7475.552262437008
7689.002598413209
7641.029352036204
7625.524135560835
7141.69186418386
7412.659023928954
8360.795635446162
7238.500887462469
7711.124131982433
6818.524135560835
6668.000887462469
7392.632138547758
7164.05020960034
8183.080502820385
8946.480158102924
8595.004866419617
8179.124130595973
7851.669558564716
8324.130994201227
6935.745548638148
7589.236303003137
6777.030662393755
8681.50088746247
7061.500887462469
8008.088155153876
6894.500443435758
7325.046372520475
7265.736591996291
8277.580502820385
7090.16327528744
6591.282061225903
7515.782061225903
7810.000887462469
8191.736303003137
7354.000887462469
7949.046372520475
8061.166621653573
7091.795784176762
7352.028744961869
8900.05020960034
7271.05020960034
6530.529355779424
7114.469608945351
7584.764121937972
9138.610327856919
7586.500887462469
6956.116744394129
7631.55020960034
7201.812751326799
7512.110327856919
7812.55020960034
7758.546372520475
6792.313248765848
7737.552431702334
7583.044249242064
7733.616079940915
7215.917755808472
7508.312169387296
6883.935573264855
7661.05020960034
7241.05020960034
8922.325116654009
7462.289310425562
7049.617308498873
8549.552606610787
7717.024135560835
7994.588155153876
6346.500887462469
7566.000887462469
6959.624131982433
7578.124131982433
7804.05020960034
7077.601904610696
7129.000887462469
8707.05020960034
7191.55020960034
7346.500887462469
7207.8086403543175
7616.000887462469
8291.50088746247
6430.917755808472
7539.5641798907645
6640.000887462469
7334.052262437008
6824.55020960034
7942.500887462469
7141.717459479698
7371.628573484219
7713.000887462469
7897.930011987975
7178.734036824539
7247.616079940915
7128.827458994836
8047.5641798907645
7288.110327856919
7393.55020960034
7302.455833310221
8149.000887462469
7418.617308498873
7239.2142888318185
7590.917755808472
6783.546372520475
7861.8086403543175
6531.55020960034
7623.05020960034
7645.05020960034
7358.05020960034
7324.676095560618
7301.500887462469
7367.05020960034
8231.046372520475
8913.50088746247
6891.55020960034
8014.110327856919
6918.1122704711515
6597.125853645231
6289.341521481562
7537.417755808472
7035.588155153876
7234.000887462469
7276.624131982433
7774.116079940915
8176.181746857389
7417.782061225903
7575.024135560835
6739.588155153876
7333.325116654009
7404.859223220262
7187.700767500655
8520.110327856919
7017.588155153876
7527.500887462469
6977.5641798907645
8305.44325351582
7437.55020960034
6949.852209389281
7105.55020960034
8789.910937593475
7398.236591996291
8475.55020960034
7254.500887462469
8943.890815317965
7998.55020960034
7653.046372520475
6393.500887462469
8551.577634618938
8109.55020960034
6822.000887462469
7227.664986557874
7641.588155153876
7813.480825040107
10115.116079940915
6593.8086403543175
7552.55020960034
8236.580502820385
7563.8086403543175
6713.088155153876
8030.132138547758
6844.7142888318185
7998.55020960034
8498.802100123774
6945.05020960034
7428.024135560835
7117.073661411319
7748.500887462469
8268.546174937552
6798.004294890991
7451.116079940915
6673.610327856919
7969.385348842028
7956.136391459001
5554.090237990541
7691.560664593711
7052.953944893984
6897.841521481562
6671.3204944402205
7695.7463394788165
7052.55020960034
7189.822093943019
7485.000887462469
7864.124131982433
7286.516854745005
6812.000887462469
8341.05020960034
7990.821150762162
8322.611144396054
8159.128573484219
6850.500887462469
6747.128573484219
7162.50188132903
8152.546372520475
7364.128573484219
7778.417755808472
6659.624131982433
7775.500887462469
7411.400377796614
8235.55536355696
7510.05020960034
6509.05020960034
8283.00088746247
6492.8030799626995
8083.612860511236
7583.000887462469
8742.66258627892
7865.546372520475
7228.014435400914
8450.808640354317
7305.05020960034
6860.713971123997
7926.095507350336
7306.55020960034
7381.500887462469
8107.393681330762
7105.610327856919
7499.080502820385
7245.5641798907645
7339.05020960034
7273.05020960034
7225.110327856919
7275.086505102542
7395.128573484219
7420.206689504815
6656.080765281097
8237.669269858401
6686.841521481562
8354.051075755782
8003.625380067151
7342.3086403543175
7152.3086403543175
6965.000887462469
7512.112274047012
7639.6523772907485
7722.55020960034
6596.296027260648
7589.088155153876
7302.046372520475
8829.05020960034
7210.917755808472
8490.758958378861
6306.417755808472
7528.236303003137
7013.8086403543175
7132.110327856919
7778.000887462469
7811.1111443960535
8518.55020960034
7864.736303003137
7757.500887462469
8942.05020960034
8328.804708523405
7378.680905015407
7102.3086403543175
8267.078767893036
8046.402315505741
9539.110327856919
7625.628573484219
7596.588155153876
8237.00088746247
7114.453944893984
8285.55020960034
7068.512703618999
8129.124130595973
7785.632138547758
8341.18432114263
7402.128573484219
7692.05020960034
8550.546372520475
8175.55020960034
7978.05020960034
8213.132138547757
7681.401765421137
6158.8086403543175
6202.55020960034
7237.000887462469
6757.369221844908
7208.046372520475
6393.55020960034
7916.1619597840045
8091.366623366034
7660.500887462469
8357.69240921769
7021.024135560835
7859.500887462469
7346.529455010916
7516.461844246288
9157.282061225904
7528.5407477759945
7616.0641798907645
8521.05020960034
7289.624130595973
7739.282061225903
7176.352209389281
9551.50088746247
8020.05020960034
7727.874416293888
6967.088155153876
7057.05020960034
7473.546372520475
7276.926493937264
7502.773327721055
7622.775801656101
6733.500887462469
7552.677821258056
7374.137527803443
7747.05020960034
7270.500887462469
7698.703152959998
7572.417755808472
7014.500887462469
7403.55020960034
8530.046372520475
7389.6111443960535
6661.088155153876
8521.55020960034
7065.05020960034
8150.05020960034
8026.124131982433
6984.000887462469
7086.0641798907645
7671.736591996291
7559.525943685024
7262.500887462469
6908.500887462469
7401.347330187839
7658.05020960034
7521.546372520475
8236.062844886532
8399.624130595974
7531.900183157847
7267.55020960034
8437.580502820385
7174.500887462469
8558.41843798383
8212.05020960034
6900.880144172626
7002.000887462469
7375.500887462469
7705.046372520475
7158.417755808472
7120.05020960034
7499.667491944961
8216.308640354317
7216.282061225903
7484.03197549884
6874.649177020168
6916.110327856919
7322.05020960034
7716.124131982433
7931.046994866053
7397.736594743396
9016.588155153877
7136.169267933219
7583.54366774319
6901.05020960034
6326.6619597840045
7913.628573484219
7490.795635446163
8382.50088746247
7118.128573484219
7268.026614246664
7943.04366774319
7004.090237991755
7556.000887462469
6628.55020960034
6998.941826761861
7358.05020960034
7237.000887462469
8232.917755808472
8317.50088746247
6975.000887462469
7568.774526495622
6687.236303003137
7272.55020960034
7536.55020960034
6847.080502820385
7529.282061225902
7208.610327856919
7653.6111443960535
7166.55020960034
6795.024135560835
6468.172426200031
7500.500887462469
8179.05020960034
7693.000887462469
9255.308640354317
7230.500887462469
8284.808640354317
7645.000887462469
7759.05020960034
7034.61544092945
7505.521030888047
7089.05020960034
8351.05020960034
6659.53630461846
7023.024135560835
6525.000887462469
7841.341521481562
7145.8086403543175
7477.046372520475
6572.11743939096
8033.53197549884
7227.500887462469
6918.55020960034
6681.000887462469
6938.125380067151
7949.181460558815
8235.05020960034
7459.500887462469
7987.128573484219
7351.05020960034
9397.966842831327
6801.610327856919
7643.529084307375
6778.55020960034
6728.000887462469
8600.064179890765
6906.500887462469
7163.500887462469
6475.05020960034
7357.55020960034
7190.546372520475
7257.200767500655
7509.6585561128295
8218.617946720187
7651.610327856919
8633.546372520475
6924.05020960034
9448.50088746247
7911.05020960034
7678.000887462469
9051.530662393752
6573.5641798907645
7445.632138547758
7672.624130595973
7090.500887462469
7877.05020960034
7122.071521343304
7913.180905015407
7887.236591996291
7626.088155153876
7449.5641798907645
7319.8086403543175
7769.5641798907645
8787.639737939215
7337.546372520475
7952.616079940915
8191.0641798907645
7169.342111636137
7002.417755808472
8914.046372520475
6724.117308498873
7781.500887462469
6425.55020960034
7911.05020960034
7437.55020960034
7897.546372520475
7493.504294893106
6896.000887462469
6886.546372520475
9252.05020960034
7873.295635446163
6404.616079940915
8443.054373496487
6894.05020960034
7613.05020960034
7276.308295743337
8014.55020960034
7837.6416805396975
6994.046372520475
7527.090244391499
6752.000887462469
7159.55020960034
7613.0641798907645
6875.046372520475
7029.024135560835
8926.659146342765
7480.500887462469
7847.395506826402
7727.885348842028
7313.121548169634
7489.994602903976
7651.046372520475
7066.55020960034
6799.0641798907645
6454.046372520475
8007.002795380796
7738.610327856919
7148.36903325593
7675.55020960034
6967.500887462469
7878.628573484219
7443.625252606604
8082.052431702334
7596.125380067151
7640.080502820385
8068.441826761861
7736.500887462469
7348.500887462469
7503.116079940915
7459.727682108998
8585.729151735235
6535.6111443960535
7810.55020960034
7282.110327856919
8053.417755808472
7217.347330187839
7095.124130595973
8224.124131982433
8393.453944893983
6964.05020960034
7380.546372520475
7611.500887462469
7465.417755808472
7224.1142051059705
7188.5641798907645
6707.132138547758
7510.624131982433
7671.052262437008
6972.500887462469
7023.090244391499
8125.782061225903
7905.506816335982
7556.1111443960535
7445.082798674227
7637.799496187363
7295.6233291436465
7315.136101471476
7590.306394384545
6247.05020960034
7093.625380067151
8052.5641798907645
7864.046372520475
7266.55020960034
7621.000887462469
8088.624131982433
7687.02424020573
6708.124131982433
8288.668871809548
7049.0641798907645
7143.500887462469
6872.52876358389
7643.125380067151
7588.0641798907645
7302.05020960034
8270.05020960034
7483.05020960034
6865.641340996188
7345.524135560835
8915.010859075366
7258.046372520475
7932.000887462469
8332.628573484219
7755.795635446163
7593.121032963196
8165.05020960034
6988.128573484219
7739.461838523072
7520.017171161523
7039.000887462469
7605.124130595973
8022.024135560835
6889.000887462469
6995.173331516459
8274.00088746247
9504.282061225904
6563.125252606604
7009.546372520475
7511.500887462469
7637.546372520475
6586.8768089133
7452.55020960034
7951.5641798907645
8476.110327856919
7384.000887462469
7699.132138547758
7673.616079940915
7527.496592336864
7093.0715958100245
7006.037722553675
7655.05020960034
7591.628573484219
6852.132138547758
7641.500887462469
7626.417755808472
7678.5641798907645
7276.153188672242
6557.546372520475
7029.417755808472
8602.341521481561
8177.55020960034
8425.05020960034
7815.459930076949
8680.616079940915
7828.128573484219
8084.046372520475
6626.336060073358
6837.500887462469
7349.180905015407
8123.128573484219
8370.030662393756
7335.775801656101
6923.55020960034
7417.105620887265
7664.124130595973
7623.500887462469
7774.917755808472
6403.7634736677155
6717.55020960034
7628.05020960034
6466.046372520475
7108.691142983536
6707.000887462469
7970.000887462469
7336.072873931123
6930.05020960034
8103.124131982433
7711.169269858401
6979.1694149981295
6389.8086403543175
7008.124131982433
6714.191761907891
6731.5641798907645
7510.568316722426
7774.046372520475
7480.0641798907645
7463.809894169873
6847.160025770996
7183.55020960034
7680.0641798907645
7804.05020960034
7338.05020960034
7668.580502820385
7847.678852401296
7315.05020960034
8138.5641798907645
8421.700767500652
8066.000887462469
7561.275801656101
6953.590920010916
6731.095976329304
8364.191037787006
7543.05020960034
8304.08305796322
6644.065825544754
8153.500887462469
6418.130730520018
8150.128573484219
6649.380055885224
7344.852209389281
7396.959610784794
8685.55020960034
7058.0641798907645
6918.55020960034
7577.917755808472
6683.239963642324
7364.05020960034
7664.625380067151
6611.05020960034
6924.187962211652
7465.200767500655
8955.628573484219
7355.856196984487
7540.125252606604
6496.050320766816
7612.911671855734
7152.171679749582
7350.55020960034
7241.200767500655
8023.500887462469
6781.782061225903
6460.308641058889
7095.55020960034
7822.128573484219
7739.05020960034
7508.5641798907645
8737.624131982433
6730.546372520475
7338.046372520475
7426.736303003137
7245.657920289568
6609.088155153876
7400.55020960034
7024.302975818365
7391.500887462469
7110.05020960034
8481.05020960034
7231.088155153876
7975.507523412044
7310.141340996188
6747.588155153876
8930.05020960034
9018.00088746247
6259.372898977134
8046.55020960034
8703.282061225904
7507.05020960034
8161.628573484219
9379.308640354317
8219.974225893417
6447.8086403543175
7123.05020960034
6582.298967600822
8795.110327856919
7026.046372520475
7419.132138547758
8497.453944893983
7122.036307521199
7372.417755808472
7543.000887462469
7062.368378261151
8330.817272955306
9438.160862766716
7244.05020960034
7641.132138547758
7882.782061225903
7215.116079940915
6577.125252606604
6623.000887462469
7312.369636724719
8084.1856771389075
6637.588155153876
6830.398963274748
6211.565861244746
8778.080502820385
7597.000887462469
7366.042328775481
7356.05020960034
6939.3086403543175
7246.3879309189515
6695.500887462469
8859.05020960034
7714.55020960034
7904.230691580827
6950.795784176762
7144.560395761186
8117.282061225903
7277.046372520475
8427.046372520475
8427.05020960034
8081.052431702334
8339.50088746247
7682.804712605495
9128.921896700738
8864.624130595974
6485.8086403543175
7508.617308498873
7110.000887462469
7164.500887462469
7636.000887462469
7273.282061225903
7783.3086403543175
9266.564179890765
6822.417755808472
7796.738917114259
8071.641340996188
8084.55020960034
6784.07909656606
8580.05020960034
7284.546372520475
7339.3086403543175
8167.616079940915
7096.311938181947
8132.610327856919
7514.05020960034
7686.046372520475
7866.524135560835
8024.55020960034
6698.546372520475
6848.000887462469
7096.04601380081
7415.05020960034
7690.1619597840045
7816.500887462469
6950.110327856919
6586.000887462469
8145.417755808472
6363.110327856919
8082.941826761861
7446.580502820385
7457.070287309892
8044.124131982433
8954.782061225904
8366.00088746247
7467.382728880098
7167.55020960034
6850.024135560835
7823.05020960034
6914.000887462469
7234.60441504739
7151.622798804916
6962.744948298158
8523.046372520475
8035.8086403543175
6787.05020960034
6619.038713662346
7782.546372520475
7269.500887462469
7491.736591996291
7655.282061225903
6355.140108773132
7300.046372520475
7726.941826761861
7615.124130595973
6867.5641798907645
8341.125380067151
7806.299496187363
8251.05020960034
6988.950988362097
6679.546372520475
7878.000887462469
6933.05020960034
9228.2758016561
7200.000887462469
7453.546372520475
7171.124131982433
6616.135738370697
7760.55020960034
7456.141824221547
7263.55020960034
7608.3086403543175
8424.195966751111
7366.8086403543175
7504.132138547758
7081.691919721275
7901.772967295592
7695.782061225903
7062.417755808472
7915.500887462469
7395.236591996291
7505.169269858401
7210.81562601579
7815.5948018026875
6870.05020960034
7625.05020960034
8134.500887462469
6770.481246087642
7547.500887462469
7398.098333892407
8877.124131982433
8612.546372520475
8919.116079940915
8243.808640354317
7521.5641798907645
7240.752091864288
8509.35220938928
8951.50088746247
7346.393462651196
7559.1092651237395
7252.0641798907645
7326.55020960034
6550.000887462469
6819.55020960034
7295.774904097776
7767.256708198859
6701.616079940915
7750.0641798907645
8214.125380067151
6517.594370620709
8345.610327856919
6665.500887462469
7673.000887462469
7323.500887462469
7266.63319129978
7358.000887462469
7269.000887462469
8553.128573484219
7167.840425256065
7288.55020960034
8051.116174804918
8755.747308737416
8375.744623179
7218.035295230235
8195.546372520475
7692.290709446237
6677.610327856919
7182.0641798907645
7301.05020960034
7012.035295230235
7139.3086403543175
6775.624130595973
8841.624131982433
7094.109900015551
7290.046372520475
7079.570565753176
7167.024135560835
7778.55020960034
7721.116079940915
7590.588155153876
7690.625380067151
8158.1505135330035
6825.000887462469
7621.206420004507
6749.081457503394
7551.619063167467
7145.5641798907645
7898.500887462469
8737.630018312368
7431.0641798907645
7625.500887462469
6909.05020960034
7433.110327856919
7072.491198831822
6640.680202469511
6687.5641798907645
6866.500887462469
7251.580502820385
7431.6361058664315
7642.573053114064
8280.50088746247
7302.046372520475
7549.632138547758
8173.0641798907645
6929.239955980455
7860.1111443960535
7908.000887462469
7167.03197549884
6931.05020960034
6924.046372520475
6882.453944893984
6336.524135560835
7446.236594743396
7549.180523553185
7567.000887462469
7226.500887462469
6351.046372520475
7310.110327856919
7762.104750468527
6589.617308498873
7270.117308498873
8393.388887132733
6540.308304676227
6986.5641798907645
8026.710871687105
7803.55020960034
7293.624131982433
9983.637280888828
7180.264121937972
6787.610327856919
7348.0641798907645
8929.55020960034
8150.05020960034
7402.03853675493
8202.046372520475
7224.641340996188
7542.196390216793
7343.792261469905
7660.55020960034
7868.030662393755
6662.53197549884
7897.06425066788
7180.110327856919
7915.3086403543175
7222.000443435758
7314.546372520475
7514.078648609709
7453.05020960034
7288.616079940915
7989.000887462469
7273.05020960034
8196.580502820385
7164.124131982433
7056.580502820385
7276.05020960034
6907.500887462469
8271.05020960034
7455.55020960034
7304.546372520475
7145.05020960034
7313.282061225903
6448.217459479698
6765.000887462469
8024.369036088085
8539.341737206572
7343.162586278926
6695.8002201543795
8218.546372520475
7066.610327856919
7221.488608832404
7298.624131982433
8135.05020960034
7519.024135560835
8596.55020960034
8321.50088746247
6987.198105071927
7679.045966235632
6714.000887462469
8393.128573484219
7094.917337706308
7038.590237991755
7710.500887462469
7199.000887462469
7820.275801656101
7033.000887462469
6906.000887462469
7229.500887462469
7362.55020960034
7135.3086403543175
7313.080502820385
8170.500887462469
7569.05020960034
7876.55020960034
7458.552262437008
7090.504294893106
7264.55020960034
6395.500887462469
7675.046372520475
7738.628573484219
8317.080502820385
6971.000887462469
7329.5641798907645
8075.662958653631
6533.588811791693
8679.452556597265
6088.024135560835
7967.616174804918
8134.55020960034
7862.193806006017
6914.088155153876
7213.805356957022
7222.024135560835
7010.55020960034
7472.695991659021
8312.136105866432
6611.000887462469
8134.05020960034
7964.55020960034
7658.1361058664315
7792.500887462469
7252.159360661103
7997.841521481562
7971.161487148667
6712.013249870651
7301.202780921536
6752.500887462469
8742.580502820385
7177.360516110143
7295.05020960034
7521.05020960034
7079.068911491047
6824.05020960034
7347.341521481562
8076.05020960034
7377.55020960034
6585.453135065733
7985.616079940915
7007.088155153876
7650.046372520475
7316.500887462469
8971.736591996296
7780.744623178999
7437.000887462469
7179.55020960034
7985.282061225903
7315.5641798907645
9415.628573484219
8207.169269858401
7326.1429136671295
6750.500887462469
7374.5641798907645
6878.5304954009325
7582.941826761861
7898.992995435992
7480.0641798907645
7008.3086403543175
7370.795635446163
8334.208723831744
7610.580502820385
8441.55020960034
7293.088155153876
7942.417755808472
8476.677247901789
7305.546372520475
7251.644840743856
8605.308640354317
7800.624131982433
6102.000887462469
7080.088155153876
7825.466472205045
7846.736591996291
7061.3417372065605
7896.55020960034
6882.05020960034
6886.282061225902
7231.500887462469
7231.2142888318185
7173.128573484219
7953.55020960034
8047.588155153876
7709.047001950669
7458.500887462469
6994.974225893416
8552.55020960034
7055.3086403543175
8248.046372520475
7073.046852742141
7571.610327856919
6746.5641798907645
7991.124131982433
7097.05020960034
8980.535295230233
7477.078070462843
7811.325116654009
7414.000887462469
7337.417755808472
9601.50088746247
7428.024135560835
6193.06666945429
7850.411008932542
7985.05020960034
8475.05020960034
6971.05020960034
7220.05020960034
7919.128573484219
8769.953944893983
7772.7587198971
7696.169267933219
7612.500887462469
8599.046372520475
6983.771086650656
7216.0860907233155
7924.552262437008
6783.046372520475
7930.05020960034
6547.55020960034
7368.05020960034
7643.500887462469
6709.546372520475
6889.989978713842
6665.5641798907645
6814.769741757937
7339.546372520475
7501.024135560835
7172.55020960034
7843.05020960034
8693.551132407443
7250.3086403543175
7259.2142888318185
8402.111144396053
6803.295784176762
6961.841841220911
7974.55020960034
7624.795635446163
7514.38025103162
7420.55020960034
7131.00188132903
7200.000887462469
6904.000887462469
7329.000887462469
7358.110327856919
7976.691923326014
7513.700586339128
7460.610327856919
6955.393912514726
7072.500887462469
6446.738019957124
6740.959487177612
6733.202780921536
7251.500887462469
7864.282061225903
7351.149767467089
7856.05020960034
7200.2142888318185
8159.000887462469
7556.05020960034
7420.624131982433
7523.0641798907645
8535.046372520475
7917.3086403543175
7776.5641798907645
8084.8086403543175
7031.000887462469
7532.214151840186
8149.546372520475
6796.0641798907645
8629.808640354317
7125.05020960034
7608.417755808472
8703.046372520475
8153.000887462469
6705.546372520475
7935.339448625447
7511.05020960034
7495.804708523405
8209.580502820385
6644.667518492319
7563.282061225903
6876.60034939224
8774.736989967085
7804.259880999912
8614.377764108047
8709.616079940915
7130.05020960034
8283.665632965674
8316.55020960034
7682.282061225903
7605.180905015407
7266.555363556959
7308.802244783216
7371.55020960034
8146.05020960034
7361.046372520475
8232.580502820385
6675.653235192354
6955.327458994837
7021.080502820385
7156.000887462469
7615.180905015407
7486.5641798907645
6820.782061225903
7618.702780921536
6898.8086403543175
8291.202780921536
7914.05020960034
7695.236303003137
7932.624131982433
7965.000887462469
7802.616079940915
8931.00088746247
7588.905273511039
6919.358461363507
7707.41471381243
7782.046372520475
8157.500887462469
7013.500887462469
7427.5641798907645
8380.05020960034
7335.071521343304
7736.500887462469
7430.588155153876
7730.55020960034
7632.128573484219
8086.142762250616
8408.26900318456
7217.275801656101
7174.406810514289
7685.839448625447
7419.060395761186
7860.6228995870015
7041.077572705429
7958.110327856919
6662.55020960034
8495.178363997476
7937.298568873739
7924.500887462469
8249.165632965674
7565.000887462469
6905.282061225903
6929.5641798907645
7328.214326082099
7187.736594743396
7977.500887462469
6560.546372520475
8910.035295230233
7812.55020960034
7464.610327856919
6998.969063888662
6968.368651783982
7027.3086403543175
7915.500887462469
7885.339448625447
7634.417755808472
6877.05020960034
7139.7544209738235
7614.552431702334
7539.632138547758
8224.05020960034
7490.030662393755
8551.042020449286
7794.417755808472
8338.341521481561
8360.05020960034
8226.080502820385
7256.782061225902
7937.521688866443
7328.110327856919
7931.132138547758
6436.518838581524
7258.236591996291
7521.786471743648
6863.782061225902
6796.0641798907645
7522.676022239775
6861.088155153876
9392.546372520475
6157.000887462469
8591.55020960034
9464.55137680746
8147.580502820385
7617.500887462469
7639.520818246747
8075.046372520475
7741.5641798907645
7260.125380067151
7937.55020960034
7276.046372520475
7447.123686437599
6885.322171887297
8869.616079940915
7406.524135560835
7987.124131982433
7535.645027047315
8305.124131982433
6817.2862884529395
7000.046857965878
7805.500887462469
7802.599017339619
6962.500887462469
6514.62017133417
6176.55020960034
7702.058784510774
8180.375849310722
7263.0641798907645
7607.160130437841
7734.560395761186
7829.05020960034
7399.55020960034
6695.190507857663
6838.546372520475
7946.124131982433
6723.117308498873
7239.417755808472
7577.308197729227
7234.05020960034
6617.72915343973
8835.124131982433
7783.0641798907645
8217.624131982433
7067.05020960034
7166.05020960034
6993.2453889554545
6534.036307520026
7405.1585561128295
7708.55020960034
7510.073053114064
7342.0641798907645
7054.55020960034
7382.68167042175
7616.795635446163
7378.035295230235
8936.908118037261
7862.05020960034
7067.124130595973
7226.55020960034
7249.024135560835
7650.0641798907645
7348.05020960034
7989.6585577605465
7070.588155153876
8735.046372520475
7291.088155153876
8198.133013359995
7909.670618576586
6858.004294893106
7836.55020960034
6946.917755808472
8003.103011798614
7534.417755808472
7088.616174804918
7247.55020960034
8311.111144396054
8751.064179890765
7214.237430203825
7352.035295230235
7583.295635446163
6479.128573484219
6672.55020960034
7434.216123999172
8209.62902330406
8017.05020960034
8259.624131982433
7625.060395761186
8009.695206806496
8295.625380067151
7623.399001345562
7008.000887462469
7397.610327856919
8591.00088746247
6960.55020960034
7781.282061225902
7464.030662393755
7365.353644599257
8060.701315101872
7485.33711540937
6668.000887462469
7764.05020960034
7806.55020960034
6511.226797168469
7342.128573484219
7629.625380067151
7389.55020960034
6702.0641798907645
6195.266099193108
8187.632138547758
8677.453944893983
8011.55020960034
7333.632138547758
8389.616079940915
7017.05020960034
7034.858178665357
8203.55020960034
7067.55020960034
7927.55020960034
6561.504294890991
8162.610327856919
7972.623395183993
6770.0875785722865
6844.917755808472
6992.55020960034
7790.05020960034
7290.500887462469
7100.05020960034
8459.040437
8183.236591996291
6403.546372520475
9249.05020960034
9728.612104460055
7369.85051193619
8399.610327856919
7212.917755808472
8101.5641798907645
7140.782061225903
7622.60806647524
6646.552262437008
7226.000887462469
8910.046372520475
7142.5641798907645
7075.0095652098325
7170.7142888318185
8595.00088746247
7646.335948645005
7457.567715775145
7161.55020960034
7089.7142888318185
8088.000887462469
6593.200307942214
7375.3086403543175
7287.863713208079
7845.1361058664315
7150.546372520475
7345.200767500655
7206.500887462469
7776.500887462469
7501.588155153876
7396.610327856919
7783.500887462469
8983.05020960034
7548.300924796033
7572.000887462469
7796.000887462469
7975.685878117
7714.000887462469
6530.98377234547
7154.341521481562
7260.534826809869
7786.632137148506
7415.782061225903
8486.531975498841
7820.552262437008
7715.05020960034
7656.628573484219
7681.124131982433
7049.917755808472
7831.552521784461
7142.046372520475
7121.677821258056
8250.588155153877
6939.080502820385
7779.124131982433
8348.680905015406
8035.650850737824
7884.362198775847
8399.55020960034
8753.50088746247
7345.941826761861
6674.846964366619
6833.160198343577
6920.500887462469
9298.05020960034
7638.5086460907805
7466.000887462469
6740.588155153876
7760.000887462469
7460.110327856919
7254.55020960034
7469.693024461635
7921.132138547758
7576.500887462469
7518.421236593127
6182.560395761186
7030.000887462469
7690.5641798907645
9058.16258627892
7620.256708198859
7078.524135560835
7847.124130595973
7943.024135560835
7785.05020960034
7676.0641798907645
6593.524135560835
7773.55020960034
8060.852209389281
7678.111174959852
7405.05020960034
7603.632138547758
7998.05020960034
7170.625252606604
6719.05020960034
7708.085943764786
7566.037722553675
7274.852209389281
7336.056563466538
7869.500887462469
7280.3086403543175
8003.55020960034
7489.55020960034
6766.841521481562
6831.795635446163
7438.790997039272
7800.260043186456
7532.295635446163
8782.680937758052
8046.05020960034
7009.632138547758
7815.941826761861
7375.55020960034
7706.05020960034
7161.680905015407
7186.169269858401
7323.037722553675
6961.953944893984
7151.05020960034
8024.55020960034
7088.000887462469
7311.05020960034
8052.782061225903
6892.088468529375
6889.610327856919
7009.523307012201
6880.256708198859
8430.05020960034
6269.55020960034
7337.3980666483885
8028.4432535158185
7041.8086403543175
7566.610180361903
6958.652039621195
7874.05020960034
7438.55020960034
7621.060395761186
7770.599887930394
7195.160463462864
8173.046372520475
7151.116079940915
7336.917755808472
6798.1885300682625
8799.200767500652
7293.128573484219
7208.55020960034
7861.578953706881
8220.25433920978
6523.088155153876
7153.110327856919
6817.8086403543175
7500.000887462469
7181.05020960034
7751.05020960034
8444.50088746247
7879.535295230235
7307.859223220262
7378.55020960034
8895.55020960034
7986.116079940915
9409.686307631877
7331.116079940915
7356.55020960034
6762.681458202857
7281.000887462469
7107.844820131276
7803.1975935187575
7187.117308498873
7041.3086403543175
7460.500887462469
6975.417755808472
8313.417755808472
7391.6361058664315
8142.560510878787
8013.244623178999
7631.000887462469
7527.616079940915
7892.417755808472
7423.169269858401
7500.3086403543175
7338.124130595973
7751.5304954009325
7478.3170817604505
8144.05020960034
7387.500887462469
6730.132138547758
7438.418437983831
8101.046372520475
7403.000887462469
7278.55020960034
7267.2142888318185
7635.05020960034
8384.825116654009
6432.110327856919
6549.874969875617
8943.00088746247
6738.736303003137
7126.000887462469
7214.05020960034
6941.046372520475
7709.55020960034
8438.55020960034
6731.580502820385
6810.311355112178
8246.124131982433
7127.045416228144
8269.00088746247
7404.6958690105275
8039.05020960034
7615.782061225903
7472.84940992487
7489.140353330462
7746.55020960034
7672.500887462469
7283.744623178999
8011.417755808472
7349.132138547758
7386.6938080775435
7723.124130595973
7035.05020960034
6991.850901331581
7450.570198759061
7956.617308498873
6598.580502820385
7684.05020960034
7946.55020960034
7523.507247819803
8584.05020960034
6780.024135560835
7300.05020960034
7696.000887462469
6978.017036707941
6609.546372520475
7352.545322545989
6703.55020960034
7650.500887462469
7302.110327856919
8341.546372520475
7041.624130595973
8210.580502820385
8637.433676527975
8139.624130595973
7660.05020960034
7254.500887462469
7838.8598648384195
7210.088155153876
6560.812557377928
7997.500887462469
7255.980774317892
7842.8086403543175
7302.610327856919
7481.124130595973
8162.009254060951
7290.580502820385
6496.500887462469
6674.826525294879
7016.046372520475
7207.046372520475
7474.239963642324
7591.169269858401
7446.3086403543175
6808.5641798907645
6288.711953114374
6989.524135560835
7889.1467554671835
7764.6111443960535
7234.05020960034
7625.5671303253575
7510.6111443960535
7965.55020960034
7330.852209389281
7493.049116005113
7180.841521481562
8062.3086403543175
7242.55020960034
7654.610327856919
8319.55020960034
8185.5641798907645
6716.046372520475
8043.128573484219
6104.830157985673
7172.546372520475
8239.560395761186
6578.55020960034
7531.000887462469
7300.637208678991
8185.282061225903
7062.05020960034
7741.454043037438
7439.55020960034
7289.624131982433
8598.03197549884
8798.50088746247
9190.250715870072
7402.669558564716
8683.080502820385
7797.736303003137
6549.590244392713
8044.546372520475
7136.928906107089
8253.05020960034
7692.046372520475
7294.282061225903
6444.546372520475
7638.05020960034
6463.000887462469
7753.6585577605465
7907.961844246284
7207.55020960034
8100.128573484219
8080.1361058664315
6235.3086403543175
6976.55020960034
7907.05020960034
7297.546372520475
7160.3086403543175
8047.05020960034
7515.663712884985
7057.609934647025
7766.125380067151
9292.695869010528
5664.500887462469
8869.295635446164
8575.064179890765
7876.05020960034
6656.088155153876
7782.3417372065605
7277.869839143832
9122.55020960034
7592.610327856919
8888.55020960034
7415.702780921536
7314.500887462469
8063.235584462285
7954.124131982433
7567.524135560835
7678.05020960034
8252.841521481561
6719.535712890546
7762.55020960034
7034.414518057891
6626.632138547758
7743.05020960034
7751.0641798907645
7661.625252606604
7487.910798654824
8840.021030888047
8515.808640354317
6965.046372520475
9265.02131071998
7013.55020960034
6851.16667479257
7365.588155153876
7429.55020960034
6686.418437983831
7758.616079940915
6765.588155153876
7879.60441504739
7468.283415441563
6712.189760865712
7477.624130595973
7541.697247458786
6743.500887462469
7995.624131982433
7046.05020960034
6675.000887462469
5987.124131982433
7244.046372520475
8547.50088746247
7193.000887462469
7575.542020449274
7989.99086760836
6736.449962121984
7287.05020960034
6919.55020960034
7734.610327856919
6779.282061225903
6796.128573484219
6415.615151449325
7016.000887462469
6904.006153070812
6407.124131982433
7277.500887462469
7179.364591108125
7248.327458994836
6962.070946788868
6978.799496187363
7251.55020960034
7237.000887462469
8160.045449422444
