160.950229037723
207.64154160144886
26.29084704682574
-3.7239492013656466
30.973982128970306
103.4190519822716
45.84010824655384
135.24609563736223
-35.527129314895184
178.41494537492503
-41.2904285129873
36.60251844102024
28.299044087262494
157.18739243266398
72.20889269617525
94.12384287958626
161.7390014910849
10.878535749321989
12.0848963798585
12.231792853943244
39.03663835541734
23.067908196705545
114.58485120498467
55.269326314874434
-19.3734806098528
158.0417373990961
50.204071450997986
205.34169092417085
35.83442858678735
156.94755382234226
175.23817136998602
165.13823930212675
83.47788210164032
46.91646028147729
107.40474008109403
-22.434906046780824
154.7603457116552
88.7206373456154
173.95480209568066
155.9361079791697
-22.102000766933212
15.61644196639099
163.63711375668586
7.391674751887013
109.00196793795759
101.89494383613045
158.88721893344126
4.226689638593969
2.244202530004394
15.170057466823495
82.5230614505163
107.21925537007186
158.05563562487438
83.0843833918054
-6.75283052482158
9.632047431926983
36.699647610416044
32.63799320955785
10.253546558429193
159.36822864347133
1.002462286310613
144.72183988379047
155.41708201201874
98.06122230679281
50.20541034935291
4.948862751333937
-40.090577948765635
157.8641258613287
225.90015341450766
160.0382610573725
115.958505538544
162.69271279343508
-34.12690622890502
35.24712996644094
158.12551133371107
26.928533829058875
160.6713103087186
-12.090724771422433
156.14252147915454
59.430790819493915
155.24561474687226
40.366553387202366
57.87816941060944
-3.105762918937411
159.16147241118242
16.4491984657026
73.11521875186568
159.35897955739472
100.67325838276302
135.61813646882615
1.1355375024514798
95.22042624343386
160.08876492744298
157.87516110943716
113.65237135293368
19.573581170747598
22.410790938061233
155.10587154138491
157.0416049190747
89.04593304715347
-38.241272687227564
157.6225668700899
153.83494866854946
40.79715074829466
158.4926225280696
-7.349828591048825
156.05304143121268
7.492680502451462
-6.057691812363549
91.67950074758998
98.79297344995479
56.586127991896895
162.19242068169777
45.46344259577403
162.60880113606498
37.07748701692161
37.82469087291772
157.10925895410801
22.340566942512226
-9.862026996164325
32.444813728877506
162.48339395798448
72.11429761274873
162.68715210285524
38.69149406651604
103.24822288946727
185.51097100485254
-25.502683357627777
68.79523892701368
85.28711835971865
160.60094521653434
32.2685921023695
78.61758776580929
160.38629304312204
157.21409426548107
73.43888852973917
159.78975459007177
7.750193006003
-2.4781319682224687
160.61688711854106
14.902467828818537
-2.2471836185573575
156.22484764430084
201.16628100042277
156.1931922752077
35.564211022108594
158.77253691919833
9.574812817967585
99.49951932476837
-15.472147537699472
84.94338990509232
38.30752034766818
40.46557448519035
15.869427807136256
250.45035202041024
132.8193972702802
243.62429524877393
39.215168077069066
188.3706010714541
-8.744250133165519
-6.999860081723852
97.49358273436084
56.00496756248994
-2.3371743098710787
89.23723877717772
22.672373577549674
165.22702507601826
157.10104071191967
155.1585814518088
161.55598487113429
92.36945737521383
77.54975536460817
140.7408124496261
57.26676332104898
75.57918003434392
158.73886807492482
165.33773837661528
60.80869739159921
159.5284937283377
-27.53445457132965
228.65613539864185
159.30996670890733
162.67000536071177
33.16956216131305
56.14656931784753
123.24725876490115
158.14014555574593
95.94008654123834
28.809285220697443
6.224129440055382
158.6363214546368
159.78008313785799
2.824542219886692
-16.859409111126812
219.79480647931214
-18.909374512665984
103.08893365188493
50.54707504649704
159.1352183438079
13.797542078913843
158.63320051907118
6.563432447609017
92.94842116425514
156.28899614715428
31.284961762140064
155.11184335308994
52.10953116246541
161.0964363307438
88.66179573312225
55.248185390049755
158.53472869859647
-0.9760741122692106
5.360583553981558
21.6903913080326
62.51190778821799
53.452223673955196
76.09603682218001
321.1886336779987
158.3652921411526
342.6065964422317
-15.537376729136145
73.74373909148555
54.60548880482618
146.612100152079
26.262293493223265
81.90962004857619
159.14529144676703
5.563245313977581
156.56522655506197
101.70386278323242
40.759301355747354
157.40825157353018
156.60448020921217
157.51549208210693
245.50498703815663
47.39458254208616
131.00517204787516
50.02732137167983
32.411972657080334
119.68700846855629
56.74923032455199
23.800850627021166
149.0673426776704
159.94547102516856
101.65672998028117
26.72577957130143
-17.832262271502504
64.0552492378976
158.8352897650683
16.42349174966784
227.6673984948145
156.22556979343543
12.972715175684197
270.2863672827817
46.67885493560537
63.346557909378106
160.9460151550479
84.46417720302759
161.57373320863192
158.2523935302298
101.55344501614637
39.69710806460016
-6.122793572835943
185.6126962595113
68.8735131492584
158.68642171921348
157.98286590234213
-20.115303848787367
154.21204360720867
159.6102399106256
65.4124091172573
158.4286700363778
33.537381953065065
159.24141920171633
-20.5190400167846
49.61818249638283
159.351872190463
21.485436551013795
120.76710784713705
36.64117771842095
159.6205672699745
-20.27869608824051
24.422537707691433
155.75131540194798
158.87502203426618
151.33547072746768
162.01700335544095
90.85733879513705
120.87417080827747
-6.468878432135609
158.60420152125815
46.00965656332949
54.201546544184886
57.034628399065
106.65056782162591
158.5657946821228
25.093997582474294
161.96398932720615
158.52435714541232
159.81609889884234
40.33868982410153
158.87602323484592
331.2702427353137
24.756948661364707
154.86930615059995
9.028024585993503
159.38940918038867
27.491670629069095
32.886702706210244
-9.252343525289016
29.356144203735386
158.33327193140326
139.3341326688338
163.86072467397383
67.56295554516814
153.38139268852774
188.29607706448516
72.73548528593304
159.17767719094167
160.73452261320637
159.31649376970594
22.729734471693757
49.53691428658095
10.456280768539104
36.801999632029286
7.948453926018675
63.0862162209518
-17.531542177508356
45.39714606034129
161.4527152305908
156.7615955563876
68.53539051035602
166.3904237366386
160.30401154841005
33.91263529248849
-6.483074240866399
162.22014709110638
138.623502214514
90.1015680216916
160.18665753977393
40.328852572778175
91.54069981147414
36.85127776881113
37.39551725074599
158.7321917428456
58.1917294046273
82.38585966906741
19.580381162814785
43.82563465716459
53.34381992833593
26.179407682862852
160.34757589017235
38.697996368552204
160.846701286629
74.8748696408722
109.85199847033192
155.7687947113886
-0.9669434601292102
-30.19467109477572
157.96904247203784
160.21933544846
155.62943789401118
0.2334564638203367
74.96817206400604
158.75457554100927
26.583232915116394
20.34589830595494
8.90950001728684
25.421415075846433
158.35320939309196
63.89811877130451
9.701603083746363
52.81427726047249
160.13442299334258
35.80177282677912
136.47965465931748
157.66465625230524
-6.384063989960015
4.872883103730461
160.59772444797466
158.8169254751643
72.98092347165066
159.65956219937485
20.74106467754264
26.921605080389913
36.54399825478523
122.58744679200682
161.47953299981327
23.582796541639798
158.1981721014764
-4.918285209577325
160.10463852696475
159.77820389259242
84.83012332828963
-12.295560034467584
108.06491670216238
57.6019814801084
6.945984072142931
162.14388276561286
48.619322294255255
146.23129052221884
-21.964727294760195
71.82945354079288
54.90997653043044
157.0038436927017
156.7940441824636
131.8744723742944
36.48258819141807
161.9087998202188
100.54105555476686
-1.5329335442512568
70.54696258264504
46.728565330091676
-4.604803510222967
160.43111271954217
67.77112558113846
61.84510562736237
114.86691738901027
161.32670083093265
158.85185902842008
155.89835982868246
70.28932845668616
159.19939343790645
92.05367374860842
-17.967212503892974
158.36589243720874
159.49990630070266
-4.936570859532407
13.417468142894958
158.0410260113875
92.18539519160875
159.0817871539041
157.99163759916976
155.96251617394736
-21.330278237401203
156.7987834502894
18.132112725357768
327.05821424655926
156.2147238865328
55.62091797504706
0.6274043044875092
202.7022872204123
160.4166293498728
111.26497120953685
-21.993264532250706
157.54812873358046
163.05062015764608
-45.05561650239074
156.76264682133558
36.016139402892215
83.0289782710617
128.53153283048215
44.03639156260327
157.67376812070341
158.93901339544774
45.20462726756877
107.20574073210423
49.203087775168115
-6.123786585371028
81.22255561892848
85.84271698194681
48.30822309973635
8.71542486558536
155.46475746569416
-14.481737947760447
82.78997203330601
6.982309842015422
144.51770855711683
21.80927746483028
147.67110338730726
188.64605870894684
17.68061372131217
-9.498862959248978
112.12061947398702
158.2804834970358
11.271190835227038
182.20802614642375
24.820625764714524
76.78450182681492
155.8088023810766
159.39444007046507
59.0516881466381
52.618422250793245
62.89392334046696
56.82027993887978
84.1130889132155
197.06529534241636
157.24610795244487
56.816259623642225
156.94647754344297
-34.417641704975736
102.76165429267553
161.5925679797503
159.27472421980278
101.14224090048162
49.120772160004535
103.11901878393995
128.00105299543333
161.3116401705877
42.85495526525313
84.95374856938395
157.2780976862244
97.22636127869175
159.3180181064635
159.10254580381357
161.5908926896425
14.70961525026524
36.45792581465488
32.122624951726806
33.592497919302865
161.32397194523475
157.47314742231373
161.50973917155463
154.00105581402252
213.44390370659264
162.22494221501282
52.40697121390334
148.47038593456844
134.67371309024762
157.69733934554515
158.88471060085573
238.67042036914748
70.24877148581525
14.51015972479864
49.465496970398895
-5.508782066114637
77.43676548113768
12.218785644735224
58.4261929816312
156.90450629802916
58.60042469952667
156.5049646841352
132.77835940488688
163.2674411626023
159.94870415072813
-16.652618235205374
40.257434729295824
107.39646787751973
158.47981136363336
24.44261209611212
261.06462555582124
67.18355218797801
-5.150347160136119
123.37762936765273
158.06532160416546
156.77760239496374
-11.063297217808088
163.11020685077048
158.2247752671849
156.84559433731542
35.630905601359444
73.99376229308584
-17.291136533299678
-3.509857565147976
160.11536951474977
-11.514288301169067
58.931650180089186
159.82658908029956
157.6925376687924
101.63170785138679
65.32632792506372
9.248753647956278
-25.5663091015617
137.47501014525213
79.3470522932008
156.78801572915881
-25.584287701966105
155.56835231534478
33.70456765437523
160.65488139685343
-9.53924515856853
19.90275876948168
79.495988478758
158.13925007187083
33.8277296316959
46.66872915562924
158.21683785050277
10.701209161891555
157.44414137370887
156.85668238064724
144.66260881204818
1.3796990631329387
33.6086380614299
160.69809541072266
-26.204549662499712
48.89018195933811
-40.9598791809508
93.75452799708476
76.63245544845488
97.33365467312605
176.23249888848918
158.05885682068475
91.6346052159671
126.89581798069707
156.777130089651
157.801904004491
156.99843856878093
-20.198000282858143
158.38459616039822
225.21637465073422
421.7064412745603
161.35496391877416
83.55571269383438
115.20861431452359
153.17289777723767
72.90031223060201
48.21213898208942
5.911881324615606
-21.979865153464008
45.911343870291006
157.24018510252657
162.5653904916397
161.52225469031782
-43.444861536772855
18.745079191646138
65.42898784355572
25.380693698605114
-28.07631201176704
110.8640370884948
28.055936199895427
-8.864767357864306
22.804703864109594
161.36665036969583
42.63108409575508
162.29035208013235
-32.52980575187894
157.96489447482594
25.213360321100573
6.4868021466055374
157.47813555504317
104.1999873858107
158.79838558122754
162.48814889869595
61.524243424872374
159.70717982344337
19.965341878567685
156.24913569974865
162.44377701468557
169.50309307604084
52.25122480814844
160.07997981861067
-4.430945576998697
158.24037131382505
16.737564737950176
155.80240023875783
110.39998910631267
148.78586749016503
52.46051066980473
157.45223137412466
102.70396284014011
158.24974737670527
160.8173730101622
88.22769125657628
56.97736165844817
158.76265241116886
158.16937539467415
123.08567055411494
159.65744326742245
55.72579580351386
161.9640711216976
79.48812939372782
154.53258945440967
7.349297550012618
106.50796857946244
59.652295462034246
234.38601883929715
161.0817169716521
161.01464607302802
157.3938348779704
160.2789155229227
6.686966647420445
157.53327114922473
33.07388122469302
-42.71537758157108
478.8695907608946
-3.649251836411844
137.6615664174012
71.34547821997238
102.02956437593842
29.17997355686384
158.29420183737048
96.37292749429312
160.80874818036415
67.01909689008853
60.93555160204138
146.49321450670996
139.14402518993273
69.72779936857118
39.303202632606286
159.56907167862263
174.69572503119102
46.51540866013664
64.72778880488887
156.98042920351267
235.7346633926674
156.23486853766835
84.07574823042906
158.2976290576699
33.784991574379504
158.13126403238874
158.64029583878641
160.89569197329143
14.951494861813373
92.46402356252177
43.713148580673334
259.30268476088514
158.5603123439432
125.33818092315194
-5.759440277363158
158.5711682981547
112.33237256781926
69.07692696155735
155.89338726109852
-32.228509289102284
220.4410378830311
161.18646503358943
161.49850074385594
158.51195346374348
22.24563886878154
15.471352009246608
4.379146381378378
193.92389585948405
33.40960840193364
2.1748059549177103
22.29767764780641
156.37390580549723
161.39460379227987
38.31963439564142
265.7105940931148
156.19401678112226
158.111796867512
174.2306196587643
56.005024758313645
93.64642645405316
94.46531022169454
159.87666664366202
157.79083240580835
163.8730201861391
155.6462875941371
158.67208156129738
59.51113102729828
75.01790662912315
163.07477910935864
157.61403431450026
-27.981316860627146
4.1419506390376295
162.5915093953424
232.21033943503872
37.343814816676
178.47518797668033
6.337338614141105
158.1208447482366
157.31641487874154
160.28735227640382
19.519392083846675
160.83017447524682
157.34616363493882
160.07224321043898
97.234811468944
84.3415054497005
14.495160400343849
59.44748193857071
-25.56278182041629
177.17731024216206
159.85921534742468
-31.85403682381862
47.57610790824989
30.16430799954719
117.89458017223417
67.99613633837131
157.14327544810678
161.27291923722254
89.91964745600662
31.32517204163957
39.056028037163664
19.477823707838354
61.507850543631776
19.104821911336966
66.1128872334296
97.99855865934397
54.87964169079398
-18.27203667770675
211.81361264384432
156.25541376506789
158.2364150727
160.31759059902433
29.359020697448162
63.8537840240548
16.351817738039053
132.34072092990155
155.99111432947473
157.04692556061232
16.948392493442423
159.8774206088447
159.5059231459446
158.41902956823338
156.1423996019169
31.963518806417188
160.63836520786634
46.889154596987844
156.35101825291676
156.68112060052948
155.30793297448832
160.00349870127627
123.51921213078651
160.5647125079487
104.36816548780813
161.5782703471982
13.864026447816197
75.4840160661324
-17.123727045851027
160.4658726028572
94.58331222228279
-29.079172895802404
161.65853022681958
79.82872568189916
160.8715679133296
154.9805442976461
157.88244586391312
157.31332978269617
157.7190326474227
157.96115503701142
158.87632268371476
190.0798679445569
160.1428432270966
54.56655346457794
-5.1464278259545075
158.08969462551192
160.86304601229256
3.9874408736992524
34.933507277209834
161.52998911068303
160.59072498873925
11.868999761060877
70.85986847102023
56.77825825160789
192.31684089978953
156.15273324467074
123.62819288808659
17.770103625393705
1.9524080201657683
65.3157371292626
-15.726751091418189
156.47044335518737
159.82034321333734
22.106557502831635
159.5872035846805
135.9517041174362
20.59881999509966
199.15797065882433
79.3651861594388
5.5719505948984
159.78009340926485
-14.00636715574765
157.18046195975364
158.8966527273471
162.72362798091225
15.256630178429898
25.60085607896537
89.44623230290942
-21.58359838608823
156.11502869965668
9.338349747694412
21.68706271870898
158.61779214155803
158.72761523462765
0.6598132611189009
156.90151275900368
109.72099648942375
89.71584928276214
65.70371285340232
159.58378913664887
61.11361369779246
80.59665970774398
66.25359125394499
79.46184025863667
159.65422566692928
191.65721098265377
155.29231562283246
60.72082174450879
107.74998543405663
23.409595221932104
124.6837705001235
49.00150554865034
187.68470968952954
43.35508115994287
104.53188604477519
156.7175352718396
159.51512699824815
170.86298105762177
44.810365781257644
96.57992962011072
158.413616480277
94.75482848027994
-16.03567719324428
9.969203016372317
160.04541565415377
158.10735434437572
86.01660371835413
157.20189758727267
28.469124548045485
160.10310221957346
156.02398833188445
68.567133668779
140.2161399837236
69.92464269544509
9.093157656658928
87.43410632200171
159.1215943890982
-14.857080868400537
124.66490805383381
-14.404054883096133
158.77269279411865
160.63503100405393
156.31396252802787
158.05057201398907
162.69900365699522
183.40900161429857
90.62801592247266
158.61606440277234
150.89684981802753
15.153985503359529
55.94071149796328
159.31089635540272
112.21414149995216
159.9784511643572
57.27134333581082
17.764892256772455
8.312075153720608
156.4036931603618
155.3857460797948
156.91749520851712
67.42817377993715
19.003326836434056
43.166959563825124
47.05178041464372
158.21031333219912
135.09511332170442
102.33869573458112
157.50054523357187
-17.657556374558627
37.208173829356774
68.29389595124645
25.762163342158352
159.0150003910075
65.94276043559307
20.104533795263666
158.93977884300284
61.40184453858415
-0.006442326339043319
98.40247694149132
58.66501263288263
-20.132962760623915
69.20616046608859
156.7534393829464
157.9382115436996
158.1771993069887
155.16146702357312
159.41330610736196
161.26547242735884
15.834972272541973
160.90878192869945
159.91411039071681
157.29707566596298
38.078208990148894
13.290322783216737
127.6639083165043
27.85651072480591
38.31693942656838
92.15160730811888
160.04451626230184
29.097636937767096
159.68948813569648
81.40425149104601
50.52611132257633
145.2465296322779
-14.954039017228023
257.11446215923246
156.84670807629283
85.90067359149043
284.12709010867854
158.83406835510948
61.5884643820652
157.82819833582616
154.35411385746582
71.3464897919343
23.857068742426115
58.42641614289
34.078389942827386
86.89904719137122
51.07048492532109
159.93853042246005
156.06250533734848
-9.066391959853668
159.71127187189694
80.91538727827424
50.557364683614395
117.17959999952703
159.05995965796882
159.9020366592952
63.098880237230034
161.81077175193394
158.84395634393908
23.70270710063093
58.465005617746776
162.44085888802732
158.28512324871429
-16.76273600561789
105.96313943610173
92.07279896789157
-5.507380814885034
94.72311861990872
-17.219717022525778
157.8565822439801
159.44253465940028
13.124640501708257
17.98158926769647
-7.652180845071253
34.36793173305033
14.866719244735275
36.373876750355635
-12.842874269066733
159.72414092168515
157.0153648629905
245.86470170330014
159.96457799030196
80.12277199357489
5.840221434590386
11.60535317121717
178.88084300124913
155.22605160956675
137.29695008881455
30.718925182323453
7.851466461126478
56.839771657334836
55.710038984898645
-7.170595786637308
141.14084505084972
117.15503216522504
17.048311564093346
159.30159318653602
190.88734112751334
158.49342819183036
156.65462372413677
8.01769659856574
223.80011103681892
-7.417866553827551
159.01025444873628
159.97168067462778
14.752050639138918
65.16509632621026
61.021038065435185
29.21263637410075
-19.39588979841296
203.01579906037264
37.60148173752341
130.05006031477097
157.6808586332484
157.0894420360562
160.90398186546537
107.36699895746837
231.15932769669234
160.2099368660567
6.95036215644823
51.0910966334029
-10.30329408457225
118.38684067424428
32.69639111953513
41.31317693044765
156.38734232244656
25.381478519010575
217.30272121818012
-6.03933907214496
131.56807977953716
159.0743999860327
62.01704212248061
157.35261494973204
-11.789645714536952
50.76697786236665
87.50918023854284
161.38029931016246
120.75596690571764
120.98615334637937
78.04366434423527
157.23345019826053
157.5215263037888
16.79055169560622
44.197560812004994
157.7354365602586
-38.98144925482085
10.19976249818946
-11.758980833245772
6.855859314414926
142.70173114289102
160.26669760266716
22.841398078863186
51.378483823013106
157.70474176266862
155.94531490711256
16.130987768723006
100.24423921139885
158.7409687896188
26.001494414487606
114.39784900879188
70.59842645367203
304.0992372678528
-40.27357767229954
161.73453105625475
85.4227662514761
153.25305519358443
160.47147244546858
55.6034497778906
227.8766306655782
161.58459660485406
50.846134140467264
126.23581308684449
141.5411461315889
35.850111950557356
157.64950725210073
7.718767748268018
158.9764513706162
156.20975052907704
160.8339395037502
155.13986664808758
9.779418241908576
158.0983831557004
83.35960472452068
131.97451761774767
169.30773631527163
158.79648909468068
100.90338996425415
15.25763631298818
158.23658354709235
35.41254516306511
158.29853677714496
159.0131488783079
91.8477078217718
-13.426667238741897
6.127997326721161
132.04843300863644
32.227825217742385
160.45877991710972
160.90248161875112
77.65772763959059
157.6179679900448
156.43074035083382
95.04781982062734
350.08146988139356
87.81125933833009
62.00791839303194
-19.188296819510303
150.34651117895717
159.08892417565664
161.74314788311136
156.90726604173182
15.877945688155588
156.20021166241273
-21.722192260916884
172.57060606916818
160.65764476831237
38.24319136877167
138.27931913805574
-8.70245522667602
-12.456262996302609
52.9926297154507
47.67646630252305
61.71423750494537
159.00934237310193
160.2287451365672
144.85265065482395
63.97923708565463
160.55682384209692
155.6949840082409
-56.5708365026186
159.7394196114695
36.496452178295534
135.87563939793534
-26.389245914624194
95.70132516559376
31.54184500631851
69.48008701272474
63.409964136131
234.2879438367027
74.67405829675462
156.01359880939617
150.07330446607494
182.76720591756379
106.47705546364377
125.8146258162649
70.74954108363185
159.19036713182896
162.47026525897218
133.28976300647253
-7.1225984823135065
78.96440815106578
290.02680960231805
156.06976962025882
157.71506287845196
-0.09755373759155062
-21.349937262627492
95.20019105197902
132.22775158984996
160.10085473683407
157.2401055586467
157.92396691607144
160.40731823486612
149.5513316875736
2.4574588418327283
163.87187044111178
157.92891972476488
-2.279194402018453
160.0707860043398
124.17254500599336
95.47531388522243
97.66488956209139
160.69477103680117
157.8592788170672
108.60410091241054
156.60226906564813
38.144648880972916
127.94150803703742
21.881326249353496
70.67413428484363
70.27125852454745
-37.0369789639949
156.84769844492337
47.29259544939361
82.87701752533675
76.73019341352615
75.51016827073308
90.36154594355777
23.940500925008937
13.553396010852815
159.659804651695
160.07069633218967
156.57298056046787
31.518185632108136
157.56290093083143
109.48151124742868
-6.347565617098951
83.01381413562498
33.45032775312729
48.25518795992462
23.913827067281325
23.22489053876099
35.1008151643974
9.156148870022728
183.1771226697552
159.01538806642714
302.2562087726247
216.72668122467348
139.54992855782515
10.25889395758593
120.14527071652375
104.88724718378162
157.15090541924357
53.33215127981269
42.163369388152894
77.76874841671403
-47.17052183143928
156.78655306753575
158.89126495588346
159.5829263513103
59.394097216771726
78.94446369193335
-22.93285781515261
113.3088443930052
112.19438764380877
257.154112559691
158.8906097691131
159.06953812282742
45.93710469608568
52.832147193007
159.0992999590299
7.150831941391819
158.06616381306472
80.71901438115493
158.43742140279952
160.5154942831864
67.98104665568384
160.2770519405268
17.386608118110768
79.41009721353726
71.56144094999208
129.95231956300805
32.96948619764761
53.90475719576605
134.830068091195
92.68462289563432
-1.2962204422467853
86.61921551277332
-19.614409854261183
28.59963198269854
35.82494971533074
158.51833001907505
158.7339915022261
45.559539983923926
-13.860692755147856
32.63053734662424
10.911269981250687
45.78422949115601
14.259695833388855
6.26510602211525
-13.667989717862577
160.82061298377903
161.50107169215266
42.40439296728958
-24.574331864074203
16.12686308910394
19.44309212279499
86.76675809018761
77.67260013861905
25.068204555456802
-2.2827439475685876
18.61066779148392
100.37306425148748
160.04478214806838
43.434794254574456
-0.30583375571807414
60.281659320946744
62.04386383425527
158.08652692894012
21.42150220739257
50.26488670342206
58.05011623816923
-5.217074614352319
152.00162577641962
53.21804676070672
32.71897288605998
93.21616610698278
160.3578179604579
237.5558848566937
158.23512116762393
159.4128118584763
111.80243002623199
-0.4633862835787107
162.01549834053048
157.7920068367683
157.27519076505533
-37.94397018900169
20.37190571098424
0.1324142793877081
155.80432823779697
57.49172024420192
158.23468464190222
157.06207920717952
160.61276878290275
156.20403809254248
-19.80376864632735
199.2747002272425
163.7388059334822
190.80193275470697
161.04392511104334
85.52268401948906
156.18157130116043
26.874022300922697
69.75651814431217
50.07157577488202
156.89792973234924
-37.2416440776492
156.18176853400504
4.100435722406902
159.94384146028924
59.30845287304531
9.519987257334463
40.84866195851107
-24.86103262315166
28.62033707473915
-9.822036455520214
157.35097915078393
159.04290014023417
37.253495642462156
158.1727847118324
42.66211563129444
116.10892687481059
-18.595635659360454
11.124978620167685
145.85222769914537
48.402294138076755
23.487719338135996
24.203657890347387
158.9599515826305
160.29685864283113
230.3325725724118
159.1219190054862
89.14158919680787
-9.109329437596918
34.44989960541406
161.01770810461085
4.977731456348076
87.73452566781181
161.94819304368707
1.7844621452859661
59.56525991253181
68.74736165895949
28.380023723102482
162.49900953035387
72.3571087050515
159.92837194306315
64.25572126426579
203.4571218252424
-21.952619856329488
94.59087038062896
90.28862738717223
-10.596478618341708
27.72962991878809
157.41428883736933
154.93805658433408
161.17706977181848
25.244621980849516
-0.3945673917025396
149.31889252464455
90.63623113324786
160.48517811206702
36.82462600331359
71.80390484441806
84.92818686890092
42.432645758246984
241.8740342546836
159.3511155906553
159.00668497483045
181.02550210055725
41.2884872729499
159.44755950674906
27.490421270480194
65.77111320190284
74.88959380120593
159.96710334395627
160.28116738493566
42.91817573994629
117.87533906419344
-14.724128494019261
22.922016267401382
15.043024524285867
50.12857172296897
5.676889269631331
75.86744531439433
89.1781311100216
127.5632304382183
246.63845726320574
30.002259084667394
158.84653208478616
41.58112708619903
127.31024632222704
80.16513023570667
39.677009047562365
12.042958010095875
156.85707710404517
136.75757132714045
161.0801758035927
6.342641876586942
37.44764306532707
159.92886406251944
88.76344450966681
157.82263468217639
109.22973293054775
12.872810250476983
159.89016547712947
65.1760190905071
71.18954926378365
154.7391141549374
58.074974957308626
135.8264757807831
27.57413782308435
66.56108115863253
30.00266796531594
29.6817971966497
-26.684010772837777
-0.9054870853499314
19.56737125725242
158.79858276942943
155.2134936273233
160.4493748015828
23.07617026348039
158.96810997491343
103.4895142246458
34.32062472254119
58.404506274353864
161.39794136718652
-12.596858207054341
157.26952519919018
62.02110794233022
88.41319125946177
48.75156050257716
139.3197188289147
-23.170549438568354
74.05311507329047
7.909864172515957
76.82040239083972
136.30549537388058
38.27257066576248
52.76064429325765
11.289896855351158
8.35856766013097
158.91008668182926
158.3412461707183
64.21231341450418
157.15505880160404
158.33364306329418
41.00020193580385
161.59877596060218
158.20568987955178
4.65409039709879
159.07090718941484
160.08454829532147
158.1318129235601
156.83813087893031
154.89443473445849
159.79245831373194
158.6542964855842
157.63320028245997
126.62446390965032
160.08811475880216
158.85557085395092
159.71207371226663
52.82562652208274
66.588078115646
157.1401926455968
155.630520082625
156.04584979265672
160.27278768295042
158.83686342887796
159.0328609588386
67.60690986876318
159.1850469431203
159.48064359116054
56.02803347092749
190.31329147031818
87.51901332973151
158.10540578914134
43.069766398270495
161.93051285829733
159.822088226308
27.275829133863624
122.79997814200946
154.61131670356002
50.11362365914134
228.23100214375327
81.04120231754383
158.5856185541165
57.841369512322885
47.61531681329898
161.41171236560388
47.059647600082286
14.450904553962783
105.08765878853151
21.0913794301225
155.85772751342222
75.17414445533748
106.86244254184682
50.980155194689345
40.93642532619646
158.12843534081412
165.0652873720867
54.77301596923621
159.582084934409
-13.029324896114513
145.08157945696183
40.18349926528387
32.48562283587088
59.55658428915049
157.12985551817889
161.56031451796085
162.62523797013438
8.50568693572259
62.592504310717814
157.49227512565602
156.50611865917554
158.56256202985614
159.25429945429454
159.72499875897597
158.08490201948752
162.81155239680976
88.8273164010911
58.69814376862649
108.04228481263736
158.34201251470134
25.553125684950423
90.80289265329606
86.21617437707398
45.203611489522274
158.50205356199885
61.22440188108655
158.67035260832793
158.74773161142292
119.51036935476768
33.569648896222894
33.07210728537958
157.01508316588266
60.808086327776564
155.59191068096965
8.386110436238898
159.44841495551873
116.63419170842843
13.6134235913751
158.00409453463695
26.76103153709468
-22.383715281975167
73.74170294831677
18.005093183923325
193.05608816305676
161.4302112955694
52.65216349424288
156.75642075599933
155.4008781729114
83.44672647285016
157.68356179165778
131.15457017041194
47.88258795072918
20.752968300239004
-27.67097315069531
268.7662829699205
-59.64089558716682
-7.346666042140674
37.58559906427998
158.20146365314488
218.66859707719206
62.370734881826415
162.78809592600362
9.678664356844383
79.1533911377939
156.45785471650257
16.241296104258353
139.3657250027031
155.10273633612942
111.58576027080692
80.01588228015358
21.094118629732726
154.80022066588475
157.5889148388604
157.37516224203827
160.9862701399107
160.8553913641848
33.714553353763876
73.1645355898579
88.96857470378629
0.0012778245868206861
156.69826009542047
157.5409866438742
160.26400652393843
71.47925435776827
156.58133195160312
159.20652595893938
34.67345296295889
161.95257764479726
155.96641081722484
17.833117310070456
57.84221759934405
156.46669854135675
69.37824989840169
10.671674624897632
64.5830615013187
159.36725347204583
157.87368864840354
160.39145699725267
157.9586578977778
27.249257116467504
-27.726693221261737
155.86324230596512
63.14998320409839
13.97959286163746
160.97686114585912
148.17471329774003
160.281250157113
14.718009104929019
-7.721959212035025
54.361226348672005
-5.098725714206503
81.99459136819199
159.10157630178932
-1.3990709522685425
145.36478162499566
159.65350734052197
49.25028015813736
158.2103466712348
44.28293941382168
160.60289558228405
121.49237443265702
34.11048674710622
139.08409533606167
33.31752839791775
27.797941162813327
-12.850752810142172
158.06765985538283
146.63115197383402
156.72874261447944
158.41961120807036
159.46670394356067
-22.089838669215062
61.93007975644455
34.05720597751567
79.35282087642418
39.669890513933105
64.1130187441686
159.0758669704783
159.46684627819516
158.34296485201537
96.93643717590344
4.139427141868171
96.62962677541114
85.57718497970106
157.43417046348583
157.95068209465842
159.15829855226772
158.63178460665517
160.45774419373615
37.06283707018512
37.24476757432249
179.32937618429958
67.67355101905268
79.47069419206136
-11.974780594307918
119.84638389386797
160.61288722622336
159.36600421263003
156.19351667842133
156.42708947991605
159.70704625472516
77.9625560815311
3.017549365780872
143.94393463168714
157.15590918515062
155.78351033910732
159.41639878691433
162.64506792453946
157.43354594539568
159.1541051157622
58.12423051280779
139.3403468369272
73.47195632131009
158.11110036960656
101.9458601499778
54.65169877782576
38.30257979885628
287.5705720683538
125.62540817989745
86.39767180228496
-24.745021541980467
154.88273750087572
158.7986246616282
156.9418146581769
57.47708038831711
-24.273994708738577
108.77047737081867
-1.8404970996911056
59.70373740007446
158.79884301345228
14.557467398592818
158.6195223196695
36.4686186196839
158.88733674112223
349.693034357741
158.3453671998807
42.682873549125055
158.24322809018267
35.179592014909176
159.85883574212804
45.58564790894417
155.81376105611682
154.80067334186833
75.51317516270431
79.23316395680439
161.68957039110728
22.23877511232243
158.27902945497553
109.90351389531332
157.59902048616183
53.60076073082381
52.850964268909024
158.31910457933313
91.0141109872368
160.0138522021974
72.10261168204975
157.64580881104007
26.76472014444445
156.7425968166533
102.12105973822469
82.39506216303916
157.95410982861097
-20.481793780838544
200.85500565228506
-20.049568624474446
51.97009176750887
111.99410848818555
18.6560919924061
161.0817341153008
25.085881099921888
79.37881744407983
154.0369146921615
74.63883364131071
156.75882658089594
299.6131728351827
161.05075625217495
158.32676659570075
113.0240963573429
115.67010185859509
165.76696452849365
75.64561658733312
120.2472922898836
158.52604825786057
109.81951165802859
-4.415812981883025
48.636648435741286
120.1871117007625
156.24745485107928
47.24826685740244
60.33714791687536
91.80284080586908
159.73631258285107
159.42097641703376
159.42884527949204
162.2590564992419
150.48516933491467
156.89270980863944
71.3526733896196
-2.3741539531857576
-7.1426407795727584
24.29312793521967
35.494343050372926
157.5782851473078
157.97753186182086
156.69415352080773
98.13755493061066
155.16063187047138
8.702299452548269
44.38068938381133
52.74422955610156
94.68451425679817
-20.94437233595753
159.91125307981915
17.478334811547228
158.84240515177015
159.33080696281291
164.7190679819136
161.131225404322
256.2188669724541
160.70261052228398
58.736665986218014
68.65293850824652
158.039013352122
58.93466424722472
159.72959160013062
99.86403836156573
20.334593940906267
158.14428719237083
158.2777058371005
138.24444233723423
158.4980364333473
217.33638083455003
22.952693159812547
72.82962159470294
56.995932098948714
245.06779188147576
158.95385251931577
-28.417764932382095
158.0010928430378
73.01389701332116
155.30568593755746
85.34068852320739
169.7591493533098
160.31521413831337
20.738260590811947
52.56426379708571
51.65730231317531
46.97976068262873
156.59490553059544
158.040411113651
86.98981668265482
1.392484072100395
158.4483015600214
157.5753103534183
105.6998011352418
156.044493191055
74.6106668502204
77.20691826303782
159.87221153438372
156.17990999375883
160.88087035429757
22.137002499586785
12.984459963122662
156.678577710871
23.17383472910849
156.76028925681211
63.25987824926755
157.28869119528653
156.0616321956368
9.405076256703516
157.46753402590744
83.05220355091045
155.37141683366656
162.34810875298905
159.3884572361427
42.68102030418029
159.73867734242327
137.33102941673303
167.26396310822665
14.792691980679457
61.79133383831373
77.45204937076714
139.88907802179213
33.711086605534625
159.7612907114835
102.34454662889212
13.813351960288093
161.38612833458748
94.7146632491825
159.34944081159068
157.87173071202258
95.28789488009889
54.009117588256345
26.689452474790677
27.501494366787746
154.38664487394942
158.23982387622422
162.59529437055997
159.4981197733831
135.76575687073307
92.30038453688744
159.2041791662993
159.2340343894851
160.12900821562914
106.09849815610589
145.9925620276274
133.94962255926993
161.61007541147663
78.83259067701829
26.618673380112146
159.83380046091355
160.15178257720424
-39.469775849258404
156.90852376614419
158.68070664906094
-25.216988951475546
91.95034344794011
35.345017214354215
156.2580911661607
0.4825119554873092
62.691869948572695
-33.01362776511613
-1.9603123327024208
-26.758073334554293
19.095907064191554
94.40576536080148
157.52162827946455
157.79663525660195
12.863158708728218
198.0182442895895
157.82625832195677
101.6446908778695
86.62187308647661
161.4439293065453
157.64625039992995
158.43776381240832
88.78906002406609
157.8256161768204
133.53015583238164
28.645010866957723
91.49303697938848
160.0717327769371
3.6444569703564538
49.37795755117267
140.9088673575948
159.83912337525663
159.4341881405299
158.96637418698003
160.26764647436525
22.478271097416233
117.28450137596604
158.90518761405957
158.6364000098964
46.865428287870124
157.95525560449607
86.60650535004218
158.33568861414832
24.46745556967447
123.62325962488288
162.16795331281108
95.02499496644076
53.80103354521673
162.87839838254456
159.3842349548824
60.27433764245661
160.32074155986678
-7.1224811039143106
156.56644510461828
11.914724716135177
75.69711004656206
158.36714017983508
155.54584942345937
108.63157930936327
143.76817197963956
81.84512713019727
159.1999755597977
159.29619238827726
156.86511687325063
198.20879925770274
118.0167067490702
157.04959625324585
81.19034529537227
34.9619649421861
-22.523917295843574
157.23848263946414
42.89849963714365
105.48776274284464
34.30177107106966
159.63891729106425
155.83463358890018
37.81061099951867
99.31113178699675
-10.699197000106416
215.51360183313605
15.583788009411023
14.161200981114646
9.577819810482161
163.42892277735825
83.93168187066631
60.39127222109904
57.75195035880418
158.80178515664608
157.16604992268918
18.247395545921805
157.46694102683003
43.23547694194966
156.68193780975406
157.79552075604627
80.38363489344438
44.26355252208556
158.64750537761358
6.692997367028703
160.72169497042987
156.24029469778796
157.60767132384794
41.55409246537607
100.0069740527103
11.0429879538783
176.66060738462434
-6.015136575485548
-26.83834657410484
155.3944674149484
164.31071016863672
159.97111969032176
190.01846315907636
3.807515753510044
75.99580945273392
158.20892198918875
158.81199855559683
54.301487904263944
47.111001245416
159.8843907401571
80.54174616669425
92.53159504638487
158.17809316622575
19.826961649377203
158.78586120674345
159.9725439883941
157.0725011032222
76.82731779136975
19.944037362676525
158.53245690126366
160.42032664419347
160.24078221566697
236.36259621687165
4.076275012226848
162.23501388962663
26.789514311875728
41.95399153022453
159.4889795224996
47.42521182723039
157.7150391942435
24.46957570307776
43.4862169659047
162.81773084575383
69.55815799241776
205.79226393786
8.387054333556398
21.52774264349172
274.7614117312847
157.75364360877725
206.03108054064543
85.86669149111998
157.87970984413786
156.73010728010885
157.96272853570866
44.32886679762138
372.41018693463724
184.6693407234639
102.0384689898201
47.60482494630077
159.2354012391228
161.98956841143638
158.7293140121942
79.8601089807062
157.32130448394952
154.79499867141234
-31.24862749592428
49.73217921127112
158.10082949590964
126.82535864591657
149.8713744456699
-14.775750070183259
158.1911392601125
157.49610791869688
158.32829980184192
89.25549176876976
158.73301869094027
154.30844633092724
12.718224951545999
156.8474060652304
65.33102468095747
157.0861643955439
97.78880892785443
28.92289287822068
156.21278548471236
-17.588444022182344
160.95594706331792
157.55684533549982
68.79356131891362
157.08202522553552
60.98972144453402
158.20650891443776
159.15351741329866
158.4765211354205
240.35264618192963
159.86661899756484
158.30916765307953
-12.732834101485789
70.52576479041312
157.59887261125095
158.15199202839935
26.101193529752745
161.1111265729709
155.71931966761574
288.6372724946624
156.63035452553652
159.35033134397926
61.51666949165416
29.889968233081905
70.36384238692558
159.321450942571
158.52510303535286
157.30291366850668
126.63177373802067
-9.037819584409302
140.71122598342694
22.06453505898153
95.14636364880852
43.361421798130806
157.7112234707744
158.45295251806388
154.40437810687462
159.00339194005443
158.6490209433579
158.6648449527784
73.93072888806975
157.23935714753532
166.2809385097695
156.4170788717993
161.4877256393968
156.42730051982915
159.18586821596946
159.848367794498
88.2538267273843
157.9977423217331
-11.586142808796124
102.20018659744053
158.0555421281024
83.19735059489868
159.64999094416933
71.3893290022235
108.64832685625173
155.46979639680575
100.46385623057941
87.76036018033595
29.419794941382822
19.770103100519478
45.728137068803946
203.5185471929107
36.95085230472066
68.63614937863191
18.325062564484902
158.43411873168287
57.83116586521288
128.91002276578624
403.43374565141715
140.67779573592514
160.15579598210383
154.91056531240886
157.650950428936
159.47419319563477
317.3043504322562
274.93402253758876
159.80945190750717
158.89625971352692
155.37412221877892
53.16590764266954
71.89615515273498
159.3714804954629
161.8978859920196
153.74614358036524
158.4942141157226
159.5878741772693
91.15598144439289
81.02219482961333
71.70367723603326
57.96925620967357
3.623033543874369
159.6116099938585
160.45674875807129
6.559555722456971
159.61390620434128
157.67010219766198
160.38209574207207
158.1990981594718
-22.979957497420294
98.36580733637454
160.19254469526146
70.89583801442404
90.52058502783511
-5.407809517469119
156.83932181402952
81.05055953991977
298.6135903528632
157.73653542039676
28.28086759044286
9.283237167864014
156.19552182213312
-33.12522413181622
172.77052076566034
156.65362854092712
160.0043249164542
152.7339843461047
52.46481847168659
159.88330710631692
174.47488714480448
181.5940923650068
157.0376061322861
158.26447662220068
157.8838058934096
129.57761088895126
45.74552204880133
61.14141170840912
158.01864282397187
139.40038083227833
156.587984564405
154.07315449676466
100.77585218062444
61.96878962794871
29.7040621274455
159.1652439667263
158.92593346944975
102.98931703357385
160.666356068684
158.02489757196167
272.0646835716481
156.3956371857077
2.6659066803453237
156.6427554284962
84.20303504624621
239.79845127477276
128.53395194492836
158.81503571519323
153.03111977101864
79.27770060932616
1.127914999776332
155.42496062857506
12.605063486464053
157.9434981708557
157.9726501712555
157.0847792657129
13.531006011816716
157.0588535665137
79.41288065423616
37.79222852252562
138.15628461261733
44.48342507518156
159.03639421534655
48.77580244640281
158.91640070841422
159.90361597234403
158.36411384121845
103.36784345080525
69.64449584826805
154.92659293428298
186.6371070030462
158.84462671315347
98.08932010676742
84.88898754561816
33.167684114290466
204.4794709338845
154.73284418753803
156.63122122554407
159.70179696851093
157.6261618783731
158.0494728818746
106.01150718016837
158.15699668454442
46.11143068996828
161.56506098396952
168.73235949239185
86.47041584306277
159.5911792037225
42.03866271165564
20.366053827591298
39.29549472137738
-4.5643577193042075
85.3758054354144
78.41690105065096
32.27787062134961
51.745928978379055
41.15657203920355
65.80334984688999
28.1226928793137
166.6570546601915
67.6872386021561
-1.5942720919493998
39.54853663772001
14.148934356631466
157.27235202126377
79.7951132589042
158.70359274720093
101.30342666382589
160.20045868169706
155.64979260965976
155.8860033913466
92.98418957407554
60.49508259987295
157.25430921709855
161.06418050726197
158.82320506707484
95.39114726581987
162.3406823405906
89.00611240595966
101.61836106604913
19.652463147811375
158.78652548977118
159.23202350774977
174.8513959529175
160.0470371825498
157.20036815997778
86.04902772405016
7.059303225293713
155.9483688403703
77.20312655610176
156.95637758859988
159.94015836651266
122.96548490135176
154.96228080708502
-4.647835278543778
101.05441606727038
159.67108553295762
158.74120945766626
18.161048224717444
-14.589815069888862
20.87394051797186
161.53227964146194
81.1890824252998
161.18439698135006
70.87421028048749
106.02437343923235
162.82873878488908
41.95222081051646
62.02195013246223
160.90140275885906
105.5627108280751
157.89064001554019
101.9639056357911
160.33065325181732
158.5336842576103
53.94573577858701
126.78978472528402
112.76765516359298
88.42662054679292
18.756242884784733
466.6095308857217
156.31026603405448
164.7034841844883
156.80647490893742
159.78032864811632
33.64461727382115
159.37189825739227
121.5408336852696
157.62897520043333
155.57116046380494
112.26515069788144
13.44188127369599
27.77992878437237
158.06744152532576
158.51264248449576
17.064904142389487
21.48733840285768
157.4434111111155
-10.467265460887274
26.876390240490977
-1.208951764450294
155.03369127465868
157.21416843509624
159.08504212374652
159.18744550137936
207.6360997094879
-0.9109448037972988
156.5760524961665
154.5916380287749
90.05045579684818
43.74265880351274
71.63953455612085
109.68860923136153
28.143962598877003
44.59505036497361
15.961648480809801
157.85838369276905
65.36595643587512
158.42153806771924
158.94311188245027
161.7000622529093
41.600973717393906
44.39450870302308
157.24432110660086
90.99498930488946
160.38370232734684
31.78910776460146
153.81859632211487
156.42996444735556
267.04242591304927
22.779763340021198
23.053493712893697
149.0723500971091
155.44015199275393
156.77807370455508
156.70514148096944
200.6293403644872
22.774887170132146
144.01117879936672
161.79834854328269
126.93114964738541
55.446064711546676
45.81243285709679
53.24873432885104
138.91593754102038
144.97040867913424
160.95986892058832
159.54400577761422
40.627590068667594
160.67822124089744
155.13921753021387
157.4109867577105
157.8883248281928
158.75136945518145
157.77641932450322
89.16473554845494
-19.412630461010817
160.49351977836972
36.26398575471626
157.32974445880888
158.19840698460072
129.12608096950672
15.78220120806891
156.02438359344671
24.440406465931446
159.51554281007705
159.2013594744242
66.32397348905224
139.19757569458466
20.788496996260537
158.61295138104558
25.992275257205787
8.096479901567236
158.46053372146622
111.32968756689688
113.67419880520718
158.6704168851998
17.408223614046722
47.598518202618116
62.89246960441198
157.72888340555465
157.59950754881908
93.86085847487972
50.4347257799043
54.50391141205733
143.28173286234403
159.96108601461165
158.24112766643273
156.70747385195796
162.1774245394977
106.5884695455727
39.96906788334104
125.357495634028
157.86155532672032
-18.64248409495934
159.61881177023255
49.86538175356915
161.14146108090884
159.76785197279472
134.43168201745135
156.64512506293931
1.5091698152369515
123.08523068926013
25.89004616036289
10.414329769474582
81.72148676271672
155.88347692206847
-23.24093729578233
54.437610257654136
155.58141313031962
165.0686248170598
156.53275380976737
81.07853994264872
90.04685468805275
81.56064376097717
210.53737220646028
14.580712460350433
158.55779525326358
155.95103600312095
158.28065768399264
65.23180231777027
64.85803617965686
159.40045269542696
112.47837354165408
5.262550417423494
158.1756942957564
159.6952649532496
168.5830158488854
157.84663446256852
155.61966033851294
151.50919732834132
127.69302521648908
85.20841505696468
56.34421209133387
160.56319940461657
56.84620802784145
56.70726984051854
71.43747609673153
-12.987960109793521
101.23140244998153
7.709742812704135
97.9971169031194
42.74510086333717
20.243876594338083
-12.224241652792864
54.638570453138264
83.99665091042898
158.43657596727274
161.1711959539629
159.6116867853268
122.91022344345798
156.69811671444575
118.52285000735428
159.51626022255215
158.80600252165848
46.27519754193675
124.24386765986289
30.328313149654512
153.16600644286342
160.55197562824767
120.09082312593847
101.80355264601265
159.3887457215543
157.33833156526686
157.94641065117136
156.28331806979827
153.06691133580875
156.08514831515743
41.655473548482675
155.6686234232944
159.4284248479802
71.223749675817
155.8141232576892
128.2083401012703
160.45207274458278
161.09067422651296
99.74567102177616
489.72197240356104
159.57325209968656
171.2467424991825
157.67569941149188
99.50254822711582
170.12394338118452
26.952274146564147
134.29036066062048
-4.431158667057613
182.44988231164393
66.61813468110284
17.870181026161774
-35.90716308298186
289.1708526035768
159.85094648253605
158.4523694026429
16.706441721432906
58.902308498775184
159.9099396904757
158.73457137848106
161.1344459517621
158.23832922790504
159.50216704048415
155.23648836804784
29.141128676417242
205.31909918772345
157.91355755451596
158.372095130465
161.07382530426878
158.43712411135388
84.85222392843976
37.36754019489429
155.3745822405386
2.1877330437383544
-7.927893915605055
159.99894107672023
160.82207903702403
89.94913469386847
159.29869877135192
155.71751281655082
158.87418528765738
93.17171229995374
2.128923049983177
153.65856038345436
35.79352598929725
160.41388812040097
153.75978261814384
-21.9147317483154
79.88700884318136
3.1324798467183492
157.42669418208044
160.03692714679292
31.427717386373764
69.53408497823297
-28.439180914055598
45.67793586845747
165.81059830494155
145.68776182546776
158.77840630398666
157.9794978869617
120.88474713911991
158.65795379137919
157.571538437187
16.789445746019684
73.292297331934
159.67947864831808
59.07681971226876
18.912640048635694
89.58042507816292
51.0324598508955
124.83789923012841
160.76369028838133
254.35307808681054
158.02366309969355
153.90742710356355
49.907091461337515
69.70008417716366
160.6500307357621
132.7067350856848
46.36375537921063
157.57072805230374
97.05234835378599
157.23468293928852
158.2924376488522
93.72453377871587
159.36282140174873
39.08167785630242
138.21577009951193
68.25972185878472
38.889697581682306
52.42263794093521
94.5685147594504
22.233240671061196
211.82508792980045
160.27478957397113
158.03740314178623
14.749738106721981
157.45402335240007
157.94741842833858
161.20609095482192
56.08530418381695
161.6652232990952
111.49000030201708
88.41569600712056
160.26344451984767
131.33620380571122
46.96253631210901
38.70214014484149
73.10126214896162
120.59769726318483
3.0930562343423333
35.302874549130124
8.988399259618257
162.41074505728628
15.469634545282563
154.49211737356404
145.74309186252518
54.45906601482467
-15.346453613424273
28.656015053709147
160.73796366709232
-40.28930730454432
157.89977352276526
63.263046741665285
162.91348941924514
158.84110560124748
157.58055390620368
-5.476421603830654
186.46646050207292
157.44597396256074
36.28604206038853
11.933583776686222
155.78130909410336
158.15075813899725
154.39761000823847
110.14840539136866
160.06628534476985
160.47216245500923
160.70194081770234
-3.4046152169973793
160.86693227864004
155.88472841377774
155.33087640381694
69.85398004733541
30.555676520089634
158.2314657383778
159.3149432021406
157.2964661141602
75.48445148873162
84.20768872083691
37.76089571942468
159.76778894119946
160.52438627192714
34.41390163300477
162.02051066503964
48.81246226289054
155.36799883282546
56.01904075692547
159.45697512622982
148.20759199403457
7.267194952229727
50.372370722735674
113.93879261463374
-6.3814552164918
158.6609825031815
160.23668106580638
161.0812717278095
158.59713925842945
158.61650753696549
130.14851140250965
157.27615764912824
158.30041828268676
157.4976352984194
102.14075390209487
159.01852836855352
157.8639396677477
154.9834214490552
43.34339412562738
138.25971630009263
234.80929494129168
-17.012220361665715
136.8667171272688
-2.7263733846812137
156.0578121131772
157.8933702695579
86.35613311182118
158.90622369867347
52.53968022655643
209.62054204502388
214.49025778973584
49.90853135899464
115.32272343109157
112.68614068543404
40.96334733893761
159.33501211128686
53.534200091373364
96.38905706722161
94.74879588796321
-10.24606884404678
105.16596411172708
268.1835638266919
155.8245196754446
159.51707842645976
56.346479758593645
63.58552358645932
159.4776688211361
13.702276624788974
158.23760220987705
17.652331584977546
160.19513459478387
157.30123820159116
35.96811372840574
31.86287050831628
160.87745610576948
159.48030741127627
40.55914416703895
156.52768431821477
158.21059203297432
102.13777008803584
156.9262165740947
157.41274350581907
50.21670694169644
209.2810529284954
18.45740338555231
110.04062429973567
73.96971250082218
79.94920970227481
181.62264779327737
159.4983346145637
159.7355163532202
-41.7598506526882
61.35786323540969
9.236494700099263
158.13794151138543
120.16879968751988
-42.05621670164354
158.05938306449497
113.1341651417927
18.60246472537007
91.01590380023174
159.39027479822573
119.74207290106669
134.1350203703039
98.37621761579403
160.06228486806734
10.889668644524761
-0.7437241444311449
154.28485027628824
16.547627502010126
34.99369956129573
157.99057299360544
37.20893960950691
124.86793821209694
79.04852394200606
-8.876342970250096
113.92079833561382
108.65768056891153
7.44445641724992
17.802219108276294
36.56693379635212
157.7080289847864
113.75054135137358
155.9462771294151
156.31597489172188
10.466222032262733
159.50359546222185
159.35431075698605
158.5531162670754
-6.053785280036815
111.94862715328095
-2.655294016198365
160.99131710796792
161.2583998594988
-7.907983592399214
158.94156192230034
64.9668785526757
48.92500031027706
105.07857791604091
-3.9100350149020864
72.69764421427737
159.05725649537413
39.65585917215251
162.7563742973409
-3.677821128786431
24.890896287866006
159.92725309720154
157.33173039525397
158.11015062877138
6.992076021469434
46.553695123846964
160.8010247339216
75.3975461822969
22.504535518388643
156.54444033275928
158.86809350984808
156.61953680699736
158.39897021602852
159.29420802616312
161.17456197245141
160.35700052236479
238.01665104030175
8.615234886478328
126.44996149328402
39.67341788450004
158.32268509918163
160.71237161970507
51.272528094241544
-28.5024411863048
-20.648464967511707
158.2585021235677
159.55224581512238
157.26008594659228
159.9988931825397
161.55103338423913
24.03502235665167
161.0146203912829
28.54294168949562
107.30995217273296
18.6830997924216
162.794489815408
35.66290229600348
92.79433399999841
4.896659872934868
93.46948293898532
158.52531889461113
157.75250104242306
158.33575550900179
156.86590276619864
95.94626839476416
83.97686735193604
67.66497840721254
35.77252909499626
161.80642137445867
160.29388692114566
208.17647514043392
79.54718338026764
159.07116263836835
17.528934446890243
52.41359315286256
147.38990912863545
157.68607951290164
68.94592842065656
156.04388867868883
158.8889442306508
160.06531842860576
100.58085345015574
16.903029017351702
155.73211960213118
92.31271474858315
161.53946954543852
32.559138107039765
162.26450359487586
50.256096270215885
160.38701583719762
127.74581560414748
6.682497420957275
58.372326526293236
143.89546783886718
36.85335455738122
-16.429023721678952
55.517100705175
156.43914216193238
37.40246855026412
126.34145825991908
90.10364485194948
37.09509647774144
192.47713209018482
161.82510562346658
14.251747677545854
158.83925435360078
158.6987003538851
43.755940253001434
161.99369527232
160.27700846857485
157.1305654987587
160.12844580995454
178.6061272995364
99.22680217126083
91.48986835199466
63.087730815735505
7.881944281575405
32.04912361785656
155.99973515977422
-0.02979899897111219
91.31752447725837
47.37247294423089
54.4369055974785
156.56995231949492
157.08299945360707
158.4144862889298
46.03627239988448
296.2271116313848
157.67409751242002
157.9651232463362
60.34415965799485
4.352042421250834
162.47849077654587
55.06113706017161
31.789954025519968
160.29877516361114
138.86382642944676
95.87511597313195
-17.989220284695364
167.75486915420177
154.82820774938767
158.54780301823587
255.21365640742647
170.4267470836109
155.07013068833257
-7.316279419013285
162.02313189329706
159.18076598615033
158.5902083092158
161.65865968737026
124.06100931021686
92.1407263922379
162.07336601066223
65.4109304196514
139.69861426910197
119.71350777495894
159.91791164820185
13.39843659190471
55.83936430387425
159.07895264565224
160.08707943360477
157.09551531432103
159.7519200271466
86.66997751248608
6.952450294482653
157.56702620410832
