-131.56289672851562
-135.38668823242188
-134.9983367919922
-164.43675231933594
-125.4404296875
-115.14885711669922
-144.61990356445312
-95.65773010253906
-143.7675323486328
-113.31986999511719
-97.94122314453125
-115.51834106445312
-86.81624603271484
-82.67083740234375
-91.23828125
-106.5449447631836
-100.38735961914062
-112.10768127441406
-99.90290069580078
-89.5934066772461
-86.39151763916016
-98.6943130493164
-92.94190216064453
-81.92618560791016
-84.31626892089844
-107.37164306640625
-100.91815948486328
-102.14386749267578
-71.32770538330078
-111.37814331054688
-91.53777313232422
-123.30217742919922
-98.42929077148438
-99.75244140625
-80.30660247802734
-92.66936492919922
-97.86488342285156
-105.65984344482422
-92.25177001953125
-134.6804656982422
-105.12890625
-88.08065795898438
-82.56591796875
-100.89497375488281
-108.18428802490234
-108.62750244140625
-129.35565185546875
-110.68630981445312
-89.2813491821289
-107.50624084472656
-100.88518524169922
-73.6057357788086
-95.86215209960938
-107.29078674316406
-97.91730499267578
-111.70677947998047
-109.06793975830078
-89.79735565185547
-105.38627624511719
-105.12200164794922
-97.5970458984375
-99.99640655517578
-72.24766540527344
-92.45806884765625
-105.27760314941406
-85.94039916992188
-98.83902740478516
-63.5038948059082
-85.01522827148438
-112.51866149902344
-105.38751983642578
-79.21469116210938
-110.7713623046875
-91.92935943603516
-92.4947509765625
-101.65763092041016
-91.87883758544922
-119.78077697753906
-101.57205200195312
-86.31764221191406
-102.43628692626953
-97.42008972167969
-96.73346710205078
-92.41193389892578
-85.0053482055664
-83.59296417236328
-112.67437744140625
-67.94852447509766
-103.02161407470703
-81.13414764404297
-84.82220458984375
-97.06202697753906
-99.45417022705078
-64.37538146972656
-77.68012237548828
-87.74031829833984
-67.81940460205078
-80.11244201660156
-92.35301971435547
-94.86426544189453
-94.41414642333984
-86.04005432128906
-82.88771057128906
-90.92980194091797
-119.58477020263672
-112.96527099609375
-83.77792358398438
-117.46422576904297
-103.40803527832031
-102.5602035522461
-118.77559661865234
-89.81256866455078
-86.1324462890625
-94.42713928222656
-88.87740325927734
-115.3375244140625
-90.44805908203125
-115.46726989746094
-113.61869812011719
-106.57434844970703
-109.14474487304688
-127.55097198486328
-135.49786376953125
-160.2319793701172
-117.05887603759766
-146.87901306152344
-139.19097900390625
-70.51270294189453
-104.89852142333984
-140.778076171875
-108.88606262207031
-89.08334350585938
-145.83541870117188
-114.6951904296875
-99.25765228271484
-132.33265686035156
-121.2520751953125
-111.65389251708984
-127.5141830444336
-105.12770080566406
-94.89143371582031
-98.85262298583984
-111.09349060058594
-128.53761291503906
-106.30506896972656
-134.3032684326172
-111.47654724121094
-101.98896026611328
-99.67179870605469
-104.22785949707031
-104.39939880371094
-107.3663558959961
-110.02029418945312
-102.17294311523438
-59.144561767578125
-75.55122375488281
-85.55029296875
-73.3848648071289
-105.4868392944336
-78.69766998291016
-86.06058502197266
-91.01741790771484
-87.68312072753906
-72.19902801513672
-83.86416625976562
-53.925453186035156
-72.14047241210938
-65.58399200439453
-35.599002838134766
-73.77299499511719
-59.83717727661133
-94.0846939086914
-66.05947875976562
-80.29905700683594
-81.09217834472656
-63.78160858154297
-85.00247955322266
-81.28764343261719
-81.12879943847656
-62.017662048339844
-96.15420532226562
-67.60063934326172
-41.39179992675781
-67.2147445678711
-56.40161895751953
-87.63858795166016
-57.791961669921875
-78.78787994384766
-80.1175765991211
-80.57091522216797
-66.88117980957031
-83.1273193359375
-72.80062866210938
-87.78116607666016
-66.03972625732422
-60.778404235839844
-61.54587936401367
-86.28731536865234
-80.37238311767578
-62.18754196166992
-85.37049102783203
-72.3056411743164
-82.9931411743164
-79.67747497558594
-62.07093048095703
-64.33128356933594
-40.88482666015625
-49.89399719238281
-59.450462341308594
-64.32955932617188
-58.74108123779297
-55.42441177368164
-83.33684539794922
-109.53370666503906
-71.73045349121094
-73.05613708496094
-64.51602172851562
-74.05834197998047
-82.60966491699219
-80.31550598144531
-89.06851196289062
-74.15357208251953
-77.86721801757812
-91.1903305053711
-78.67182159423828
-90.2089614868164
-71.4691162109375
-62.03812026977539
-92.8957748413086
-78.43220520019531
-98.11685180664062
-76.82290649414062
-85.74794006347656
-105.68683624267578
-87.0024185180664
-91.238525390625
-106.30768585205078
-87.21582794189453
-70.85824584960938
-59.23904800415039
-95.3898696899414
-96.448974609375
-70.58458709716797
-73.1078872680664
-117.8565902709961
-53.854312896728516
-83.49803161621094
-94.19717407226562
-66.34712219238281
-115.29923248291016
-95.86572265625
-64.53533935546875
-79.24581146240234
-63.68523025512695
-83.55081176757812
-114.72016906738281
-89.24604797363281
-68.91030883789062
-89.62141418457031
-63.37110137939453
-64.41326141357422
-77.44296264648438
-67.90401458740234
-60.816139221191406
-75.54396057128906
-74.20823669433594
-72.45488739013672
-79.26422882080078
-70.81159973144531
-76.12095642089844
-66.27494049072266
-88.90629577636719
-65.2855224609375
-70.49708557128906
-60.38523483276367
-64.4989242553711
-58.22210693359375
-63.36021423339844
-94.2031478881836
-71.18378448486328
-71.13597106933594
-75.04742431640625
-68.7053451538086
-96.17425537109375
-80.26241302490234
-77.41580963134766
-103.89860534667969
-90.10128021240234
-85.44109344482422
-74.28633880615234
-84.52655029296875
-97.63359069824219
-66.31410217285156
-106.26549530029297
-91.62330627441406
-76.5562744140625
-71.58804321289062
-62.79707717895508
-58.029911041259766
-105.13937377929688
-82.77350616455078
-49.374210357666016
-48.47771072387695
-32.80695724487305
-83.57958984375
-86.12168884277344
-85.4453353881836
-66.28701782226562
-63.076171875
-96.03643035888672
-76.62177276611328
-66.19223022460938
-75.13196563720703
-90.98856353759766
-69.7860107421875
-78.27108764648438
-50.30047607421875
-66.6580810546875
-63.24546813964844
-71.24992370605469
-66.70712280273438
-88.86070251464844
-86.09893035888672
-84.0143814086914
-95.72246551513672
-101.12948608398438
-78.1800537109375
-78.73870086669922
-88.97340393066406
-95.37380981445312
-80.23611450195312
-111.51040649414062
-70.4625473022461
-84.77953338623047
-109.1591567993164
-84.24506378173828
-87.25211334228516
-87.71614837646484
-101.52473449707031
-114.54344177246094
-90.50633239746094
-99.07108306884766
-104.69733428955078
-111.11530303955078
-95.21019744873047
-97.6707763671875
-97.76393127441406
-85.4192886352539
-70.31245422363281
-111.54783630371094
-94.10591888427734
-90.37574768066406
-126.66104125976562
-121.76653289794922
-85.64159393310547
-104.67994689941406
-120.81443786621094
-118.19490814208984
-127.93872833251953
-101.1108627319336
-109.56907653808594
-117.65928649902344
-103.35929107666016
-79.60730743408203
-90.30231475830078
-83.42340087890625
-79.32418823242188
-110.06050109863281
-75.99430847167969
-75.6562271118164
-83.28919982910156
-93.69512939453125
-107.25732421875
-88.89869689941406
-92.75387573242188
-72.38367462158203
-76.60041046142578
-101.80352020263672
-101.34517669677734
-98.05685424804688
-90.58767700195312
-98.59014892578125
-116.94488525390625
-112.34228515625
-79.08706665039062
-56.655845642089844
-84.34771728515625
-84.48683166503906
-94.01603698730469
-66.13721466064453
-107.2137222290039
-121.11083984375
-97.669921875
-94.0902099609375
-84.44947814941406
-111.22545623779297
-75.64321899414062
-79.18653869628906
-59.373409271240234
-69.47827911376953
-107.47239685058594
-53.996253967285156
-53.23082733154297
-103.46424865722656
-73.16890716552734
-27.355426788330078
-87.56924438476562
-71.43116760253906
-45.307899475097656
-80.21244812011719
-83.34230041503906
-52.69145202636719
-98.75763702392578
-52.42864990234375
-67.59740447998047
-60.822635650634766
-98.80577087402344
-53.61903762817383
-76.81747436523438
-51.68025207519531
-73.76842498779297
-84.0683822631836
-58.450801849365234
-71.6727523803711
-83.40229034423828
-45.594337463378906
-40.113346099853516
-36.05048370361328
-61.254520416259766
-45.99612808227539
-80.92251586914062
-72.5081558227539
-57.65364074707031
-70.90479278564453
-49.94034194946289
-51.30828857421875
-81.38692474365234
-76.49932098388672
-74.77497863769531
-92.4657974243164
-65.31642150878906
-86.92105102539062
-61.20258331298828
-55.35413360595703
-88.68034362792969
-46.86240768432617
-65.5665283203125
-97.16453552246094
-66.72638702392578
-65.2742919921875
-64.65023040771484
-51.588069915771484
-69.9557876586914
-60.69168472290039
-69.31534576416016
-51.108184814453125
-64.63777160644531
-37.148162841796875
-87.25106811523438
-61.85116195678711
-64.80616760253906
-70.89665985107422
-73.01165008544922
-76.8237075805664
-79.86759948730469
-68.55379486083984
-57.17498779296875
-64.00482177734375
-87.02017974853516
-98.58709716796875
-91.26991271972656
-86.55184936523438
-75.01167297363281
-68.17671203613281
-93.5982894897461
-81.9521484375
-67.77020263671875
-80.79671478271484
-62.90363693237305
-75.2923583984375
-72.97457122802734
-57.45552062988281
-71.09859466552734
-72.66879272460938
-80.5885238647461
-100.23785400390625
-82.18981170654297
-57.09652328491211
-71.98342895507812
-74.96251678466797
-86.08472442626953
-74.79844665527344
-63.06620407104492
-93.15276336669922
-71.97578430175781
-63.30370330810547
-71.84496307373047
-69.9609603881836
-59.58990478515625
-48.41504669189453
-56.31514358520508
-59.12248611450195
-81.83161163330078
-54.59189987182617
-55.77963638305664
-60.42249298095703
-78.58425903320312
-63.60140609741211
-75.30840301513672
-69.33547973632812
-79.85498046875
-53.219696044921875
-77.55652618408203
-78.64088439941406
-60.300697326660156
-46.89959716796875
-69.27357482910156
-46.932334899902344
-65.35670471191406
-52.24727249145508
-69.77439880371094
-67.69131469726562
-88.1630859375
-61.20732879638672
-42.967750549316406
-76.96768951416016
-73.68559265136719
-50.86483383178711
-62.118038177490234
-80.70156860351562
-43.12822723388672
-84.44561004638672
-43.09614181518555
-68.6047592163086
-39.31838607788086
-55.3176383972168
-61.20329666137695
-55.07019805908203
-74.41444396972656
-60.80801010131836
-71.9830322265625
-44.31196212768555
-59.29203414916992
-70.02074432373047
-77.73359680175781
-89.4239501953125
-86.68341827392578
-71.0623550415039
-64.41200256347656
-52.82797622680664
-63.43502426147461
-74.95396423339844
-64.40512084960938
-49.214637756347656
-73.75202178955078
-86.82586669921875
-84.45992279052734
-84.5700912475586
-67.86246490478516
-60.937923431396484
-62.49965286254883
-63.02606964111328
-60.47457504272461
-44.77701187133789
-71.65280151367188
-37.405765533447266
-72.01337432861328
-59.667659759521484
-73.5239028930664
-77.81698608398438
-71.37998962402344
-82.28125762939453
-83.16357421875
-48.447235107421875
-62.86682891845703
-95.54588317871094
-79.50300598144531
-79.03607177734375
-86.00869750976562
-96.95330047607422
-96.3658676147461
-88.54532623291016
-71.38310241699219
-79.1722412109375
-90.78955078125
-73.58935546875
-59.84918212890625
-86.66502380371094
-70.17501831054688
-88.33467864990234
-67.92237854003906
-54.16298294067383
-64.8188247680664
-76.43536376953125
-78.10356903076172
-99.20170593261719
-114.21920013427734
-104.55803680419922
-75.59629821777344
-80.08454132080078
-88.14065551757812
-100.90135192871094
-91.23123931884766
-82.6833267211914
-45.72224044799805
-70.78999328613281
-92.1042251586914
-83.3462142944336
-69.35245513916016
-77.82745361328125
-59.797672271728516
-39.971900939941406
-54.242794036865234
-71.72223663330078
-57.20269012451172
-74.92924499511719
-80.66407775878906
-90.01683044433594
-38.236366271972656
-64.2249526977539
-68.86795806884766
-59.67007827758789
-80.19348907470703
-55.45734786987305
-92.30026245117188
-53.40792465209961
-40.3055534362793
-53.53784942626953
-48.22703552246094
-39.308509826660156
-57.445960998535156
-72.47982788085938
-45.67438888549805
-74.38382720947266
-52.77349090576172
-69.425537109375
-50.39961242675781
-51.519405364990234
-34.744300842285156
-61.87625503540039
-63.88120651245117
-28.452228546142578
-45.23972702026367
-52.26069641113281
-58.71387481689453
-55.33079147338867
-58.023162841796875
-41.902313232421875
-62.7499885559082
-54.79619598388672
-56.793521881103516
-76.98117065429688
-67.9843521118164
-95.36424255371094
-66.93749237060547
-75.12775421142578
-67.94834899902344
-84.51553344726562
-70.37939453125
-73.95752716064453
-63.38380813598633
-48.89665603637695
-37.89183807373047
-59.388980865478516
-55.044700622558594
-86.3244400024414
-58.68096923828125
-75.31420135498047
-78.03482055664062
-92.04700469970703
-69.45654296875
-76.77987670898438
-85.08460235595703
-74.63151550292969
-65.52207946777344
-79.43962860107422
-69.9642105102539
-50.69158935546875
-46.47172164916992
-65.17164611816406
-74.07401275634766
-86.5743637084961
-47.17292404174805
-70.81727600097656
-82.03424835205078
-85.140380859375
-56.598793029785156
-82.43228912353516
-74.59984588623047
-56.21416473388672
-70.44300842285156
-20.483022689819336
-50.00482940673828
-47.979496002197266
-66.01182556152344
-56.44823455810547
-65.09909057617188
-59.53911590576172
-45.377803802490234
-51.14395523071289
-73.19113159179688
-71.88340759277344
-50.47334289550781
-55.92431640625
-33.27949905395508
-50.492008209228516
-53.489925384521484
-41.59795379638672
-57.66817855834961
-48.83370590209961
-55.04359817504883
-31.35784149169922
-60.52535629272461
-79.71053314208984
-45.666831970214844
-52.07097244262695
-64.18538665771484
-78.5951156616211
-46.584590911865234
-45.21308898925781
-55.564453125
-44.92982864379883
-70.2251968383789
-59.63958740234375
-72.8486557006836
-42.29747772216797
-44.47294235229492
-62.54017639160156
-68.40290069580078
-45.53973388671875
-59.1672477722168
-79.44432067871094
-62.725955963134766
-54.379703521728516
-33.067718505859375
-41.622188568115234
-58.42871856689453
-45.539512634277344
-59.09967041015625
-24.54578971862793
-33.066123962402344
-55.85410690307617
-54.24412155151367
-47.74726104736328
-39.660804748535156
-11.742049217224121
-66.8251953125
-59.39781951904297
-50.8151741027832
-53.83530807495117
-36.87917709350586
-47.19524383544922
-30.710163116455078
-20.88506317138672
-60.81574630737305
-47.208133697509766
-36.02544403076172
-40.70865249633789
-44.00922393798828
-31.4438419342041
-52.44108581542969
-37.241764068603516
-43.0669059753418
-41.66462707519531
-23.128917694091797
-56.72773742675781
-60.73520278930664
-35.44290542602539
-46.92656326293945
-53.79481506347656
-59.43423080444336
-71.9895248413086
-32.36492156982422
-23.844343185424805
