1555.3863525390625
1558.3941650390625
1563.698486328125
1508.9376220703125
1510.0869140625
1603.3638916015625
1607.2080078125
1573.0042724609375
1531.55078125
1623.8258056640625
1595.780517578125
1545.925048828125
1603.0665283203125
1461.584228515625
1520.7833251953125
1541.77197265625
1497.9764404296875
1482.02783203125
1542.689208984375
1490.1834716796875
1500.8253173828125
1507.0018310546875
1460.7852783203125
1548.9151611328125
1500.4769287109375
1513.072509765625
1437.7567138671875
1535.6490478515625
1543.8896484375
1468.6839599609375
1412.07958984375
1539.5330810546875
1483.952392578125
1394.275634765625
1353.4007568359375
1456.4537353515625
1413.5665283203125
1430.059814453125
1447.8096923828125
1409.00048828125
1418.3197021484375
1378.6790771484375
1397.9256591796875
1439.3167724609375
1355.6507568359375
1350.8203125
1339.940673828125
1376.6865234375
1397.0814208984375
1340.455810546875
1323.2138671875
1312.31591796875
1317.24365234375
1383.984375
1393.7958984375
1370.727294921875
1337.172607421875
1261.33251953125
1259.3302001953125
1270.41650390625
1340.952392578125
1311.479248046875
1333.7593994140625
1278.60009765625
1267.85693359375
1249.957763671875
1282.204833984375
1350.27587890625
1341.2734375
1289.8604736328125
1331.069580078125
1168.6429443359375
1236.0155029296875
1211.26416015625
1207.4365234375
1197.1988525390625
1274.15771484375
1181.238525390625
1182.3648681640625
1171.286865234375
1196.97607421875
1188.6795654296875
1243.00537109375
1136.934814453125
1209.598388671875
1144.8021240234375
1111.8873291015625
1255.5582275390625
1204.013427734375
1157.267578125
1131.5255126953125
1181.945556640625
1110.317138671875
1145.8687744140625
1201.027099609375
1186.546875
1232.255615234375
1171.7628173828125
1140.3558349609375
1095.608642578125
1105.702392578125
1176.546630859375
1149.99267578125
1104.3642578125
1070.86572265625
1105.5257568359375
1056.93505859375
1103.765625
1025.009765625
1088.73828125
1079.067138671875
1069.2841796875
1093.7547607421875
1074.51025390625
1065.50927734375
1081.3408203125
1062.51416015625
1025.6895751953125
1013.8272705078125
1040.4630126953125
1066.147216796875
1074.3072509765625
1034.466064453125
1036.3287353515625
1019.7366333007812
1060.0576171875
1023.001708984375
1070.6947021484375
1026.5948486328125
1063.9156494140625
1040.6790771484375
1064.2427978515625
988.2503051757812
1042.8282470703125
1041.49658203125
1014.9198608398438
1010.132568359375
1026.6495361328125
960.0421752929688
1008.3739013671875
978.1786499023438
1021.34033203125
970.3786010742188
997.5250854492188
968.271240234375
981.1618041992188
1009.550048828125
943.8231201171875
1064.433837890625
965.84326171875
1016.7588500976562
962.7302856445312
964.0101318359375
965.9042358398438
994.4290771484375
944.6018676757812
960.9683837890625
939.6924438476562
937.6363525390625
889.562255859375
992.8987426757812
985.4216918945312
940.0067138671875
923.649658203125
969.3751831054688
963.8605346679688
972.15234375
944.5744018554688
845.56298828125
964.557373046875
964.6702270507812
954.4793701171875
973.4151611328125
958.3406982421875
890.8517456054688
960.9299926757812
911.6448364257812
920.0364990234375
931.4472045898438
913.8400268554688
937.0538940429688
907.372802734375
941.9620361328125
923.397705078125
877.54931640625
942.2442016601562
895.0393676757812
925.9258422851562
887.577880859375
882.0755615234375
867.32177734375
891.7285766601562
927.8981323242188
863.45849609375
894.4098510742188
895.415283203125
933.2786865234375
882.7274780273438
878.781982421875
828.695068359375
892.758056640625
867.6287231445312
836.0269775390625
851.1119384765625
852.3063354492188
937.0365600585938
833.618896484375
858.0070190429688
883.116455078125
823.5455322265625
867.21337890625
780.7401733398438
842.8167724609375
819.217041015625
862.0413818359375
889.1990356445312
831.0284423828125
869.4410400390625
853.1824951171875
838.6688842773438
840.2014770507812
877.627685546875
847.3641967773438
811.8753662109375
861.3055419921875
828.5140380859375
793.1236572265625
802.5113525390625
786.5462646484375
823.5657958984375
849.8143920898438
741.0374755859375
791.426513671875
800.4841918945312
819.8759155273438
825.2265625
859.2413940429688
778.0321655273438
820.7872924804688
780.3797607421875
837.4851684570312
762.7327880859375
745.61767578125
822.4380493164062
765.7860717773438
831.8462524414062
832.0902099609375
786.0306396484375
788.23876953125
795.922607421875
785.9749755859375
754.7042846679688
744.5968017578125
818.9544677734375
805.513427734375
799.8301391601562
787.9049072265625
810.5747680664062
802.0145874023438
783.4166259765625
777.2279663085938
795.7816162109375
773.9157104492188
800.9462280273438
766.8707275390625
795.3406372070312
734.6104736328125
738.45458984375
745.717529296875
749.6505737304688
718.99267578125
792.20458984375
723.4620971679688
777.294921875
761.969970703125
783.8440551757812
729.80615234375
739.051025390625
720.41357421875
795.6917724609375
720.50390625
742.6973266601562
715.1066284179688
676.09130859375
707.8099365234375
729.5086059570312
683.984619140625
722.39599609375
763.7678833007812
721.668701171875
729.4679565429688
713.840087890625
744.2120361328125
643.3460693359375
709.0260009765625
683.8671875
681.41650390625
702.9441528320312
715.694091796875
680.8839111328125
722.8032836914062
701.1201782226562
689.183349609375
700.01220703125
717.712646484375
746.6693115234375
739.9959106445312
727.003662109375
748.8194580078125
709.0775756835938
717.5917358398438
708.1701049804688
725.9876708984375
708.2904052734375
658.5081176757812
667.3162231445312
665.5020141601562
697.3272094726562
644.67919921875
666.5256958007812
657.0702514648438
663.8973388671875
701.4174194335938
656.7679443359375
709.3115844726562
678.2576293945312
678.8311157226562
620.3458251953125
686.4176635742188
664.835205078125
629.3119506835938
696.9578857421875
621.3084106445312
701.002685546875
670.878173828125
637.1038818359375
636.3614501953125
643.2254638671875
644.8572998046875
669.4229125976562
668.2334594726562
641.203857421875
688.2977905273438
671.4002075195312
674.5763549804688
629.6122436523438
674.0671997070312
595.9150390625
621.5903930664062
619.4456787109375
668.0398559570312
644.273681640625
617.4631958007812
645.1311645507812
606.259033203125
648.7086181640625
639.6516723632812
685.8394775390625
629.6268920898438
616.3031616210938
643.009521484375
610.802978515625
604.4998168945312
619.5628051757812
618.934326171875
619.657470703125
614.816162109375
652.4505615234375
587.12939453125
643.985107421875
587.2830810546875
580.2842407226562
592.7723999023438
612.4503784179688
591.8427124023438
587.4573364257812
634.8156127929688
568.4981079101562
606.478515625
606.951416015625
587.2782592773438
611.3433227539062
620.3782958984375
572.3477172851562
589.673095703125
583.928466796875
636.0706787109375
565.0138549804688
590.5054321289062
586.2239990234375
573.232177734375
590.49462890625
575.8024291992188
590.7811889648438
540.0222778320312
594.6893920898438
575.5333862304688
545.0775146484375
613.4408569335938
585.428955078125
551.5015869140625
565.6353759765625
539.8543090820312
555.983154296875
572.9961547851562
554.3775634765625
539.2185668945312
593.0293579101562
541.7940063476562
548.2832641601562
556.4025268554688
569.635009765625
605.8373413085938
559.1429443359375
536.2867431640625
565.0625
554.0911865234375
522.263427734375
568.4795532226562
523.94189453125
523.875732421875
532.410400390625
576.2161865234375
542.2577514648438
515.98876953125
537.857666015625
578.3237915039062
584.2805786132812
502.1375732421875
548.2135009765625
530.23095703125
579.3966064453125
554.8163452148438
529.620849609375
568.9816284179688
505.5613708496094
522.4154052734375
525.9598388671875
527.7293090820312
546.8478393554688
560.328857421875
548.050537109375
557.450439453125
525.9705810546875
579.3312377929688
525.18603515625
535.5673828125
543.198974609375
555.5977172851562
492.87164306640625
535.5906982421875
512.1255493164062
497.2247619628906
539.3405151367188
536.8491821289062
526.1031494140625
522.2224731445312
554.2593994140625
471.6727294921875
511.4944152832031
542.9374389648438
521.7669677734375
517.90576171875
526.1447143554688
497.5616455078125
535.11474609375
485.7593688964844
488.4122314453125
503.34014892578125
189.2171630859375
489.6379699707031
516.5900268554688
499.7879638671875
506.2785949707031
467.79437255859375
490.2336730957031
507.5789794921875
449.1785583496094
499.4197692871094
507.6675109863281
521.3123168945312
497.010986328125
500.42132568359375
470.1887512207031
476.7958679199219
496.4496154785156
467.62811279296875
515.4560546875
496.4170227050781
473.2530822753906
470.5867919921875
439.469482421875
526.7054443359375
466.5372009277344
499.22125244140625
505.908447265625
480.0458679199219
485.033203125
481.5482177734375
472.8979797363281
496.5909423828125
460.0489807128906
461.3682861328125
461.9764709472656
460.83221435546875
478.3241271972656
483.26953125
486.23846435546875
450.63946533203125
479.3175048828125
438.05157470703125
478.471923828125
479.9559631347656
447.6646728515625
458.6456604003906
434.8726501464844
473.8924560546875
472.1371154785156
491.96258544921875
449.1474304199219
454.0242614746094
444.4122314453125
461.1849670410156
443.3560791015625
444.269775390625
460.1904602050781
441.67578125
454.2421875
444.518798828125
460.725341796875
452.95477294921875
453.955810546875
464.6414489746094
429.6851806640625
457.4800720214844
439.6911315917969
460.6133117675781
445.7391052246094
446.0386047363281
452.3359069824219
462.3163757324219
443.76507568359375
422.3080139160156
433.74334716796875
429.2877197265625
444.8717956542969
446.39288330078125
431.9833984375
457.1671142578125
442.2479248046875
451.486572265625
429.75823974609375
458.5662841796875
447.5174255371094
411.3653869628906
418.3705749511719
456.7402038574219
447.2411193847656
424.0732727050781
434.8520202636719
453.7786865234375
444.9548034667969
446.9158935546875
439.8607482910156
443.219970703125
433.31610107421875
429.9794921875
414.1216125488281
407.8834228515625
427.92010498046875
418.606689453125
436.94256591796875
428.2011413574219
438.2106628417969
401.5346374511719
410.5105895996094
424.8941345214844
424.33160400390625
401.0718688964844
395.2298583984375
418.7258605957031
406.9586181640625
418.2093811035156
421.6978759765625
450.37286376953125
432.3512878417969
425.41192626953125
436.8858337402344
455.18829345703125
425.47711181640625
446.8036193847656
430.5003967285156
391.150634765625
414.853271484375
405.556640625
415.2650146484375
428.46734619140625
426.0669250488281
426.1592102050781
391.2998046875
391.2880554199219
397.3133239746094
417.4756774902344
417.4234313964844
399.2660217285156
378.65704345703125
390.01153564453125
406.9375
388.5440979003906
392.7377624511719
384.95147705078125
406.50177001953125
385.8638610839844
363.273193359375
397.546142578125
394.4356384277344
411.771240234375
384.4226989746094
381.0474548339844
358.51434326171875
416.0942687988281
391.809326171875
389.2314147949219
365.606201171875
381.4723815917969
401.0880432128906
410.93011474609375
411.65643310546875
368.50335693359375
388.7070007324219
394.40081787109375
383.67578125
393.9121398925781
370.65447998046875
368.6387939453125
388.316162109375
374.8024597167969
381.3896789550781
404.4613037109375
406.93292236328125
401.6678771972656
372.2718505859375
393.6219787597656
371.2061462402344
375.9578857421875
383.8999938964844
362.8914794921875
396.6925354003906
397.86761474609375
400.0155944824219
374.91326904296875
390.37554931640625
386.4490661621094
365.0567321777344
365.1064758300781
377.1806640625
394.62359619140625
381.79730224609375
390.1912536621094
371.22015380859375
371.64178466796875
373.1289978027344
396.29937744140625
411.8543395996094
356.6636962890625
375.1262512207031
390.79351806640625
377.4979553222656
366.15765380859375
367.4713134765625
378.8387756347656
374.0257873535156
385.9677429199219
387.4914855957031
366.117919921875
370.3374328613281
363.37225341796875
369.608642578125
366.2342224121094
384.1278076171875
381.115478515625
373.9681701660156
358.27557373046875
357.75408935546875
370.662841796875
380.3583068847656
375.0818786621094
358.15753173828125
368.41851806640625
367.02734375
374.8818054199219
383.8309326171875
371.2545166015625
341.93328857421875
361.84588623046875
380.3146057128906
373.3021240234375
357.7154541015625
365.3636779785156
351.3187255859375
364.5433349609375
364.2777404785156
366.34014892578125
362.8627624511719
368.94476318359375
352.0629577636719
363.080322265625
327.4112854003906
370.0523681640625
358.18414306640625
359.6048583984375
337.1228942871094
369.1866455078125
379.2701416015625
362.1672668457031
331.55694580078125
356.1107177734375
344.7879943847656
329.4715881347656
339.2529296875
343.6375732421875
352.814208984375
359.21844482421875
354.1396179199219
352.8959655761719
362.76629638671875
345.7738037109375
337.8133850097656
337.8006591796875
354.2980041503906
371.0827331542969
333.37445068359375
346.5628662109375
339.7982177734375
350.31622314453125
340.876708984375
357.1753234863281
345.3519592285156
334.36395263671875
343.5904235839844
363.2673034667969
344.5876159667969
342.7514343261719
328.72088623046875
345.469482421875
343.8610534667969
347.07012939453125
339.873046875
332.19708251953125
343.690673828125
329.0950927734375
331.0697021484375
342.0485534667969
314.6317138671875
348.9897766113281
350.0113220214844
346.9185791015625
366.4706726074219
358.1561279296875
349.54425048828125
338.90155029296875
340.8985900878906
366.3179016113281
333.0086975097656
312.6685485839844
345.32171630859375
347.845458984375
355.46795654296875
353.6001892089844
333.85626220703125
353.8887634277344
352.6244812011719
340.11553955078125
326.72674560546875
321.3620300292969
363.5067138671875
322.0569152832031
325.0841979980469
353.9689025878906
337.1401062011719
322.3827209472656
323.9886779785156
357.47515869140625
339.3785095214844
328.58160400390625
341.2128601074219
333.4708251953125
340.0672607421875
325.30877685546875
353.60174560546875
339.55413818359375
328.8945617675781
341.7790222167969
327.9276428222656
337.3606262207031
320.940185546875
338.86273193359375
332.5693664550781
337.7754211425781
349.8495788574219
309.173095703125
325.8317565917969
335.5423889160156
318.9269104003906
338.6685791015625
345.3231201171875
334.9608459472656
358.91058349609375
343.2008972167969
325.01416015625
327.2343444824219
351.4483337402344
335.9708557128906
338.49237060546875
332.6562194824219
319.5804748535156
331.22869873046875
320.1922607421875
310.0420837402344
314.9339294433594
327.4983215332031
350.6188659667969
319.369384765625
329.412841796875
331.870361328125
308.24627685546875
319.4759826660156
330.2750244140625
333.98065185546875
318.6036376953125
334.409423828125
349.6918640136719
314.6034851074219
311.58355712890625
317.61767578125
323.87078857421875
304.6445007324219
321.27679443359375
323.3182067871094
325.5521240234375
317.4041442871094
302.65557861328125
307.8842468261719
331.714111328125
334.27789306640625
321.86248779296875
323.6605224609375
317.5736083984375
323.8640441894531
341.9125671386719
303.86688232421875
304.9022216796875
320.3690490722656
314.0026550292969
303.8323669433594
326.0741271972656
309.5472106933594
314.5771789550781
310.1025085449219
314.2470703125
296.34619140625
309.65618896484375
315.9955139160156
324.21356201171875
321.817626953125
316.2435302734375
303.5843811035156
329.8760986328125
299.44268798828125
322.2086486816406
316.05731201171875
302.2352294921875
308.4139709472656
301.90179443359375
308.9379577636719
311.612548828125
332.2470703125
311.66131591796875
324.1402282714844
307.6654357910156
321.2288513183594
304.9101257324219
296.0417175292969
321.1561279296875
303.4117431640625
337.3780212402344
300.7173767089844
316.3180847167969
313.0093078613281
306.3980712890625
304.51654052734375
301.1488037109375
296.7354431152344
312.9296875
323.85955810546875
301.965576171875
307.0469055175781
282.8486022949219
299.7217102050781
290.39031982421875
317.75958251953125
316.2147521972656
300.58428955078125
314.22015380859375
308.9237976074219
282.1322021484375
303.5165710449219
326.2579040527344
292.1968078613281
310.1612243652344
295.2261657714844
293.792236328125
307.3769836425781
295.6201477050781
297.5314025878906
298.5032958984375
304.9676818847656
299.4105529785156
317.3511657714844
299.08258056640625
300.1617431640625
284.05352783203125
287.8643798828125
306.5049743652344
297.9727783203125
296.178466796875
280.6397399902344
304.871337890625
273.5244445800781
308.0027160644531
288.5169372558594
288.9782409667969
286.6043701171875
296.844482421875
297.65252685546875
314.5542907714844
299.2341003417969
301.366455078125
287.2337646484375
308.20330810546875
305.0665283203125
293.41595458984375
286.54345703125
286.7270202636719
301.502197265625
281.5604553222656
277.4061279296875
290.02081298828125
293.3019104003906
307.8519592285156
287.9196472167969
280.58941650390625
293.6714782714844
283.70294189453125
291.68243408203125
286.5913391113281
276.6709289550781
296.70306396484375
281.4628601074219
274.18115234375
297.92620849609375
299.26141357421875
289.50164794921875
291.86700439453125
283.5942687988281
284.9946594238281
299.373291015625
281.72723388671875
292.7619323730469
285.583984375
290.0115661621094
280.66107177734375
270.9225158691406
307.9493408203125
310.3577880859375
282.4232177734375
296.16241455078125
293.2962341308594
316.0008850097656
295.780517578125
301.1568603515625
278.72406005859375
270.8298645019531
286.0252990722656
282.5979309082031
283.000244140625
277.5386657714844
280.5718688964844
281.1890869140625
281.02020263671875
269.6905517578125
292.6055603027344
268.1018981933594
273.96453857421875
287.5884704589844
277.6029052734375
285.2796936035156
286.8580627441406
285.2578430175781
270.1822204589844
284.36785888671875
280.68572998046875
274.1002197265625
294.3240661621094
295.1677551269531
279.9263916015625
287.14190673828125
283.0150146484375
283.72918701171875
274.5503234863281
268.261962890625
284.6116943359375
275.36187744140625
274.668212890625
280.1039733886719
282.3373718261719
284.3017272949219
287.149169921875
276.6759948730469
285.69451904296875
285.9459533691406
276.0226135253906
282.3096008300781
291.99859619140625
276.71759033203125
283.0204772949219
254.74490356445312
277.697021484375
279.2567443847656
274.72052001953125
312.304443359375
263.89178466796875
276.45330810546875
277.4273681640625
274.4639587402344
278.18048095703125
291.9591064453125
275.4253234863281
250.3192901611328
282.9481506347656
276.8282470703125
275.0556335449219
269.035400390625
271.71014404296875
263.3399658203125
273.9906005859375
260.3343505859375
262.73114013671875
263.843017578125
263.3403015136719
279.8950500488281
261.0785217285156
261.9813232421875
273.53314208984375
279.3882141113281
270.9581298828125
252.6332244873047
285.6878356933594
277.01263427734375
282.1239013671875
260.71527099609375
245.7255859375
273.49664306640625
249.52574157714844
244.65838623046875
298.50115966796875
273.75103759765625
258.46600341796875
253.92494201660156
277.16766357421875
276.634033203125
253.12493896484375
257.06280517578125
268.5747985839844
260.6177673339844
269.73614501953125
264.54022216796875
261.9187927246094
263.0829772949219
261.3743896484375
263.9395446777344
258.52099609375
248.00894165039062
260.546630859375
271.75653076171875
258.5184631347656
242.8538818359375
260.0166015625
253.9353485107422
242.1782684326172
271.1896667480469
256.9935302734375
261.2611083984375
252.14674377441406
267.7269287109375
249.14324951171875
273.0869140625
274.248291015625
270.6658935546875
264.60968017578125
273.86932373046875
261.3456115722656
250.61831665039062
254.8759765625
248.51446533203125
253.93060302734375
275.00555419921875
257.7821960449219
264.681396484375
259.3973388671875
244.5469970703125
247.9763641357422
263.2720642089844
246.91697692871094
253.50808715820312
243.90577697753906
250.03175354003906
257.8923645019531
258.0135803222656
254.58775329589844
247.95587158203125
263.25567626953125
268.8445739746094
252.13771057128906
239.53585815429688
266.4723205566406
255.5347137451172
240.35330200195312
239.4015655517578
260.8778991699219
247.87948608398438
248.88906860351562
250.26535034179688
252.33558654785156
249.3883056640625
263.5993957519531
245.86679077148438
244.84310913085938
235.83538818359375
253.83302307128906
237.9683380126953
249.8645477294922
250.6982879638672
252.23275756835938
261.8473815917969
247.2398681640625
243.7266082763672
252.84117126464844
258.847900390625
255.1644287109375
237.6107635498047
251.99493408203125
231.71124267578125
250.8153839111328
245.85287475585938
261.914794921875
233.86187744140625
243.4246826171875
240.55043029785156
243.71365356445312
248.15960693359375
245.02664184570312
236.60195922851562
241.10855102539062
251.24806213378906
241.12535095214844
246.8926544189453
240.81910705566406
218.68057250976562
233.60867309570312
254.6382293701172
236.6055450439453
232.0181427001953
239.30503845214844
235.2143096923828
243.83058166503906
242.1822052001953
233.8602752685547
233.7860107421875
238.68409729003906
255.00732421875
244.50242614746094
249.75013732910156
250.5985870361328
247.47341918945312
227.1912078857422
235.53509521484375
245.16436767578125
215.20675659179688
240.43450927734375
251.5092315673828
242.34715270996094
225.3083038330078
238.21414184570312
226.7292022705078
216.41586303710938
218.81613159179688
229.4220733642578
234.52505493164062
234.14639282226562
234.75067138671875
239.78228759765625
249.92335510253906
237.1024627685547
224.19476318359375
246.0302276611328
228.4629364013672
236.4253692626953
231.89706420898438
215.57797241210938
215.84934997558594
227.5881805419922
221.20672607421875
226.02645874023438
224.24542236328125
244.53622436523438
231.7570343017578
226.34034729003906
218.26995849609375
222.1700439453125
237.52371215820312
215.50514221191406
221.99339294433594
228.7764892578125
220.4163055419922
211.16513061523438
227.14437866210938
212.85574340820312
228.80335998535156
219.98939514160156
209.3329315185547
248.37423706054688
217.4447784423828
233.74827575683594
221.52757263183594
217.8502197265625
202.21531677246094
220.8599853515625
210.82115173339844
225.01394653320312
211.3818817138672
215.0222625732422
209.54644775390625
226.8428497314453
209.6270294189453
216.84451293945312
229.04916381835938
206.35809326171875
207.21856689453125
224.32928466796875
198.0222625732422
219.02944946289062
224.32839965820312
218.60617065429688
209.83187866210938
209.30433654785156
204.4647979736328
200.03013610839844
197.31259155273438
220.3726806640625
212.22927856445312
200.76304626464844
216.3992156982422
213.18113708496094
199.48382568359375
188.27902221679688
210.7012481689453
204.16690063476562
209.87069702148438
207.31109619140625
208.4394073486328
195.08676147460938
247.1136474609375
208.28945922851562
199.89849853515625
209.8378448486328
216.71971130371094
184.0370635986328
212.27052307128906
204.96652221679688
197.92422485351562
214.1580810546875
181.8526611328125
197.4091033935547
198.85519409179688
180.7724151611328
199.9344940185547
208.14390563964844
199.44969177246094
206.4140167236328
201.17161560058594
212.74749755859375
214.57261657714844
191.97109985351562
196.79702758789062
196.08953857421875
204.59500122070312
199.27520751953125
200.51736450195312
190.7367401123047
189.46148681640625
182.841796875
194.54638671875
182.8807830810547
180.23487854003906
195.9193878173828
197.0334014892578
179.54705810546875
188.3584747314453
184.43373107910156
220.5814666748047
179.1414031982422
203.25714111328125
208.57818603515625
183.48944091796875
194.3237762451172
200.21173095703125
191.27764892578125
204.93780517578125
196.83518981933594
194.1535186767578
187.84275817871094
188.72152709960938
193.88265991210938
178.19993591308594
179.96786499023438
183.47039794921875
176.6885223388672
176.6719207763672
182.57562255859375
184.00767517089844
176.13516235351562
177.70933532714844
184.5098419189453
189.986328125
176.0304718017578
189.6831512451172
197.55445861816406
184.66802978515625
197.80914306640625
187.12152099609375
188.37533569335938
181.7111358642578
183.88241577148438
176.42449951171875
189.4623260498047
197.53199768066406
173.9114990234375
189.52890014648438
177.65541076660156
174.6529083251953
187.68576049804688
181.88955688476562
166.5897674560547
177.5301513671875
176.59645080566406
187.3671875
166.3475341796875
179.5001983642578
174.03652954101562
181.59072875976562
183.44874572753906
166.34902954101562
167.01400756835938
170.55410766601562
164.9110107421875
150.40240478515625
163.22171020507812
178.5892791748047
171.86431884765625
166.97296142578125
177.45339965820312
173.2313995361328
183.43443298339844
194.1407012939453
180.20091247558594
177.57693481445312
179.63014221191406
166.68478393554688
161.66436767578125
156.3636474609375
168.18360900878906
175.37481689453125
170.17359924316406
160.7976837158203
183.39866638183594
176.34034729003906
178.37184143066406
179.53228759765625
177.0457763671875
156.0911865234375
184.0857391357422
175.4893341064453
168.00958251953125
156.9074249267578
175.77435302734375
193.74240112304688
155.6558074951172
161.55836486816406
179.04171752929688
165.32261657714844
152.6885986328125
181.80113220214844
167.63453674316406
164.22731018066406
161.19326782226562
160.57777404785156
163.07179260253906
153.2589874267578
169.8049774169922
159.86817932128906
166.44154357910156
172.31202697753906
161.77459716796875
161.82083129882812
163.00286865234375
153.40936279296875
159.954345703125
157.01023864746094
159.49021911621094
154.78173828125
172.9021453857422
166.88101196289062
157.6810760498047
169.5699462890625
162.0211944580078
156.1805877685547
163.95130920410156
164.2470245361328
150.15753173828125
146.7632598876953
157.99136352539062
165.9071807861328
163.30393981933594
166.09375
148.54168701171875
161.43716430664062
155.04562377929688
158.5863037109375
153.5697784423828
154.61935424804688
162.18894958496094
155.7595977783203
163.01429748535156
151.51565551757812
153.5009002685547
149.01937866210938
165.24923706054688
145.06475830078125
156.08901977539062
154.01315307617188
152.9829864501953
145.75123596191406
159.57008361816406
142.08905029296875
150.14523315429688
141.06869506835938
146.07212829589844
156.60476684570312
149.50399780273438
143.44766235351562
167.97914123535156
147.0701141357422
149.04075622558594
151.157470703125
160.65545654296875
160.68959045410156
152.45338439941406
147.63014221191406
147.9552459716797
166.61607360839844
144.9796600341797
158.6240234375
144.61224365234375
144.04124450683594
152.94305419921875
302.3545837402344
142.16896057128906
158.78692626953125
147.53060913085938
145.57797241210938
162.03872680664062
145.3302001953125
159.16822814941406
143.6129150390625
160.29061889648438
142.66778564453125
147.73696899414062
134.40542602539062
143.9550323486328
141.25144958496094
154.7950439453125
150.73159790039062
147.8936767578125
153.20712280273438
139.12156677246094
134.5563507080078
143.75921630859375
151.00787353515625
143.41029357910156
140.38287353515625
143.71287536621094
152.60365295410156
143.69326782226562
135.0082550048828
153.7447052001953
143.72137451171875
143.70718383789062
145.1931610107422
158.15660095214844
146.49217224121094
140.87240600585938
139.50958251953125
135.15365600585938
145.97470092773438
154.45175170898438
141.5546417236328
151.82469177246094
141.96029663085938
150.15478515625
137.49258422851562
151.48519897460938
142.97027587890625
147.58009338378906
134.468017578125
242.27183532714844
150.432373046875
156.89573669433594
140.10670471191406
138.10702514648438
148.5111846923828
137.33847045898438
150.97129821777344
150.86366271972656
142.38832092285156
144.82675170898438
135.62298583984375
141.2376708984375
129.17105102539062
138.2799835205078
145.57054138183594
148.48191833496094
138.38609313964844
142.3966522216797
141.29798889160156
142.56884765625
174.38009643554688
145.6923828125
142.876220703125
144.70941162109375
141.53884887695312
142.8810577392578
133.95819091796875
148.048583984375
141.404296875
127.41801452636719
134.84010314941406
135.7039031982422
142.0317840576172
148.08688354492188
137.5835723876953
144.58169555664062
130.15927124023438
171.75096130371094
136.44044494628906
134.07925415039062
128.90570068359375
135.07289123535156
126.70765686035156
140.1562957763672
138.76821899414062
142.48899841308594
128.06793212890625
132.20101928710938
126.7175064086914
134.1142120361328
130.8810272216797
137.60635375976562
141.791015625
146.76560974121094
131.20196533203125
129.9369659423828
138.22471618652344
126.04244232177734
131.45111083984375
127.57083129882812
137.4258575439453
128.2825927734375
129.78123474121094
137.3263702392578
131.00289916992188
139.72354125976562
127.82377624511719
125.72004699707031
128.6904296875
132.32850646972656
129.1652069091797
133.20130920410156
122.12557983398438
120.93586730957031
131.80111694335938
132.44467163085938
129.6807403564453
137.16441345214844
125.00446319580078
132.29067993164062
128.2508544921875
127.38773345947266
140.3524169921875
128.804443359375
123.80382537841797
134.683349609375
124.31964111328125
124.92850494384766
119.48423767089844
120.06333923339844
124.91371154785156
125.05406951904297
120.75276184082031
131.62254333496094
124.81776428222656
127.93452453613281
126.04341888427734
119.91645812988281
120.1454086303711
122.7453384399414
113.93708038330078
136.75070190429688
131.5468292236328
116.81430053710938
128.08558654785156
128.73309326171875
124.00460815429688
162.37892150878906
124.885986328125
137.54031372070312
113.92315673828125
113.64607238769531
120.03934478759766
124.49600219726562
120.83617401123047
132.59974670410156
121.63388061523438
128.1483612060547
118.88291931152344
132.69606018066406
113.37982177734375
121.97933959960938
125.07406616210938
133.38546752929688
113.05712127685547
107.01348876953125
130.85928344726562
118.5154037475586
121.82827758789062
133.87974548339844
106.87586975097656
117.81988525390625
137.62644958496094
117.95933532714844
114.91019439697266
124.87826538085938
111.4146499633789
128.5963897705078
126.85542297363281
116.40341186523438
114.53638458251953
111.7999496459961
116.04867553710938
122.2906723022461
125.22454071044922
101.55925750732422
122.88911437988281
116.2780532836914
121.70653533935547
109.04873657226562
109.22962188720703
109.49437713623047
114.24291229248047
117.47489929199219
118.66375732421875
122.17619323730469
110.66223907470703
116.23992156982422
119.0431900024414
118.25145721435547
110.11032104492188
123.7709732055664
108.79059600830078
100.39864349365234
114.9736328125
110.66685485839844
109.73129272460938
107.49860382080078
127.25732421875
106.60254669189453
119.51451873779297
101.7989273071289
109.49482727050781
111.07105255126953
108.74893188476562
105.33854675292969
115.1001205444336
110.06340026855469
124.42031860351562
102.41681671142578
106.7585678100586
108.74786376953125
109.09190368652344
110.0951156616211
110.19324493408203
110.11419677734375
109.74441528320312
111.36203002929688
102.2245864868164
110.33527374267578
110.78591918945312
105.06688690185547
102.0733413696289
107.66145324707031
101.14016723632812
108.85054779052734
111.49311828613281
110.213623046875
109.85192108154297
109.25132751464844
107.18457794189453
100.24703979492188
98.77127075195312
98.21563720703125
103.344970703125
101.01953125
107.0158920288086
98.5398178100586
97.06404113769531
108.42308807373047
97.13813781738281
102.03577423095703
100.31151580810547
104.63851928710938
91.45433807373047
144.25096130371094
100.16436767578125
107.78984069824219
94.65066528320312
108.3753433227539
102.44416809082031
91.49927520751953
101.15087127685547
96.6314468383789
115.4166030883789
94.13804626464844
98.24993896484375
102.3707504272461
95.44865417480469
107.35972595214844
103.7836685180664
94.26900482177734
160.0651397705078
93.24394226074219
87.28958129882812
98.607666015625
88.18976593017578
97.04400634765625
91.05166625976562
99.93714141845703
101.9219741821289
106.63516235351562
92.34664916992188
106.84281921386719
87.4144058227539
97.3080062866211
95.08930969238281
95.29192352294922
92.71644592285156
84.74179077148438
99.91828155517578
97.08380889892578
92.45082092285156
94.79735565185547
89.65251922607422
89.42815399169922
90.44230651855469
86.82157897949219
83.51420593261719
91.79241943359375
89.61892700195312
112.4987564086914
88.3308334350586
86.85094451904297
106.50963592529297
91.82136535644531
86.65838623046875
84.14662170410156
88.86637878417969
88.14016723632812
87.65917205810547
98.96543884277344
95.56690216064453
88.19099426269531
89.82925415039062
88.70362091064453
82.98455047607422
86.2830581665039
84.84078216552734
81.1788101196289
90.24727630615234
83.71846771240234
88.25088500976562
95.3384017944336
82.06634521484375
96.5705337524414
79.45491790771484
83.08761596679688
79.26429748535156
92.18285369873047
83.99697875976562
87.93347930908203
79.08612060546875
79.989990234375
86.0822525024414
80.99139404296875
81.91207122802734
74.90152740478516
73.4636459350586
77.43157958984375
87.13470458984375
87.36514282226562
78.8354721069336
77.42206573486328
83.24176788330078
72.80839538574219
89.94453430175781
77.56815338134766
81.05024719238281
71.63672637939453
77.85224914550781
79.4115219116211
78.2019271850586
74.89148712158203
91.6917953491211
70.2597885131836
73.16053009033203
76.86436462402344
77.24791717529297
84.89769744873047
90.2635269165039
66.87532043457031
80.65682220458984
76.95790100097656
77.16285705566406
86.39134979248047
77.23790740966797
76.31597900390625
91.8228530883789
85.10650634765625
73.17111206054688
75.73963165283203
75.28843688964844
75.34494018554688
66.30262756347656
73.27599334716797
68.12312316894531
77.43258666992188
68.799072265625
82.5362319946289
69.5198745727539
68.02735137939453
66.70635986328125
68.36546325683594
72.44503784179688
70.04948425292969
74.66617584228516
92.99627685546875
87.2071304321289
68.02588653564453
68.1956787109375
73.28699493408203
80.78187561035156
70.7723617553711
71.77511596679688
65.86408996582031
72.70130157470703
67.01771545410156
70.41345977783203
63.09441375732422
60.41477584838867
64.97059631347656
73.5567855834961
79.20752716064453
60.488380432128906
72.77435302734375
61.895912170410156
66.71903991699219
67.47592163085938
79.8011245727539
65.2397232055664
62.949607849121094
55.288047790527344
56.70545959472656
64.44088745117188
66.00202941894531
58.09889602661133
65.37189483642578
58.88478088378906
65.48155975341797
90.94481658935547
75.65116882324219
63.41859436035156
65.41876220703125
59.9816780090332
61.99832534790039
70.81912231445312
61.227073669433594
65.66094970703125
66.11565399169922
76.55105590820312
72.92003631591797
55.81614303588867
91.79070281982422
58.987754821777344
69.57355499267578
63.6535530090332
53.403289794921875
54.441246032714844
54.7305908203125
57.49775314331055
58.292057037353516
52.987091064453125
75.40434265136719
53.899600982666016
59.66023254394531
59.048702239990234
60.5572395324707
55.5633430480957
67.93341064453125
62.661041259765625
60.232479095458984
59.49382019042969
58.34214782714844
64.17903900146484
70.90372467041016
67.97313690185547
53.09709930419922
62.64892578125
71.68978881835938
54.07624435424805
63.6711311340332
54.84566879272461
53.51553726196289
58.384063720703125
56.1206169128418
58.628658294677734
55.442840576171875
59.084774017333984
54.101078033447266
50.8784294128418
50.42860412597656
66.872802734375
50.97576141357422
53.29741287231445
51.175140380859375
50.03998947143555
57.696533203125
53.83086395263672
55.04563522338867
60.60304641723633
54.425262451171875
43.02388000488281
57.150970458984375
57.749488830566406
68.7962417602539
58.61692810058594
148.27630615234375
52.51836395263672
52.57338333129883
58.345191955566406
59.48086929321289
50.73331069946289
50.3147087097168
44.504390716552734
96.57428741455078
54.928123474121094
54.63694381713867
90.55677032470703
48.91819381713867
81.0289535522461
47.94660568237305
64.43978881835938
67.91543579101562
62.16512680053711
43.662689208984375
49.0900764465332
49.226497650146484
52.5201416015625
49.85799789428711
48.99223709106445
47.91360855102539
55.761207580566406
45.78958511352539
52.23358917236328
46.94023513793945
44.38319778442383
43.72654724121094
75.52629852294922
133.73373413085938
46.2481689453125
50.00172805786133
45.942996978759766
41.11677551269531
49.68855285644531
47.1174430847168
50.259830474853516
50.165672302246094
47.222084045410156
42.89311599731445
44.1258544921875
42.8957405090332
107.67109680175781
42.78297805786133
65.8670883178711
55.615760803222656
41.16680145263672
41.12827682495117
42.323974609375
52.0936164855957
58.8626823425293
46.83197784423828
54.515384674072266
45.989501953125
36.45545959472656
51.581382751464844
47.86664581298828
43.200897216796875
54.70709991455078
40.830894470214844
116.0043716430664
41.096282958984375
48.745582580566406
83.04280090332031
41.25425338745117
37.88396453857422
46.73486328125
41.43132781982422
49.159183502197266
38.77125930786133
56.826324462890625
42.095909118652344
41.290775299072266
64.19315338134766
69.9660415649414
42.99858856201172
43.140071868896484
56.2110710144043
42.68672180175781
43.060523986816406
41.50856399536133
44.19331359863281
45.51845169067383
65.0760726928711
48.023807525634766
39.055301666259766
40.89237976074219
37.06172180175781
36.791038513183594
51.39704895019531
42.513511657714844
110.02951049804688
45.387962341308594
41.30778503417969
52.61604309082031
40.588951110839844
35.13264465332031
44.31525802612305
34.45823287963867
57.144813537597656
43.93973159790039
36.908443450927734
39.625301361083984
33.28570556640625
80.8730239868164
37.95493698120117
36.90315628051758
39.07564163208008
34.690555572509766
40.249267578125
36.38234329223633
85.05291748046875
37.5929069519043
48.403724670410156
34.038578033447266
40.3729362487793
58.3569450378418
32.765357971191406
37.376224517822266
48.12355041503906
38.079254150390625
39.85591506958008
38.33018112182617
33.93214416503906
49.79506301879883
48.73371124267578
37.261722564697266
38.11961364746094
38.631526947021484
32.877864837646484
41.51813507080078
40.60396194458008
32.27128601074219
38.545928955078125
34.57846450805664
33.4037971496582
41.85342788696289
38.67934799194336
33.02143096923828
35.69282150268555
31.426841735839844
36.734195709228516
34.097694396972656
34.6777458190918
50.33086395263672
35.22035598754883
36.87522506713867
42.65129852294922
36.60271072387695
37.64524459838867
36.95759201049805
32.033084869384766
32.93074035644531
45.849639892578125
30.09972381591797
36.817996978759766
36.94983673095703
49.34358215332031
37.932334899902344
50.42909622192383
34.6659049987793
32.489402770996094
37.85115051269531
30.83108139038086
37.51476287841797
34.244388580322266
52.80912780761719
35.29837417602539
35.527408599853516
77.85621643066406
40.672943115234375
30.601106643676758
30.394746780395508
38.9514045715332
37.572444915771484
37.557220458984375
58.7012939453125
32.58403396606445
41.412811279296875
29.102916717529297
38.436614990234375
33.34188461303711
43.51689910888672
30.56909942626953
35.180355072021484
29.458280563354492
41.519187927246094
30.320711135864258
33.33313751220703
36.22743606567383
39.736270904541016
52.494781494140625
48.496036529541016
32.21131896972656
28.528852462768555
27.73969078063965
32.16722869873047
38.808048248291016
34.03364181518555
25.578218460083008
30.748842239379883
30.329439163208008
57.84199523925781
31.4523868560791
33.33493423461914
45.77806091308594
27.240428924560547
29.65302085876465
32.79042053222656
31.930927276611328
28.81399917602539
29.147947311401367
25.474323272705078
26.256372451782227
29.97613525390625
23.8725528717041
27.819412231445312
30.207801818847656
27.92630386352539
53.9502067565918
30.862838745117188
26.270923614501953
24.48373794555664
38.65065383911133
22.094758987426758
35.26392364501953
28.48076820373535
23.405588150024414
41.35440444946289
79.70851135253906
41.21536636352539
28.930627822875977
29.788537979125977
37.34246063232422
24.900245666503906
24.150659561157227
33.119972229003906
25.087421417236328
24.728029251098633
29.664531707763672
31.765539169311523
39.14643859863281
29.661378860473633
31.973285675048828
134.52731323242188
24.75998306274414
33.68159484863281
29.233118057250977
23.623912811279297
34.42973709106445
24.52920150756836
29.59375
43.8425178527832
67.56875610351562
35.85829162597656
32.73704528808594
32.794437408447266
23.552043914794922
27.9580078125
23.817949295043945
32.017459869384766
27.672353744506836
26.78423309326172
32.68663024902344
27.575895309448242
24.933229446411133
25.4576473236084
28.80328369140625
31.8916072845459
35.3535270690918
39.30091857910156
37.15996551513672
40.071380615234375
21.057289123535156
68.56338500976562
26.713336944580078
25.42812728881836
49.933616638183594
29.12834930419922
36.46079635620117
24.971397399902344
60.07749557495117
23.282363891601562
24.824600219726562
26.01604461669922
32.6077995300293
23.284032821655273
22.40148162841797
65.26952362060547
20.312135696411133
24.23288345336914
31.169902801513672
28.261856079101562
54.660831451416016
28.06692886352539
68.9858169555664
20.078689575195312
23.929489135742188
213.03485107421875
43.16093826293945
19.080305099487305
22.652328491210938
95.84507751464844
24.960205078125
29.3542423248291
29.199831008911133
215.46922302246094
21.24213409423828
52.17912292480469
31.922042846679688
23.862133026123047
736.372802734375
22.644203186035156
26.129884719848633
86.98584747314453
26.233922958374023
29.486377716064453
22.374170303344727
31.538166046142578
43.508384704589844
33.51998519897461
32.319374084472656
65.15629577636719
31.21324920654297
27.399276733398438
18.499122619628906
28.630691528320312
31.179147720336914
17.338960647583008
30.73739242553711
34.98937225341797
24.953567504882812
26.553260803222656
36.929107666015625
53.959197998046875
59.66917419433594
23.616172790527344
93.81782531738281
21.74283218383789
33.067657470703125
58.036521911621094
26.662378311157227
26.22693634033203
20.537324905395508
30.8201847076416
43.522159576416016
24.69760513305664
33.20478439331055
24.993244171142578
26.139419555664062
39.438514709472656
24.566394805908203
22.699481964111328
26.8903751373291
19.111648559570312
32.133758544921875
20.509445190429688
24.900358200073242
25.41219711303711
113.78791046142578
25.04088592529297
40.357078552246094
48.85048294067383
21.51871109008789
25.17816925048828
22.97805404663086
20.824594497680664
29.18675994873047
36.24747085571289
93.67884063720703
26.52249526977539
86.2216567993164
15.511307716369629
18.154441833496094
26.442455291748047
31.311565399169922
28.13544464111328
68.82833862304688
30.964582443237305
23.648103713989258
17.42920684814453
39.2327880859375
20.741342544555664
21.223207473754883
24.52096176147461
22.787752151489258
17.455360412597656
19.6691837310791
19.186687469482422
34.899105072021484
17.144392013549805
28.545391082763672
19.02497100830078
27.7239990234375
32.668731689453125
22.960771560668945
38.57844161987305
27.36099624633789
19.681045532226562
30.313695907592773
22.955778121948242
24.215808868408203
22.819910049438477
19.863584518432617
17.046104431152344
44.94919967651367
29.735130310058594
22.226476669311523
23.72027015686035
18.431001663208008
25.0997314453125
25.358583450317383
20.24152183532715
27.13335609436035
80.5883560180664
25.601600646972656
22.519697189331055
89.2278823852539
522.3544311523438
148.2484130859375
16.725631713867188
57.220340728759766
1187.3994140625
34.85877227783203
22.6855525970459
22.981828689575195
25.273080825805664
50.023780822753906
20.636327743530273
25.4460391998291
22.528488159179688
19.763710021972656
22.357860565185547
47.101097106933594
65.38663482666016
28.93289566040039
23.031686782836914
18.88831329345703
31.292682647705078
26.137218475341797
18.62915802001953
27.15924072265625
24.39858627319336
32.119266510009766
39.913028717041016
38.234352111816406
23.466846466064453
24.229711532592773
21.667579650878906
114.2623519897461
28.76462173461914
23.43897247314453
31.493358612060547
143.9183807373047
24.392004013061523
47.04429244995117
22.851123809814453
18.58440589904785
17.10541534423828
120.97802734375
20.90851402282715
18.026086807250977
21.764511108398438
24.516403198242188
19.38715171813965
20.19381332397461
43.52962875366211
17.150650024414062
23.66403579711914
184.10609436035156
17.037546157836914
25.627334594726562
32.4889030456543
30.94818687438965
33.076988220214844
25.269765853881836
18.957538604736328
23.203758239746094
19.707263946533203
25.260303497314453
16.73761558532715
21.741777420043945
19.193016052246094
27.793432235717773
83.92584991455078
76.59091186523438
23.068344116210938
28.628259658813477
1215.936279296875
27.671613693237305
39.81739807128906
46.470436096191406
122.98515319824219
24.88465118408203
20.3614444732666
28.130290985107422
28.1180362701416
51.4697151184082
23.035001754760742
23.572185516357422
21.703876495361328
23.05982208251953
16.940593719482422
39.39644241333008
18.075265884399414
23.614452362060547
26.009939193725586
24.820903778076172
65.10186767578125
32.3713264465332
24.193744659423828
91.38203430175781
47.63093566894531
21.4742488861084
23.37651824951172
21.68537139892578
126.14546203613281
29.40670394897461
20.972400665283203
28.331838607788086
29.3043270111084
21.841115951538086
20.18527603149414
27.167373657226562
26.143518447875977
23.618200302124023
60.86512756347656
22.06592559814453
20.59914779663086
20.308115005493164
21.888748168945312
34.7677116394043
22.334333419799805
36.13886642456055
17.897388458251953
20.794200897216797
20.863862991333008
19.288055419921875
25.35045623779297
20.327407836914062
21.919946670532227
23.30783462524414
19.148313522338867
60.91749572753906
21.03335952758789
19.30609893798828
40.668846130371094
21.705154418945312
68.92033386230469
121.29988098144531
129.85604858398438
102.94590759277344
18.779132843017578
25.777259826660156
24.12762451171875
39.030269622802734
26.469057083129883
18.8273983001709
24.465354919433594
16.742267608642578
22.267051696777344
19.50524139404297
22.899826049804688
19.717369079589844
17.780826568603516
47.387638092041016
43.96113204956055
79.34563446044922
28.009765625
25.858905792236328
24.434165954589844
32.284141540527344
26.48638153076172
13.119306564331055
21.82223129272461
25.178091049194336
22.435630798339844
50.779239654541016
16.196352005004883
24.903675079345703
24.203824996948242
19.293012619018555
21.833717346191406
30.674633026123047
42.58740234375
24.877592086791992
19.433761596679688
30.569337844848633
18.08265495300293
20.41875457763672
21.754728317260742
24.252248764038086
16.141565322875977
47.97201156616211
26.554418563842773
41.573665618896484
84.23031616210938
24.062742233276367
21.432466506958008
13.368173599243164
93.75247955322266
27.252500534057617
19.432445526123047
19.689741134643555
24.921253204345703
16.582786560058594
20.621213912963867
17.385251998901367
16.864839553833008
15.54831314086914
30.177854537963867
16.406078338623047
31.861459732055664
20.8349609375
12.07255744934082
22.286766052246094
17.37451934814453
35.42461395263672
29.139755249023438
16.966854095458984
21.16878890991211
32.297054290771484
35.54415512084961
28.557714462280273
24.758760452270508
22.55248260498047
25.295591354370117
16.280479431152344
25.3924617767334
21.536115646362305
20.389917373657227
207.6448974609375
17.803068161010742
18.29241180419922
15.623862266540527
19.08373260498047
31.406160354614258
28.27734375
21.75910186767578
19.629716873168945
23.430309295654297
62.624168395996094
16.340795516967773
38.89923095703125
28.732463836669922
21.01398277282715
19.415264129638672
17.222787857055664
26.352764129638672
16.185720443725586
40.574825286865234
24.699108123779297
28.073774337768555
20.14649200439453
32.3863639831543
18.916580200195312
35.579559326171875
31.195634841918945
17.032981872558594
19.779460906982422
20.376697540283203
20.232242584228516
28.15508460998535
24.866188049316406
38.665687561035156
28.778331756591797
25.905134201049805
19.067304611206055
21.633150100708008
24.810440063476562
25.666786193847656
22.02399444580078
18.192726135253906
37.73961639404297
20.654197692871094
25.10672378540039
56.89366149902344
14.054462432861328
15.5068941116333
21.334571838378906
20.250585556030273
18.892515182495117
23.284700393676758
14.254904747009277
32.398616790771484
21.568960189819336
17.018390655517578
27.813766479492188
26.7730770111084
21.74481201171875
22.814809799194336
16.062583923339844
18.19713592529297
23.560630798339844
40.52701950073242
27.634963989257812
24.231863021850586
25.486038208007812
22.23553466796875
18.533559799194336
16.252702713012695
19.042564392089844
26.77655029296875
18.644893646240234
41.1757926940918
17.125629425048828
102.21143341064453
17.467370986938477
66.82620239257812
119.92699432373047
38.56156539916992
19.533105850219727
60.242374420166016
19.164508819580078
16.224803924560547
21.298564910888672
17.63176155090332
21.65345001220703
22.869163513183594
20.399812698364258
20.322851181030273
27.57469940185547
27.641393661499023
17.797508239746094
28.534902572631836
20.958398818969727
14.405686378479004
23.112947463989258
23.034278869628906
30.730562210083008
56.58723068237305
21.210214614868164
55.48552703857422
29.705217361450195
19.774423599243164
33.83500289916992
15.933671951293945
15.916326522827148
27.652711868286133
20.681499481201172
12.021864891052246
16.687637329101562
20.632925033569336
38.696956634521484
16.808425903320312
19.40019989013672
22.113365173339844
43.662147521972656
37.01695251464844
18.268535614013672
19.063884735107422
56.448211669921875
56.260799407958984
32.048072814941406
24.444255828857422
21.271892547607422
17.10223960876465
18.761268615722656
15.19992446899414
23.267505645751953
57.134300231933594
17.475208282470703
22.890602111816406
14.425093650817871
18.40147590637207
194.14520263671875
45.50031661987305
17.042736053466797
29.6085147857666
14.944289207458496
15.688177108764648
14.225316047668457
22.083261489868164
23.76641082763672
17.883750915527344
21.802324295043945
25.926658630371094
38.154457092285156
64.01598358154297
41.04978561401367
48.100337982177734
22.675580978393555
23.044776916503906
19.368783950805664
36.30868911743164
17.78911590576172
19.405715942382812
39.855098724365234
17.609596252441406
16.50898551940918
24.906841278076172
19.902185440063477
31.466405868530273
99.34172821044922
43.6445426940918
26.831113815307617
40.0767707824707
116.71830749511719
23.396930694580078
27.578142166137695
29.719209671020508
25.495214462280273
31.740985870361328
15.590058326721191
24.517187118530273
37.31033706665039
63.55470275878906
16.314056396484375
16.190631866455078
18.80479621887207
20.41425132751465
25.58349609375
20.35015869140625
22.45781707763672
21.805505752563477
18.201448440551758
84.1375961303711
33.97713088989258
26.52132797241211
33.128089904785156
30.997133255004883
19.109878540039062
23.706228256225586
26.180011749267578
33.676265716552734
1159.74755859375
24.814899444580078
46.7880859375
55.51046371459961
21.3367862701416
15.916459083557129
22.176494598388672
959.046630859375
36.69130325317383
43.032989501953125
17.975366592407227
24.412147521972656
31.547922134399414
36.970176696777344
22.20842742919922
21.477205276489258
26.521581649780273
26.964967727661133
30.04833984375
18.280214309692383
42.4126091003418
20.12954330444336
21.478351593017578
88.30595397949219
20.584035873413086
12.442216873168945
28.443405151367188
31.375429153442383
95.46267700195312
24.175918579101562
117.87628936767578
21.891529083251953
20.450231552124023
75.08837127685547
19.064407348632812
23.894676208496094
66.88578033447266
55.98869323730469
24.177541732788086
1274.104736328125
26.52120590209961
34.15068054199219
19.94988441467285
35.89680480957031
49.864967346191406
23.64350128173828
19.525449752807617
22.771116256713867
27.59404945373535
31.232568740844727
22.112041473388672
21.670997619628906
16.165220260620117
54.5847053527832
20.690685272216797
21.623004913330078
31.666013717651367
90.08627319335938
72.9722671508789
261.886962890625
19.970142364501953
30.518964767456055
54.417484283447266
13.878229141235352
75.5735092163086
31.8254337310791
72.00137329101562
22.164836883544922
32.5241584777832
46.249881744384766
23.287864685058594
25.564916610717773
273.8632507324219
20.18517303466797
24.001222610473633
1234.9271240234375
24.20270538330078
17.029624938964844
18.952068328857422
21.723005294799805
36.703948974609375
39.53456497192383
16.37120819091797
34.563533782958984
31.891643524169922
22.782997131347656
20.0478458404541
22.409326553344727
32.7816276550293
16.873516082763672
29.1993465423584
71.68780517578125
17.90662384033203
35.53584671020508
22.904888153076172
20.970176696777344
20.945619583129883
27.564064025878906
16.299814224243164
31.420175552368164
28.66179656982422
19.02407455444336
26.256689071655273
13.673613548278809
52.680076599121094
14.035200119018555
478.4778137207031
51.62236404418945
27.981430053710938
761.363525390625
40.909000396728516
21.630544662475586
30.134214401245117
51.7939453125
29.463420867919922
242.30006408691406
61.80259323120117
185.41619873046875
26.47934341430664
35.18360900878906
25.8370418548584
19.638551712036133
20.331283569335938
13.568681716918945
19.20330047607422
39.295955657958984
18.892972946166992
17.750869750976562
28.938859939575195
15.584364891052246
41.65203094482422
20.817584991455078
15.281999588012695
17.887760162353516
23.116281509399414
101.47753143310547
20.4602108001709
18.243906021118164
15.059120178222656
30.0557861328125
91.42227172851562
40.82814025878906
21.559587478637695
41.55901336669922
14.978140830993652
17.816387176513672
25.06096649169922
28.283584594726562
28.1272029876709
17.821605682373047
28.853147506713867
18.32346534729004
17.701786041259766
16.920154571533203
28.267745971679688
28.213563919067383
14.467506408691406
21.547971725463867
20.02235984802246
20.245765686035156
172.6702880859375
18.310291290283203
17.58515739440918
23.993452072143555
57.30885696411133
24.246549606323242
18.955835342407227
15.678431510925293
16.217601776123047
22.607248306274414
19.1468448638916
26.560476303100586
32.711753845214844
51.2819938659668
23.885183334350586
25.312763214111328
17.077064514160156
29.634559631347656
46.416114807128906
22.846603393554688
30.04147720336914
20.404396057128906
22.18932342529297
21.499767303466797
22.38943862915039
23.330801010131836
42.65011215209961
12.674761772155762
22.795883178710938
19.517108917236328
28.074501037597656
18.747045516967773
18.346826553344727
15.071307182312012
19.316858291625977
270.6736145019531
15.882485389709473
46.829402923583984
17.549413681030273
