375.6962585449219
381.50347900390625
385.462890625
383.92059326171875
374.0296936035156
378.4155578613281
391.88690185546875
391.9768371582031
385.7425537109375
390.2005615234375
380.77496337890625
384.77020263671875
383.81793212890625
364.2451477050781
358.73516845703125
382.98321533203125
347.74468994140625
374.3796081542969
346.6197204589844
364.1532287597656
360.6421813964844
337.3790283203125
357.002197265625
367.2135925292969
337.6798400878906
354.1732482910156
323.7265930175781
306.5754089355469
367.4189147949219
329.92071533203125
292.664794921875
331.63421630859375
321.4873046875
289.246337890625
294.22869873046875
317.2230529785156
294.44232177734375
263.5078430175781
281.1614074707031
288.61956787109375
296.04364013671875
275.931884765625
275.4072265625
289.172119140625
270.8749084472656
255.76109313964844
258.1091003417969
293.4644775390625
279.3824157714844
259.677001953125
255.74942016601562
236.8163299560547
236.99107360839844
241.48373413085938
252.4884796142578
266.803466796875
281.91912841796875
230.9170379638672
236.93128967285156
233.1720733642578
278.4150695800781
206.75576782226562
199.92840576171875
219.3870086669922
209.33175659179688
219.50668334960938
209.88897705078125
217.3961944580078
230.4383544921875
225.70809936523438
211.5921630859375
187.36744689941406
207.84193420410156
219.8134307861328
222.9191436767578
199.98590087890625
208.8518524169922
185.54420471191406
189.84112548828125
196.4210205078125
217.41326904296875
188.42755126953125
194.98802185058594
193.7083740234375
186.68511962890625
209.5337677001953
187.34259033203125
189.6949005126953
186.77456665039062
193.8791046142578
164.52230834960938
178.59457397460938
174.47177124023438
184.90536499023438
178.58261108398438
189.27757263183594
211.52662658691406
198.78271484375
171.52317810058594
176.14015197753906
189.74990844726562
199.73828125
171.9371337890625
176.18553161621094
174.87188720703125
167.4286651611328
153.1402587890625
157.2975311279297
191.80393981933594
178.97438049316406
162.20297241210938
163.3215789794922
184.5426025390625
185.08335876464844
197.62242126464844
173.49400329589844
155.77955627441406
174.13351440429688
155.56124877929688
166.71728515625
167.61288452148438
185.91329956054688
158.1708526611328
172.2856903076172
183.3726043701172
173.11375427246094
141.74478149414062
167.8980712890625
171.94801330566406
173.3480224609375
165.8834228515625
170.4911346435547
150.64816284179688
152.3895721435547
152.2253875732422
155.93492126464844
154.7480926513672
191.01181030273438
147.19508361816406
170.9924774169922
140.4338836669922
155.68504333496094
162.2036590576172
132.8071746826172
148.6445770263672
150.78387451171875
149.4212646484375
189.9610137939453
173.4838409423828
145.0258331298828
159.52830505371094
138.98902893066406
132.6136474609375
126.81898498535156
139.16697692871094
133.06480407714844
135.5509796142578
133.94134521484375
134.23056030273438
158.71795654296875
135.42835998535156
187.31610107421875
132.88389587402344
130.40179443359375
137.23037719726562
154.91571044921875
135.20098876953125
165.0518798828125
113.9212417602539
134.58578491210938
137.19842529296875
144.20135498046875
155.90554809570312
132.45050048828125
125.01317596435547
124.19776153564453
139.6385498046875
138.0194091796875
121.36787414550781
123.70665740966797
145.22752380371094
138.4753875732422
125.68132019042969
124.92501831054688
120.02566528320312
110.84591674804688
120.95149230957031
124.49466705322266
125.07726287841797
134.93296813964844
132.0741729736328
136.21951293945312
114.55168914794922
106.45536041259766
163.19772338867188
112.47360229492188
160.0338134765625
125.8005142211914
109.16093444824219
118.71553039550781
115.91651153564453
159.24163818359375
105.23336791992188
110.84790802001953
127.08679962158203
128.95452880859375
131.54127502441406
128.85569763183594
124.24022674560547
104.7854995727539
124.87863159179688
125.09514617919922
121.14191436767578
99.55650329589844
116.48081970214844
126.5051040649414
112.88055419921875
122.01758575439453
155.6736297607422
112.9208755493164
108.26821899414062
127.35303497314453
110.34461212158203
104.31790161132812
112.609130859375
137.4059600830078
96.59503936767578
123.95015716552734
117.50845336914062
110.4936752319336
116.671142578125
101.61656188964844
118.66816711425781
96.58831787109375
108.01506805419922
92.8979263305664
119.9507827758789
92.00326538085938
126.06327056884766
149.7191162109375
124.61453247070312
111.10903930664062
110.53982543945312
94.37852478027344
111.97066497802734
95.92855834960938
100.77996063232422
97.38919067382812
98.49678802490234
114.41801452636719
122.13421630859375
99.04984283447266
97.95594787597656
100.8145980834961
90.81017303466797
89.70578002929688
93.21617126464844
111.7288589477539
120.87673950195312
98.63668060302734
113.23560333251953
98.60369110107422
88.35134887695312
104.73286437988281
102.09696960449219
101.42416381835938
78.73372650146484
97.71864318847656
94.84222412109375
94.72122192382812
87.61847686767578
106.51325225830078
83.0852279663086
79.8265380859375
111.95775604248047
102.22077941894531
95.93421173095703
92.11233520507812
87.8989028930664
94.89111328125
95.94207000732422
82.51432800292969
92.34747314453125
75.1097183227539
81.87696075439453
100.55014038085938
76.16561126708984
94.00281524658203
95.44715118408203
88.41210174560547
85.42400360107422
86.01021575927734
78.73284149169922
78.9271469116211
84.7632827758789
81.7328109741211
87.13493347167969
104.3325424194336
81.8808822631836
79.00238800048828
95.01309204101562
75.8800048828125
73.28102111816406
77.65638732910156
72.73329162597656
97.27468872070312
87.57477569580078
83.45259857177734
80.11824035644531
85.56937408447266
75.70657348632812
82.96453857421875
82.81924438476562
79.21461486816406
64.9427719116211
66.2225341796875
77.94115447998047
82.32769775390625
80.54159545898438
76.25308990478516
72.27255249023438
72.3348388671875
74.3436508178711
70.6513900756836
75.81810760498047
75.99165344238281
78.72391510009766
67.19013977050781
84.6799545288086
68.73417663574219
75.69839477539062
79.99768829345703
65.31600952148438
89.72541809082031
73.23043823242188
82.61000061035156
67.47506713867188
64.8065185546875
76.43238830566406
80.38391876220703
69.44465637207031
75.97834014892578
74.2881088256836
67.49386596679688
71.07435607910156
81.70198059082031
73.88134765625
68.07687377929688
64.60323333740234
69.41497039794922
73.16448211669922
71.4828872680664
68.20274353027344
87.34978485107422
108.92706298828125
73.46064758300781
69.26992797851562
64.98355102539062
71.96339416503906
59.261077880859375
67.22111511230469
62.692386627197266
75.81700897216797
54.71664047241211
62.87897872924805
60.10859298706055
76.5746841430664
71.2136001586914
65.84485626220703
83.47653198242188
56.26588821411133
64.33814239501953
58.23329162597656
67.56939697265625
56.57219696044922
69.07279968261719
62.78342819213867
64.22176361083984
61.86253356933594
59.87355041503906
78.25250244140625
68.15580749511719
66.9059066772461
55.652645111083984
70.04800415039062
59.42571258544922
61.310997009277344
51.538787841796875
62.206607818603516
72.8244400024414
51.41570281982422
65.56694030761719
85.11443328857422
57.323978424072266
71.79102325439453
56.1439094543457
55.380863189697266
47.00398254394531
60.40437316894531
56.442047119140625
48.09181594848633
68.96739959716797
50.34034729003906
59.303550720214844
67.34151458740234
51.678802490234375
62.816226959228516
81.09880065917969
59.614498138427734
71.84114837646484
60.84381866455078
56.75251007080078
58.9559211730957
45.573551177978516
59.89287567138672
55.82247543334961
50.823951721191406
51.887149810791016
57.35520935058594
57.80412673950195
55.83586120605469
50.9843635559082
57.2176513671875
62.619529724121094
51.042823791503906
47.253509521484375
60.25348663330078
52.967247009277344
51.393455505371094
53.81206512451172
52.24034118652344
61.332923889160156
59.94894027709961
47.86252975463867
54.90375900268555
46.229515075683594
51.96271896362305
53.440391540527344
50.81563949584961
62.9704704284668
55.23835754394531
56.93610763549805
48.00554275512695
45.70658874511719
85.20053100585938
65.3968276977539
51.76872634887695
67.11863708496094
54.28520584106445
44.89637756347656
58.608673095703125
48.61598587036133
54.59376525878906
46.25582504272461
47.57505416870117
53.87727355957031
53.94278335571289
41.892066955566406
60.426170349121094
46.54978942871094
54.63676834106445
52.85847091674805
53.08805847167969
47.6846809387207
43.032100677490234
55.3416862487793
69.34085845947266
43.41280746459961
40.32695770263672
59.2536506652832
56.0989875793457
51.332977294921875
44.170284271240234
44.37092590332031
47.49992370605469
47.601707458496094
43.33122634887695
38.2692756652832
41.124568939208984
50.2896728515625
55.57353210449219
39.141902923583984
47.49464797973633
41.63520050048828
51.50533676147461
45.3118782043457
40.2967643737793
65.06543731689453
58.50917434692383
37.06450271606445
46.83668518066406
54.30290603637695
64.04364776611328
41.066436767578125
46.8399658203125
47.323333740234375
65.42105865478516
60.28963851928711
54.75495910644531
37.72029495239258
46.16697692871094
37.93327713012695
49.9144287109375
38.03080749511719
36.355308532714844
43.58234405517578
38.118988037109375
51.368064880371094
43.69798278808594
42.440696716308594
41.072731018066406
42.097007751464844
49.38788604736328
49.267181396484375
45.55836868286133
37.313636779785156
42.81837844848633
52.269718170166016
40.5878791809082
34.5690803527832
53.649803161621094
43.10514831542969
47.59097671508789
36.375118255615234
33.46456527709961
36.374332427978516
43.50301742553711
42.393306732177734
38.8180046081543
42.614986419677734
37.478641510009766
44.040916442871094
42.77494812011719
36.44118881225586
56.701263427734375
43.875091552734375
41.892494201660156
43.96623229980469
36.65107345581055
42.80955123901367
34.700313568115234
38.59306716918945
43.62205505371094
34.074066162109375
34.41703796386719
34.8800048828125
40.069210052490234
43.43284606933594
39.293277740478516
37.015838623046875
45.84185028076172
34.42547607421875
39.68733215332031
41.94363784790039
38.87275695800781
39.22945022583008
41.579505920410156
34.23793029785156
36.65279769897461
36.922584533691406
43.155670166015625
44.96292495727539
39.590049743652344
32.54123306274414
36.79121017456055
38.09800720214844
44.364994049072266
31.481515884399414
34.512672424316406
38.810794830322266
39.178462982177734
39.466278076171875
72.21994018554688
49.2940673828125
29.426069259643555
38.81112289428711
31.595319747924805
36.6488151550293
43.06364822387695
43.857635498046875
35.75456237792969
42.68702697753906
50.300048828125
34.08879470825195
41.9388313293457
33.61985778808594
30.862964630126953
48.53508377075195
40.964813232421875
35.902408599853516
72.76078796386719
39.38496780395508
32.416561126708984
37.256492614746094
34.200164794921875
30.388477325439453
54.33527374267578
39.1945686340332
35.508705139160156
29.533340454101562
51.51423645019531
32.4172477722168
30.48031234741211
38.61405563354492
30.51363754272461
26.282495498657227
33.98225021362305
29.92552947998047
31.189563751220703
29.06441879272461
31.2849178314209
35.715789794921875
30.325916290283203
28.927845001220703
30.366561889648438
36.07155227661133
34.20174789428711
39.628265380859375
43.983280181884766
28.505630493164062
45.19025421142578
32.716346740722656
38.59315490722656
37.431068420410156
31.769763946533203
36.11407470703125
30.567554473876953
34.898048400878906
28.31714630126953
35.134620666503906
36.21494674682617
30.808774948120117
36.021087646484375
24.924596786499023
30.131450653076172
28.898950576782227
29.78412437438965
29.228052139282227
35.3818244934082
64.37096405029297
58.677268981933594
34.059059143066406
28.63037872314453
32.125308990478516
32.00121307373047
37.297367095947266
40.246063232421875
35.06731414794922
29.172569274902344
31.270980834960938
39.73313903808594
33.742671966552734
28.412330627441406
24.81601333618164
27.942960739135742
33.470848083496094
33.19091033935547
26.265396118164062
27.41082191467285
28.92251205444336
28.043018341064453
35.162864685058594
31.26775550842285
37.196388244628906
26.677047729492188
41.646026611328125
37.692378997802734
29.363916397094727
39.5711555480957
37.429473876953125
26.850404739379883
24.650165557861328
29.833314895629883
25.762744903564453
27.908794403076172
29.143651962280273
31.579143524169922
31.161943435668945
27.197250366210938
22.565977096557617
39.0648307800293
37.140472412109375
19.750104904174805
28.166410446166992
28.931150436401367
27.554725646972656
33.15791702270508
25.878524780273438
29.207050323486328
30.199787139892578
29.399757385253906
31.864418029785156
24.4281063079834
29.273113250732422
26.0004825592041
26.568687438964844
23.789152145385742
39.255157470703125
36.06581115722656
24.16124725341797
28.109603881835938
56.022274017333984
31.373014450073242
25.6785831451416
35.158939361572266
27.911794662475586
36.765682220458984
28.910926818847656
32.698089599609375
24.327964782714844
26.87875747680664
24.21798324584961
24.450355529785156
27.406055450439453
28.846376419067383
39.26017761230469
27.902027130126953
23.102672576904297
40.74179458618164
26.130884170532227
28.599180221557617
24.87610626220703
24.82862091064453
29.66485023498535
20.784971237182617
39.23262405395508
18.510337829589844
19.675111770629883
36.17399978637695
26.3953857421875
29.711044311523438
32.50239562988281
23.51565933227539
26.435562133789062
22.13593101501465
27.447729110717773
26.740886688232422
34.20059585571289
40.6454963684082
37.40547561645508
26.588623046875
25.1180419921875
21.69971466064453
25.005573272705078
25.430036544799805
25.350692749023438
23.3587589263916
25.556472778320312
34.067291259765625
54.5134162902832
28.974624633789062
26.0529727935791
26.760194778442383
21.305044174194336
28.576095581054688
24.52408218383789
23.397571563720703
27.06106948852539
25.89116859436035
23.08696937561035
27.39153480529785
32.74711608886719
25.886804580688477
20.02948760986328
23.486228942871094
27.266942977905273
41.35307693481445
26.45616912841797
21.296287536621094
23.179916381835938
27.70361328125
25.420217514038086
36.61394500732422
31.68350601196289
19.2101993560791
40.838687896728516
29.42485809326172
22.117399215698242
28.06378173828125
24.31258773803711
28.999563217163086
30.397573471069336
29.5954647064209
24.609420776367188
19.332826614379883
25.197050094604492
29.00054931640625
29.104475021362305
35.073997497558594
25.298194885253906
23.948888778686523
23.096786499023438
23.203651428222656
20.864011764526367
24.167011260986328
29.732816696166992
23.296926498413086
48.04509353637695
26.433603286743164
27.716758728027344
26.319746017456055
46.920745849609375
20.144813537597656
22.138803482055664
20.866283416748047
24.656658172607422
20.693588256835938
29.236249923706055
31.769851684570312
35.37535095214844
23.780336380004883
21.770116806030273
27.054765701293945
24.640422821044922
19.778118133544922
20.818578720092773
20.313173294067383
22.000232696533203
33.674102783203125
32.21086120605469
33.76722717285156
26.468095779418945
22.251846313476562
24.352455139160156
22.16887664794922
16.53782081604004
21.281757354736328
26.107656478881836
26.969236373901367
19.699077606201172
18.560962677001953
27.412870407104492
22.34737777709961
30.802173614501953
25.389863967895508
24.206066131591797
20.250389099121094
22.2428035736084
32.47858810424805
22.042282104492188
17.666887283325195
18.205602645874023
35.3523063659668
25.08099365234375
35.21295928955078
25.638818740844727
20.676315307617188
16.81769561767578
19.75161361694336
23.761920928955078
17.427949905395508
19.548059463500977
23.7064208984375
28.486797332763672
17.76337432861328
20.102338790893555
20.76177978515625
21.37569808959961
27.739635467529297
30.480863571166992
24.36414337158203
19.971834182739258
25.861745834350586
21.277210235595703
20.324012756347656
22.34097671508789
30.506175994873047
21.492328643798828
16.75176239013672
19.292638778686523
30.018756866455078
29.004446029663086
30.564847946166992
17.0057315826416
24.642684936523438
29.978662490844727
21.00208282470703
21.504226684570312
23.330698013305664
17.10980987548828
21.163864135742188
17.637752532958984
18.271146774291992
17.322986602783203
24.136903762817383
29.200660705566406
30.2529354095459
21.929542541503906
18.43187713623047
29.69952392578125
24.904441833496094
24.05642318725586
19.978981018066406
17.613542556762695
19.0841064453125
19.14812660217285
22.155712127685547
16.910778045654297
21.201765060424805
18.016098022460938
25.8546199798584
28.381601333618164
16.6095027923584
24.878128051757812
20.969812393188477
32.843894958496094
16.628952026367188
31.367177963256836
18.097028732299805
16.738283157348633
15.738774299621582
19.222213745117188
22.557947158813477
17.31229591369629
23.18602752685547
23.147634506225586
19.118661880493164
32.067054748535156
21.563671112060547
19.68117332458496
27.389270782470703
18.630508422851562
17.057292938232422
18.559852600097656
26.606191635131836
16.975263595581055
18.66881561279297
17.446292877197266
19.98727798461914
20.0567626953125
37.332305908203125
26.381643295288086
27.421598434448242
16.949522018432617
18.336475372314453
21.0622501373291
19.780685424804688
19.097963333129883
17.98131561279297
18.504308700561523
20.50428009033203
20.58319854736328
19.667034149169922
17.559534072875977
22.18001937866211
21.21820068359375
15.18984603881836
24.297182083129883
18.224491119384766
21.462568283081055
19.177001953125
19.9118709564209
23.32259750366211
36.5011100769043
28.741413116455078
17.899948120117188
16.67945671081543
20.559724807739258
28.964061737060547
21.496475219726562
17.979846954345703
22.602523803710938
18.4680118560791
13.94201374053955
19.808015823364258
24.261520385742188
29.00011444091797
16.474143981933594
17.7901554107666
15.46746826171875
18.572650909423828
14.689238548278809
16.700807571411133
18.759811401367188
25.617307662963867
25.456178665161133
17.520601272583008
21.543848037719727
16.05155372619629
18.923782348632812
17.33563995361328
13.411138534545898
14.241852760314941
15.944469451904297
37.75674819946289
21.59905242919922
17.13897132873535
14.855920791625977
16.768829345703125
21.48784637451172
13.455351829528809
18.19931983947754
14.937677383422852
15.146395683288574
23.495067596435547
17.57430648803711
16.25992202758789
16.603416442871094
30.881385803222656
20.128633499145508
24.252901077270508
30.316816329956055
16.265857696533203
19.622373580932617
24.397747039794922
19.166589736938477
22.31005096435547
15.459733009338379
19.064167022705078
24.601308822631836
14.404411315917969
18.510726928710938
18.200511932373047
19.38646125793457
16.757301330566406
16.862060546875
26.344148635864258
16.520980834960938
14.048684120178223
21.505420684814453
15.201655387878418
16.296159744262695
17.76479721069336
30.078336715698242
24.227991104125977
31.773082733154297
11.785696983337402
19.666854858398438
18.961618423461914
17.986724853515625
34.82355499267578
18.22963523864746
15.79092025756836
22.474332809448242
13.720100402832031
15.939688682556152
18.206350326538086
15.144854545593262
13.315485954284668
19.04643440246582
14.686484336853027
17.482084274291992
16.53858184814453
15.090519905090332
16.22029685974121
15.147911071777344
14.242376327514648
16.981361389160156
13.119255065917969
13.599557876586914
16.526939392089844
21.903772354125977
19.28472137451172
18.353246688842773
20.827909469604492
15.652159690856934
12.643047332763672
19.721487045288086
16.266231536865234
26.980941772460938
13.711825370788574
22.2741641998291
13.101234436035156
27.623634338378906
16.035451889038086
30.157703399658203
19.24692153930664
14.112079620361328
14.0755615234375
14.823199272155762
14.671974182128906
12.930505752563477
15.090641975402832
14.485370635986328
15.466073036193848
16.461769104003906
15.352376937866211
12.479959487915039
14.387625694274902
21.264362335205078
15.888996124267578
16.12057876586914
16.94097328186035
16.38861846923828
16.225631713867188
17.322389602661133
26.8990478515625
18.730928421020508
17.247241973876953
12.622651100158691
15.131860733032227
18.820981979370117
15.776400566101074
18.658884048461914
18.67961883544922
14.009866714477539
19.384864807128906
20.93169593811035
18.60280990600586
13.394275665283203
18.639724731445312
13.931117057800293
32.586830139160156
16.473159790039062
11.688488006591797
18.777599334716797
16.6175594329834
14.242239952087402
15.320900917053223
14.429433822631836
10.782273292541504
15.890050888061523
16.154342651367188
14.459927558898926
17.216398239135742
14.768815040588379
12.619344711303711
13.81060791015625
13.161540985107422
31.6226863861084
12.4810152053833
16.52480697631836
18.353530883789062
18.729949951171875
17.89568519592285
23.780176162719727
14.891448020935059
16.544492721557617
17.989925384521484
15.404705047607422
21.64081573486328
16.22735023498535
39.614601135253906
13.474822998046875
15.629105567932129
18.104148864746094
13.030618667602539
17.088167190551758
11.95466423034668
18.523399353027344
21.367080688476562
25.78516387939453
11.165888786315918
31.3165225982666
24.071134567260742
17.68018341064453
26.872543334960938
16.145618438720703
14.941481590270996
14.232011795043945
14.796592712402344
13.506791114807129
11.851884841918945
12.881525993347168
14.847602844238281
16.413145065307617
12.404829025268555
24.601247787475586
12.339695930480957
27.408510208129883
13.802637100219727
12.233065605163574
13.459090232849121
16.312599182128906
16.028932571411133
10.288534164428711
14.901866912841797
13.323149681091309
11.237147331237793
13.059636116027832
20.63217544555664
29.17441177368164
9.816765785217285
26.828594207763672
12.681636810302734
17.12794303894043
13.389508247375488
10.191083908081055
15.237796783447266
9.948375701904297
21.141679763793945
21.496320724487305
11.756657600402832
11.973437309265137
12.108545303344727
21.4537410736084
13.36732292175293
14.951555252075195
14.645715713500977
17.01323890686035
12.47668743133545
16.876920700073242
12.298186302185059
16.537508010864258
29.077983856201172
11.938838005065918
36.452030181884766
11.445104598999023
11.440448760986328
14.229290008544922
15.793051719665527
22.374162673950195
15.28862190246582
21.089773178100586
13.029928207397461
23.468130111694336
14.33460807800293
21.682456970214844
18.5602970123291
10.404540061950684
12.050799369812012
11.571807861328125
19.37706756591797
13.692451477050781
11.082380294799805
18.51738166809082
17.983457565307617
14.748093605041504
21.795408248901367
20.653541564941406
15.343326568603516
19.675214767456055
17.31525230407715
11.66326904296875
12.551752090454102
11.503623962402344
16.772552490234375
11.773287773132324
13.507216453552246
11.313504219055176
12.785489082336426
13.420171737670898
27.238183975219727
12.438831329345703
11.90026569366455
13.84967041015625
9.901508331298828
30.493545532226562
24.835826873779297
29.314491271972656
17.617778778076172
34.3463249206543
26.540834426879883
31.496496200561523
18.668554306030273
16.621536254882812
19.727327346801758
18.444799423217773
17.895614624023438
21.505220413208008
11.856474876403809
17.684871673583984
13.537877082824707
13.961716651916504
10.372633934020996
15.412786483764648
10.832880973815918
22.976892471313477
13.621513366699219
15.93799114227295
14.726646423339844
10.431317329406738
30.017427444458008
12.068207740783691
13.999225616455078
13.109844207763672
13.175570487976074
12.201401710510254
13.494483947753906
12.227521896362305
13.9291353225708
13.372699737548828
21.39745330810547
11.870614051818848
10.585885047912598
27.18903350830078
11.436905860900879
9.633886337280273
15.262070655822754
11.365819931030273
11.737896919250488
21.356138229370117
11.553889274597168
16.897775650024414
12.701240539550781
13.176224708557129
11.559684753417969
19.319032669067383
13.931696891784668
13.612476348876953
10.637957572937012
16.127334594726562
19.490562438964844
10.34228801727295
10.545598983764648
16.076473236083984
13.057311058044434
11.995199203491211
19.57306480407715
13.311540603637695
10.09511947631836
12.070379257202148
16.619403839111328
11.76104736328125
9.850650787353516
9.682908058166504
18.0915584564209
12.045215606689453
9.791841506958008
11.898908615112305
15.205063819885254
9.755718231201172
12.968017578125
10.003314018249512
21.689369201660156
9.798177719116211
10.74485969543457
11.85659408569336
20.418169021606445
30.604833602905273
14.080022811889648
13.992849349975586
9.371512413024902
9.633079528808594
11.227120399475098
9.404417991638184
12.97265911102295
26.139720916748047
9.358170509338379
10.494572639465332
10.36406135559082
12.501970291137695
10.739214897155762
10.23132610321045
13.812422752380371
14.309233665466309
12.525555610656738
13.999285697937012
14.403387069702148
18.072372436523438
12.539368629455566
13.399628639221191
10.857019424438477
12.379384994506836
11.079991340637207
9.348801612854004
11.857863426208496
10.11722469329834
24.346633911132812
10.585514068603516
10.49524211883545
10.441118240356445
13.176780700683594
18.737525939941406
10.229820251464844
10.665851593017578
13.22511100769043
11.64682388305664
12.131453514099121
12.808014869689941
22.780014038085938
22.088945388793945
10.500958442687988
11.6302490234375
15.091767311096191
9.916184425354004
12.164859771728516
9.60693073272705
13.683993339538574
19.02277946472168
10.559295654296875
17.50912857055664
35.261287689208984
10.819890975952148
10.375683784484863
20.6545352935791
11.065382957458496
12.222861289978027
10.148749351501465
10.633803367614746
10.066222190856934
11.829924583435059
10.568953514099121
14.524273872375488
9.401949882507324
14.754900932312012
14.149101257324219
10.81029987335205
9.715925216674805
12.732858657836914
7.806840419769287
14.789913177490234
26.787511825561523
10.593321800231934
9.855902671813965
13.102849960327148
13.477534294128418
9.249321937561035
13.407857894897461
9.755660057067871
9.256692886352539
9.893656730651855
8.999693870544434
17.25385093688965
21.385581970214844
10.28570556640625
9.916784286499023
9.897632598876953
10.038711547851562
9.805593490600586
23.00360870361328
11.144229888916016
11.393314361572266
11.063097953796387
12.923397064208984
9.774349212646484
12.61794662475586
13.136309623718262
14.381691932678223
11.073003768920898
9.368365287780762
10.532774925231934
12.5831880569458
25.82788848876953
9.807623863220215
10.510903358459473
8.824207305908203
15.341327667236328
11.044631004333496
8.648614883422852
10.942005157470703
10.6607084274292
12.832208633422852
10.273343086242676
11.763209342956543
10.114344596862793
18.25286102294922
9.345319747924805
9.857734680175781
15.900185585021973
10.628347396850586
10.305028915405273
12.327523231506348
17.077600479125977
12.35479736328125
11.368807792663574
11.060946464538574
11.018725395202637
10.342833518981934
9.350709915161133
10.911615371704102
10.114618301391602
14.378457069396973
10.665308952331543
17.811208724975586
13.856734275817871
7.956709384918213
8.526640892028809
23.458097457885742
20.684511184692383
9.468738555908203
9.509310722351074
14.245068550109863
8.646634101867676
14.121973991394043
10.765567779541016
11.774173736572266
12.745504379272461
10.602723121643066
14.92395305633545
11.365914344787598
11.453902244567871
9.834857940673828
11.941854476928711
8.59781551361084
10.054601669311523
10.735469818115234
8.75461196899414
8.787700653076172
31.44713592529297
13.66647720336914
13.16830825805664
9.18844223022461
12.033422470092773
17.767230987548828
19.179763793945312
14.61320686340332
9.582731246948242
7.528784275054932
8.66867733001709
8.167311668395996
10.89676284790039
12.113692283630371
13.707324981689453
13.185898780822754
7.3272318840026855
10.922257423400879
8.24527359008789
7.932020664215088
10.626008033752441
11.408547401428223
10.201237678527832
13.825997352600098
8.758476257324219
7.208151340484619
10.931097030639648
8.270865440368652
9.916731834411621
19.36769676208496
29.610332489013672
9.302521705627441
9.313161849975586
10.306999206542969
10.878127098083496
14.733912467956543
10.70632553100586
8.532044410705566
10.168910026550293
7.731152534484863
13.378889083862305
9.408926963806152
13.126582145690918
11.471148490905762
9.898715019226074
9.006735801696777
10.712940216064453
13.319228172302246
11.451337814331055
7.6828413009643555
13.16372299194336
10.761457443237305
7.8871378898620605
10.033330917358398
7.900339126586914
9.064374923706055
9.973366737365723
10.147491455078125
8.120763778686523
9.75186824798584
11.17105484008789
9.923078536987305
20.941246032714844
8.636115074157715
11.810443878173828
9.873762130737305
10.65561294555664
9.731742858886719
10.4503173828125
10.081966400146484
10.267901420593262
8.166476249694824
10.400740623474121
11.79471206665039
9.511534690856934
10.010705947875977
10.379560470581055
11.93276596069336
8.263631820678711
9.466561317443848
20.160747528076172
21.006162643432617
17.154224395751953
11.203059196472168
15.64001750946045
7.930766582489014
12.401876449584961
10.470351219177246
7.546680927276611
9.054985046386719
13.196355819702148
9.933586120605469
8.907266616821289
8.073875427246094
6.93109130859375
7.345373630523682
18.583581924438477
8.610255241394043
8.284151077270508
8.532783508300781
9.262377738952637
9.09882926940918
6.864366054534912
7.643439769744873
7.409067153930664
7.1061601638793945
26.174863815307617
14.795584678649902
8.927294731140137
14.446855545043945
20.773330688476562
8.589864730834961
8.848106384277344
12.18770980834961
8.274421691894531
8.020639419555664
14.332326889038086
9.731463432312012
8.400216102600098
8.123376846313477
12.110896110534668
12.068333625793457
8.815073013305664
12.153578758239746
8.108068466186523
7.917020797729492
9.688102722167969
11.593461990356445
7.146327018737793
22.8549861907959
7.032382011413574
7.346126079559326
8.319790840148926
13.229479789733887
12.360180854797363
7.388513088226318
8.43237590789795
13.393306732177734
11.376574516296387
8.123598098754883
8.874317169189453
8.695566177368164
9.95861530303955
19.382116317749023
13.239182472229004
18.802980422973633
9.896666526794434
10.708902359008789
8.167006492614746
21.231332778930664
7.760075569152832
14.370050430297852
8.177407264709473
8.557065963745117
8.931955337524414
8.992846488952637
9.918749809265137
8.963410377502441
11.904094696044922
9.029102325439453
8.257087707519531
11.911609649658203
8.359572410583496
9.011391639709473
20.5059814453125
9.129557609558105
11.530466079711914
8.912897109985352
9.238875389099121
7.469425201416016
13.83163070678711
6.3544182777404785
21.886381149291992
10.498302459716797
8.258596420288086
6.382508754730225
7.527056694030762
19.693498611450195
10.668150901794434
16.785381317138672
7.586865425109863
8.032807350158691
11.379544258117676
8.105616569519043
11.930887222290039
8.17480754852295
11.764482498168945
8.733497619628906
9.119616508483887
6.940667629241943
7.981013774871826
10.08401107788086
7.863323211669922
9.498237609863281
7.912691116333008
10.228754043579102
7.448019027709961
12.088763236999512
10.057454109191895
8.690902709960938
18.759641647338867
7.821662425994873
9.423892974853516
7.2311811447143555
8.389161109924316
8.232671737670898
11.191507339477539
12.859184265136719
10.040631294250488
8.616316795349121
6.446084022521973
7.80129861831665
7.190608024597168
10.3336820602417
9.225773811340332
9.715707778930664
10.782005310058594
22.04625701904297
13.785724639892578
7.784849166870117
9.259346961975098
7.015779495239258
6.316019058227539
6.4712653160095215
12.675833702087402
8.688257217407227
11.493738174438477
7.985916614532471
8.97182559967041
6.477928638458252
8.361712455749512
8.804224014282227
8.275144577026367
9.40479850769043
8.472290992736816
12.940342903137207
14.515030860900879
23.53921890258789
13.089158058166504
6.886048793792725
7.614944934844971
9.172438621520996
7.414934158325195
15.03268051147461
9.688666343688965
7.711838245391846
8.027059555053711
8.70791244506836
5.7899651527404785
6.38638162612915
6.738702297210693
6.3931660652160645
7.519411563873291
8.849190711975098
7.201429843902588
12.13930892944336
8.75451946258545
8.33122730255127
6.4943647384643555
8.556983947753906
7.4737548828125
6.256741523742676
9.941841125488281
6.985584735870361
6.67477560043335
6.471853733062744
10.323596954345703
8.608086585998535
8.845645904541016
17.000438690185547
10.588384628295898
11.413928985595703
9.117955207824707
8.665141105651855
6.326785087585449
6.461272716522217
6.47843074798584
10.933649063110352
14.823472023010254
10.243945121765137
13.733246803283691
9.094151496887207
9.066946029663086
8.218214988708496
10.822284698486328
10.368773460388184
9.275075912475586
6.498675346374512
11.397721290588379
7.413325309753418
6.822690963745117
6.776632308959961
10.270232200622559
6.307804107666016
8.315702438354492
11.344862937927246
7.305654525756836
6.444913387298584
8.524869918823242
8.231520652770996
6.902587413787842
17.77936363220215
20.306568145751953
18.120235443115234
6.050420761108398
13.924324989318848
6.254669189453125
5.941045761108398
9.151264190673828
7.596003532409668
8.088330268859863
7.218822479248047
10.976335525512695
15.499581336975098
6.236912727355957
8.448860168457031
7.327836513519287
8.656295776367188
8.922250747680664
8.310830116271973
10.916180610656738
7.414636611938477
10.771414756774902
6.923233509063721
6.909791946411133
7.5198822021484375
7.7773027420043945
8.184321403503418
7.85983419418335
14.275623321533203
6.286038398742676
5.946044921875
9.828963279724121
10.908241271972656
11.759478569030762
8.000784873962402
8.177844047546387
6.573268413543701
15.302051544189453
7.520544052124023
6.402370452880859
6.056615829467773
10.77764892578125
7.646688461303711
6.922794818878174
7.350643157958984
9.574978828430176
7.577662467956543
11.002344131469727
6.655068874359131
8.684735298156738
21.335512161254883
12.406242370605469
11.649696350097656
7.656999111175537
10.684609413146973
8.192776679992676
6.034590244293213
8.913738250732422
9.920981407165527
6.478598594665527
7.632766246795654
6.103633403778076
14.194087982177734
8.753089904785156
8.449573516845703
9.266568183898926
11.740382194519043
8.79638957977295
8.009199142456055
9.201541900634766
9.2329683303833
6.975982666015625
6.923583984375
5.81570291519165
13.207297325134277
9.864224433898926
7.4095354080200195
12.145956039428711
6.653406143188477
12.292795181274414
6.734500885009766
7.513166427612305
7.782064914703369
6.103432655334473
6.479681491851807
11.477246284484863
6.888145923614502
6.287644863128662
8.046728134155273
10.228256225585938
7.972907543182373
12.041243553161621
8.036850929260254
14.534257888793945
9.101519584655762
6.867358207702637
8.018354415893555
17.329957962036133
6.458513259887695
8.560635566711426
26.04050064086914
6.412693500518799
7.347912788391113
7.910435199737549
6.865545272827148
7.21514892578125
9.4385404586792
6.356318950653076
8.527913093566895
6.82073974609375
14.99715805053711
6.507842540740967
9.653142929077148
8.123941421508789
7.547729015350342
9.222528457641602
7.134050369262695
15.728529930114746
5.298975944519043
8.930312156677246
20.709609985351562
11.270305633544922
11.81837272644043
7.967370986938477
8.153465270996094
9.894726753234863
7.794086933135986
5.747943878173828
6.077882766723633
11.9286470413208
8.643567085266113
6.17038106918335
11.868029594421387
6.709597587585449
6.909959316253662
6.836129188537598
9.538530349731445
6.3077802658081055
10.083608627319336
7.457330703735352
6.725103855133057
15.402013778686523
7.933724880218506
11.948548316955566
9.285296440124512
6.867809295654297
11.272370338439941
5.470432281494141
6.649693012237549
6.228168487548828
7.21694278717041
8.326360702514648
8.134834289550781
12.945128440856934
5.151646614074707
5.65817403793335
7.948211669921875
12.012289047241211
6.964058876037598
6.156910419464111
6.712622165679932
5.367819309234619
7.152895450592041
5.556927680969238
9.105740547180176
6.0960612297058105
5.3919148445129395
5.94479513168335
15.648883819580078
7.217512607574463
6.615781784057617
6.302495956420898
6.592389106750488
10.253567695617676
7.372785568237305
4.921962738037109
5.765527248382568
7.171205997467041
7.491540431976318
5.265710353851318
7.91461181640625
5.653810024261475
6.581819534301758
8.011826515197754
5.1325836181640625
6.574009418487549
9.487424850463867
9.896895408630371
5.150367259979248
4.5847344398498535
8.10927677154541
6.101136684417725
7.462518215179443
8.692462921142578
22.736631393432617
12.573464393615723
9.907526016235352
5.910048007965088
14.024853706359863
6.1234941482543945
8.665325164794922
5.678592681884766
6.892600059509277
11.244359970092773
13.916760444641113
10.05958080291748
6.9057183265686035
8.839522361755371
6.559283256530762
8.127573013305664
8.556798934936523
6.273674488067627
11.52939224243164
5.731012344360352
5.802496433258057
8.429071426391602
5.726362705230713
6.499073505401611
6.719396591186523
5.365046977996826
10.480093955993652
7.953227519989014
7.029316425323486
4.952600002288818
14.072726249694824
13.274662017822266
8.235710144042969
7.388943672180176
13.896943092346191
5.568499565124512
6.305985927581787
7.217008590698242
5.8641839027404785
5.216014385223389
6.891478061676025
6.862424373626709
5.678050518035889
7.3579792976379395
7.6943464279174805
5.7449846267700195
7.30794620513916
4.789851188659668
5.9473347663879395
5.196041107177734
7.022660732269287
13.330883026123047
6.2428388595581055
5.989848613739014
15.252971649169922
5.734200477600098
5.824024200439453
8.997993469238281
10.393453598022461
11.716517448425293
5.261509895324707
7.056331634521484
6.537353038787842
6.864159107208252
6.405919075012207
6.148016452789307
4.8862080574035645
4.411513805389404
6.740273475646973
8.473649024963379
6.174309730529785
5.10917854309082
7.29017448425293
10.065853118896484
6.2464423179626465
5.660053730010986
8.339571952819824
6.834454536437988
6.278828144073486
6.1484293937683105
6.356741428375244
6.333906173706055
7.058124542236328
5.717963695526123
7.3727126121521
4.770696640014648
5.883273124694824
5.809097766876221
5.3256402015686035
5.23854923248291
5.91444206237793
7.473254203796387
11.71428108215332
20.207738876342773
12.07020378112793
13.425929069519043
21.226972579956055
9.975406646728516
13.088000297546387
5.145421028137207
6.007040500640869
8.384838104248047
6.548038959503174
5.6367974281311035
12.542372703552246
6.734419345855713
6.924826145172119
6.21461296081543
5.690689563751221
5.32102108001709
7.568612098693848
6.119326114654541
6.729610443115234
4.650857925415039
5.977675914764404
5.655842304229736
5.841781139373779
5.857893466949463
7.366488456726074
5.046433925628662
7.3843865394592285
6.7004618644714355
5.153165817260742
5.5345563888549805
12.444812774658203
7.402679443359375
4.670867443084717
5.073663711547852
11.192042350769043
9.253244400024414
4.925096035003662
7.977212429046631
6.005852699279785
6.782012939453125
4.5164899826049805
7.569394588470459
5.742491245269775
6.627755641937256
7.726970672607422
9.58901596069336
13.828001976013184
13.625022888183594
4.4551262855529785
6.235147476196289
8.198870658874512
6.356118202209473
5.676689624786377
5.6540069580078125
20.840612411499023
5.118561744689941
4.852292537689209
6.936981678009033
5.6978230476379395
7.565067291259766
8.711633682250977
17.499242782592773
9.649252891540527
9.541077613830566
6.246622085571289
15.933075904846191
6.544505596160889
6.683089733123779
8.12183952331543
6.35755729675293
5.940242290496826
6.144000053405762
7.305078506469727
10.642902374267578
5.225004196166992
4.805903434753418
9.029470443725586
10.294957160949707
9.399250030517578
10.29690170288086
8.773209571838379
9.900213241577148
5.834397792816162
4.717662811279297
5.194947719573975
8.529650688171387
5.044980049133301
7.016986846923828
6.535202503204346
4.948367118835449
17.469173431396484
5.139420032501221
6.219123363494873
6.510081768035889
7.0057878494262695
5.215014457702637
6.8346123695373535
5.046716690063477
6.215153694152832
5.56839656829834
6.196963310241699
8.802223205566406
6.102774143218994
9.679853439331055
5.301755428314209
6.151239395141602
5.510307788848877
4.363739967346191
5.709484100341797
8.738931655883789
9.51390266418457
7.1136932373046875
6.207399845123291
9.715978622436523
4.237301349639893
4.767364978790283
8.707448959350586
8.133718490600586
4.03706169128418
5.304586887359619
7.2956743240356445
5.607626438140869
5.109501361846924
5.597489833831787
9.741199493408203
6.770985126495361
11.854430198669434
7.5997395515441895
7.652165412902832
9.847752571105957
4.846823215484619
5.592526435852051
4.6754631996154785
5.765463352203369
5.3001790046691895
9.977917671203613
8.059305191040039
8.568463325500488
14.064539909362793
6.795151233673096
4.7373576164245605
4.079745292663574
8.510010719299316
4.6175994873046875
10.318066596984863
7.680302619934082
8.001311302185059
9.872126579284668
7.285515308380127
8.195636749267578
7.531113147735596
8.0821533203125
4.7177414894104
4.581097602844238
5.4507951736450195
5.320874214172363
4.9759745597839355
11.02926254272461
4.543455600738525
11.600577354431152
12.001664161682129
5.802218437194824
7.9598212242126465
12.711786270141602
7.244817733764648
6.001246452331543
5.546215057373047
7.716731071472168
4.121993541717529
5.9457783699035645
4.919906139373779
6.096356391906738
5.9575042724609375
10.5382719039917
5.100600719451904
6.137450695037842
4.922235012054443
6.053061485290527
7.460972309112549
6.334937572479248
5.6869378089904785
6.603425979614258
5.689032554626465
8.145397186279297
4.205073833465576
11.221938133239746
6.702418327331543
5.2777228355407715
5.261196136474609
12.435877799987793
7.763859272003174
6.710874557495117
4.446822643280029
5.178997993469238
3.607374906539917
7.647151470184326
5.765501499176025
3.9123549461364746
9.468300819396973
4.382425308227539
8.215551376342773
5.811312675476074
7.007943153381348
6.618474960327148
5.280460834503174
8.312076568603516
7.998163223266602
4.445285320281982
5.633711338043213
9.061871528625488
14.327295303344727
10.371429443359375
6.549630641937256
6.903686046600342
5.761826038360596
4.404237270355225
4.306561470031738
6.273372173309326
5.497628688812256
5.162642955780029
6.497030258178711
7.1322407722473145
9.661211967468262
6.696358680725098
4.347838878631592
10.737641334533691
4.7124199867248535
7.945399761199951
5.511842727661133
4.504392623901367
4.657705783843994
5.469977855682373
4.463451385498047
5.339560031890869
4.805302619934082
5.4709930419921875
4.354029655456543
4.937566757202148
6.348902702331543
4.963387966156006
4.542217254638672
5.0313849449157715
8.715256690979004
5.452531814575195
4.8867082595825195
8.480134010314941
6.343869209289551
5.87882137298584
4.843401908874512
4.68964958190918
4.456497669219971
7.547224044799805
5.198615074157715
5.03101110458374
10.41425895690918
5.184688568115234
5.235490322113037
5.047359466552734
6.2261433601379395
7.536289215087891
9.422507286071777
10.739466667175293
15.833906173706055
7.773463249206543
5.271512985229492
5.625021934509277
4.289149761199951
3.995384454727173
10.224212646484375
10.342267036437988
11.379589080810547
6.51215934753418
5.407730579376221
5.806290149688721
6.367121696472168
5.057738780975342
5.363959789276123
3.609151840209961
8.807130813598633
8.185935020446777
4.983816146850586
4.02972412109375
3.866791009902954
4.049335956573486
4.300895690917969
4.216536045074463
5.244879722595215
4.160449981689453
6.5401611328125
4.647716045379639
7.869507312774658
17.682729721069336
3.857893466949463
6.354770660400391
4.214736461639404
4.495307445526123
5.462700843811035
5.401625156402588
3.6848196983337402
4.814784049987793
13.725303649902344
5.96347713470459
8.003262519836426
6.130483627319336
4.608992576599121
8.758694648742676
5.962935924530029
7.311767101287842
12.897295951843262
3.837507724761963
5.2673115730285645
5.152785778045654
3.7379097938537598
6.539441108703613
5.978820323944092
6.1879167556762695
4.575528144836426
8.979589462280273
4.93276309967041
5.691373348236084
4.195913314819336
6.413607597351074
3.982797145843506
5.193910121917725
4.067645072937012
8.300110816955566
3.1889655590057373
4.365294456481934
6.1410393714904785
6.898224353790283
7.266211032867432
4.124053955078125
4.678500175476074
6.548616886138916
3.5379323959350586
4.36945915222168
6.809861660003662
6.958744049072266
3.7219314575195312
4.025382041931152
5.489745616912842
7.242056369781494
6.718088150024414
7.01723575592041
3.735161781311035
5.742845058441162
4.611375331878662
5.828546047210693
5.294574737548828
4.269644737243652
11.513254165649414
3.4089598655700684
3.956366777420044
24.68228530883789
22.48577117919922
3.6481549739837646
5.104823589324951
3.950620412826538
3.589792251586914
3.1768500804901123
4.707704067230225
6.427089214324951
5.761984348297119
6.990605354309082
6.318716526031494
3.3064215183258057
4.51869010925293
3.8004825115203857
6.7329559326171875
11.20376968383789
3.9012649059295654
4.263702869415283
4.588263034820557
4.204141139984131
6.701065540313721
3.2733633518218994
4.662870407104492
4.311930179595947
8.304798126220703
6.414341926574707
7.864248275756836
4.124675750732422
6.078282356262207
13.746447563171387
3.8184938430786133
7.2866950035095215
4.184957504272461
6.09090518951416
3.5326759815216064
6.780275344848633
4.189261436462402
19.558521270751953
7.978397369384766
4.82399845123291
15.178674697875977
10.45382308959961
21.884775161743164
8.987237930297852
3.7648987770080566
6.6878180503845215
4.494390964508057
5.365638256072998
7.682921886444092
4.530969142913818
4.935520172119141
4.956784248352051
8.792616844177246
6.0923566818237305
4.828902721405029
8.995534896850586
3.741283655166626
4.329622745513916
5.56222677230835
6.110330581665039
6.5334696769714355
4.527024745941162
5.037707328796387
5.195599555969238
4.620171070098877
5.008240699768066
6.034233570098877
4.084053993225098
5.076108932495117
5.355558395385742
5.0506272315979
8.495833396911621
4.4965949058532715
5.18253231048584
3.588222026824951
7.306859016418457
4.578884124755859
5.710725784301758
6.868348598480225
4.776765823364258
6.5096940994262695
7.6132588386535645
6.142164707183838
6.6505632400512695
3.6414926052093506
9.614301681518555
4.11745548248291
4.080412864685059
3.9738259315490723
13.369632720947266
6.4404401779174805
8.3076753616333
12.048413276672363
3.2388107776641846
4.054454803466797
3.337719202041626
4.842906951904297
7.165176868438721
7.997332572937012
3.6326067447662354
5.152398586273193
4.9130449295043945
6.255214214324951
9.39614486694336
4.643003940582275
5.407571315765381
4.232851505279541
3.783339023590088
3.4046554565429688
18.15962028503418
5.592926502227783
3.53315806388855
10.93640422821045
4.927934169769287
6.699957370758057
4.563669204711914
4.717987060546875
7.425994873046875
3.4673709869384766
6.833114147186279
4.655096054077148
3.0151517391204834
4.285770416259766
4.574938774108887
3.820333242416382
3.347078561782837
7.863215446472168
6.688235282897949
8.522128105163574
3.231879234313965
5.486423969268799
3.89487361907959
4.965404510498047
8.507451057434082
11.560190200805664
15.300891876220703
6.591129302978516
7.678201198577881
4.995116710662842
8.351785659790039
3.048677444458008
3.723062753677368
5.555200576782227
4.158389091491699
8.746585845947266
4.445660591125488
4.733028411865234
6.683051586151123
5.529855251312256
4.18383264541626
3.055281639099121
6.970846652984619
4.648498058319092
3.7597262859344482
6.658660888671875
4.266409873962402
7.63394021987915
5.6145405769348145
22.168142318725586
8.787938117980957
15.755309104919434
4.085916996002197
5.839044094085693
12.625580787658691
5.033298492431641
4.593108654022217
9.73795223236084
3.8381893634796143
17.45283317565918
6.437229156494141
6.865609169006348
5.542373180389404
5.7188262939453125
4.380524158477783
3.7117905616760254
4.210416316986084
4.262084007263184
6.667649745941162
4.389847278594971
5.029614448547363
3.4389679431915283
3.707728385925293
17.619726181030273
3.9230270385742188
4.982425689697266
3.6857340335845947
3.6853020191192627
6.046184062957764
9.217495918273926
4.702899932861328
3.640850305557251
4.365487575531006
8.713650703430176
4.6762285232543945
3.840895414352417
3.6532883644104004
7.796552658081055
3.076572895050049
3.751467704772949
3.5730397701263428
3.498422145843506
3.5147838592529297
6.0649824142456055
5.713047981262207
9.246665954589844
4.818686008453369
5.143715858459473
7.272338390350342
3.994389057159424
4.098440170288086
5.8629279136657715
4.397883415222168
2.979491949081421
4.445643424987793
2.9681081771850586
6.0489501953125
6.081082344055176
6.593067646026611
8.744851112365723
6.639463424682617
4.6591925621032715
3.7435553073883057
6.430415153503418
4.179752349853516
4.065642833709717
3.890584945678711
11.085301399230957
9.461294174194336
4.798075199127197
3.051809310913086
8.402737617492676
3.364093542098999
3.893066167831421
3.5381131172180176
5.064424514770508
5.016102313995361
3.455484390258789
8.613094329833984
3.7162344455718994
4.8100266456604
3.9768378734588623
3.7270233631134033
3.653451442718506
4.103063106536865
3.3286819458007812
6.413248062133789
3.489382028579712
3.6573832035064697
5.483195781707764
4.659238815307617
4.440421104431152
3.166105270385742
6.267803192138672
3.188990831375122
2.8713934421539307
3.820310115814209
4.648466110229492
8.667189598083496
2.8643860816955566
4.195501327514648
8.59035587310791
3.088583469390869
6.3265461921691895
4.550476551055908
4.608222007751465
4.996706962585449
8.12053394317627
3.457904100418091
4.740241050720215
4.906253814697266
4.384519577026367
4.527070999145508
4.725396156311035
7.202523708343506
4.741720199584961
3.134564161300659
3.2650198936462402
5.418590545654297
4.554991245269775
6.702995777130127
3.4637320041656494
3.557666063308716
3.339694023132324
38.669681549072266
4.061556816101074
4.374171257019043
2.9386532306671143
22.57427215576172
3.4222753047943115
7.58592414855957
9.532936096191406
3.302159070968628
6.1204986572265625
3.909714460372925
2.7823455333709717
5.266409873962402
2.940431594848633
3.5431652069091797
7.165211200714111
6.537215709686279
4.0940165519714355
3.1456964015960693
5.335910797119141
4.741403579711914
8.507377624511719
3.3203651905059814
3.054412841796875
3.5360333919525146
5.050542831420898
3.1947340965270996
4.437208652496338
4.406856536865234
2.8854079246520996
5.617006778717041
4.432968616485596
3.9905426502227783
6.601992130279541
4.517989158630371
2.9085464477539062
8.606186866760254
4.440042972564697
3.5529723167419434
2.8941879272460938
7.376179218292236
3.8603293895721436
2.8666868209838867
13.816089630126953
3.0327107906341553
3.796259880065918
4.199145317077637
2.777543544769287
3.628054618835449
3.7685325145721436
4.2972917556762695
3.0177841186523438
4.0112738609313965
5.283183574676514
3.389463424682617
2.876657009124756
3.5229663848876953
3.80570650100708
9.537822723388672
4.499670028686523
5.255342960357666
4.8447465896606445
15.843160629272461
3.018745183944702
3.025700569152832
3.428579092025757
4.702377796173096
2.8245229721069336
4.240667819976807
3.618098735809326
4.416968822479248
4.796538829803467
7.011225700378418
4.521705150604248
5.378531455993652
4.7826972007751465
4.519995212554932
6.42771053314209
6.601292133331299
4.202926158905029
4.645838737487793
3.0090670585632324
3.0415117740631104
3.4772603511810303
3.208791494369507
5.305469989776611
2.9098706245422363
3.0984134674072266
2.973165273666382
4.326626300811768
2.453918695449829
6.927745819091797
2.9743480682373047
3.102628707885742
5.6545329093933105
3.4775164127349854
3.3529369831085205
6.8157501220703125
3.0012552738189697
9.838303565979004
5.272881507873535
5.140777587890625
2.883629560470581
4.031440258026123
4.940145015716553
4.104079723358154
4.909457206726074
10.227514266967773
3.3729512691497803
2.764453649520874
9.729776382446289
2.854074478149414
3.545866012573242
2.5145225524902344
3.3017148971557617
3.9714419841766357
8.405533790588379
5.317009449005127
5.216578960418701
4.6247406005859375
3.880399465560913
8.660785675048828
3.9940712451934814
10.669737815856934
3.650801181793213
2.9307327270507812
3.662705183029175
4.1378984451293945
6.704694747924805
3.396339178085327
2.9508917331695557
4.980468273162842
2.962062120437622
4.314324855804443
5.069123268127441
3.6018948554992676
3.3028063774108887
2.976663112640381
4.742160320281982
3.836038827896118
3.416449546813965
3.82197642326355
4.472257614135742
2.975470542907715
3.2098453044891357
3.2134225368499756
2.771462917327881
4.893080234527588
3.031001091003418
4.557693958282471
4.373983383178711
4.182607650756836
3.567718505859375
3.1024844646453857
3.35649037361145
4.056883335113525
3.0691909790039062
3.4028756618499756
7.3301682472229
2.5993828773498535
8.010967254638672
3.9460830688476562
3.2456603050231934
17.921226501464844
4.416306972503662
5.2638678550720215
7.903316020965576
3.0308241844177246
4.734836578369141
3.421999454498291
3.3305437564849854
4.817227840423584
2.8236007690429688
3.418516159057617
3.4288337230682373
3.2251064777374268
5.112733364105225
5.613457202911377
3.113247871398926
4.104670524597168
2.3801112174987793
3.225162982940674
3.821779251098633
4.939694404602051
3.5556344985961914
5.865201473236084
4.578120231628418
3.6849231719970703
6.009709358215332
3.660994291305542
2.5836777687072754
4.901270866394043
3.1596081256866455
4.184023857116699
2.716632127761841
3.073305368423462
3.9503729343414307
3.9532670974731445
4.7145891189575195
4.926080226898193
4.604953765869141
7.097850322723389
2.0979604721069336
4.627537250518799
3.6427249908447266
9.831449508666992
4.9054412841796875
6.420632362365723
2.861422538757324
3.6012063026428223
2.3372626304626465
7.823579788208008
5.226153373718262
4.477852821350098
3.8759450912475586
3.450613498687744
3.794689655303955
4.461410045623779
4.51106595993042
2.819354772567749
5.055129528045654
2.5205140113830566
11.684391975402832
18.91423225402832
3.2319018840789795
6.003805637359619
4.695468425750732
2.8386411666870117
2.7398641109466553
2.6078014373779297
2.6041126251220703
2.5409040451049805
2.3645663261413574
5.809535026550293
4.009994029998779
2.574911594390869
3.8253958225250244
4.748996257781982
4.930529594421387
4.40934944152832
3.7435903549194336
3.5960137844085693
2.534040927886963
3.607109308242798
3.409726858139038
2.444955587387085
3.8408362865448
4.928789138793945
6.475289821624756
2.671940565109253
2.679671049118042
2.675881862640381
6.236574649810791
6.949597358703613
2.7827537059783936
4.038107395172119
5.813957691192627
3.798496961593628
2.1518287658691406
3.3661510944366455
2.68385648727417
4.549970626831055
2.9060518741607666
2.359614133834839
2.8516812324523926
2.8183743953704834
5.6191935539245605
4.376394271850586
3.5919055938720703
2.707057237625122
2.710158348083496
8.445595741271973
3.1670544147491455
2.4969568252563477
3.714522361755371
3.2886550426483154
3.845304250717163
6.035495758056641
1.9458861351013184
5.00697660446167
2.922110080718994
3.115135431289673
4.2156267166137695
2.4496095180511475
2.276874303817749
3.712085485458374
3.2024712562561035
7.318398952484131
2.6468331813812256
2.937800884246826
3.056170701980591
2.7403054237365723
4.152578830718994
6.89096212387085
6.812144756317139
