4645.6122704711515
3453.141424485914
4125.05020960034
3104.661959784004
3670.5902903690235
3318.003430194696
3900.628573484218
3114.5502096003397
3573.859067178675
3644.5502096003397
3041.0502096003397
4237.05020960034
3229.110327856919
3748.5502096003397
6523.55020960034
4520.610327856919
3435.524135560835
3811.7432052030617
3954.0502096003397
3917.110327856919
3747.5502096003397
4262.628573484219
3387.60909429561
6072.418437983831
4176.55020960034
3449.1858781170004
4190.91843798383
4649.05020960034
3403.65262058229
3669.628573484218
4021.9426910616794
3738.024135560835
3442.0502096003397
3858.5502096003397
3522.854302217641
4599.55020960034
3353.2860822578014
4568.418437983831
3482.024135560835
3766.128573484218
3282.0502096003397
4468.128573484219
3448.0187687374078
4257.55020960034
3882.4184379838293
3796.8720481160335
3651.524135560835
4027.1418179927487
4565.6122704711515
4070.0575014528968
4147.128573484219
3275.5502096003397
3534.610327856919
4070.0502096003397
3779.610327856919
3231.062675936881
3429.610327856919
3706.5502096003397
3363.5944926867137
3693.3475702488445
3182.6458044884535
4203.55020960034
3993.5502096003397
3731.206689504814
3716.52269022988
3696.5502096003397
4551.05020960034
3768.9418267618607
3371.3274589948364
3150.727804442504
3669.1400352878813
3825.8853488420277
4571.1122704711515
3603.1314315938776
3173.024135560835
4072.479569788417
3615.5502096003397
4160.941826761861
3462.1023456629214
4471.6122704711515
3876.0502096003397
3793.0502096003397
4002.110327856919
4319.55020960034
4685.6122704711515
3577.024135560835
3420.54666153144
3137.202678590782
4018.0502096003397
3216.0502096003397
3847.0070923809462
3468.610327856919
4078.0502096003397
3978.647785606061
3648.0502096003397
3454.1295215631917
3649.128573484218
3330.5332738271795
4095.6585577605465
3340.8032724678374
3635.5502096003397
3897.0502096003397
3872.110327856919
3884.5502096003397
3556.9418267618607
3565.628573484218
3761.0502096003397
3535.110327856919
4226.789914474902
4553.736989967084
4203.91843798383
4404.444578389879
3540.0502096003397
4560.818770826428
3757.7899144749017
3453.4418267618607
4118.94182676186
4348.628573484218
3538.9418267618607
4174.6924092176905
4003.112274047012
4398.631433656276
4684.55020960034
3441.737681765522
3417.524135560835
4036.524135560835
4154.3359486449945
3531.0502096003397
5678.55020960034
3701.110327856919
3535.670727497384
3641.9184379838293
3899.5502096003397
3480.73659199629
4626.55020960034
4060.9184379838293
5947.008388017487
3933.9418267618607
3628.161959784004
3842.110327856919
4005.0502096003397
4473.739944852741
4020.6182728471563
3498.9418267618607
3728.628573484218
4389.05020960034
4134.8343413990715
3774.024135560835
3770.0502096003397
3264.9199685612502
4198.628573484219
4272.55020960034
3244.160277196468
4029.23659199629
4604.55020960034
3636.6400352878813
3660.0502096003397
3715.0502096003397
4583.55020960034
4075.7175897342786
3116.9416308826953
3875.5502096003397
3500.612270471152
3577.5716690682134
3346.524135560835
4513.05020960034
4312.562675936881
6291.035098931938
4377.902539636467
3953.024135560835
3559.4600772998156
4049.610327856919
4369.418437983831
4671.9119205806155
4006.5944684640526
3654.4418267618607
6064.784571090196
3242.780329617361
3574.3274589948364
3810.6615092447714
3588.628573484218
3552.94066312141
3653.0502096003397
4164.860962626619
4332.55020960034
3271.770354923205
4424.236591996291
3987.0502096003397
3596.524135560835
3397.9926985983493
4018.9184379838293
3072.628573484218
3375.5865305420757
3343.524135560835
3564.524135560835
4285.418437983831
3210.8274589948364
5557.05020960034
4157.685878117
3165.524135560835
3999.9184379838293
3251.0346338263216
3556.9184379838293
3173.594801802687
4144.55020960034
3713.5502096003397
3622.641424485914
5304.488056500119
3184.4600772998156
3370.8008624027616
3502.73659199629
4682.55020960034
3821.112270471152
3392.024135560835
3346.628573484218
4356.5853981151495
3596.0502096003397
3841.024135560835
3598.5502096003397
5092.05020960034
3608.5502096003397
3512.5502096003397
4861.418437983831
3591.439680682107
3645.209799212283
3546.628573484218
3778.5564440367166
3577.112270471152
4434.236989967084
3825.5008344241514
3545.711775840266
3680.5044602000494
4491.2046884054125
5823.437671964414
3274.5502096003397
3365.024135560835
3777.0502096003397
5852.005984891294
4765.610327856919
3953.4184379838293
3638.2369899670825
4240.612274047012
5012.05020960034
3207.0502096003397
3989.170283487472
3263.0502096003397
3202.7585179195853
3853.5502096003397
6073.335948645005
3655.661460598127
3311.5338108915794
3623.3359486449945
5945.687149260716
4493.148376543941
3562.1547480127642
3891.612270471152
3918.610327856919
3493.110327856919
4166.55020960034
3957.612274047012
3612.4184379838293
3886.6874552857867
5625.55020960034
3571.0502096003397
3811.0502096003397
4662.941826761861
5661.093597080798
3678.0502096003397
3735.921896451534
4287.55020960034
3672.5502096003397
3467.5502096003397
3899.514501796066
3108.00094177899
3025.628573484218
4647.110327856919
3449.524135560835
5701.55020960034
3300.161959784004
3619.4184379838293
5997.505984891294
4691.236989967084
3396.3274589948364
4183.566207239645
3428.110327856919
4088.0502096003397
4377.043751830166
3248.0341489848593
3827.9184379838293
5936.55020960034
4051.612270471152
3592.110327856919
3515.128573484218
4265.96874196484
3764.419658440254
3395.6895414676897
3240.5502096003397
3910.110327856919
3978.0141752639615
4168.05020960034
3482.024135560835
3545.661959784004
4741.05020960034
4430.05020960034
3835.5538473686133
4219.736989967082
4219.55020960034
3780.0502096003397
3328.612270471152
3424.684458945191
4018.9184379838293
3928.623686437599
3651.5502096003397
3257.0502096003397
3753.524135560835
3751.0502096003397
3733.024135560835
3911.0502096003397
4107.628573484219
3736.024135560835
4058.8343413990715
4515.55020960034
4178.55020960034
3928.236402636692
3438.024135560835
4389.736591996291
3984.5502096003397
3846.7675251713667
4084.1229558793375
5905.918437983831
3792.4184379838293
3276.280329617361
3681.123686437599
3356.524135560835
4005.170283487472
3673.610327856919
3540.5502096003397
3598.9119205806155
4022.474743354292
3598.7897809661
3618.3787346918366
3519.110327856919
3916.5502096003397
4360.05020960034
5058.05020960034
4088.5502096003397
3773.8720481160335
3280.9247149658977
3924.5502096003397
3171.6403591489116
4770.628573484219
3698.628573484218
4506.917823176508
3954.706689504814
4215.041280579522
4088.4184379838293
3462.8125168821034
3730.5502096003397
3080.8416317735846
4353.110327856919
3701.628573484218
3229.73659199629
3851.128573484218
4271.05020960034
3567.5502096003397
4300.685878117
3924.094969459126
5763.05020960034
4464.736591996291
4933.55020960034
3876.8343413990715
3116.524135560835
3512.524135560835
4094.0502096003397
4821.05020960034
3600.5232215729347
3949.9418267618607
4378.401972193938
5286.076377921546
4006.8912675281567
3746.128573484218
4091.0502096003397
3891.5502096003397
3421.359223220262
3277.628573484218
4321.55020960034
3368.610327856919
4039.3359486449945
3645.623686437599
6257.008276848585
3554.1858781170004
3502.4184379838293
4268.05020960034
5597.236591996291
4425.960898155848
3765.0502096003397
3212.610327856919
5896.508276848585
3704.128573484218
3296.661959784004
4182.1585561128295
3642.5502096003397
3412.610327856919
3868.73659199629
4514.524135560835
3728.195869010527
4174.55020960034
3195.0502096003397
3823.397142103597
3865.024135560835
3910.623686437599
3393.128573484218
3055.024135560835
3638.1182728471563
4368.05020960034
3839.1818883613532
3997.9184379838293
3520.515837239603
3689.98894622348
4420.05020960034
3525.247376564311
4111.628573484219
4075.5502096003397
5890.5059848885085
4581.524135560835
3540.736989967084
3990.628573484218
3494.0502096003397
4491.215175040158
4052.1561352320577
3974.5502096003397
3542.024135560835
3416.024135560835
4296.024135560835
4191.236989967082
4685.55020960034
4162.55020960034
4211.745921644993
3945.23659199629
3981.1585561128295
4523.628573484219
3316.524135560835
3975.628573484218
4661.197706671868
3448.73659199629
3877.1314315938776
4498.05020960034
3667.6776389603747
4327.05020960034
3745.9899560977033
4029.5502096003397
3927.079110872574
4195.1122704711515
3350.061272378992
3419.3720481160335
3256.405019518727
3567.603916140719
4423.05020960034
4984.05020960034
4264.902354124859
3900.5502096003397
3506.0502096003397
4007.0370423303843
4648.05020960034
3583.0204017361502
4668.918437983831
3734.789365073525
3838.5367657732804
4010.110327856919
7512.418437983831
3224.0502096003397
3277.73659199629
4309.05020960034
3399.737168723485
6818.941826761861
6116.918437983831
3688.8274589948364
3940.974447116384
5656.451241250114
3472.661959784004
4100.391267528157
5642.036160644054
3824.112270471152
3726.5502096003397
3886.024135560835
4107.110327856919
3634.0782808685562
3615.610327856919
3428.5716690682134
4304.05020960034
4385.891267528158
4464.695715812446
3913.5502096003397
3807.623686437599
3525.5502096003397
3405.0502096003397
4250.418437983831
3930.112270471152
3469.628573484218
3611.5502096003397
3889.0502096003397
4429.736591996291
4270.918437983831
6224.334341399077
3425.513450632336
3444.332548907394
3884.128573484218
3559.7641219379716
3907.282074396317
4712.55020960034
3974.128573484218
3809.0502096003397
3710.661959784004
3571.939055147402
3630.5502096003397
3753.1977066718655
4368.395412179681
3968.4445783898805
3788.9418267618607
3673.9184379838293
3682.404193765887
3868.738106805775
3747.73659199629
3316.024135560835
3726.610327856919
3437.5502096003397
4056.628573484218
4599.360339594606
3784.0502096003397
2956.628573484218
3328.024135560835
4190.614799584623
4011.9184379838293
4535.941826761861
3915.9424828400356
3294.661959784004
3112.161959784004
4852.610327856919
5587.164651585164
4196.110327856919
4254.05020960034
3569.6858781170004
3604.610327856919
3159.024135560835
3590.920047928091
3562.099007629185
3390.5502096003397
4525.1122704711515
3626.5502096003397
4025.9445740618485
3885.524135560835
3716.0502096003397
4390.110327856919
4057.0502096003397
4633.568767071445
3849.610327856919
3440.628573484218
4746.918437983831
3545.4418267618607
4205.3343413990715
3481.9418267618607
3731.628573484218
4546.05020960034
3631.1402035097917
3533.610327856919
4111.524135560835
4881.55020960034
3848.271971226223
3861.402537560728
3104.524135560835
4222.920927364956
3129.8274589948364
3484.024135560835
4637.55020960034
5992.610327856919
3708.610327856919
4002.4049933105357
3653.623686437599
6497.418437983831
3773.612270471152
3526.5502096003397
3317.9360176350465
3708.044597236565
3531.110327856919
3845.0502096003397
4091.628573484218
3461.211775840266
3354.2207820638146
3795.628573484218
3912.5502096003397
3644.5502096003397
3612.628573484218
3787.5502096003397
3751.0502096003397
6007.55020960034
3661.0502096003397
3781.5502096003397
3987.236989967084
3243.6585561128295
3375.024135560835
3147.1904238324682
2921.661959784004
3265.5502096003397
3208.9184379838293
3725.9418267618607
4217.05020960034
3560.049476925703
3734.5502096003397
5514.109608101063
3752.0502096003397
4478.867054216187
3795.401972193935
5037.05020960034
3498.580095285815
4621.628573484219
3622.163706827785
4515.139568192948
3404.5502096003397
4379.918437983831
4353.55020960034
2979.610327856919
3368.524135560835
3819.128573484218
4210.55020960034
4230.128573484219
4687.128573484219
4115.789914474902
4443.941826761861
4286.05020960034
3638.1858781170004
4860.514191220144
4475.418437983831
4158.441826761861
4627.941826761861
3432.684458945191
4077.0502096003397
4685.918437983831
3572.5284791567547
3651.5502096003397
4526.05020960034
3479.661959784004
3498.8720481160335
3649.5502096003397
4293.128573484219
3198.0291240104334
4443.236591996291
3445.236702571853
3761.110327856919
3596.7934239760607
3391.0502096003397
3855.551142047185
4764.55020960034
3663.024135560835
3878.5008324282726
3217.367280324677
3668.739487053424
3823.0502096003397
3309.610327856919
4657.918437983831
3954.2079446293415
3293.3042040223436
5817.05020960034
2886.9803016496408
3969.23659199629
3447.5965220695266
4531.05020960034
4296.768683899703
3577.23659199629
4176.05020960034
4190.670351890085
4486.236591996291
3354.1400352878813
3749.5502096003397
3512.237168723485
4347.344724137772
3916.612270471152
3642.0961648852544
3806.266302516333
4573.7046884054125
4472.401972193938
3514.300329144462
4102.73659199629
3548.8012934070225
4210.110327856919
4523.024135560835
3693.0502096003397
4400.051140585998
5646.013374534968
4546.44133668115
3649.9078984050016
3249.628573484218
3168.628573484218
3503.7207820638146
3745.147216095514
4277.55020960034
4313.05020960034
4160.706689504815
4504.55020960034
4140.609826948202
4568.352243215532
4316.1122704711515
4598.05020960034
3602.4051788952165
3966.0502096003397
3493.628573484218
3904.0502096003397
3850.0159416255333
3412.0502096003397
4371.05020960034
3847.628573484218
3241.161959784004
3620.73659199629
4059.610327856919
3900.5502096003397
4149.41843798383
4403.084817463724
4011.524135560835
4489.941826761861
3595.1858781170004
5846.918437983831
3995.0502096003397
3545.024135560835
3678.32981993199
4030.112270471152
4339.542334969501
4743.55020960034
4651.941826761861
4196.41843798383
4107.752392215451
3585.72203158312
4264.0395084696665
3612.5502096003397
4113.91843798383
3969.4184379838293
5593.05020960034
3862.024135560835
3673.628573484218
3767.0502096003397
5698.55020960034
4674.55020960034
3898.6858781170004
3389.128573484218
4021.5502096003397
4087.901972193935
3702.4184379838293
3455.051142047185
4005.5423349694997
3402.524135560835
4309.834341399077
4732.918437983831
4507.5008278411715
3547.7689684360057
3906.0502096003397
5066.05020960034
4207.05020960034
4016.123686437599
3756.23659199629
4170.05020960034
4043.9418267618607
3737.0502096003397
4063.110327856919
3892.128573484218
3643.402354124859
4373.418437983831
4089.286573864622
4305.0948018026875
4519.736591996291
4799.610327856919
3822.5502096003397
4455.05020960034
3809.1074324850338
5876.609608101063
4583.55020960034
6321.55020960034
3879.1885488478515
3467.420469982106
5629.55020960034
4400.685878117
3301.292523040053
4804.55020960034
3983.0502096003397
4703.128573484219
3778.4184379838293
3817.52269022988
3983.5502096003397
4123.55020960034
4167.91843798383
3649.5502096003397
5870.55020960034
4545.628573484219
4175.441826761861
4109.55020960034
3577.327914228453
3631.112274047012
4395.05020960034
4232.05020960034
3735.0502096003397
3588.110327856919
3581.901972193935
3606.0502096003397
3309.5502096003397
3541.7951462716715
4169.55020960034
3876.0502096003397
4145.0423349695
3835.140036900112
3522.110327856919
3741.110327856919
3832.6585561128295
3267.864550848271
3795.5502096003397
3530.6454272862406
2935.8702379948604
4231.05020960034
6476.425120489268
3635.9724673239702
3724.178796819243
5732.55020960034
6000.005984891294
4708.05020960034
3734.5502096003397
3239.3720481160335
3330.110327856919
3675.1561352320577
3347.0502096003397
3387.0502096003397
4473.293052366309
4605.55020960034
4207.55020960034
3771.5502096003397
4113.185878117
3782.110327856919
3721.5502096003397
3558.110327856919
4516.7046884054125
4256.628573484219
3150.7641219379716
3971.5502096003397
4176.91843798383
3572.110327856919
4051.628573484218
3668.328300180744
3826.0502096003397
5723.664651586087
3269.024135560835
4155.55020960034
3844.524135560835
3872.628573484218
4241.55020960034
3746.110327856919
3721.511767773737
4100.941865247477
3847.9184379838293
3533.5409944888534
3787.024135560835
3996.5865051025426
3691.0819527771105
3416.9418267618607
3754.624260513065
3444.112270471152
4069.9184379838293
3019.661959784004
3699.4418267618607
4094.5502096003397
3397.4119205806155
4011.4418267618607
3333.23659199629
3379.5502096003397
3601.0502096003397
4163.55020960034
3822.0502096003397
3315.473837902341
4436.441826761861
3747.0502096003397
3670.0502096003397
3246.5716690682134
3794.7861625580576
4021.3343413990715
4547.05020960034
3449.4184379838293
3656.0502096003397
4579.441826761861
3884.0502096003397
3434.170283487472
3636.5502096003397
4255.05020960034
3591.024135560835
3361.524135560835
3680.73659199629
4444.05020960034
3748.1585561128295
6731.918437983831
3081.110327856919
3468.123686437599
3320.53753406358
4006.570126452011
3759.0385367549293
3514.024135560835
3923.0766208426994
3889.6400352878813
3988.5502096003397
4100.41843798383
4380.610327856919
3812.6332691579873
3870.110327856919
3726.782074396317
3707.9184379838293
4321.062858094197
3807.6726155286624
4264.55020960034
4095.3343413990715
4279.55020960034
3286.695351508366
4085.9184379838293
3741.5502096003397
4999.55020960034
3058.661959784004
3574.23659199629
3558.4418267618607
4312.128573484219
3750.9184379838293
4560.55020960034
3163.628573484218
3180.661959784004
3678.5502096003397
3557.0502096003397
4016.610327856919
4040.612274047012
3224.161959784004
2993.110327856919
3688.5502096003397
3764.859223220262
3719.628573484218
4673.334341399077
3581.0502096003397
4410.55020960034
4138.55020960034
4195.05020960034
4468.918437983831
3627.876251492035
3925.524135560835
3637.157969273777
3274.23659199629
4272.628573484219
3273.7005440818966
3324.5502096003397
3791.0502096003397
4241.05020960034
3772.0502096003397
3733.024135560835
3177.831801533065
3297.0913026516364
5694.05020960034
3731.610327856919
4664.05020960034
3274.3720481160335
4568.05020960034
3763.5502096003397
3552.184458945191
3419.1400352878813
3764.110327856919
3446.684161252666
3743.0502096003397
3388.4926985983493
3379.0502096003397
3863.23659199629
3640.0502096003397
3715.5502096003397
3165.612270471152
4025.024135560835
3829.628573484218
3787.110327856919
3163.2459941726142
3525.024135560835
4500.55020960034
3862.524135560835
4116.670283487472
3781.623686437599
3356.6918641838606
4210.05020960034
3347.5093824386345
4066.8912675281567
4500.55020960034
3535.612270471152
4006.799496187362
3373.5502096003397
3920.623686437599
3584.612274047012
3307.7557964164534
3413.128573484218
3559.549672655843
3437.024135560835
3775.612270471152
3519.112274047012
5658.55020960034
3752.041269322128
4005.0502096003397
3357.5502096003397
3782.610327856919
3760.0502096003397
4091.628573484218
3763.794060646983
4219.236989967082
4178.05020960034
4708.05020960034
3666.5502096003397
3556.7899144749017
3356.1561352320577
4191.610327856919
4330.05020960034
5131.05020960034
3021.628573484218
3851.524135560835
4480.9204699821075
4079.0502096003397
4742.918437983831
6260.55020960034
3699.524135560835
3301.7007326164307
3400.73659199629
3597.9184379838293
3525.610327856919
3873.042326591913
3776.5502096003397
3688.5502096003397
3602.5502096003397
3660.524135560835
3850.1507595680964
3257.0794443428563
3548.73659199629
4382.610327856919
3501.361268110356
3595.128573484218
3646.524135560835
3842.902354124859
3267.161959784004
3486.23659199629
3333.551142047185
3220.7081722100097
3867.5502096003397
3329.4184379838293
3495.0697310443134
3951.236989967084
4304.586505102542
3415.623686437599
3758.364594674693
4363.05020960034
3723.4204641177926
3936.8853488420277
3592.9119205806155
3860.5502096003397
3514.5999937645333
3427.184901557996
4559.736591996291
3251.66928859882
3592.206689504814
4118.623686437599
3652.612274047012
4229.110327856919
3176.024135560835
3928.766045207224
3748.1858781170004
3484.0502096003397
3863.628573484218
4293.55020960034
4774.441826761861
3225.131433656277
3552.0999937645333
3372.2503770062863
3874.4184379838293
5028.05020960034
3489.0502096003397
5703.187149260692
4210.327458994836
4018.112270471152
3681.5502096003397
3324.533689820042
3664.8661140050344
4753.418437983831
3132.024135560835
3703.184458945191
4501.172947065972
5741.6096081002315
4268.55020960034
3690.202990945168
4345.685878117
3488.612270471152
3428.0502096003397
4098.915126099642
3583.524135560835
3952.4184379838293
4369.05020960034
3450.5716690682134
3407.157969273777
4382.55020960034
4340.927803420126
4066.0502096003397
4019.4184379838293
3594.128573484218
3650.128573484218
3708.5502096003397
3897.524135560835
3523.110327856919
3703.4463488476076
3074.610327856919
3865.014501796066
3846.0502096003397
3905.23659199629
4424.206156221295
3928.110327856919
3556.024135560835
3529.456933315481
3316.5502096003397
3697.9418267618607
3574.5502096003397
4121.05020960034
2967.610327856919
4060.612274047012
3129.628573484218
3244.076228249043
3926.794060646983
3811.0502096003397
4440.1122704711515
4272.55020960034
3769.610327856919
3227.0502096003397
3544.195351508366
3567.934757006545
3913.110327856919
4105.05020960034
3779.110327856919
3424.3089457340216
3748.5502096003397
4006.5502096003397
4176.91843798383
3201.110327856919
4071.901972193935
3794.161959784004
3398.024135560835
3752.5502096003397
3586.2623708369943
3661.5272054348357
3208.6467516906164
3859.5502096003397
5154.55020960034
4550.112274047012
3520.576228249043
4077.5502096003397
4449.55020960034
3492.5829799645603
3861.024135560835
3505.623686437599
3443.110327856919
4147.024135560835
4481.736591996291
4057.5502096003397
3609.0502096003397
3300.524135560835
3490.524135560835
3578.1356392210896
4041.5502096003397
3698.5502096003397
5100.55020960034
4312.441826761861
3306.7369899670825
3784.733552901965
4009.5502096003397
3491.5502096003397
4327.05020960034
3553.110327856919
3536.0502096003397
3203.610327856919
4032.23659199629
3234.610327856919
4210.55020960034
4390.05020960034
3706.024135560835
3827.0502096003397
3658.0278205485106
4041.110327856919
5729.505984891294
3322.0502096003397
3534.0802394498533
3465.610327856919
4582.610327856919
3322.628573484218
3766.994608599107
3641.5502096003397
3182.524135560835
3203.548206874221
3096.610327856919
3680.5502096003397
3919.9184379838293
3831.5502096003397
4619.55020960034
3730.962165737397
3638.0108353785613
4364.55020960034
3819.23659199629
3829.612270471152
3530.5502096003397
3353.128573484218
3386.5502096003397
3940.0502096003397
4360.05020960034
3778.0502096003397
3050.5756521033436
3301.123686437599
3877.3720481160335
3391.661959784004
3434.16487579222
3238.6484283351056
3687.9184379838293
4069.0502096003397
3275.5782808685562
4040.110327856919
3520.5502096003397
2796.964316706573
3801.0
4246.156135232058
3678.519873053089
3697.1585577605465
4352.0678959628185
3771.73659199629
3401.786519059922
3512.388814513286
3978.2641219379716
4182.55020960034
4420.05020960034
3880.128573484218
4382.05020960034
3038.610327856919
3379.628573484218
3478.6298881848857
3917.5502096003397
3893.670283487472
4133.537279184071
4425.418437983831
3556.9418267618607
4154.91843798383
3466.1348992728163
4026.3274589948364
4067.4418267618607
4056.9418267618607
3961.0502096003397
4446.05020960034
4112.05020960034
3515.524135560835
4870.05020960034
3769.024135560835
3640.275486448038
4041.23659199629
4040.1703518900845
4255.4992489741235
3711.6935687167397
3854.567895962819
3328.02269022988
3424.6585561128295
4080.5502096003397
3093.610327856919
3365.9184379838293
4366.05020960034
3721.110327856919
3807.5502096003397
3466.551110395965
3916.610327856919
4134.55020960034
3558.0502096003397
2928.623402088082
3255.661959784004
3530.6454272862406
3826.5502096003397
3302.5252851074715
3793.212738276244
3967.73659199629
4482.05020960034
3793.5502096003397
4230.05020960034
3761.5502096003397
3927.623686437599
4401.05020960034
3360.024135560835
4456.834341399077
3924.193566997488
3726.5502096003397
3938.4418267618607
4433.418437983831
3796.110327856919
4044.060522809739
4425.05020960034
3598.7429244967675
4106.55020960034
3966.195351508366
3227.7675251713667
4407.236591996289
3992.5502096003397
3785.1114750221077
3589.2209769764504
3325.8274589948364
4185.05020960034
4288.524135560835
3263.661959784004
3892.0502096003397
3711.260268996271
3590.082731633471
4604.112274047012
4167.23659199629
3295.2237728607242
3950.8810631087385
3538.0502096003397
3172.628573484218
3514.0782808685562
4716.55020960034
3906.128573484218
4736.05020960034
3093.6858781170004
3486.661959784004
3215.6421086734936
3861.5502096003397
3673.4184379838293
3881.4445740618485
3426.024135560835
3789.0502096003397
3800.110327856919
3795.0502096003397
3484.6350348740093
4898.55020960034
3384.094969459126
3558.0385367549293
3668.628573484218
5060.55020960034
3567.23659199629
3367.551110395965
4213.05020960034
3596.610327856919
4317.05020960034
3267.128573484218
3168.161959784004
4456.517935377928
3527.0502096003397
4172.925120489266
4754.110327856919
3581.4184379838293
3594.3976947067026
4438.628573484219
3556.3274589948364
5973.941826761861
4214.024135560835
4693.55020960034
4488.05020960034
3458.024135560835
3659.695351508366
3269.5502096003397
3572.161959784004
4248.55020960034
3319.7435453517237
3633.1119275222422
3806.128573484218
3611.23659199629
3911.9184379838293
3029.161959784004
3330.610327856919
4485.105561509689
3532.024135560835
3514.5502096003397
4255.595813914464
4133.6122704711515
5068.55020960034
3828.4418267618607
3471.661959784004
3420.3720481160335
3273.661959784004
3834.0502096003397
3295.7641219379716
3540.768683899701
3815.0502096003397
3314.9119205806155
4615.628573484219
4293.6122704711515
3515.0420410762963
3828.7021555055894
3562.2265276101857
3921.3343413990715
4230.918437983831
5481.951241249245
3334.671164277659
4552.418437983831
4208.110327856919
4819.55020960034
3510.110327856919
3832.0502096003397
3576.479994191582
4090.5502096003397
3812.5502096003397
4007.128573484218
3332.024135560835
3206.128573484218
3891.6858781170004
3958.024135560835
3518.5502096003397
4066.0502096003397
3677.216737998822
3732.53908350076
3831.420047928091
4440.55020960034
3677.612270471152
4568.05020960034
4170.610327856919
4189.524135560835
4101.024135560835
3576.0502096003397
3853.110327856919
3897.0502096003397
4124.640035287881
3628.1400352878813
4033.4184379838293
4174.55020960034
4066.9184379838293
3155.628573484218
4103.040747775993
3441.610327856919
3793.170283487472
3393.0502096003397
3567.189633874964
3764.6400352878813
3853.5502096003397
3326.5502096003397
3094.024135560835
3334.628573484218
4020.236989967084
4323.236591996291
4328.040747775992
3088.5502096003397
4478.05020960034
3780.594801802687
3547.5502096003397
3760.5883337591777
3856.480227978819
3754.613455965888
3372.5502096003397
4984.05020960034
3740.0502096003397
3394.8718721504874
3063.1400352878813
4344.05020960034
3291.623686437599
3876.5502096003397
3387.524135560835
3790.6669515680724
3862.54234335464
3274.5540601761363
3783.6858781170004
5696.55020960034
3860.588339285837
3368.1400352878813
3796.0502096003397
3723.6297934841705
3738.024830212128
3846.5502096003397
3827.2651524666317
4325.657153763831
3095.661959784004
3487.110327856919
3481.3784226179623
5896.05020960034
4430.55020960034
4189.128573484219
3364.003403787025
4285.628573484219
3405.0886925659215
3534.610327856919
3209.3274589948364
3419.0502096003397
3742.4184379838293
3420.2726561610066
3252.5502096003397
3496.024135560835
3817.0978784874533
3791.524135560835
3531.024135560835
3201.1803990000262
3673.0502096003397
3597.745424770869
3239.5502096003397
3140.661959784004
5757.302057802502
3641.6400352878813
4499.05020960034
3414.64254350556
4008.0502096003397
4638.110327856919
3582.628573484218
3480.0502096003397
3963.0502096003397
4662.236591996291
3989.0502096003397
4237.05020960034
4058.610327856919
3523.223346406972
4735.918437983831
4219.41843798383
5583.628573484218
3931.610327856919
3174.351421772449
4347.05020960034
6232.55230235489
3671.6400352878813
3623.128573484218
4571.6958690105275
3810.0502096003397
3572.524135560835
3888.797028692385
4389.543751830166
4224.05020960034
3460.8274589948364
4010.5502096003397
3358.5884082755674
3980.0502096003397
3218.5616006848504
4264.918437983831
3282.734034600091
4302.05020960034
3387.610327856919
3255.0502096003397
3914.0502096003397
3405.110327856919
3601.0502096003397
3684.52269022988
3888.0366895974807
2923.661959784004
3910.0502096003397
3084.5502096003397
3868.612270471152
3656.0502096003397
4356.610327856919
3774.112274047012
3504.3686558945496
3720.0883337591777
3790.184458945191
4110.3343413990715
3785.628573484218
3668.0502096003397
4216.05020960034
4087.5502096003397
4992.05020960034
3841.5502096003397
3741.628573484218
3789.524135560835
3238.110327856919
4365.55020960034
6332.0059848885085
3326.594917530048
3331.104934198581
3881.5502096003397
3420.931851733554
4639.670286125381
4845.925125022805
4256.110327856919
4145.941826761861
3073.046926992657
3452.6858781170004
3854.610327856919
3623.6858781170004
4119.540747775993
5654.471795169177
3617.623686437599
4262.55020960034
3584.524135560835
4599.55020960034
3593.5502096003397
3468.0502096003397
5216.55020960034
3241.112270471152
4717.891267528158
4463.610327856919
3804.110327856919
4893.128573484219
3840.128573484218
5923.736591996291
4730.334341399077
4242.918437983831
5771.164651585164
4003.4184379838293
4137.628573484219
4503.941826761861
4107.134341018673
3920.401972193935
3454.9418267618607
3682.128573484218
3337.5511405859975
3814.5502096003397
3887.5502096003397
6076.05020960034
3866.612270471152
3464.16871801332
3534.73659199629
3818.3120597253924
4532.441826761861
4508.524135560835
3283.285429882062
3835.9080918107907
3371.1977066718655
3605.5502096003397
3267.2369899670825
3313.5511405859975
3679.0502096003397
3306.524135560835
3653.024135560835
3390.610327856919
4439.05020960034
3810.7934768923633
4076.9184379838293
4420.842899720047
4035.6400352878813
3998.4184379838293
3740.0502096003397
4622.610327856919
4921.55020960034
4421.799496187362
3849.5848077625333
5541.55020960034
3932.23659199629
4250.05020960034
6197.043711256718
3831.112270471152
4273.434422560939
4364.110327856919
3780.2369899670825
3504.612270471152
3653.0502096003397
4138.55020960034
3545.024135560835
4223.73659199629
4394.112274047012
4737.55020960034
3741.04234335464
5733.612274047012
4106.73659199629
4272.55020960034
4231.55020960034
3952.612270471152
4136.206689504815
3885.037572608909
3447.024135560835
5820.595379910521
5416.609608101063
3437.3389887351736
4379.752616025696
4640.55020960034
4245.185878117
4486.206689504815
3827.0502096003397
3331.0502096003397
4225.2046884054125
4163.674287943308
5419.986317458552
3952.654882800547
3694.5407477759923
4083.3672825159515
4123.05020960034
4268.01056683083
3543.110327856919
3587.024135560835
3567.5502096003397
4138.419729111909
4109.55020960034
3121.7455193759956
3972.628573484218
4209.3343413990715
4199.55020960034
3753.110327856919
3516.2554975202106
3540.0502096003397
3406.3232224772814
3287.610327856919
4212.941826761861
3925.0008324282726
3516.114519287789
3845.8720481160335
3441.7641219379716
5672.185878117
3594.594969459126
3752.702990945168
4376.441826761861
4337.2151683117745
5987.941826761861
3555.294070940964
4080.097019569627
3827.5850009170445
3528.0502096003397
3756.6314315938776
3895.112270471152
4107.91843798383
4341.6585577605465
6291.418437983831
4129.441826761861
4568.55020960034
4323.55020960034
5620.005984891294
3504.3472676938704
4405.05020960034
4039.610327856919
3416.610327856919
3442.610327856919
4310.55020960034
3804.110327856919
3290.024135560835
3752.3720481160335
3185.610327856919
3886.9119205806155
4585.55020960034
3705.3343413990715
4315.55020960034
3812.1579692737764
4293.236591996291
3750.6977066718655
3455.4184379838293
4554.170283487474
3429.5502096003397
4021.014501796066
3571.73659199629
4073.112274047012
4280.040747775992
4117.7686838997015
4474.05020960034
3428.0502096003397
3705.5502096003397
4674.645844947625
3670.8759459620446
3362.2369899670825
3615.610327856919
5135.05020960034
4037.5502096003397
4040.5502096003397
3760.0502096003397
3601.628573484218
3974.0502096003397
4322.55020960034
3460.3590671786746
3689.768683899701
4010.7619277951553
3184.628573484218
3807.5502096003397
3788.0502096003397
4038.6585561128295
3759.024135560835
4135.835025002022
3788.4445740618485
3951.172131595958
3553.706689504814
3516.0502096003397
4134.05020960034
4136.012268886948
4014.9184379838293
3604.0502096003397
3905.7037413446546
3628.0502096003397
3384.551142047185
3677.123686437599
3508.9184379838293
3673.1776279828127
3640.024135560835
3987.4184379838293
4394.55020960034
4340.6958690105275
3221.73659199629
3160.5511405859975
3487.110327856919
3474.8274589948364
3421.9375736861116
3696.1977066718655
3609.5502096003397
3441.110327856919
4442.145684302724
3346.502272792379
3676.024135560835
3827.110327856919
3870.4251250228035
3827.9184379838293
3753.7429508032055
3319.2339241455575
3787.610327856919
4317.05020960034
3485.615773012783
4500.610327856919
3336.610327856919
3351.024135560835
3676.112270471152
3733.1858781170004
3373.73659199629
3407.612270471152
4161.610327856919
3699.0502096003397
3801.5361649247197
5869.55020960034
4492.05020960034
3241.110327856919
3396.0005158482795
3862.6977066718655
3695.233938013202
4057.0859920351722
3944.5502096003397
3699.0502096003397
3940.5502096003397
4004.0502096003397
3914.1672059122434
4129.05020960034
3822.1431849426376
3121.9418267618607
3408.359223220262
3795.4184379838293
3734.024135560835
6367.236989967084
4253.418437983831
3359.062675936881
3211.193142106817
3610.5502096003397
3251.9184379838293
3840.610327856919
5538.678226303712
3481.0511405859975
4604.418437983831
4042.110327856919
4285.110327856919
3119.6585561128295
3718.128573484218
3883.524135560835
3688.0407477759923
4118.524135560835
3183.628573484218
4515.370971136433
3395.161959784004
3849.86886465652
3650.5502096003397
3887.0502096003397
4053.110327856919
4427.918437983831
3452.0502096003397
3702.0502096003397
3989.0502096003397
4169.05020960034
3605.594969459126
3614.901972193935
4299.02868200189
3826.0511405859975
4346.540747775992
3456.5502096003397
4442.05020960034
5560.505984891294
5789.664651585164
4090.5502096003397
3594.1990272660555
3570.73659199629
3753.024135560835
3875.8273241178254
4084.5502096003397
3501.5502096003397
4697.610327856919
3812.128573484218
3844.0502096003397
3694.5502096003397
3662.0502096003397
3795.1858781170004
3389.9413398876195
3441.610327856919
4699.236591996291
3566.524135560835
3752.610327856919
3756.5323840486976
4195.610327856919
3611.9987627235273
3802.0502096003397
3548.461029628383
3311.23659199629
4500.55020960034
7010.05020960034
3446.365111429204
4501.610327856919
3721.110327856919
4212.128573484218
4410.236591996291
3660.0502096003397
3913.9418267618607
4453.69770667186
3989.628573484218
3744.5502096003397
4225.4461551503
3445.7177360184164
3854.737168723485
3547.857509190432
4376.55020960034
3318.73659199629
3770.5502096003397
4577.628573484218
3034.8720481160335
4351.128573484219
4462.55020960034
3435.628573484218
4257.610327856919
3363.2962439640783
3323.024135560835
4091.0502096003397
6883.747004872222
4308.418437983831
3389.0502096003397
4263.628573484218
4275.55020960034
5623.1096081002315
3588.260516361078
4410.610327856919
4058.0502096003397
4621.610327856919
3465.123686437599
3588.8720481160335
4481.918437983831
3259.3378599157563
3846.0502096003397
3607.524135560835
3628.3274589948364
4841.55020960034
3449.9096513467266
4114.736989967083
3682.9184379838293
4589.736591996291
3933.6818875972144
5769.05020960034
4045.5502096003397
3863.628573484218
4897.610327856919
6363.05020960034
4262.55020960034
3354.661959784004
3604.0502096003397
3471.5502096003397
3729.0644002622225
4923.55020960034
3416.867280324677
3508.902354124859
4387.918437983831
4143.520481097608
4131.3343413990715
4402.05020960034
3779.01752069174
3488.128573484218
3783.5502096003397
3828.1858781170004
3842.612270471152
5711.614348689069
3800.73659199629
3927.751892435071
4180.110327856919
4408.194804703565
3865.389354952987
3307.0502096003397
4522.55020960034
4288.612274047012
4897.55020960034
4405.156135232058
4619.05020960034
4023.774541680414
6754.941826761861
3850.623686437599
4355.55020960034
3591.5502096003397
4446.628573484219
3229.365329006709
3781.6146400994676
3359.024135560835
4281.8359486449945
3548.024135560835
3988.0502096003397
4425.628573484219
3628.610327856919
4608.05020960034
4096.472635808506
4192.05020960034
3659.610327856919
3051.227994520846
3378.9184379838293
3763.6990272660555
3981.112270471152
3925.274541680414
3645.5502096003397
4279.441826761861
3766.5502096003397
3659.661959784004
3856.73659199629
3600.610327856919
3347.028005425983
3447.024135560835
3558.661959784004
4226.7046884054125
3515.5502096003397
4222.563171301535
3720.0502096003397
3555.0502096003397
4421.081106353351
3602.9418267618607
6144.55020960034
3692.049672655843
3915.524135560835
3592.5502096003397
3316.5779242838303
3237.524135560835
3590.4184379838293
4623.6122704711515
3408.702678590782
3604.2897809661
6186.008276848585
4222.05020960034
3330.5502096003397
3902.0502096003397
4162.610327856919
4109.540747775993
3613.110327856919
3824.73659199629
3494.170283487472
4059.9418267618607
3322.834736172298
3418.8274589948364
3600.110327856919
3664.73659199629
4089.110327856919
4362.918437983831
3767.3216186624372
3749.9418267618607
3721.0502096003397
3703.5502096003397
3786.628573484218
3825.5502096003397
3466.024135560835
3791.6314315938776
3484.2106061092077
3904.0502096003397
4105.05020960034
3956.610327856919
3226.70795581083
4547.670283487474
3612.8989253196687
3394.094801802687
5897.236591996291
3859.5502096003397
3895.0502096003397
3184.8274589948364
4819.55020960034
3874.342523252528
4277.55020960034
3372.2641219379716
3641.110327856919
4304.110327856919
4363.936556338322
3961.73659199629
3786.193566997488
3302.0474534369155
3470.024135560835
4117.110327856919
5158.05020960034
3447.73659199629
3926.110327856919
3587.146484655095
4090.9184379838293
4199.097170452877
3625.128573484218
3396.193566997488
5706.6096081002315
3354.5502096003397
3397.227981639688
3721.094801802687
4234.540747775992
4258.55020960034
4272.550199871859
3370.5407477759923
4529.918437983831
3852.5502096003397
3573.582731633471
3822.8343413990715
4340.55020960034
3267.3274589948364
3913.9184379838293
3388.8274589948364
4157.631433656276
3428.5502096003397
6114.55020960034
3858.5502096003397
3825.024135560835
3622.0502096003397
3341.9184379838293
3795.704664052629
4273.060489076045
4214.05020960034
3369.032116011928
3173.024135560835
3718.014501796066
4086.23659199629
3564.184458945191
3521.22177540364
3559.195351508366
3956.4184379838293
3532.055344170069
4119.44182676186
3646.2641219379716
4005.128573484218
4029.0502096003397
4380.55020960034
3794.610327856919
3824.123686437599
3101.686621255723
3558.695351508366
3646.9418267618607
3618.110327856919
3543.6858781170004
3384.4957240920317
3702.192035106131
4815.128573484219
4693.918437983831
4501.55020960034
3523.5502096003397
4104.05020960034
4114.236989967083
3409.6561352320577
3480.3274589948364
4302.55020960034
3781.610327856919
3449.404773378127
3777.128573484218
3959.612270471152
4165.55020960034
3713.3442481614497
3976.024135560835
3412.5502096003397
3463.5461573291977
4289.334341399061
4084.110327856919
4660.05020960034
3537.0502096003397
4171.55020960034
5687.061334835897
4802.070126452009
3421.0502096003397
3584.110327856919
3399.524135560835
4864.55020960034
3715.1585561128295
4322.05020960034
3742.004962886655
4150.8343413990715
3746.0502096003397
3414.0477759153005
3796.0502096003397
3566.0502096003397
3785.0502096003397
4054.6015268955434
3625.5502096003397
3626.745288175393
4529.55020960034
3247.248297944942
4033.170283487472
4068.110327856919
4368.55020960034
4236.05020960034
3395.024135560835
4036.6818875972144
4003.612270471152
3695.610327856919
3814.0502096003397
3579.357509190432
4787.360339594606
3225.524135560835
4201.479569788417
3880.0502096003397
3697.0502096003397
3344.73659199629
5938.164651586087
6369.1122704711515
4393.628573484218
3847.9418267618607
3799.7641219379716
4375.860962626619
3655.112274047012
3994.4418267618607
3826.5502096003397
3785.5502096003397
4552.310865117041
6118.05020960034
5937.687149260716
3101.2641219379716
3373.5502096003397
3884.5502096003397
4661.140035287882
3532.9184379838293
4485.941826761861
3948.6858781170004
4217.916906662985
4110.55020960034
3933.0502096003397
4114.94182676186
4428.123686437599
5955.128573484218
4029.9184379838293
3864.0502096003397
4633.024135560835
3577.9184379838293
4075.524135560835
3625.0329072269433
3308.661959784004
3448.0502096003397
4144.6585577605465
5651.681864801142
4791.55020960034
4071.0502096003397
3162.2641219379716
3490.5183481179442
4342.6122704711515
3902.624404593894
4682.05020960034
3502.024135560835
6205.008276848585
4429.060489076045
5593.3103926764825
3804.5502096003397
3933.0865051025426
4964.05020960034
5531.610327856919
6200.05020960034
5563.609608101059
6881.418437983831
5833.236591996291
3424.610327856919
5711.5059848885085
3268.6287853049384
4519.96874196484
4977.55020960034
4750.918437983831
4018.496782112558
3519.519750981277
5574.826904998284
6796.55020960034
4958.05020960034
3173.3852828771924
3798.4418267618607
5840.55020960034
4381.418437983831
4220.23659199629
5094.55020960034
6071.875135470914
3699.110327856919
3824.6454272862406
3604.060489076044
4069.5502096003397
5173.55020960034
3945.9184379838293
5574.063240675599
4491.542334969499
5526.110327856919
3162.610327856919
4541.418437983831
4179.5423349695
4369.110327856919
3618.0502096003397
5708.68186480347
4195.41843798383
3448.110327856919
3181.695351508366
4042.524135560835
6401.05020960034
5803.164651586087
4698.418437983831
6267.597019569628
3698.1918641838606
4805.05020960034
5815.109608101063
6270.697706671868
4595.024135560835
4558.110327856919
4225.128573484218
4094.0502096003397
4542.5407477759945
4773.05020960034
3915.867226487234
3490.2997542439534
5580.110327856919
4726.05020960034
6121.05020960034
3503.5564440367166
6606.327361074097
6331.736113762966
4446.834341399077
7911.40197219394
3801.0502096003397
5387.486314663183
4451.55020960034
5606.55020960034
4205.610327856919
6086.005984891294
4484.648376543941
3506.73659199629
3999.5502096003397
3310.52269022988
3874.7339358088793
4075.112270471152
3867.610327856919
6081.685878117
4278.73018296888
3548.0502096003397
5740.397176042696
3744.934740006355
3202.597170452878
3958.6672299241486
4958.528682001892
3613.8337449366904
4727.6420353014
5449.2192641707
4865.05020960034
4518.902537560727
5813.6122704711515
5062.55020960034
6134.619050653834
3845.8693301980024
4533.02269022988
4254.4119205806155
3708.110327856919
4225.524135560835
6666.5407477759945
5779.959901309302
4959.55020960034
3794.5509564978274
4321.55020960034
6409.1146475802925
3898.5502096003397
4266.05020960034
4074.528405728416
7086.05020960034
3871.204664052629
4600.05020960034
3432.161959784004
4715.334341399077
3975.5502096003397
4684.1702834874695
4878.55020960034
6054.610327856919
5625.55020960034
4348.113333336215
4583.128573484219
4927.55020960034
3837.024135560835
3732.024135560835
5654.005984891294
4107.0857480346185
4112.1585561128295
3924.610327856919
5559.110327856919
4802.05020960034
5769.918437983831
4621.628573484219
4323.901972193936
4148.750539245236
4437.334341399077
5778.640035287882
3731.5509564978274
3796.576782888342
4249.05020960034
4668.05020960034
6181.40197219394
6593.55020960034
3607.3810631087385
5819.621401690825
4315.418437983831
3910.5502096003397
3872.140036900112
5713.813869870081
3625.0502096003397
5113.05020960034
4180.05020960034
5643.610327856919
7160.05020960034
5475.110327856919
4077.524135560835
3951.4320046935004
3937.5502096003397
4427.01933017758
5070.05020960034
4250.55020960034
7246.05020960034
3309.3172557848884
5527.827005983575
6601.185878117
4338.013230244493
4923.55020960034
3948.5502096003397
5898.834341399077
6508.55275004023
3957.8475888386047
5911.19770667186
3604.6400352878813
7704.55020960034
5846.55020960034
6923.236591996291
6287.05020960034
8330.55020960034
6046.05020960034
4419.029074137608
3802.23659199629
4711.55020960034
4236.3343413990715
4091.610327856919
7031.918437983831
4636.40197219394
3504.402354124859
6188.036874651395
6422.694804703576
4403.028682001892
6105.785233307349
4353.868858601104
3952.610327856919
4695.5407477759945
6227.40197219394
3810.54234335464
6398.05020960034
3835.195869010527
4377.612274047012
4168.080061970012
4601.55020960034
6120.754416364091
4446.049577019994
3742.0502096003397
7499.436556338315
5505.94516018838
4587.55020960034
4230.110327856919
4936.55020960034
6315.236591996291
4055.1858781170004
3383.5502096003397
4530.941826761861
4642.05020960034
7359.55020960034
4387.05020960034
5869.360339594606
4665.52483021213
4296.110327856919
3974.6400352878813
4059.610327856919
3490.713373674676
4723.55020960034
3321.0564440367166
3865.263815096003
6330.05020960034
5687.05020960034
3812.6585561128295
4047.396066585375
6022.0059848885085
6330.05020960034
6229.918437983831
5887.005984891294
3265.7850125969826
6255.05020960034
3933.161959784004
4512.628573484219
3773.110327856919
4554.835948645005
3760.3661140050344
3742.110327856919
2861.610327856919
3905.0502096003397
8385.335948644983
3967.093737209213
3290.661959784004
4197.885348842027
5699.128573484219
4554.418437983831
5705.5059848885085
6547.918437983831
3576.6904238324682
4421.623686437599
5564.123934371511
4080.780329617361
3450.5502096003397
3903.9119205806155
5751.05020960034
3421.5502096003397
4426.542334969499
3472.110327856919
3674.610327856919
4346.278641403889
3331.402652932239
4367.918437983831
3974.236989967084
3595.9184379838293
4734.05020960034
5527.41367424299
4147.05020960034
4367.736591996291
4135.55020960034
4100.024135560835
3396.23659199629
3521.800329144462
3379.6400352878813
4434.094969459126
4252.418437983831
5512.451241249245
5704.063240677038
4474.685878117
3669.161959784004
4392.441826761861
4729.418437983831
4671.55020960034
5997.073357339259
3959.860339594604
4372.02269022988
4477.05020960034
3751.0502096003397
3848.5502096003397
4209.05020960034
6232.05020960034
3381.5502096003397
4691.55020960034
4532.05020960034
4985.55020960034
4593.697706671868
3761.5716690682134
5880.528128077448
3944.598985234208
3517.9119205806155
4634.334341399077
5766.0059848885085
4379.918437983831
3855.1858781170004
3629.024135560835
4640.55020960034
3317.610327856919
6654.012141272336
4809.05020960034
4619.55020960034
4512.927803420128
3254.6156480542422
3780.0502096003397
3825.610327856919
3721.5502096003397
4354.05020960034
4009.536881204925
4610.640035287882
5916.918437983831
4592.395391234166
6278.736591996291
5676.628573484219
5714.55020960034
3700.024135560835
4544.55020960034
3355.628573484218
4528.6585561128295
3677.9119205806155
5965.109608101063
4097.41843798383
6180.334341399077
6009.736591996291
4698.206689504815
4103.96874196484
5764.890884399413
3097.099410976841
4496.55020960034
4150.043753505727
5370.707347317427
4243.121424535862
3867.7086200970657
4284.610327856919
4514.110327856919
4635.418437983831
3628.110327856919
4129.05020960034
4379.55020960034
4358.128573484218
4231.514501796066
4126.1122704711515
2909.413812150704
4308.236591996291
4535.90197219394
4095.4418267618607
6847.327324117826
3830.610327856919
5652.05020960034
4156.55020960034
3569.300331126054
4386.736591996291
4419.5878446568195
6221.55020960034
3796.8392564773408
3956.524135560835
4213.55020960034
3698.5237611277726
3752.6044891523675
5641.55020960034
5717.664651585164
3838.9184379838293
4480.685878117
5867.802057787761
4426.05020960034
5883.00827684745
3851.110327856919
4301.623686437599
3754.5502096003397
4180.05020960034
4565.55020960034
3906.6858781170004
4222.41843798383
4126.05020960034
4944.55020960034
4031.610327856919
4502.170283487474
4112.91843798383
4360.55020960034
3892.628573484218
4284.05020960034
5840.342484533426
4441.55020960034
4271.685878117
5982.664651586087
3438.610327856919
6041.236591996289
6047.128573484219
3873.024135560835
3609.024135560835
5811.483669083562
3475.5502096003397
4219.110327856919
3668.5577973746417
4138.41843798383
3549.5502096003397
4760.55020960034
4122.22185838546
4580.662816586264
3903.628573484218
4317.466912488684
4019.514501796066
3862.610327856919
4568.918437983831
3503.0847056492903
6328.23698996708
4032.110327856919
3529.0387308090408
3781.628573484218
4791.941826761861
4319.05020960034
3447.0716690682134
4477.661744264049
3987.610327856919
3656.9613106029637
4062.628573484218
3830.4184379838293
4024.5502096003397
3981.0502096003397
4004.0907270288244
5728.1799355929
4381.623686437599
3885.9184379838293
4097.024135560835
3719.5502096003397
5630.610327856919
4035.5502096003397
4026.0502096003397
3345.437122253963
6105.1096081002315
4404.391267528158
3877.5502096003397
4550.05020960034
4878.05020960034
3346.628573484218
4104.55020960034
5219.576377921546
4896.383102409344
4390.418437983831
3422.0502096003397
4405.55020960034
3971.5502096003397
3872.0502096003397
4060.5502096003397
4088.610327856919
3656.524135560835
3997.110327856919
4261.775014452319
3540.1918641838606
4391.110327856919
5597.128573484219
3537.920047928091
4268.584459515559
3442.524135560835
3447.014501796066
3292.0471998831763
3691.5502096003397
3704.5502096003397
4287.736591996291
3476.094969459126
4596.05020960034
4100.05020960034
4441.973358195468
5398.593597080798
4406.631087477878
4637.110327856919
5915.55020960034
6180.208228514907
4122.23659199629
3623.551142047185
5519.109608100231
4480.631266976591
4284.9727955916305
3804.5502096003397
4275.05020960034
4115.55020960034
4164.55020960034
4978.05020960034
4156.73659199629
5605.610327856919
6443.55020960034
4347.55020960034
3910.0502096003397
4539.682157261938
3491.4863444373877
4104.4119205806155
4223.05020960034
6117.55020960034
4360.047650893387
6452.55020960034
4505.52029594638
5597.095376270482
4616.52269022988
3597.594801802687
4691.1585561128295
6701.010006331564
6813.05020960034
4231.774541680414
4366.610327856919
6089.55020960034
4343.185878117
6740.736591996289
6012.918437983831
5993.418437983831
4510.234034600092
5910.55020960034
5384.986314663183
4339.110327856919
6615.418437983831
5785.687149260716
4692.628573484219
6833.095600053895
4508.628573484219
6105.55020960034
6177.55020960034
6283.082834480962
4581.685878117
6121.418437983831
5125.05020960034
5574.7485460682055
6722.55020960034
6763.736591996289
6378.55020960034
5921.55020960034
5588.418624748416
6465.628573484219
6723.55020960034
5974.005984891294
6221.418437983831
6503.0914953061165
6475.105130921102
6618.9073429616
6514.418437983831
5082.55020960034
4528.123686437599
6098.543711256718
4621.05020960034
6020.110327856919
5698.128573484218
6247.236989967084
4604.697706671868
4488.05020960034
4298.55020960034
4553.110327856919
6371.918437983831
6794.55020960034
6159.941826761861
5531.951241249245
6278.167593707599
5643.128573484219
4616.55020960034
7113.05020960034
5879.543711256718
6007.55020960034
6996.274541680407
5882.145427286241
6962.110327856919
6745.834341399077
3719.0502096003397
5968.05020960034
6374.441826761861
3890.6315831234588
6034.5833325567955
5482.110327856919
6962.55020960034
4781.40197219394
4591.110327856919
5298.036160644054
4813.780329617361
5808.024135560835
8153.55020960034
6028.610468857596
4309.706689504814
4825.691142983536
4707.043751830166
7224.236591996291
4590.610327856919
7876.736591996291
6520.6122704711515
6042.236591996291
4504.236591996291
4484.003675494485
3679.123686437599
6184.6122704711515
6328.05020960034
5636.758666467243
4101.514501796066
3965.6977066718655
5638.016873195064
4994.05020960034
6363.90197219394
6764.610327856919
3965.5502096003397
6707.506852492866
3877.4418267618607
4639.38551928672
5664.05020960034
4930.110327856919
5422.109608100229
6226.55020960034
4919.05020960034
6696.55020960034
3753.110327856919
3553.5511405859975
5754.876120502929
4308.584179499758
5726.946620829837
6223.55020960034
4316.418437983831
8455.91843798383
3874.524135560835
4844.05020960034
6716.05020960034
4924.628573484219
6717.194804703576
4780.1122704711515
4771.185878117
6049.204664052626
5807.609608100231
4955.55020960034
6832.55020960034
5813.505984891294
6771.918437983831
4748.05020960034
5280.576377922108
4820.55020960034
5674.857867824858
4589.918437983831
3691.024135560835
4479.486632045849
3750.621330811173
4752.873767970001
6147.55020960034
7168.418437983831
4307.55020960034
4239.418437983831
5525.576379475664
6101.55020960034
5725.67195167677
6540.05020960034
4434.973620180596
6574.55020960034
7583.05020960034
4342.55592510558
5802.5059848885085
7311.245519375997
4212.52269022988
4466.591872842373
6301.736591996291
7244.252616025719
4523.264185502498
6491.102537369426
4576.55020960034
4096.902354124859
6323.441826761861
4479.6122704711515
5781.505984891294
4470.918437983831
5871.05020960034
4822.355577341478
4569.918437983831
4031.5673869591515
4082.0502096003397
5736.55020960034
6574.610327856919
4680.55020960034
4975.05020960034
4809.918437983831
3779.144234070407
6191.505984891294
5167.55020960034
4007.684458945191
3792.913808687377
6680.110327856919
6018.0059848885085
6727.05020960034
4828.55020960034
4720.610327856919
4935.05020960034
7875.55020960034
3844.524135560835
4616.173161325174
5708.486314664195
6010.59935213386
4089.0471998831763
6040.418437983831
6331.745519375996
4393.941826761861
4613.736591996291
6019.736591996291
5611.505984891294
4440.902354124859
6906.128573484219
5809.505984891294
5459.110327856919
5562.6096081002315
3638.628573484218
6547.05020960034
4101.8359486449945
3927.73659199629
6272.000832428273
4291.05020960034
4565.128573484219
4525.05020960034
4002.5502096003397
4011.612270471152
4136.556444036716
4838.05020960034
3996.128573484218
4378.55020960034
4051.5502096003397
4907.524135560835
5520.610327856919
3445.024135560835
6301.035101514223
4850.55020960034
4140.441826761861
4816.55020960034
4061.9184379838293
6819.185878117
4440.385348842028
5901.50827684745
4182.91843798383
5519.2485460682055
3815.612270471152
4485.736591996291
4309.418437983831
3967.6400352878813
6013.434757006545
4627.90197219394
3705.338976024642
4011.5502096003397
5795.008276848585
4786.418437983831
7001.918437983831
3785.0511405859975
6496.441826761861
7223.736591996291
4569.821851606986
6619.017935377928
3261.5502096003397
4590.110327856919
4162.9833820073345
4047.524135560835
6737.110327856919
5759.005984891294
5767.706689504815
4164.828035082968
3603.7480926037642
7065.418437983831
3671.0502096003397
4738.55020960034
5940.05020960034
6733.55020960034
6042.55020960034
7080.55020960034
7039.40197219394
6829.05020960034
5092.05020960034
4323.736989967084
4244.036414361627
4742.436556338331
5948.664651585164
6614.008388017487
5925.736591996291
7590.918437983831
4689.610327856919
5483.951241250114
6367.657485433197
