80.61288852541514
81.33855135881426
80.7297390295798
80.34681260234547
80.16651284921157
82.63645098085502
82.58739637346389
82.72472225162196
82.00973477937215
84.03597201919818
83.23798955748994
82.09441046101412
83.20541800675245
79.70750191958126
80.54191634488382
82.52317535220988
80.69492199359304
80.64627517018968
82.3977101454116
81.19223987053664
80.56196691078284
81.25193944901424
80.77887130746971
82.86071024598164
81.37490959876473
82.19723140939942
79.64159062344324
82.21927859419026
83.62202605014109
81.4907613209544
79.23207590304297
83.1685728743889
82.2286036788827
79.63682652850684
78.92548270955639
81.44448593724503
81.09506691550486
80.33729225554947
81.3757049764681
81.41471218342704
81.10258266131493
80.66192543275241
80.26055809386796
82.65720781700294
79.53053198719661
79.78543549634759
79.96678829814577
81.73075178654565
82.16439073690002
80.66633780508289
80.73371586506316
80.50274919960465
80.15566093275729
82.20183824534512
82.61422908413735
82.22535840018433
81.98292275630413
79.94553119403123
79.85119005417467
80.28074513501066
83.18114064326434
81.58951799402305
82.20550055413149
81.18100367631912
81.08422875567852
80.53630123943825
81.55759696115149
83.07416220361299
83.37527446438568
82.67569104521012
83.97340964120582
78.76441587279193
81.57239378535633
81.29461687140201
81.28783957984025
80.87954893348406
82.89859819541388
79.8231380630549
80.40752854247445
80.47668085873983
80.31965342389691
81.50444826976722
82.83707434459593
79.4835200899552
82.12031270386164
80.68597752335934
79.74240954023999
83.77760622303431
82.65178960398273
81.62571576962715
80.32529108857337
81.94808855794845
80.19521988980995
80.55656710264289
83.36451833521656
82.2924532662309
84.59362541507932
83.03923497860228
81.33178615675057
81.19108019243119
81.67259957918588
83.48349255477949
82.21207101910562
80.89667721928842
79.8815102638744
81.28741345816462
79.99179161413585
81.43797781934742
79.72683257920619
81.33557839965827
80.9682185165881
81.06809534068061
82.06111860618215
81.60469201469002
81.1148517622581
82.00793969299674
81.25028198181167
80.0321965865697
79.94150249438363
80.4680519377778
81.28863770073035
82.55949418995039
81.00379597391162
81.38537978557876
80.43809243450963
82.24091323694729
80.74423200478653
82.30321702779564
81.45213636929242
82.51039313983541
81.89812129518069
83.05743580825812
80.11287501936356
81.98120976522888
82.49013727525914
81.17016701419843
81.5110922609451
82.20532767076804
79.73435134169742
82.04476114375683
80.30492032103837
81.49520761302392
80.93191576365327
81.7090250074066
80.25958436589623
80.69082743904067
81.71093008050511
80.07908625504726
84.11496352741217
81.10733935639172
82.1790283434877
80.71318263269524
80.85037600395758
80.61050456579358
81.88264648067914
80.06990377878468
81.35538303083437
81.11329252266901
80.37389445563082
78.86363582767342
82.61029594018116
82.95705406793097
81.41053961315679
80.35443946601507
82.22596557076545
83.3625531963514
82.26793288780222
81.15182154059575
78.05342743372672
81.87831484663569
82.2402667689829
81.70216507855933
82.94524655026834
82.52320821497702
79.72349391262108
82.47523372765106
81.12654393958623
81.49555872949792
82.10614888031974
81.62862958832388
82.26173892601817
81.00138653622876
82.31795088925278
82.0963614051817
80.40253533005966
82.0925019400446
80.69011725878555
81.75231967363626
81.05229023194642
81.59023848378803
80.20834914381662
82.39228931427779
82.14327789397224
79.881565530082
81.86340961686334
81.41443695853783
83.24561431897571
81.14468256796799
81.09437181233235
79.98806631950235
81.36876768485246
81.96869126985122
80.0375947471392
80.76860065708506
80.95498756189477
83.95292014158011
80.06279871532398
80.9160206540259
81.43022352003308
79.70108767068822
81.2311335008023
78.63215446757079
81.11421712570281
80.83148561524506
81.80829519189616
82.74415252778367
81.05202798322854
82.23072172937334
81.95446120161462
81.2710095914067
81.6202855655873
82.71059439521483
81.67734647371678
80.39328312604209
82.16011155956582
81.21479666560802
80.07834336282794
81.02540845835948
80.25346988982314
81.2398500014606
82.3750243411945
77.91702073371101
80.64444767212261
80.79957407176114
81.81241974659831
82.36043819892906
83.56236457839117
80.04589364148373
81.82845132451703
80.43411849076918
82.95671465238692
79.89095615445784
79.06275026823475
82.47318345608646
80.09838332837327
83.10666722915805
82.63301669820751
80.65035240323043
80.94712317727355
82.12426186410254
81.36555441481347
80.3383640475082
79.67570301667271
82.2285062316353
82.25129998670207
82.30023995876617
81.77714547560201
83.21714724458455
82.01956933138841
82.0912667375215
82.28064047204717
82.22219454385589
81.30594139903961
82.42943657998782
81.91343566683926
82.45592981626054
80.02239258958485
80.10652064994613
80.61420163270972
81.21848905678036
79.94008877217053
82.92026728268789
80.1382184668355
82.49445623250908
81.66282548065566
82.88358683046607
80.77368614242755
81.19330687508089
80.93991836375467
83.03265403633759
80.47873727863742
81.36061677244803
80.65238482089033
79.13050032080247
81.23974840024007
81.89220733603584
79.55501844288334
81.51289125207946
82.43717165213643
81.6216253400588
81.75270331572115
81.85880491270139
82.67315055359478
78.23463538446947
80.78679120418344
80.66777750246361
80.44215403294697
80.56485159942041
81.0478227433387
80.12035031745603
81.99216632443148
81.1404468828661
81.0409477390544
81.33936557861114
81.77856523254813
82.51593167236172
82.59594036591024
82.94879297328897
83.1704696184871
82.17160734886978
82.34887543758731
82.24734624995556
83.09063971864501
82.0363404036623
80.33824529623753
80.66615884546802
81.13745563687228
82.22689098090952
79.60853717233691
81.29937307471016
80.10556153313611
80.71116666648194
81.99473489248386
80.34179029307568
82.45299713320377
82.18246911191194
82.42978679931794
79.38412222471236
82.19925626407621
81.36981007449681
79.90533096622845
82.91794207607062
79.9109971602723
83.74818379017378
81.37987483858221
80.46239189369645
80.47868137741384
80.7352986999087
80.9411177352061
81.68188710789524
82.3141659968834
81.177781136075
82.38294999032114
81.8469614003883
82.49550793452731
80.89362915227593
82.86616157967771
79.0676278188799
80.46758209933566
80.88518748566042
82.6212474925795
81.99430933393613
80.13963516623072
82.57153263664956
79.80976993632527
82.03700468048005
81.97690712375908
83.88792922014883
81.99725941392421
80.30205194559946
82.23890679694556
81.25403265758364
80.49196774354324
80.71547956007693
81.95090965738912
81.21031219896446
81.63025885859545
82.94206710252573
80.29124678553883
82.71930928125629
80.66278875685991
80.22950090669231
80.22363044075266
82.04106201609964
80.42211906716385
81.3225733424886
82.87067436178059
80.4514506814345
81.73808337206177
81.32657114814145
81.56569001763766
81.82233087414288
82.64515364729037
80.65816751150382
81.00190961393663
80.68441389259706
83.45892188596596
79.8801954164931
81.15583405268025
81.12721547502673
80.19700085785148
82.24395175045589
80.37331996158018
81.2906190244988
79.41991812132115
81.42227401839573
81.12607679956884
80.04596820827969
82.62568304712465
81.46558052672492
79.48830876061591
81.70379423484
79.43836619981198
80.70049420752362
81.6917515314373
80.13203954345565
79.57102852174881
82.74364776553354
80.37815520800436
80.52429114027268
81.31916526305105
81.4121393407766
83.64160230561431
81.35190990627753
80.03538008746537
81.78436771782384
81.2488809329103
79.76943948584407
82.17818446297795
79.59663585063812
79.68331146501033
80.23362337423283
82.5896144967088
81.32493935834725
79.67716742642925
80.82782956443305
83.60719217096214
82.70076657294786
79.31761577038603
81.4618491512051
80.4875907445793
83.38994618875327
81.88695449425832
80.67764244760059
82.88772133057753
79.89812834450552
80.62303960918567
80.77168547085859
80.87212495298334
82.03000149886559
83.32901342618727
82.64288941644277
82.59791620540372
81.24684086498785
83.78336472516783
81.13169096439137
81.53737757040749
82.1947504605524
83.45377735110094
79.83276588760623
81.97133539258581
81.17997756802649
80.30906421406677
82.50986212213097
82.24008301171207
81.6246931861969
81.78009843562758
82.87187952675323
78.78440879254131
81.6886398673568
82.63633245241606
82.17901107473145
81.76440361883449
82.1299657644931
80.80799173552144
83.42567186607087
79.84968216280397
80.52140019194903
81.18355556772411
56.27351058312716
80.71295831863789
82.65504838657843
81.49660370062699
81.20691657588115
79.90883284996248
81.5359290819544
81.59257362729541
78.60885967701724
81.1418888854895
81.90047569673003
83.27943741668061
81.4250482378723
81.52114321725173
80.14043043642589
80.23052041422467
81.8409185352065
80.28724217544857
82.6111642925687
82.09148659212393
80.68989135995211
80.28736164834304
79.44024410731659
83.66428961397078
80.26308128175857
81.79917697521846
82.69333375064919
81.51160801470743
81.47723646280735
82.07824051606433
80.84322474046972
82.59194873927778
80.13979659276399
80.7511409350624
80.81649361345067
80.62895444576094
81.3902895001386
81.9388342189797
82.55749866279375
80.52291239919435
81.62954936439291
79.8097945260022
81.93351308133398
82.11614448438041
80.16969460092561
80.948373770129
79.40683509501847
82.19625206405495
82.55333163050061
82.85407790618353
80.2840122310984
81.30161016606525
81.00803891929458
81.90085335899632
80.8572718557647
80.57169885824293
81.64100830091708
80.58456300192542
81.21281338190236
80.87201016273514
81.97206367915314
81.73083119020176
81.6661568036033
82.27240018842323
80.16631462236768
82.00932539624745
81.38681893964382
82.0910260787491
81.62923606988903
81.60419807158006
81.58685454102289
82.11389499650123
81.55977517487968
79.81447386829734
80.73853510561504
80.33188199102781
81.77757596401126
81.23908792019644
80.59615097860801
82.424688176314
81.48351117453629
81.77634595769233
80.99199228341867
82.56090780524872
82.319822668153
80.26587880515993
80.69282627477224
82.86270602765576
82.29898237748617
80.6067469425005
81.51766148257276
82.73984892863926
82.88101761359609
82.88760671782298
82.06722549531179
82.72299846476032
81.64629164429816
81.2838640055423
80.59914700515358
80.51376537242902
81.23918257371813
81.28548800993973
82.1872221760856
81.8837348815423
82.30301806220358
80.03317010885321
80.48577368461098
81.55549291876666
81.66657494896245
80.27002965528702
79.71811476771994
81.53245995260805
81.04197055794094
81.73947757323967
82.17515056912823
83.48135226474552
82.49250786366416
82.25897115612113
83.37852911373963
84.12166324985463
82.00852650848236
83.7077794217459
83.3143386869887
80.48420461309009
81.79211497317046
81.43890345815099
81.66004427426101
82.4737408290315
82.81836494081841
82.57159912852632
80.03512932869415
79.64435566737339
80.63801597196947
82.02533726496961
81.96574201762017
81.08300882456676
79.33090627825906
80.2994359837627
81.73384792682637
80.8682894005033
80.39786895234818
79.8577882306531
81.40110114518268
80.2034362626457
79.1402064827477
81.02967923368627
81.6530286515078
82.32235375415972
81.1279252760428
80.33873122544814
78.53794928005259
83.0551105498888
81.24781207692864
80.9642203263498
79.0904807103752
80.57590832790541
81.22198034602407
83.5004475363457
82.93958103515426
79.76479547227808
81.71463837354734
82.15824380530954
81.34178121915086
81.76294987192091
79.62899428315735
80.06187512022795
81.4794779007345
80.32190960472032
81.42334087068926
82.87840286112856
82.64193783592688
82.29308399617867
80.18391664109838
81.86116172391976
80.16219753122462
80.90003628156391
81.69488233660827
80.09096604373781
82.32276333928543
82.3013447558299
83.23105993510761
81.10938500842714
82.11804409988581
81.35058810420561
79.70619358887603
79.68169728912679
81.18999745715124
82.77914875316242
81.5017285136432
82.064007801708
80.71109460470538
81.1379973233849
81.20968466651388
83.01901862703723
84.53882410858355
78.93059832680889
81.44783197667708
82.17189318800791
81.90103821895346
80.65457773432075
80.19728177600402
81.01373189850878
81.39205588120925
82.81381371848131
82.28339135464488
80.97955730319666
81.57797037709621
81.27644758390488
81.20916159330457
81.07539864390303
82.23129000142909
82.23431093255343
82.68449270654573
80.32760078098282
80.76750100793777
81.58974330516651
81.95350496055129
82.11747939732327
80.4003944582081
81.98090231789854
81.77130614428974
82.27312641900869
83.65467858453395
81.76054232293163
79.43135779039184
80.80546052697206
82.70774607407749
82.26261138848767
81.38779938877278
81.52726915430992
80.69590279212414
81.3931371700292
82.00832748309243
81.05334518907547
82.0034331765063
82.59499978491357
80.66839618086698
81.32037775862376
78.30116855863892
82.27340604658914
80.97294447351686
82.12140705389479
79.05958062405915
82.24612835630265
83.57310315886889
81.74825701194328
78.48545551177072
81.50125567887132
80.40439354540808
79.2260869035878
79.40639419320475
80.6736175487157
82.22730041914353
81.72685222481675
80.90080174381903
81.51205407604913
82.35441456281951
80.39386608582289
79.75249775586296
79.02729318904412
81.45205704823188
82.78784697974915
79.9342977880352
80.51274732650486
80.18980240355441
81.78527590126888
80.26684209586702
82.40364431425884
81.46052415431245
80.13427748030689
81.35842286194374
82.23771636751985
81.23869069016712
81.11902583444778
79.68114182865341
81.6223332575908
82.1163335307353
81.20935460356644
80.72600220917506
79.56990546001764
81.83873159245319
80.41810451155446
79.95360598459345
82.26609499780854
78.75929667652763
81.42809065624739
81.8040894943314
81.43570117994288
84.12413909444261
82.26420978756046
82.28329835368181
81.66757541750013
81.8539188983593
82.85303058476472
79.84726828424073
79.70931669810437
81.76285157169337
82.24229987422747
82.82529348118169
82.03143669036844
81.14441486956333
82.57913172704028
82.621443897784
81.84975731903334
79.64128314689545
79.33545536058581
83.77559063148617
79.97750312867836
79.87470139868313
82.95439003928246
81.3346338847015
80.5897952453311
79.50794365855295
83.0880433877492
81.861648330283
80.46890447794752
82.01457912000822
81.40543880518248
81.46089967131758
79.82951597979951
83.18605602267412
81.562310956757
80.99766012441734
81.76367376439546
80.88261195072997
81.83846289739033
79.58323559643357
82.55054225030528
81.15743886067175
82.22749356274521
83.46623776544325
79.06683047013593
80.76065986454877
80.80285431810913
80.0533392175627
81.69576225074871
82.73549005180472
81.55098577051771
84.16962166404726
83.14011486777495
80.94405536249349
80.92778718707773
83.57644481010259
82.76907553210523
81.96474911772144
82.41307051212763
80.43983753351883
81.65584130201114
80.66073130887727
78.79507761697506
80.68896039139997
81.64722505561234
82.56591249981237
81.41534986589092
81.97270929302252
82.1742962381858
79.64288069158046
81.11242969722215
82.43272698267293
82.4244709807839
80.63111094653765
81.84831497742358
83.98589154952059
79.25188253362379
80.03588892102961
81.02210710190855
81.80618391978825
79.13769622237808
81.39709409786167
81.5658997900681
81.73531831970523
80.4618892413426
80.33637793489947
80.14545488871637
83.30890574512935
82.68187226598582
82.1248515263379
81.77843523355571
81.68507030205598
82.16602704671912
83.75526548567582
80.83812929364
80.68226879820536
82.2360022109465
81.35919015608314
79.83819475544168
82.18343137518431
81.26817380634265
81.61287274930484
81.16707195993779
81.4377613683381
79.50795115851756
81.09777278418183
82.21494625614179
82.50343293042737
82.78556191553444
81.6022160699622
80.54866726597493
83.04163291472378
79.05123320209044
81.89420507917107
82.12031993959066
81.19865250016855
81.03365533027838
80.33186754592892
80.89295714219556
81.27427210318665
83.46808513249
81.48319995626456
83.56868889850855
80.83830069248361
82.59192896072656
80.67256008111258
79.65679850721925
82.44117068526386
80.94659921523119
84.11961772943833
80.42452403767442
82.72983938220258
81.74856230810168
80.93061109597744
81.4149815203743
80.85166947959615
79.80700575572459
81.91650755950545
83.33891371917731
80.74347080409481
82.21994383241349
78.40159980589986
80.41610101999846
80.10501656055942
82.38154684868168
82.78504298746783
82.1013238208621
82.30384679018066
81.27921959601912
78.67724633996758
80.83398198613044
83.15320581998411
80.56677097190311
81.815741073091
80.92723160910833
80.76447666966196
81.94299464058074
80.44402022773455
82.17253361417838
81.35211139556961
81.92512651946073
81.3482837319608
82.71420669451261
81.86507428314391
81.34741880082312
79.93618420713426
79.45704311479152
82.53947919457097
81.0897016806904
80.89785060605077
78.80950720971752
82.4234372096314
78.80346475416026
82.81374156542017
81.18343788558981
80.7878579936183
80.02302729678787
81.28097896488666
82.03799302726944
82.9510566712641
81.55958405639821
82.44923733324543
80.51091366719753
83.33974085329501
80.41656559996474
81.04716121782091
80.52934027859345
79.78100353613794
81.97854265492863
80.10412283160198
79.41676487707205
80.4534231156648
79.94071304706327
83.48020245063091
80.82155956582244
79.38890192177331
81.43658422375239
79.87337303219351
80.79346216918805
80.46951427977739
79.9723929678336
82.06670249028828
79.87829859158872
79.59233501906861
82.9520826896998
82.41424606051413
80.82572516892289
81.77181548458037
80.61710074016774
81.12565024849191
82.1861630987891
79.82442414349227
80.94757947790879
80.15751843084641
81.91321800816247
79.40142511255567
78.42168717143635
83.17226998953477
83.0168681851851
80.55404398149206
82.25103222986223
82.15829696416743
83.83274241850171
82.25963663090359
82.83241499628771
80.82773996070195
79.24972006220102
80.86797433133292
80.41233750438634
80.35179189909383
80.52994471753959
79.87358079680877
80.51179432359028
81.8842134174668
80.55648426385908
80.86446449734574
79.53287054826984
80.75100154253401
82.0985314419103
80.5023510354691
81.38635472068418
82.15682012304555
81.71738807737707
79.75291607321824
81.33646370842357
81.34164995726321
80.38308474679873
82.7721012808292
83.26444868021213
80.76319209146853
82.17258261518225
81.25004370040836
81.61232136770923
80.07177947836854
79.72259569413072
81.99852830948015
80.94766202072347
81.25953217842527
81.25368075864466
80.58008048548983
81.79850974790156
82.55871991181364
81.63639846154965
82.94545536158788
82.9298405133587
80.37036867268533
81.3200190825917
81.44006165775725
81.75329830395788
82.69130985396059
78.46574329184584
81.30452770083083
82.21240659775921
81.36892638691687
80.60981091453223
80.28217409095355
81.79666231713065
80.88000394403392
80.56826710699227
81.36478192948202
81.9474028314152
82.01271602348059
79.26229209472045
81.85264690527025
81.19488532299124
81.2786358969493
81.03937088823945
80.40421729907058
79.94713435909044
81.51744342765558
79.45143208442906
80.09924845421388
79.83589999065259
80.2924368608954
82.11596119559935
79.96584051033123
81.06955198489305
81.78411031585571
82.73621106961382
81.27806516494896
79.27504968651982
83.73724840121717
82.43292931138492
82.57415238234329
80.40446154357083
78.06166233471502
81.57769167467566
79.61615926481916
78.78908478950622
82.18228997196326
82.85395561654798
79.59724496009827
80.25952094821257
82.99592434177339
82.16865357596642
79.62790633918023
80.2167198296311
81.59249913175313
81.15547946521664
82.5220284463308
80.8135054157495
81.32604844121093
80.9005485972356
80.59274313237262
81.645227601431
80.75399671878243
79.718886369604
79.965238008844
82.0874305651364
80.40241066870169
79.07126122117255
81.55833229210656
80.38309648900503
79.99530461564409
82.10636140890117
81.51547772426109
82.15870927050764
79.34341279114713
82.38884487888355
80.73216471606212
83.4652971094672
83.09301396886025
82.26791272576271
82.95741213163888
83.52971559940997
81.74572679644238
81.36993826272963
81.45876441301367
80.44759017735187
81.08324991484434
82.16371784276552
81.32573015630574
82.23394118979533
82.33376860994889
79.89323853614977
80.66862508324195
83.40996759067731
80.77685650245235
81.11294847469172
80.21225706690316
80.7675490619479
79.53133473466508
80.80405648878893
81.2009403277347
80.14106181854311
82.52821859383594
84.26993802831045
81.21353185221442
79.2671569939969
82.57339112166042
81.65641267976089
80.3155519873609
79.30678536628332
81.98470881617291
80.37414350630678
79.75451387985149
81.77588637174811
81.63208282331546
80.7224251396892
83.37460851795286
80.88348187434359
80.57024293625615
79.6144818326888
81.08801250751468
80.09049684034517
80.90112631676543
81.69039011815875
82.22626838476994
82.26839677444453
81.17928143366171
80.6947373168953
82.47616478733092
81.39579792384866
83.13572807295974
80.74592987998152
81.36945459224731
79.4798565632682
81.51023213224005
81.43056725667142
82.49405875454399
80.16320501611408
81.53331350018618
80.36271663209736
81.49104481965368
82.40342033342999
81.94148496524657
80.95710425300128
80.56675717444041
82.29536626921578
81.45581538508719
81.96514151935959
81.59814479350143
78.83908664679974
81.00547310028617
82.71223451282516
80.24463648644105
80.59336022325002
80.54644302851925
80.6608411417061
81.75804719509222
81.71388350986145
80.18283021548355
80.96705205024081
80.84526551806863
82.84295353527378
82.75970595621902
82.51259312618465
82.94135848045919
82.29762112821626
81.55712141421903
81.26521911236908
83.11058604788761
79.43933484826321
81.86933982170247
83.93423386401633
82.71353676058364
81.12181395724987
83.42379217479015
81.39461655433577
79.94297615045917
80.63370649286462
81.44998164410943
81.72873787085094
82.57541724093863
82.85925826429542
82.21026604449779
83.96442662297912
82.33886854619129
81.5057709120968
84.34167949142913
81.29386629871154
82.53827577141013
81.00501529277
80.42372327352626
79.99805326152931
80.19494518750771
80.52534646709438
81.70347394960656
81.09779768788046
82.97348323424856
81.66891296007636
81.75342940411083
80.5686487012063
81.30202760905463
83.07899634230415
79.87151231458294
81.37589539827876
82.13461814854514
81.08843359019954
80.32003985742584
82.049176313648
80.37252115941513
82.82857370688959
81.02850892797191
79.54485664507436
84.3225590748453
80.96003039833887
82.478641473715
81.96674422139331
80.95401125241695
78.69509392128741
81.04577234104045
80.17078710935623
82.64569597910426
80.93591337638678
81.8549966986732
81.41378500146625
83.0920115131877
80.34989206532236
81.26800703031581
83.04094185299999
80.46420303980916
81.05039116629878
81.52831919024166
79.45282701238615
81.94361792272943
82.19820848221943
82.00314498570542
80.82153223699896
81.5213010248728
80.1582487150923
80.48328861922484
80.20476458603507
83.1148469151348
82.22652591326386
80.54479598260164
82.31681980835688
82.21395739561551
80.41741183474444
78.16533078438
82.10792559982357
81.64014850615612
82.46140248085699
79.85850657398663
82.27296352864602
80.05078838488237
82.09727976158942
81.89868315683873
81.67180402776299
82.26897363845092
82.72568317240345
78.47859420605295
81.9214534246712
82.42220882724354
80.79823581883564
83.24053514994426
78.84005374239337
80.25865134811876
81.97051232092038
79.02101104116569
81.20598238705487
82.63363267041099
81.57708144795913
81.97526301650281
82.29255657591618
82.84751006623706
83.9252673889382
80.11067689533813
81.70070309857532
81.46113345262187
81.48220591936277
81.34430120405096
81.73516861083846
81.1379312455987
80.70696809947859
79.25195106878674
81.92884136991717
79.89127483675666
80.02075522626077
80.43851544963394
81.56519588848907
79.85065764123783
80.8931080495583
80.51297112716809
80.9443376276691
79.75228045562713
82.61615121730428
83.16142416438566
80.33731772993308
82.03067054194894
82.95597996373762
81.82044088453459
82.21271961170876
82.9824624803492
82.26814502364913
81.98307861923894
81.57337402432692
82.27493941101041
79.63491641617945
79.63492601604807
81.29161285223154
79.99618015724388
79.55595257402281
81.1369944172314
80.70620657318693
80.0170982382218
80.70266776542192
80.7240662987996
81.23983390063226
80.06685584740889
81.3702538701749
83.67562824978472
81.60354504685503
83.17034508693584
81.85156396726136
81.11830152633499
81.408107791541
81.56869124790936
79.92014822201433
82.67973830876336
83.16071082283747
80.21677695356016
83.02346890133158
80.88606889638673
79.71410456805265
82.87019685416517
82.01579979315855
79.77765215686355
81.80211677835702
82.06235300108496
82.19203520564965
80.37525825499964
81.68839032418771
81.2380174781895
82.5801020208056
81.77676669332546
80.27251300405571
80.92883287279021
80.94752131886527
79.8627766961766
77.74667602469214
80.448164536868
81.7520970325828
81.0610538435981
79.343636673077
81.49988564408001
82.39292090176964
81.43885804624365
81.0090349793584
83.46391982382788
82.38014258708802
81.68470001138824
80.93615151763817
80.98385982273989
79.56426758934732
81.72331733254282
82.00713431593043
81.99590491282859
80.54416653816295
83.6090842880904
82.89334303646373
83.01068936439931
81.77237563391208
82.82157890413563
79.60787256078648
81.93836250331844
82.11325809170093
80.80313074828716
79.88979268958458
82.93055574921785
82.99521038244244
79.54778331893071
80.91292898403913
81.0810059637529
81.85137269354892
79.60805988037627
83.83452007539658
80.81505753476183
81.69510411877
80.54358236498794
81.43725998485718
81.58047079096978
79.415877952324
81.81375207044339
81.28889528239839
82.7294876989858
83.27347750746141
81.3476618481856
81.76232923392918
81.53086504899689
80.20012317816449
81.59245232592829
81.36446243369988
81.81242658890295
80.6670914072609
82.21579871099924
82.04485741954377
81.36013469315445
82.2688688578475
81.97636380281544
80.21120947735322
82.28621280599795
82.50199642048793
79.83180011144073
79.66233640711219
81.97491311169425
83.3546996337056
81.86859054213413
82.55787724923961
80.6620513800151
82.55425815998217
81.25299008999299
81.88905707570116
81.71634726808138
81.39469497461148
82.74924983196946
82.06888225132087
82.56040801728727
80.654348962233
81.5630726356309
80.63132195719831
83.54496491582069
79.32579972890562
82.0600802626784
81.5658966770862
81.39502098267141
80.3335315113957
81.93392345867352
79.48337076232484
81.2371338794337
79.31499272997628
80.77693648822014
81.31444457349362
81.70492559731576
80.09357493945097
83.6346250177576
80.56976347298813
81.95723141423176
80.53987315744983
82.64521660657601
80.34464533290027
81.44450519855289
81.24031144407337
81.00347964061368
82.0673630837546
80.54145695584785
83.37574237166731
80.30980152997353
80.61061542137308
81.8572572460406
81.98121256257997
80.07781264319495
83.44446040688506
81.13762352515167
80.8360979125181
80.44786030243644
80.23950318921428
83.57771176467553
80.2841452244817
82.70246599253208
80.75141635608932
81.94924691318313
79.29813436491139
80.80742176169285
80.64523116666857
82.59429488037252
81.8031255238541
80.4938312109712
80.51993223070608
79.26900144594457
80.05486385616759
81.24568458985316
82.22022416975489
81.10075065901087
79.75040899965111
81.26099740293873
81.9223959882419
81.72560341714922
79.35181101163026
81.18438330356307
81.3147345461024
80.67620593591423
81.38229955197167
81.55873241716128
81.98242551802565
80.88498945805206
80.83879674454742
80.23896559303981
81.72609753944174
83.1850438842717
80.88236799661948
82.66057320214595
80.81358696058147
82.67050961688362
80.25089821080505
81.64332594100284
81.80635558798403
82.64638435012498
80.32478537905335
82.15062447667391
82.62327009742151
81.15255377160727
79.78892038369744
80.26237531889146
80.70962735219928
80.64249693894098
82.67980948019533
80.35905748316956
82.18514777197392
81.06106813741066
79.74622058817046
80.70699692949493
80.19410959095197
81.14672171922709
81.8949128915112
82.77206212009278
81.2278014298961
82.17319415445822
81.82276196900447
82.37614759655355
81.84775716959548
83.01495030525732
82.66891839960023
82.32581721847876
81.41639666881133
82.65374067492914
80.85823560648625
83.12142756466115
82.09259568335268
80.20748326875221
81.26903952919461
81.38720208698132
81.98086246381041
84.03262033068088
81.25342266641533
82.99099224305846
80.04847024322407
82.37671195948515
81.24376988004954
81.65271381328495
80.4543075635206
81.05545164137756
79.92148179756094
83.06046264402697
82.480253366458
81.233622762013
79.75941766815569
80.39449072043949
80.44566554349291
82.13181399119404
80.51392617718774
81.95209949906683
79.59727476037143
83.19124628982229
81.42126336774761
80.41929675075536
81.51033421031461
80.65039292701842
81.2059107127677
80.9792312091844
82.39910973982236
81.05538094619678
80.81659052706709
82.13051217958655
81.276950309609
81.67711821105036
80.78272681926865
80.11720276302198
81.48105520911503
81.55199446373899
80.09799834760642
82.19790523011893
79.85685143689317
79.95272630433743
81.60712612169363
82.29554142432957
81.54440668177514
83.00289801879042
79.98998688178811
82.57362973771542
81.36827828150696
80.74633505600836
83.52008939140529
80.59590409065096
80.57208707419072
82.43342785447933
80.30148336794794
81.21826584276167
79.47157192344662
80.15357110715435
81.14884789992553
80.91234759346449
80.17128522269101
81.56009387331622
82.83364552785201
81.72774319898964
80.84447359506129
79.8806675753727
80.79450493969615
81.3709197256035
78.91839081136409
81.92546710589333
81.0165234154694
79.71081310619522
81.68420162115513
82.10748620508352
82.11741726749655
80.4703793451184
81.3854133808022
83.42692978246927
80.39102175822786
80.18157161204456
79.91269354448819
82.40642777726008
81.142751592879
83.35272981538414
80.61297568565814
81.00040670493536
81.65115441530502
81.96922221676517
80.0176353475991
81.55549818470564
82.55258449775825
83.48350609053979
80.63518862391102
78.7448469206156
83.64399353308922
81.09581289204515
80.89078728703342
81.22996501646816
79.92257512407613
81.48851177183006
81.10325108058825
82.1960989235052
80.22044274851257
82.32093177094478
80.22648357520451
81.92966586780732
82.23614813553591
81.64813210117872
81.66635086825126
80.29944662729098
80.96524788090784
82.78271298581029
81.70234199004162
77.70863889839508
81.85338765172904
81.95093063465451
81.85355243022207
80.46509681371668
80.72585289588058
80.69336077301783
81.57204800420418
81.96580519819497
82.01204275902025
82.20614762185957
80.69462525201271
81.66541301012144
81.83476143809486
80.76826404567592
80.72599355455012
82.06096999555821
81.06106238114785
78.64505082710839
81.15411834216094
80.85214843420458
79.69847259386852
80.81277915842352
84.16499128432164
80.9871878818306
81.96463201906373
80.14541868205816
81.35191907778376
80.98963201930434
81.27999254520694
80.46380395552869
81.83470996926204
79.03615208342376
82.1229791043635
81.10330126005175
80.98143215048542
80.98092785439667
81.24820508699675
80.91342949100545
81.0065180583164
80.7678298748573
81.28466655507705
82.63033982003698
79.49753651245751
81.46414002185203
82.09280248182905
80.59765679205348
80.68881457325772
81.99891175168035
80.08616321662362
80.87139277042887
80.93563973544362
82.55494276880867
81.13734477168217
81.6383508728284
81.84782416710055
80.12048466199028
80.05040114312105
80.43022939368306
81.73998973098514
80.85742079895735
82.41118791102133
80.537417006998
81.10606280674959
81.79427445234928
80.8806178261935
80.74454134265062
81.4756147657297
81.42592275613873
77.71032507445292
81.61387003848085
81.38075330960729
82.02387833056362
80.00491892030885
79.89890510507232
81.39539184982102
79.50362617077101
80.84894336809545
79.62935240264208
82.18970812762059
80.07403023366373
81.16130175587651
81.78677801414858
79.41136713715471
82.10788370562167
79.70035190265429
81.12811831106283
80.73594193876593
80.46819413073186
78.4268503728487
82.05272936260128
78.89779529420646
81.45039419958829
80.59962070258304
81.71057285888853
82.2022148406076
83.37456057688158
79.70621390752237
82.32932466870157
79.98693007260096
81.42090259600519
80.98074676516742
80.09461946096421
81.13204557935443
79.64139025620813
81.9978420325766
80.59839543913722
81.22016493259184
81.11024007772397
80.6456251593355
81.20512493167521
80.71854876087988
80.00051065826914
79.10998080789207
81.0645163968382
81.39130195960765
82.1937830184607
81.22669995386588
80.69401819338037
83.20686267577067
82.10802511300723
81.40028077780802
80.57292823337835
81.09183543382197
80.54439488209843
80.08015042003696
83.12170345751524
81.98773461992857
81.13447959784298
82.33289713615439
81.22761416866136
80.88292665934908
80.91508018754108
80.61940551429265
80.27590443638594
82.31084719482108
81.09419972277553
82.14046351001969
81.0145345310562
81.05223482012337
81.25860882683052
80.03866311512637
81.02611005526782
80.14015983001671
82.86538244738436
82.02897291169857
82.18692128491385
81.39559475355757
79.35240688942957
81.4768918905446
81.09740049091519
82.41862496624994
79.66434766697739
79.87165511180159
80.5434693010744
82.5637975878609
81.32772718880805
81.53073035938677
80.84453268601484
81.60972834486228
79.8456242303564
82.82552088858858
81.2342861460617
82.32460797043247
80.02155440474696
80.30192006161063
81.83919205370738
81.95830329632477
80.75564660160578
81.10388366277513
80.0448702189232
80.72559032225949
80.80764449382995
82.24969408013541
83.0230054477079
83.9077677144431
80.11319051679406
82.06988202217713
82.32479486291278
82.17851732732397
83.83127308119714
82.74196457656467
81.72023404465577
82.40126738119501
83.47003299852473
82.29157572419706
81.90119151443582
83.09717510024761
82.17196016534774
79.76073584224415
82.36716800883715
79.5004574129945
81.76864704131708
80.72179828854054
81.90127440718692
82.05675038004829
80.63887494187857
81.19834847909482
81.60808080188572
81.54014752123852
82.92318513372147
82.54048996344832
80.83439971960242
79.40079586905208
82.66378068968385
81.88951587724074
83.23530759046774
83.01610354043902
81.88943234335437
81.96028624321819
81.49572479379627
82.3127135355397
81.33077396471835
82.39077383895707
79.95365243332587
79.80223338124914
81.57569021173795
82.36990405886915
82.69790892710637
80.9608133344866
81.84030227941659
80.56835735651657
80.49420603448891
83.02053551468566
82.0955357604317
81.86925883553687
81.6387188410876
79.69134996703391
79.76600717558374
80.55517331968706
82.82311647394093
80.1397554310305
81.0789714736262
79.93593711090439
82.97176881281997
81.16870569990365
82.24416480888908
81.23993789010918
81.86076045243489
79.57055375776625
80.56825961628233
82.80082011722202
82.25105946447634
80.95977659887822
81.11821797388386
81.63920605040401
79.63245828831683
80.82283618083379
80.36259251426759
80.6738261220362
81.20217054148377
82.1155499178754
79.7150936285366
79.25695008344991
80.32774004233703
81.23665177348093
81.56733813980185
80.09942491235977
83.78563231889315
80.26751324408147
80.8734026137933
81.84756714637125
82.76569630606821
80.94135024397893
81.73385929799122
82.41802802638561
82.10177025935917
82.33229452788547
81.46622416013591
82.99379148507843
79.30498954291734
80.95966179640357
80.95998610818387
81.9637705312963
81.81674745896072
79.13309670931676
81.35237330615733
81.17602620377951
80.52421637421071
82.39648454943827
80.6567687167684
81.78792720499206
81.16373259812505
82.3366167289215
81.73285309961943
79.6539594405553
80.46051794347153
81.81346816007952
80.71024861856158
81.59448087264178
80.45457582132477
80.84296474540962
82.96906647180374
81.39122881999063
81.86904992978684
80.73779271500733
81.71936824621896
78.99668935406321
81.77417225374198
82.24938302980523
81.4566204079584
83.73671946949128
81.94539099141743
80.89471858370608
82.38758910544894
81.30544281935106
82.58087109954204
81.2895151157012
81.98166589812652
79.7852191698736
82.1361390970066
81.86223243550393
82.61871198513988
82.31893465943207
81.91282215530204
82.36747087164485
81.82236089996954
83.28228866801956
82.30598271719789
80.30676727870593
79.66724934111159
80.43228817734861
80.1326873384686
81.00314293737156
82.44130756016276
81.19971216990575
82.01870967400201
80.71364801529235
79.8387106443913
81.51369975873203
79.88206332094201
79.43971619105535
79.68870344554367
82.89873352417243
81.34860790928106
81.47277455415463
81.9310793666858
80.72606041949885
80.34482408940409
81.97574072532063
79.17619062024764
81.76554452337477
81.74504002579482
81.66401431187279
80.70883015070902
81.85261523592469
80.6455298251105
81.509722196737
81.16405593450547
83.6638643504497
80.51459456718706
80.31372816086396
79.56589478599528
79.15762284378599
83.61988438784361
80.98631978917884
80.37869917423404
81.2577148440609
82.24693347501174
78.86730723176282
82.38749108879314
81.73992149222798
82.34994714281936
80.43533924473584
80.80584321880175
81.31793303060681
80.33254513242102
82.32742192583197
82.24052090178998
81.23157692756979
79.74901702973305
81.22500718544072
80.85157187593296
80.651803048805
79.64749954022743
81.20927251699229
80.5794544829982
81.7615366324013
82.20879936234016
83.71986489083747
81.89713763278252
80.811447805206
82.91029098241074
81.5020030219215
82.57359090854328
82.0210484634279
82.30064670223133
82.19779990152462
80.82930310915688
83.54934034043465
81.39537334216367
81.64965327061601
80.07493027577313
81.10576778250176
83.1274137106388
81.57843692523761
81.20404153302067
80.52849856934041
80.69479948763012
82.42690459550751
81.57816528077933
79.51858473467419
83.4634362775015
80.61845550643116
81.62336003824805
81.09448115487245
81.54495784249015
82.90366220113819
80.1794670138012
80.7364395712792
81.9789790661802
80.60324972280895
81.72042361756027
80.23026037502
83.30806062387202
79.92920108976122
81.17653060316603
81.652417521668
81.90137500874201
81.63962881925659
82.76024810419555
83.53426127685894
80.33649348203339
81.02138097576373
82.88645465014608
80.87512161710377
80.59666903531195
81.16871231946416
80.14780488845372
81.74032942971138
81.98002754713242
82.58963136711334
81.436327306967
81.46337511749518
81.40388526648417
82.16118721076035
82.47132836225992
80.19888375621382
82.91676164228603
79.15531426894373
81.25188295449848
79.56565159990839
79.00125385884401
81.21969764822855
79.94956775897614
80.03984234141925
82.1853954079085
82.44636533145098
82.4513890255076
83.72790768250448
81.62422071983586
81.98186446575224
80.33197197940274
81.03929365953694
81.26555006423506
82.34727119947638
81.57171059317311
80.25199589149467
80.58630706957986
80.58592900440304
83.11572833631782
81.97840667577893
80.1999257807183
82.83775665547783
81.50999139110706
81.76352967921154
80.25921723206456
82.4118866279061
79.45715327025297
83.10306580744171
82.28416282206464
81.40076964215602
81.6579160343001
80.86056441130978
81.04551834847007
81.65778834796996
81.18850682329717
81.3217564658207
83.5035525822279
81.6646004603566
82.51199950378589
81.16010581077703
81.4400453943695
80.5207435319968
80.80351715426009
80.42672437282897
80.33378257871743
79.59401429720573
80.98835698005193
81.08369891106332
80.67163280720581
80.89715245367802
80.95189895912434
81.7371547195259
83.55839308174217
81.58082809795839
80.60206840829872
82.15995207012864
82.6307621810068
80.25127679392722
81.29894038851472
81.86523930690804
81.0761608778911
81.74960833130358
79.34020935778162
80.91530336242614
79.8120233749349
81.50048384912641
79.6853227878704
83.11593678207315
82.4543156178373
80.36383149616967
81.8352032083886
81.17750075269844
82.85827050536363
80.86365029797358
82.39967898372795
80.30236844193455
81.47949848734274
82.95253444450357
79.65419076902349
81.91204996534562
80.78100560354042
82.85076887902405
83.46045301595323
82.1252335123009
80.5758476946554
80.85974220021079
84.55838851188754
80.02482409971711
82.8827452487842
82.22821320140609
80.70124109711837
82.46293994913515
80.7033139912133
80.21818346117823
82.91436846169245
81.3381252899897
81.0044255441704
80.67829173902322
78.99417410080909
82.53074551280052
79.32682075374545
80.67967591967393
83.33134133875309
78.39515564379924
80.64892987856841
80.46843890621845
81.86518904210085
80.52233569938019
82.15236465290407
82.29024890160564
81.7580874024862
80.50080502641154
80.1576281465191
81.13194544067186
84.35094549162173
82.96002925556155
82.54515783733679
81.91281449146766
80.5822276625751
84.0394771459318
81.52939056533633
80.9297925163466
80.1992733593483
81.87027465360784
81.91080247999051
81.79708249022185
81.76212437708911
81.93105381754125
79.71835000544628
81.06030676593441
82.39490973405138
81.90026084850255
82.86168927069562
79.56084402445092
83.19387904205516
80.70481486082019
80.85260162789456
80.79051141638766
81.95341927614047
80.57529444485945
81.1632499513403
81.35621570945843
82.92291698739756
81.80603972664072
81.23722767875167
79.72415040672075
81.93910743681302
80.62129091795056
82.41157406042811
80.33469729371011
80.70509445935296
81.26979657366563
80.62202064797188
80.16661930236975
82.4953791216145
82.50797435323628
79.80886056427639
80.79225132073186
83.80777264897911
80.49360153377687
82.33911312958776
82.89999625112337
80.90320189286783
79.50791745157957
81.28855611083195
81.00064196579174
79.74957926388983
83.29124051284515
84.1829966552346
82.55322639562556
80.6417546121367
80.89260115632611
80.43727869408747
80.89169448560948
22.394668425399658
82.55748472828422
83.64133051786916
81.85291537001709
80.25534839000608
82.07483438833607
80.35558379787783
82.30824519591003
81.77496712258284
82.10948446803162
82.41589070855856
79.22898344574932
82.86722091651819
80.6566565101226
80.78704766841363
79.63178775206204
81.09104576696446
80.00829541548693
82.22225573824721
82.414615307799
79.33089479917693
82.30898047102123
83.42909958272155
81.28780314564118
84.2452423108742
81.62269521355903
83.1263694170742
80.89466208028618
81.85634443544623
81.59927105416443
82.86086611844206
78.77551612989889
81.09378428209074
82.1544320395672
80.71258090370131
81.71183711673434
82.7923256384362
82.60554126087214
80.31037710548975
81.18090606291531
80.00081552395793
81.64632031558098
80.15727623306624
81.0762978556154
81.10020345784714
82.12942672195013
81.52435016821528
80.83786676138828
80.26117675030588
82.78712556067399
83.19475054529305
81.5693766453538
81.36209589940286
83.17754358979522
81.85601030084729
81.51138067844327
82.05382120436046
80.57581911993397
80.85681159259026
80.94989051756829
81.40826718722793
79.4489226082766
80.25203863393305
80.48780979844662
81.29436741535712
82.48551456361089
82.05642211368772
80.49760788424061
82.02528730534044
80.0915868578012
82.15361654692092
81.23858640730987
80.84516616815414
80.67763150015847
80.67030576425968
81.50771613337183
80.2836996889161
81.22548515415964
81.8942454807974
79.86606783460986
82.8964679796356
81.74290396389192
80.45936069270797
82.63311758951563
81.45135754533048
81.9190014402317
81.45220534990501
81.1257202424721
80.5401169345202
82.54374543623317
81.73270613999192
82.97944990839225
81.45842737969205
80.12876680819751
81.25380572552227
82.70241831074325
82.60841133503011
82.26014408962811
79.62818170939556
82.17958055616072
79.69487137278018
79.89714301816939
82.28761908771969
80.88260479371125
80.84916267828254
81.33887476900115
81.68497776549216
34.649396225338016
80.98338202419326
79.75916529573392
81.2606203179923
6.512899341847509
81.57538608629504
80.63842452532177
82.17309745476088
79.54687079087712
82.00864629521607
81.95301559847837
80.46455686840163
80.06797532542699
80.15196977032893
80.98129970567295
82.20981718109284
79.23646908637232
80.43884247288855
81.7621261394563
80.46947193809332
79.40264843676407
79.44919942166128
79.99751350881762
83.09045744772305
81.5005919063298
81.89332536033498
80.93018174429051
81.9271181741537
81.790996552632
82.29998452145513
82.40932494264126
56.88101987511957
82.49154341245368
80.99110994636396
82.15579481922413
81.09488372657722
82.37112549087563
81.29372106836502
82.18355276946313
81.31355707924725
82.02718675518865
95.28399751234164
81.24636028704313
80.95786470940766
80.01112736775545
82.04309870172882
79.85305020569002
81.11554946698979
82.55910881163031
79.70857692703953
81.72582755745243
81.5937736827103
80.99502291921902
82.30498818401199
82.12758606823445
80.8386632653982
79.56219262841071
81.20464898772724
82.366851178621
81.33865506531951
80.57073513430711
84.05603837437995
80.77732109275776
79.71392326163497
80.32248937684088
84.08496246301263
81.9670004653286
82.09382653821714
82.51548234097282
81.1195233317173
4.3625596218695275
83.68236812138518
82.52060675108319
80.9095696966113
79.59336154727448
80.9426432733171
82.29124973879009
79.7140267867675
81.78563822043463
80.53285253743917
80.83521507463661
82.11329861339897
80.12341614735145
79.77170805617592
79.96626930821203
82.84553509370191
81.745710743464
81.89830085293197
81.93829214514014
79.85707328580257
82.32422789573215
80.59521097989877
80.89749251080674
82.03557007919652
81.51114887726351
80.18584696867185
80.63974406483976
81.10571607671748
82.17992047351959
82.62009277147189
82.01950418150916
82.941072854228
79.76439015365486
81.98161784416108
81.31789373377465
81.53312458473907
81.35276784153497
79.06357958946167
80.9889957228247
81.0353354602121
81.56861953299426
81.36202663514894
81.16936660227894
82.76476803817435
80.41755302265514
80.75492451332919
81.19494171492352
80.64240014246948
81.83795709229666
80.85972525982392
81.56992955722643
80.42578583639843
81.59953526433341
82.48412188023346
82.83437179621446
79.90895280616859
82.2896093820701
80.70713072846097
82.84101845081337
82.28681669540893
80.12615042833255
82.0409284779109
83.07157767975065
81.48490679760067
81.80573311058114
81.6756063921794
80.89710141417028
80.81762708460717
81.59902392708042
81.71750242125695
81.83315710355956
80.68521548380117
82.01374041878967
81.18329101116932
80.51123386727082
80.52560747731378
79.23322179807279
81.5306408917829
80.85127402608867
80.20623882787106
81.46200611839694
81.17287315551931
82.37348946606161
81.83315135972721
84.07740078702224
79.77801954521021
82.20606922461364
81.13017093706273
81.87617143918281
80.83379509923223
79.93374952402824
81.42725198167562
82.39264409075692
82.87416854540427
82.30083707031558
81.46040558695212
81.06312744499823
82.68705330331584
80.71283568251285
82.13732888759564
80.42153079114107
82.07179744517327
81.91073376962498
82.5938701588276
81.37491660386691
81.71304494158042
83.05303326347382
82.15783222123487
81.64924572758456
82.77684131324706
82.87376014069827
79.81525577405712
83.22120623737962
78.25936972320281
81.11702937872538
81.54771644639895
80.58402254460957
79.82413278057652
82.18655706433461
81.83855629336558
81.77405110231035
81.00815756640792
82.96207909100062
81.49866897533862
83.63163446947607
82.41437298254775
78.45198642234396
81.55324016850938
80.93146463966782
80.65199865417121
82.54518114331225
82.83057172751943
80.00596316806813
82.15237903912123
83.09919513100196
80.45185940796927
82.92585459177133
80.28988283612271
82.18974089072805
80.94170636632884
81.50682904266819
80.32928863206142
81.76597032554537
82.17517659834081
81.2272010119223
81.35672249018825
80.50688811848299
81.66458082124876
78.98308393500115
81.21973753021284
83.34121166310416
81.2464832948494
81.07675364754343
81.06817816392726
82.58918757781872
80.70066949403066
80.65305917313277
80.69810487348597
80.1983830763424
81.81510580331447
81.37594189500675
81.78944187572452
81.60000378465779
82.33011667568749
80.97432872252708
82.84532823371117
82.48888595401212
82.20874941849112
81.23624057529166
81.98992289286302
79.17456856505778
80.68158450685313
80.84866275917648
81.5158060244699
83.111504929096
80.07086145869127
82.91072607762035
80.40336617657967
80.42691277593235
82.72335676442442
81.57948473071947
80.73701105878841
83.88476341419133
80.56146488893555
81.85381592760908
81.98614984731964
79.81906925426733
81.1481362824948
82.89155591670861
80.763114488282
81.06934843480121
82.545480537811
80.43875577873467
81.49841403694438
80.85458327996314
80.73016570400372
81.89899620421356
81.87893766488787
81.28104127154336
81.8138133897863
80.7005408478344
81.0360524342998
81.97649566026615
82.04991412807512
80.09903518018159
79.90968516653206
82.91525138615121
82.63124381213616
82.55828509212263
81.16844435517704
81.03153158732515
80.83288843540817
79.99910127887445
82.9137930945183
81.09388777638682
82.34301444637117
82.66150548864357
82.40169434086414
82.72053173436731
79.77386864558099
80.61695449405413
82.76104616814817
81.74344498728495
81.95577865931747
79.49419080914295
82.68118479658926
80.57939926017544
82.27648084457395
79.36273735362123
81.81587346760028
81.45429433263936
79.97980800817767
82.71207712527091
82.11161368992511
80.43433281768964
80.52346861836676
83.22721146254176
82.71621673336512
81.32984165375683
82.3366148786405
82.46397422812059
81.73248280530343
83.06553615311643
82.55542260711636
80.72375505836153
81.07111739336666
81.88873308634678
82.72512706329344
82.20324193424712
82.86156520344915
82.53343763071332
79.82631412604793
80.17329629423021
82.68217615762592
81.51597985950995
83.04414851086268
79.44379812000926
81.51827659606303
81.79090808562894
81.20337650386277
83.48221904800266
80.13795304745699
82.12615413167401
80.25603747587301
81.1101038980228
80.64678893309184
80.99422982891173
82.2859029649213
80.251020637119
80.96152716033066
81.03496589286706
82.2661917341137
81.45127785367805
82.04474564965983
81.50841023507766
78.80319240023006
81.83245308703486
80.83101601182456
79.3666047129396
80.2253599528723
81.65168080101773
80.60364747954533
79.67442526845049
80.69060863529135
81.37517573193315
80.27575272413556
80.42742997987169
80.40649602144774
80.73480037779227
83.00442524721889
81.65351811930594
82.7677459480619
80.21661785374378
81.02715895349887
81.5108565909745
80.91381537659012
80.91712552863164
80.43319727913766
80.2435393050183
81.62374509765075
81.18155917346614
81.67607508782264
81.2909258513259
80.92966185496476
81.45926990920108
82.49745801755306
81.42835688915847
79.9991201959535
81.25506979019698
83.5190250306526
83.02615994371273
81.46898076992565
83.55769749990621
80.03925758467551
81.70357367667087
81.51356263151999
78.00827171428847
81.82735158067966
82.05108110593012
80.05609724997059
80.35617739168383
81.51480188768392
81.22550877929655
82.39419302551639
82.31685309205425
83.29605296861558
81.04310846322976
81.42324566413564
81.69689647038854
82.32578366915646
81.59352807455099
80.81829222096339
80.57146183007399
82.1704780166376
83.0589986485752
80.27141561039305
81.75043355534935
12.365434678433013
82.38284456668325
82.2017727622026
79.46674204675747
80.68952628894583
81.60951878001639
82.91010017904586
23.838139848769412
81.45371277497661
81.6386258627316
82.12583194658298
81.61062870565102
84.16011256507142
81.32558418990199
83.74706132991157
83.10407465150169
81.44683172857604
80.4854915516477
82.03415803895471
81.88193632217849
81.49833507485043
81.7051224860395
83.10779555310589
79.72744347435162
83.9475660346521
80.99624319371789
83.11366213400254
82.23518767185287
82.20548438375076
80.80541427432601
81.79045641143745
79.47123370414712
82.34195000048332
81.83261358984622
80.4845646152044
81.04826503923843
81.49910861988762
82.13853624702098
84.74057702541057
2.3903687223239993
80.55634321472101
81.6912701961186
80.52240143434553
79.26164376175862
81.4932392061104
82.58562413718647
82.73817962435565
81.86703380628514
82.44115622972382
83.01663940340805
79.92055408135877
80.21207764924229
82.27431256452236
82.2173509561977
83.79269401664108
80.4139204160025
83.39104674410603
80.43970099126905
82.87192352160592
81.89147157397151
79.576486415639
83.01180070214255
81.87017319501858
80.5017383778692
82.2938451502091
82.20894605684681
79.76964475652203
82.62734511165056
81.69502765762577
82.09189039790449
81.48872835027338
82.33152414838708
46.8466716627641
81.14355475993828
83.04533027209008
148.94417275348198
82.75179590650865
80.76642246703136
80.40063569838746
81.0921941874586
81.24756563599928
81.6802578037483
82.8690056153386
81.89268094408158
79.05366920738797
81.67994793982007
82.60736090777864
79.32427722887186
83.15021192625338
79.87541666889705
82.1252457852486
79.72363579438762
81.34089853383468
81.59462197567159
79.52562317952659
80.21341255707179
81.67249403735187
80.84586399480153
78.43683261918734
80.44390925032477
79.7877375494081
80.76967816863426
83.06429120189893
80.35743585361958
82.93501826378875
80.89067766427745
83.02935859326561
81.49181999944912
82.24221110360617
25.45477414477607
82.02451984307353
80.01510848956777
80.30748076075258
80.77797711975683
80.45547149112502
80.92841391262729
80.76653383035773
80.55457894349045
81.67001981491758
81.70153403716228
80.80758174201428
82.01424372001821
80.2618721956822
81.74357017379644
82.3275871911705
82.08543254190221
81.60312181454967
82.0732167478546
83.3714100569953
80.69692724344642
82.14213828279071
80.57630264561737
79.79736499702985
82.77893634829293
80.75353962169892
81.9074767619528
82.08991363722419
81.46130183895717
82.96922345868037
80.68027748858873
81.80735676330792
80.68399409477216
81.04595018645185
83.0546514965061
81.84140826339886
80.77599021248062
79.46712471665649
80.7149954658411
82.15619690734142
80.94200112191865
82.67955787211781
80.57947334213605
81.11050555892596
81.01916477544472
80.80829334788092
81.75034452945063
79.51496573883368
81.87734649751766
81.32969640918668
82.1805106369928
81.26800623694616
80.91545394423233
81.36929951341767
80.98991635091272
80.39103142791477
79.90588965537351
81.91525343763445
79.9807796216656
81.34873047735566
81.63674545409005
81.20592826780566
82.09593402938269
81.17865201843892
81.55560227238477
80.99058007867521
82.3997613725322
81.83718332327558
82.05901358843506
81.24392134125736
80.04666335746518
82.39576250728828
82.02188447373639
82.40490516699626
81.5592683122503
80.52160041951957
81.28589245763749
79.90954062648771
81.0284032879709
80.78752442871978
82.803842290389
81.96251083010615
80.6387733175379
81.03118077573687
81.30848697829755
81.15080019948999
46.107451674908035
81.73743332175256
81.52802898171478
82.2821856606954
