13212.05020960034
12664.524135560836
13730.872265665232
14106.112274047011
12456.925120489277
11872.55020960034
13139.05020960034
12713.55020960034
12881.63143553737
12760.031699276067
12216.685878117
12091.140033875783
13979.248421197635
11938.58387583875
13776.110327856919
13243.44701592388
12043.178441755577
12910.704664052648
13528.05020960034
11297.81228386282
12465.05020960034
14240.557970526736
12764.91843798383
11336.197706671883
12998.128573484219
12155.541277789522
12550.610327856919
13018.768046262503
13733.55020960034
11850.610327856919
11874.736591996296
11718.55020960034
10863.207945193835
11504.827458994836
13614.55020960034
13012.264121937971
12190.05020960034
13145.986314664195
12190.570126452028
11446.195869010528
11898.097402074109
11720.05020960034
12350.55020960034
11358.661959784004
12541.191142983536
11584.55020960034
13432.610327856919
11762.38221789074
13338.55020960034
12539.05020960034
13051.110327856919
11903.68034902664
12667.05020960034
15055.55020960034
12205.736591996296
11494.05020960034
11766.128573484219
12620.315923233422
11584.128573484219
12770.002073816191
13730.005984891297
13313.628573484219
13955.901972193937
12753.85922322026
12431.609608101062
12380.91843798383
12236.045200154771
11934.693116773364
13609.05020960034
12409.05020960034
10738.312883062074
12855.15855611283
13396.38551928672
13093.258666467244
11815.55020960034
13786.55020960034
12712.55020960034
13478.172366629875
12620.110327856919
13625.05020960034
12155.085669568967
11123.55020960034
11578.342474147486
12126.140033875783
11895.55020960034
13192.609608101062
12689.612270471154
12891.05020960034
13243.05020960034
14507.05020960034
13618.05020960034
14016.736591996296
13226.595379909204
13322.33137877797
15221.55020960034
12827.834341399126
13002.128573484219
13918.610327856919
11936.706689504816
12548.837859915759
12545.546870282998
13346.110327856919
11322.55020960034
12433.610327856919
12413.706689504816
13096.05020960034
11939.524135560836
13696.422065380302
14193.409007713813
12286.368903648805
12539.56673554047
13241.112270471154
12501.402354124863
14959.05020960034
12458.688798081927
12740.10960810023
12945.55020960034
13160.55020960034
14043.979409390755
12940.610327856919
11763.05020960034
13072.417931345664
13084.706689504816
12916.112270471154
11827.05020960034
13340.024996923064
11927.178630873432
12044.541072253849
11830.5934945242
12487.514510820873
14562.05020960034
11991.628573484219
10956.697706671883
11762.628573484219
12450.508887578484
12067.095119655798
12774.55020960034
11095.55020960034
11914.13143553737
13107.05020960034
12367.05020960034
12801.986317458553
11508.05020960034
12325.41843798383
15414.112270471154
11632.372048116034
12433.110327856919
12628.91843798383
11671.11779124099
13980.514508682683
12524.05020960034
12681.610327856919
12483.55020960034
13964.258666464983
12709.197394851404
13458.181864803466
11549.197706671883
12729.55020960034
13281.29949736615
14673.05020960034
12483.05020960034
12074.580765281098
11484.524135560836
12159.670283487472
11741.55020960034
12375.05020960034
11826.258666467244
12780.423887081377
12103.024135560836
13657.110327856919
15423.05020960034
12479.842484533403
11596.628573484219
14553.441826761864
12730.941826761864
11649.55020960034
11863.050366414855
12533.19107545224
13511.55020960034
11389.55020960034
11855.55020960034
12273.610327856919
13044.008276848586
13761.05020960034
11513.00028392731
13334.535274531663
11311.356972531124
12281.610327856919
15030.05020960034
13412.07038169649
12856.202252498415
11551.05020960034
12690.736989967085
12055.901972193937
12747.109608101062
14301.401972193937
12199.05020960034
13160.128573484219
13134.706689504816
14245.128573484219
12479.05020960034
11755.236591996296
12152.612274047011
11817.663552265296
11290.842289741884
12537.628573484219
11478.628573484219
12945.014400975284
14073.711776265014
13149.086505102543
12996.38534884203
14477.615773012783
13817.128573484219
12619.097926644024
13165.736989967085
13029.748546068206
12631.55020960034
13598.05020960034
11724.53031856818
13521.55020960034
13823.55020960034
13491.327458994836
12210.736591996296
13644.128573484219
11850.103047661614
13488.925120489273
12377.05020960034
13035.05020960034
15238.112270471154
12689.05020960034
12370.55020960034
12981.172326611135
13544.745519376
12470.126739083284
12023.544597236563
15949.55020960034
14534.19788142702
13050.027256408603
13145.55020960034
11867.051142047185
14775.128573484219
12876.05020960034
15417.05020960034
13981.628573484219
14084.236591996296
12612.695869010528
12703.05020960034
12653.05020960034
13480.628573484219
14242.15855611283
12547.91843798383
13146.55020960034
13497.904117882827
12062.872048116034
11777.541275142146
13281.55020960034
13371.014501796066
12499.024135560836
13257.91843798383
12978.55020960034
11112.05020960034
13107.559204228965
13375.875135470913
12165.736591996296
12401.524135560836
12889.05020960034
12819.110327856919
12858.736989967085
11889.128573484219
14009.941826761864
11608.236591996296
12929.128573484219
11912.588329606315
14098.075700351164
11929.065006121744
12288.161959784004
12987.256260627733
13299.685878117
11847.901972193937
13319.05020960034
13836.110327856919
15567.042334969507
13591.610327856919
12468.758666464983
12096.71378119285
13559.495446981367
14617.55020960034
12289.764121937971
14064.55020960034
12015.401972193937
12616.042334969507
15169.610327856919
12656.55020960034
13328.417931344866
12024.736591996296
12038.911920580615
12217.55020960034
15340.05020960034
12209.05020960034
14090.715008880175
12773.110327856919
12805.401972193937
13860.780368462534
12402.05020960034
13498.112270471154
12570.236591996296
12704.55020960034
12111.016965173985
11743.37842065227
12367.110327856919
12499.236591996296
13218.611419917508
12378.685878117
13131.128573484219
13029.05020960034
14047.628573484219
12367.610327856919
12386.110327856919
11756.161959784004
11955.110327856919
13821.236591996296
13427.565604323005
12995.05020960034
13017.164651586087
12877.736591996296
12408.610327856919
12689.55020960034
12320.110327856919
12917.204688405403
11298.524135560836
12727.55020960034
13180.802057802497
13431.55020960034
12886.41843798383
12039.610327856919
13931.05020960034
12848.911920580615
13183.610789213288
12848.717591507451
12602.117821433194
12806.610327856919
14910.55020960034
13487.05020960034
13670.543711256727
13512.05020960034
13736.986317458553
14756.612270471154
13860.685878117
13416.628573484219
12847.087556767567
13143.857509190431
15104.812363068238
13004.6766179992
13816.05020960034
14623.55020960034
12929.236591996289
11760.610327856919
12403.91843798383
13996.298903491768
14561.670283487472
12436.419120566166
13246.177436970716
13610.288812739047
12825.128573484219
14804.059204228965
15911.05020960034
15104.736591996296
14361.55020960034
12246.195351508366
12803.785012596982
12906.610327856919
11865.880121270244
12289.55020960034
14061.736591996296
13144.783541916457
15242.236591996289
11823.236591996296
13527.758666467244
11432.024135560836
12723.05020960034
11970.12314330645
14215.55020960034
12599.41843798383
11012.524135560836
12082.674034993754
12293.55020960034
13283.27454168052
12966.55020960034
13408.670283487472
12501.610327856919
12869.112274047011
14948.181864803466
11104.110327856919
13714.55020960034
13039.610327856919
15159.505984891297
13675.05020960034
12510.55020960034
12424.628573484219
14249.988367186044
13271.008276848586
13575.088067866733
11951.625000862292
12603.05020960034
13569.05020960034
13426.40362498458
13371.610327856919
12421.4090732726
11913.83606007336
12447.41843798383
12606.095379910525
13070.55020960034
13834.286288452939
13867.91843798383
13383.110327856919
12180.94246423294
14895.355283191571
11932.05020960034
12246.05020960034
12714.697706671883
12485.647270293337
12499.110327856919
14016.110327856919
12284.881063108736
13169.213455831195
13462.55020960034
12121.05020960034
14312.55020960034
12881.236591996296
13307.421173169814
13218.05020960034
14037.05020960034
13886.236591996296
13985.05020960034
13994.55020960034
14408.736989967085
12427.505984891297
12442.115953423403
12716.543086750527
13730.05020960034
13095.257612148824
11089.55020960034
13195.05020960034
11971.41843798383
11937.55020960034
11876.05020960034
11973.55020960034
12659.06536258244
12835.209667735868
14019.05020960034
11787.344850483387
12429.55020960034
14127.425120489277
13814.736989967085
14465.88551928672
14310.736989967085
15101.05020960034
13450.531699276067
11878.051140585998
12450.097528617598
13087.55020960034
13515.695869010528
12873.05020960034
14342.110327856919
12983.670283487472
13657.55020960034
12153.112270471154
12437.55020960034
12562.55020960034
15261.628573484219
12756.110327856919
12630.05020960034
12542.8651114292
12100.55020960034
12573.55020960034
12830.55020960034
12794.736989967085
12962.345840269372
12078.55020960034
12729.236591996296
14188.91843798383
12345.55020960034
13217.289914474894
14122.91843798383
12446.55020960034
13394.834341399126
13418.087337284132
11801.123686437602
12823.05020960034
12033.786288452939
12442.236591996296
12417.05020960034
13722.612270471154
10823.05020960034
11813.110327856919
13655.05020960034
11928.164088858472
12042.05020960034
11921.05020960034
14047.875135470913
13999.55020960034
12389.91843798383
11620.110327856919
12802.110327856919
13376.128573484219
13602.265068713737
12961.187149260713
13910.05020960034
13817.236591996296
12341.652424656311
12415.044114328031
12961.317407020544
12584.772474676793
15757.05020960034
14987.736591996296
12655.706689504816
13370.673039024372
12085.043751830168
12817.55020960034
14163.128573484219
12232.110327856919
13046.524135560836
13660.05020960034
12643.20299094517
12864.628573484219
12472.109608101062
12076.093737209314
12094.15855611283
11846.540747776
13617.875135470913
11986.55020960034
13408.05020960034
15204.542343354637
13025.55020960034
13381.536993175052
12124.406227310566
11983.55020960034
12458.128573484219
14271.55020960034
12781.748546068206
11932.420464117804
12178.972096904668
13570.05020960034
12503.099603768129
13840.185878117
12672.623686437602
12939.41843798383
13130.733938013202
13783.516802046852
11593.55020960034
12724.55020960034
13427.128573484219
13940.000832428273
13166.34455729408
11516.903128061815
15534.289914474894
13530.628573484219
12207.161959784004
13042.05020960034
12853.541686115346
12989.91843798383
12963.421173169814
13442.420469982122
12909.737168723485
13166.986314663181
13357.998547370156
13561.628573484219
11924.206689504816
13878.628573484219
13886.540747776
13523.05020960034
13483.610327856919
12792.10960810023
13683.540747776
12930.170283487472
14202.05020960034
14317.18186480114
12539.05020960034
12169.685878117
13465.834341399126
14091.043711256727
11968.128573484219
13248.813869870091
12375.628573484219
14497.543711246472
13744.005984891297
13640.55020960034
13933.612270471154
12234.05020960034
14079.005984888508
11811.420469982122
14855.91843798383
14586.236989967085
12956.771046232683
12326.109608101062
13315.01418525024
11740.685878117
11190.628573484219
14148.112270471154
12768.55020960034
12893.128573484219
12239.764121937971
13312.608860150134
13645.112270471154
13400.628573484219
12244.161959784004
12120.55020960034
13573.05020960034
14230.540747776
12821.825726036579
13627.55020960034
12109.55020960034
11832.708620097066
11360.420469982122
14327.55020960034
13635.110327856919
12175.551140585998
13843.095379909204
13196.539869023234
11423.523645781353
12196.55020960034
11355.128573484219
13216.559280952573
14646.41843798383
15099.05020960034
13953.41843798383
12369.024135560836
13705.685878117
11813.632755747793
13101.947062947753
11225.100089111082
14777.134752026093
12281.000832428273
12977.236591996296
15863.842523252551
12929.55020960034
13484.628573484219
12464.55020960034
13440.05020960034
13365.834341399126
12252.65627091573
13227.064965530431
12180.434859507364
11870.214786230272
12047.872048116034
12873.941826761864
11908.736591996296
13824.05020960034
15083.55020960034
12032.024135560836
13357.567130325357
12928.306967155828
13569.110327856919
13894.658557760546
13794.610327856919
12602.891267528159
10423.524135560836
11934.15855611283
12029.110327856919
11925.110327856919
12024.628573484219
14043.05020960034
11505.52269022988
13012.077244940217
13531.91843798383
13941.55020960034
14647.41843798383
14967.123686437602
12106.55020960034
14076.05020960034
14313.236591996296
12598.91843798383
13676.195351508366
11601.927803420132
11922.2632353678
12298.736989967085
12230.38534884203
12562.425120489277
13272.418624749214
12953.628573484219
13477.360339594612
12311.640033875783
12887.514501796066
14959.05020960034
14250.05020960034
13906.128573484219
12895.128573484219
15831.236989967085
11536.571669068213
13814.05020960034
13030.05020960034
12076.110327856919
13825.128573484219
11984.524135560836
12881.385348842026
13402.128573484219
13568.164651586087
13076.55020960034
12591.764121937971
12109.91843798383
12130.91843798383
13352.610327856919
12976.128573484219
14742.55020960034
14528.524830212134
11911.05020960034
12101.024135560836
12520.919624742843
12170.109608101062
12643.71565266451
12314.640035287883
13239.005984888508
13470.55020960034
13059.110327856919
14623.55020960034
13294.156135232059
13432.881063108736
12434.206689504816
14308.110327856919
14870.05020960034
14407.55020960034
12567.55020960034
13670.505984891297
11545.55020960034
11518.014501796066
13632.05020960034
12328.128573484219
13049.05020960034
12824.05020960034
13123.540747776
12139.55020960034
13415.076377921545
12923.91843798383
12272.024135560836
11739.628573484219
13136.55020960034
13984.628573484219
12795.011207249096
11668.524135560836
14462.628573484219
12924.550956497851
13203.758666467244
11026.05020960034
13739.342523252551
12402.109608101062
12460.210381808136
12331.628573484219
13870.110327856919
12159.610327856919
11972.612270471154
12642.41843798383
11586.128573484219
14144.945422154382
12093.911920580615
13080.60960810023
11988.860962626622
15182.612270471154
12238.874191914792
12077.91843798383
12205.07012645202
12511.05020960034
12126.118169039259
12030.55020960034
14475.55020960034
13449.512141272415
13913.903731972625
13262.47249035252
11850.05020960034
12494.05020960034
12634.986314663181
13136.95254825739
13209.052302354894
12642.55020960034
11910.41843798383
13133.441826761864
15916.401972193937
12799.110327856919
11500.507062111454
10911.736591996296
11272.128573484219
14779.327943066197
13555.065399864472
11724.55020960034
13311.937671965708
12262.38972961448
11658.128573484219
12158.05020960034
12971.610327856919
12811.55020960034
14597.05020960034
14133.008276848586
13627.697706671883
12195.110327856919
13332.593112984076
12707.55020960034
14134.486314663181
14581.05020960034
12718.128573484219
13923.468741964842
13034.55020960034
13256.343147156218
12620.267146119224
12117.031126536265
15003.610327856919
12008.049398361147
13036.110327856919
13940.128573484219
13443.55020960034
13395.112270471154
11675.401972193937
12666.628573484219
12898.628573484219
13699.855283191571
12043.040993222594
12732.524135560836
12052.000750886227
14167.112274047011
12290.91843798383
11664.610327856919
13342.610327856919
13794.55020960034
11751.646441793062
12192.768760719719
13624.030711206724
11204.003166828681
13021.032699431687
12926.38534884203
11676.05020960034
13794.401972193937
13365.109608101062
12291.55020960034
11869.610327856919
13727.55020960034
14247.411920580615
11990.05020960034
11561.109608101062
13980.55020960034
12461.05020960034
13879.522092038354
13451.128573484219
13111.206689504816
13022.05020960034
11514.161602791748
12050.55020960034
12498.55020960034
15754.360339594612
12650.251892435077
12674.128573484219
14467.540747776
13146.10454032436
13305.110327856919
12916.920469982122
14180.043711256727
16115.05020960034
12286.236591996296
12663.736591996296
13435.375135470913
10951.745288175398
14203.187149260713
13516.355283189005
12711.109608101062
12595.206689504816
12630.128573484219
12999.27454168052
13020.236591996296
13984.15855611283
13698.05020960034
12784.110327856919
12130.024135560836
14352.959697234295
14698.558491378217
12364.528580416181
13967.609608101062
12663.05020960034
11974.499529280152
13715.375135464752
12017.610327856919
13726.610327856919
12557.128573484219
11701.05020960034
13190.55020960034
13955.078560983815
12426.11410058642
12893.571757140679
14906.55020960034
13941.094801802688
13543.334341399126
12622.15855611283
13031.41843798383
12354.110327856919
13162.12816571919
11673.024135560836
12460.112270471154
14839.128573484219
13547.133910654351
13391.261215734497
13522.55020960034
12367.229522373664
13562.148376543937
14886.005984891297
13885.128573484219
13941.91843798383
14012.736591996296
14120.27454168052
13354.334341399126
14099.128573484219
12897.628573484219
12289.334341399126
12783.706689504816
12384.89567027072
13372.55020960034
12253.05020960034
14209.171070683793
13724.835682331657
14002.901972193937
12706.55020960034
13206.55020960034
13019.55020960034
11696.5593517022
13197.05020960034
12170.41843798383
11284.86201113493
12245.221856797238
11708.511312924353
12380.355283191571
14300.05020960034
12861.55020960034
13476.236591996296
13469.17966995594
13350.55020960034
13577.628573484219
15259.55020960034
13371.236591996289
13712.55020960034
13294.05020960034
15117.441826761864
12391.789914474894
12460.628573484219
13764.110327856919
12324.55020960034
11830.03853675493
13152.628573484219
13819.110327856919
13375.637771595908
14563.41843798383
14208.55020960034
13461.128573484219
13013.41843798383
14300.516802046852
13392.609608101062
11769.292523040041
12207.05020960034
14280.128573484219
13827.121401690827
11400.05020960034
12618.60960810023
13273.55020960034
13996.55020960034
13493.55020960034
12580.65855611283
12346.55020960034
12898.25488634143
13361.008276848586
13463.524135560836
11853.083716697563
15595.518165015614
14433.798903491768
12059.541512223886
14457.756913314264
11579.55020960034
14091.612274047011
13659.014501796066
13244.128573484219
11449.110327856919
13958.628573484219
11896.55020960034
11578.610327856919
13227.88551928672
13452.128573484219
13863.170283487472
12872.85243461567
11344.610327856919
12973.441826761864
12292.524135560836
13087.128573484219
13730.011700908894
12905.3750564001
11787.047456608689
12502.701180417724
12641.128573484219
13288.609608101062
12928.060267586172
12540.628573484219
11465.110327856919
12005.05020960034
12574.33594864505
13344.810392679807
11775.128573484219
14449.875135470913
12579.164651585166
12387.55020960034
13040.194804703668
12702.034333538415
13277.170283487472
12702.112270471154
12561.128573484219
14083.91843798383
12705.52900934276
11622.024135560836
13474.109608101062
12885.326816352797
13779.65070232663
14426.91843798383
11752.769483274958
13668.236591996296
12572.72629989504
11353.048421499538
13564.05020960034
13142.682830565
14243.05020960034
13607.91843798383
13849.05020960034
13532.941826761864
14094.094801802688
13618.505984891297
13745.55020960034
12559.308310861636
13277.901972193937
14403.91843798383
14371.736591996296
15410.55020960034
13254.043753505728
11812.628573484219
12905.336060072843
13531.185878117
11179.167839810192
14997.128573484219
12060.55020960034
13319.51138148347
15139.05020960034
12731.91843798383
10991.024135560836
11274.310048945248
13750.609608101062
12649.736591996296
12197.524135560836
11452.612270471154
15687.540747776
13618.609608101062
13184.55020960034
12669.55020960034
11590.128573484219
11546.024135560836
13705.685878117
11645.827458994836
13371.024135560836
13671.55020960034
12134.685878117
13006.128573484219
12053.693566997488
12767.024135560836
12099.05020960034
13013.44246423332
13784.110327856919
13411.05020960034
12017.242632018371
12475.110327856919
12125.128573484219
13815.584251591868
12551.79949736615
13875.55020960034
12883.112270471154
12323.628573484219
13635.05020960034
13034.610327856919
12444.756721319285
14355.05020960034
14104.128573484219
13370.55020960034
12705.05020960034
14687.41843798383
12477.248546065402
13751.05020960034
13489.55020960034
12459.542816546518
13758.55020960034
12055.453712530809
13023.046378081097
12699.517073565721
11888.55020960034
11872.567667478319
14230.55020960034
14572.610327856919
13179.505984891297
12202.55020960034
13827.94892658622
12456.181888361352
12476.681364043516
12894.41843798383
12334.628573484219
11853.707252124432
14058.05020960034
12082.615678624172
13726.788812741062
13170.91843798383
13053.711775840258
13998.756260627733
13402.236989967085
15256.05020960034
14130.355283189005
11616.720391634748
12757.612270471154
12947.55020960034
12415.55020960034
11896.749367808688
13991.552081480588
11756.37842065227
13977.55020960034
11271.024135560836
11699.986317458553
13402.559204228965
13247.005984891297
12162.55020960034
13335.55020960034
12527.986314664195
13145.628573484219
12318.645832713624
13140.628573484219
11928.628573484219
11896.372048116034
11453.236989967085
12879.05020960034
13075.17939604116
12378.606611751477
12495.55020960034
12076.529072517615
11696.990448168472
11831.623686437602
13054.875135464752
11827.545676695276
12338.05020960034
12540.55020960034
11416.05020960034
11693.650888157665
12889.128573484219
13085.03419331747
11681.05020960034
12932.609608101062
11994.719804491651
12975.55020960034
12980.05020960034
12008.786288452939
12397.88534884203
13205.610327856919
11722.809993616791
11911.05020960034
12522.128573484219
12193.024135560836
12040.55020960034
14278.881063108736
14079.236591996296
12656.51603931074
11342.55020960034
13973.110327856919
11841.401972193937
12870.05020960034
13334.086505102543
14182.05020960034
14075.55020960034
12336.05020960034
13848.55020960034
12101.524135560836
13544.55020960034
13875.145493873766
12682.55020960034
12950.110327856919
14047.510777268442
13986.664651585166
14621.110327856919
12603.4829839201
12521.55020960034
12370.821618662434
13787.736591996296
12295.612270471154
14412.41843798383
12704.921681105996
13651.236591996296
12853.236591996296
13864.610327856919
12523.610327856919
12774.486317458553
12081.736591996296
13408.901972193937
12073.764121937971
13751.65287025271
12893.769111091287
12305.64133882031
12491.628573484219
12389.628573484219
13006.63282263121
11848.110327856919
13594.77848068479
12301.56048907607
12336.024135560836
11337.158557760546
13955.05020960034
14589.736591996289
11812.071669068213
14540.236591996296
12034.628573484219
13190.05020960034
13261.55020960034
12670.612270471154
12127.55020960034
13043.05020960034
12129.628573484219
11937.91843798383
13263.736989967085
12283.05020960034
13766.91843798383
13012.55020960034
11916.736591996296
12595.236989967085
13119.05020960034
12940.577673387641
12541.551859201874
13005.612274047011
12831.628573484219
11485.112274047011
13405.941826761864
14550.02550957377
12578.628573484219
12076.55020960034
12736.312901615469
13036.55020960034
13665.488984340822
14569.150560094795
12366.628573484219
12948.574770605092
12343.55020960034
12465.85922322026
13280.55020960034
13722.364717527407
11882.867280324679
14484.55020960034
13069.53831361301
12016.109608101062
14158.875135470913
12265.05020960034
13948.164651586087
12067.628573484219
13420.128573484219
12665.109608101062
13220.55020960034
12956.55020960034
12513.55020960034
13511.903283145264
13529.610327856919
12452.13282263121
12581.901972193937
13157.91843798383
15055.736591996296
11694.109608101062
12210.095379909204
13578.05020960034
12373.55020960034
12149.02269022988
13122.128573484219
12462.55020960034
13920.505984891297
13972.110327856919
12558.206689504816
13681.05020960034
13322.593905023183
12483.628573484219
11164.827458994836
11975.55020960034
12188.610327856919
12845.610327856919
11957.68445894519
13966.040747776
13616.10493509789
13441.468112512875
11854.128573484219
13214.128573484219
13332.689641043695
12042.46102962839
12191.533931560365
13494.91843798383
12070.130067118782
13276.105551864255
13187.110327856919
13805.05020960034
13729.402354124863
13163.110327856919
13271.093597080799
12688.82685861588
12218.05020960034
13203.628573484219
11505.051140585998
13153.094801802688
13591.110327856919
12715.60960810023
12398.610327856919
13364.165888112444
11642.511354555454
12157.236989967085
13213.05020960034
13256.236591996296
14654.55020960034
13557.05020960034
12972.05020960034
12521.168549497252
13969.55020960034
13487.60960810023
12411.55020960034
12222.91843798383
13786.55020960034
11950.614203905418
13913.55020960034
12900.577244940217
13420.570086452371
11970.55020960034
11543.610327856919
13458.109608101062
13635.55020960034
14816.050956497851
13629.55020960034
13307.736989967085
14442.185878117
12560.05020960034
13629.478806776362
11352.514501796066
12401.05020960034
12446.55020960034
12562.55020960034
13013.55020960034
12744.55020960034
12982.001910745637
14248.55020960034
12868.236989967085
12134.110327856919
12009.736989967085
13812.586505102543
14632.05020960034
12462.05020960034
13841.610327856919
12464.55020960034
12513.354824592016
16181.05020960034
12968.128573484219
13765.41843798383
13393.628573484219
12077.414397156126
12754.640035287883
13479.218192469692
11562.05020960034
14548.236591996296
12555.112270471154
13109.55020960034
15250.112270471154
12978.941826761864
13711.12393437151
11472.524135560836
11205.691142983536
14688.375135464752
11873.670283487472
11845.69674905062
12476.317811747966
11553.047199883176
12396.099433403042
11972.55020960034
13721.500685717747
14492.514501796066
13700.41843798383
12507.664651585166
12082.610327856919
13874.128573484219
12707.553526874353
12703.05020960034
13700.91843798383
13314.85133744956
12874.758666467244
12975.496258091087
13800.547897392858
13623.908849522335
13323.128573484219
11575.55020960034
11876.05020960034
12651.05020960034
13079.55020960034
14102.128573484219
14252.617587628409
13523.005984888508
13215.086505102543
13657.061164626228
11723.55020960034
11952.327458994836
13987.609608101062
12342.209493076076
13472.453653519993
14053.610327856919
15036.41843798383
14422.670283487472
12745.692576635767
11960.05981500729
11829.109608101062
11567.684661024485
12859.55020960034
12482.438841689818
12801.736591996296
12221.236591996296
11815.691142983536
13624.05020960034
13825.662234723532
12683.051140585998
14420.55020960034
13700.65944526989
13713.650257327514
14671.628573484219
12900.05020960034
13580.901972193937
13237.05020960034
13426.91843798383
12538.05020960034
10837.594801802688
12380.610327856919
13217.628573484219
12387.112270471154
12785.05020960034
15281.55020960034
12768.756260627733
12973.05020960034
13211.959697234295
12638.185878117
12341.524135560836
12729.628573484219
13082.612270471154
11813.736591996289
14080.20299094517
11879.638812596933
12463.55020960034
12945.036143393116
13913.421173169814
13305.68186480114
11706.55020960034
13490.05020960034
12975.05020960034
11800.55020960034
13288.505984891297
13058.610327856919
12549.05020960034
12488.55020960034
12832.05020960034
12818.656135232059
13985.128573484219
12846.05020960034
12765.05020960034
13337.704664052648
11905.524135560836
12295.042730015623
11715.736591996296
12291.610327856919
12847.91843798383
11329.986314664195
13161.080613742099
12884.968741964842
12903.05020960034
12458.282074396318
12677.185878117
13898.422242934837
12897.285604686977
14982.411920580615
11979.110327856919
13019.714350035249
12899.699027266057
14656.736989967085
12839.05020960034
11822.128573484219
13565.628573484219
12626.425120489277
13924.10960810023
12940.128573484219
14183.06048907607
11587.88534884203
13901.004373803951
13425.110327856919
12870.05020960034
13078.05020960034
14784.161858785606
12789.06713032431
11452.88534884203
13698.98631745754
13058.628573484219
11505.588531102889
12324.889817291154
12127.556683887142
12494.55020960034
11744.55020960034
13127.55020960034
12902.55020960034
14568.55020960034
14468.05020960034
12165.738129785419
11912.024135560836
11804.670351890087
13405.05020960034
15404.736591996296
13845.736591996296
12854.05020960034
11526.327749632754
13077.468741964842
11910.736591996296
13041.55020960034
12565.661959784004
13648.941826761864
12748.921173169814
11987.05020960034
14264.05020960034
12232.128573484219
12185.612270471154
12316.610327856919
11943.421173169814
14312.827943073447
13563.910129158057
13801.236591996296
12579.187149260713
13174.55020960034
11914.761215734497
12566.110327856919
12407.91843798383
13464.084572933181
12596.524135560836
13834.05020960034
12134.05020960034
12708.067130325357
12826.110327856919
14027.610327856919
12078.336878750462
13044.21953164732
13231.109608101062
12137.659999627389
13260.609608101062
14002.047880787484
14186.059204228965
12205.738221876056
12897.264121937971
12953.549420331163
11620.003845532876
12975.55020960034
13884.142744569654
12618.524135560836
13075.372048116034
13881.270769713517
12509.55020960034
13014.41843798383
14169.609608101062
13041.357867824869
12374.206689504816
12226.85133744956
13103.110327856919
13430.05020960034
12741.956365545775
12161.628573484219
12150.55020960034
12794.628573484219
11242.05020960034
13030.331499640626
13199.854965142933
12326.354965142933
12340.91843798383
12427.901972193937
12191.128573484219
14305.55020960034
14336.15674842036
13359.128573484219
13467.91843798383
11679.697706671883
14773.05020960034
13016.745519376
13016.05020960034
12712.41843798383
13898.236591996296
12974.288812741062
11632.55020960034
14333.334341399126
12916.097298244322
14514.318770826429
12602.628573484219
12571.55020960034
11594.736989967085
12274.55020960034
12433.013207724154
13835.736591996296
13012.812883062074
11160.764121937971
12677.91843798383
12338.628573484219
13079.05020960034
14016.05020960034
12899.67525696532
11490.62413287345
14203.046170984615
13354.05020960034
11898.024135560836
14177.476393122648
12726.05020960034
12371.042334969507
12676.55020960034
13656.170283487472
12850.610327856919
12729.292185839648
12872.610327856919
12277.232544373483
13693.449553260527
13638.55020960034
13097.565604323005
12182.610327856919
13009.092550886322
13739.05020960034
12660.024135560836
12727.128573484219
11483.049404605401
13154.220756757471
14882.628573484219
14182.008276847453
12313.16331127231
12137.024135560836
12971.603762135206
14122.55020960034
13340.185878117
12453.05020960034
14957.55020960034
12852.41843798383
13209.112270471154
13262.060425435466
12182.826158586926
12254.04099448886
14231.502978971947
13546.441826761864
12961.635343837568
11779.393264903078
11899.40080155158
13467.008276847453
12578.55020960034
12006.697706671883
13188.473362299344
12037.10960810023
12393.441826761864
13225.55020960034
13238.110327856919
12976.2209729301
13264.610327856919
12082.355283189005
12029.170351890087
12326.486314663181
14058.610327856919
13893.502613504763
13748.112270471154
12457.236989967085
12604.86833227115
13123.55020960034
13585.248546068206
11990.329805623749
13776.61779124099
14343.55020960034
13370.05020960034
13426.062069088153
12556.468741964842
13113.55020960034
12511.35922322026
13092.05020960034
14267.093745009217
14099.109608101062
12628.802057802497
14061.05020960034
12415.628573484219
12520.443172697089
14052.05020960034
12575.101689120384
11818.037727067069
12057.128573484219
12014.110327856919
12306.05020960034
12849.112270471154
12250.736591996296
14555.128573484219
12113.55020960034
12192.05020960034
13870.41843798383
12859.05020960034
14398.360339594612
11686.05020960034
13874.55020960034
12972.354965144646
12409.606643066594
13512.628573484219
13175.043711246472
13372.91843798383
13378.921173169814
13971.55020960034
13513.008276848586
13088.05020960034
13688.388395359869
12254.55020960034
12998.052750040231
12230.55020960034
13476.340847653275
14384.109608101062
11727.610327856919
14656.863598004564
12765.610327856919
14164.546817250144
12447.505984891297
12200.05020960034
13504.583205572673
12123.05020960034
12065.236591996296
12602.55020960034
12579.55020960034
14396.41843798383
13292.302057787738
11819.024135560836
14561.043695155382
12697.074631686652
14345.736591996289
13112.236591996296
11610.441826761864
12701.128573484219
12041.123686437602
12818.224090260042
14183.91843798383
14243.536143393116
11733.998306541518
11708.69068851701
12056.872048116034
11481.129307389967
12925.55020960034
14138.41843798383
14337.736591996296
13346.05020960034
12859.41843798383
13531.609608101062
13241.041275142146
11473.161959784004
12917.55020960034
11299.628573484219
11430.008667128905
13195.170283487472
13227.697706671883
12379.91843798383
12732.648581444291
12442.55020960034
13656.609608101062
13509.55020960034
12798.112270471154
11490.55020960034
14497.437685431225
13551.388988166938
13182.554022724209
13882.05020960034
12567.441826761864
14278.109608101062
12214.524135560836
11442.05020960034
12295.612270471154
12739.505984888508
11978.92352718508
13648.609608101062
14002.05020960034
13437.05020960034
12576.55020960034
11761.05020960034
13586.848511186992
12859.55020960034
12594.577411484124
14357.109608101062
11887.327458994836
13286.610327856919
13778.510778822385
12778.457339150644
14174.244647655354
12786.623686437602
13394.55020960034
13342.110327856919
13088.110327856919
13525.55020960034
14450.55020960034
12683.05020960034
14131.128573484219
12734.002803980406
14209.628573484219
13346.005984888508
13526.858817541624
12352.55020960034
12364.505984891297
12020.610327856919
11836.55020960034
13377.543751830168
14231.55020960034
14656.05020960034
13640.14821511387
14318.55020960034
12739.610327856919
13324.05020960034
12449.05020960034
14227.55020960034
13148.594969459125
15067.391267528159
15105.628573484219
13954.128573484219
12419.05020960034
14383.05020960034
13204.628573484219
12932.521240349215
12783.656499667502
13609.893678229555
14398.110327856919
11378.18445894519
13468.603192189525
12493.05020960034
12368.790892046422
12398.41843798383
14635.05020960034
14172.128573484219
14930.41843798383
14134.258666467244
13133.110327856919
12757.185878117
14387.628573484219
13217.736591996296
12113.55020960034
13200.664651585166
12554.05020960034
14132.55020960034
13547.91843798383
12218.91843798383
12420.101100484306
12386.05020960034
11462.13655372915
12693.736591996296
13120.610327856919
12526.237168723485
11954.128573484219
12625.55020960034
12591.05020960034
13052.55020960034
15251.236989967085
11851.41843798383
15206.441826761864
13104.236989967085
12477.439033855013
12853.109608101062
13391.609608101062
11826.749259748456
11139.628573484219
13244.628573484219
15276.55020960034
13378.05020960034
14228.236591996296
13744.110327856919
13025.187149260713
11729.16320418772
13397.610327856919
11795.65855611283
11838.645684302724
13086.628573484219
11469.128573484219
12739.05020960034
12449.540747776
12892.13443247597
14801.55020960034
12299.04939836245
13697.375135470913
15260.41843798383
12868.540747776
13984.752616025786
14873.609608101062
12860.736591996296
13140.042334969507
14414.55020960034
12434.05020960034
14800.55020960034
12829.580077340554
13212.169108704758
13353.55020960034
11803.628573484219
12527.857867823775
12815.441826761864
11960.55020960034
13139.55020960034
12641.55020960034
13390.41843798383
13342.110327856919
14498.024830212134
11956.236591996296
13705.791561388882
12589.06752349794
12263.736591996296
11906.610327856919
12556.736591996296
14144.05020960034
12523.85243461567
11929.248546068206
13387.38679036861
13675.610327856919
12838.044356174802
14676.55020960034
11876.83594864505
12703.559193152663
13121.514501796066
11319.927803420132
12786.706689504816
11954.772916593742
12071.05020960034
11874.612274047011
11459.699729977758
12462.610327856919
13515.042984020241
13708.55020960034
12300.524135560836
13168.736591996296
13260.19770667186
13128.901972193937
12892.187149255422
12771.628573484219
11818.05020960034
14596.203530722707
12319.55020960034
14732.91843798383
12429.98631745754
12422.55020960034
12496.81228386282
12003.505984891297
11916.05020960034
12403.685878117
14436.834341399126
12265.024135560836
14084.505984891297
13662.05020960034
11617.524135560836
11724.05020960034
12149.05020960034
13787.55020960034
12357.204664052648
13049.373767970003
11516.128573484219
11878.05020960034
12444.024135560836
14026.55020960034
11575.628573484219
15021.764664452707
12018.55020960034
13550.55020960034
14017.112270471154
12207.041825208284
12247.27237243216
12538.854014956078
12646.736591996296
12690.603109168776
12939.670351890087
11082.827458994836
14490.327946497957
12672.112270471154
12210.486314663181
12956.05020960034
12251.170283487472
14351.441826761864
13042.128573484219
14630.05020960034
12180.128573484219
11948.827458994836
12690.628573484219
12691.986314664195
12090.55020960034
12362.610327856919
15185.612270471154
12020.524135560836
13942.55020960034
13156.797717463181
11930.236989967085
13564.670283487472
12739.736591996296
13092.55020960034
12555.20299094517
13699.05020960034
14129.65855611283
12868.40624919852
12988.024135560836
13922.505984891297
12945.005984891297
13094.986317458553
12953.55020960034
13680.013365392973
11633.782111913659
12279.05020960034
12531.55020960034
12734.184277890177
13389.664651586087
13821.117614780698
12481.908091810796
12826.55020960034
13117.05020960034
12392.140035287883
12715.41843798383
13573.557915295016
12322.05020960034
13133.63003044565
12041.236989967085
14057.612274047011
12772.743733753974
12223.05020960034
16283.22114161934
12001.640035287883
13445.531602408626
13397.05020960034
14236.005984891297
15299.112270471154
12696.05020960034
13316.920469982122
12638.526332348294
13546.628573484219
12119.101044571136
12881.524830212134
13383.55020960034
13087.05020960034
12578.91354583033
12709.55020960034
12364.748546065402
12071.110327856919
13012.128573484219
14229.628573484219
11764.55020960034
12975.935128236004
11212.08848945702
12091.123686437602
13180.327458994836
14227.110327856919
12505.736591996296
13404.505984891297
14320.095379910525
13021.904000958086
13268.649518485954
11739.628573484219
17006.55020960034
14826.33594864505
11934.05020960034
12963.043711246472
13346.05020960034
13647.05020960034
13637.736591996296
12032.925125022812
12751.529995037185
12359.049664629178
12179.254486541988
13774.112274047011
12187.866973206736
12264.448600246804
13186.628573484219
13528.91843798383
12110.44051174788
14037.91843798383
13799.50987749356
13641.628573484219
12696.285232908253
13434.56713032431
12981.53853675493
14425.695869010528
11481.628573484219
12712.108282234625
12359.524785033296
14142.748546065402
12630.088333759179
11662.019261992871
13143.55020960034
13004.859366227223
13192.128573484219
12379.128573484219
12423.815407265276
12830.55020960034
12760.128573484219
13360.05020960034
14287.628573484219
13079.59343988674
12107.55020960034
13033.670283487472
12595.236591996296
13193.072283589363
12574.968741964842
12885.191864183858
11479.3471068825
12452.110327856919
12639.628573484219
15470.05020960034
12207.312901615469
13505.061338675727
12614.946151549639
14822.47249035252
12669.612274047011
14422.888984068362
13343.736591996296
12540.736989967085
12687.05020960034
13269.540747776
11961.524135560836
12734.110327856919
14516.55020960034
12807.112274047011
13705.43787889662
12595.128573484219
13090.610327856919
12655.822013429633
12272.610327856919
13208.05020960034
17166.44182676186
13476.628573484219
11752.024135560836
11933.55020960034
14611.628573484219
13927.21926417009
13314.367415057204
13178.161959784004
11785.697706671883
15188.110327856919
14632.91843798383
12830.951241250123
14809.488254933702
13576.05020960034
11219.05020960034
11797.236591996296
13858.609608101062
12028.236591996296
12812.610327856919
14141.55020960034
13050.542334969507
12796.197551684056
12122.05020960034
12842.194565418853
14502.649857022136
14486.109608101062
11409.55020960034
13205.05020960034
11729.727850832563
13639.112270471154
13498.502613491737
13118.623686437602
14644.152860775726
12748.112274047011
11713.924741256043
12872.736591996296
13455.158881317155
12304.976251401158
14851.043753505728
12710.043711246472
13326.05020960034
13439.55020960034
12404.609608101062
12872.114095287781
14004.79949736615
12114.140035287883
12108.185878117
11917.110327856919
15546.05020960034
11861.55020960034
12141.236591996296
13185.55020960034
12277.35243461567
14442.55020960034
14099.597951813274
15062.05020960034
11258.285012596982
14193.73620419148
13900.901972193937
12967.05020960034
11422.609608101062
12649.110327856919
12634.91843798383
13144.834341399126
14220.41843798383
12634.975830545573
13831.798112355289
13344.05020960034
12010.05020960034
12580.112270471154
12173.723725925218
14207.152848824933
12109.610327856919
12244.610327856919
13474.05020960034
13376.55020960034
12609.63000093992
13942.55020960034
13523.206689504816
13091.55020960034
13561.109608101062
14154.05020960034
12761.628573484219
13670.559204228965
12484.930609738683
13739.05020960034
12783.02269022988
13070.005984888508
11900.05020960034
14168.55020960034
12388.612270471154
13048.05020960034
13985.505984891297
12517.05020960034
11866.524135560836
12969.610327856919
15724.41843798383
14939.901972193937
12131.206685108726
13451.236989967085
11725.736591996296
11446.128573484219
12109.661959784004
12566.236591996296
13184.693116773364
11157.172950513925
14169.700738537482
12295.91843798383
11912.688798081927
11983.610327856919
15564.736591996296
11609.04304726686
11627.15855611283
13066.628573484219
14106.184886166042
12418.41843798383
13844.55020960034
13295.128573484219
13470.10960810023
13855.05020960034
13798.641842772118
11789.05020960034
13564.550956497851
11619.580765281098
12816.050956497851
13428.512963980213
13612.612270471154
12185.911920580615
14195.251892435077
12463.736989967085
14634.401972193937
11675.68445894519
12244.07949944973
12515.834341399126
12067.016965173985
13660.040747776
12424.05020960034
12546.109608101062
13388.334341399126
13519.56048907607
11461.112274047011
13340.024830212134
13403.166394521313
15430.41843798383
13392.170283487472
13109.786288452939
11092.660311036841
12530.05020960034
11999.55020960034
14140.298112355289
11500.540747776
11731.05020960034
13326.05020960034
11202.05020960034
12670.342523252551
12496.628573484219
11328.610327856919
13310.10960810023
15864.05020960034
12753.01793537793
12812.536143391198
10949.056663998226
14270.612270471154
12312.236989967085
12758.05020960034
13305.384092911416
12326.616027649536
12803.891267528159
12791.868332273758
12212.55020960034
13300.736591996296
12585.154147520658
15296.05020960034
12849.016965172796
11576.358418933885
12473.542334969507
13878.03958820382
15436.697706671883
12857.55020960034
15005.221306387051
11803.55020960034
12742.05020960034
11693.128573484219
12931.665888111114
11106.236591996296
14377.112270471154
12854.532907226943
11687.65242465628
11671.327458994836
13943.55020960034
12922.248935250982
12765.702277688964
12804.110327856919
12638.128573484219
13395.042334969507
11142.580061970013
11759.128573484219
11396.056444036714
13065.05020960034
14719.55020960034
12454.100981054578
11652.610327856919
14671.610327856919
11608.367280324679
11648.524135560836
11597.264121937971
13708.55020960034
13957.640033875783
13369.986314664195
12562.55020960034
13604.610327856919
13898.693116773364
12761.860339594612
13283.128573484219
13544.05020960034
14577.18186480114
13283.55020960034
12875.110327856919
13654.628573484219
12809.185878117
13774.128573484219
14090.664651586087
11728.55020960034
12781.128573484219
13596.610327856919
13250.451241250123
11272.110327856919
11651.236591996296
12194.88551928672
14012.685878117
13908.110327856919
12864.91843798383
13459.236989967085
14221.181256784332
12730.05020960034
12783.92092736497
12332.128573484219
13910.10960810023
13927.127480482126
11512.024135560836
11956.05020960034
12325.623686437602
12449.55020960034
13384.236989967085
11776.628573484219
12711.110327856919
13159.05020960034
12986.700827378516
11493.731957659975
11831.05020960034
11995.264121937971
12726.110327856919
14954.55020960034
13807.55020960034
12183.41843798383
12116.258666467244
13287.236591996296
12518.236591996296
12381.401972193937
14061.008276847453
14200.873090117422
12589.236591996296
15439.05020960034
10672.55020960034
12713.05020960034
13779.05020960034
13451.55020960034
11710.55020960034
12294.191864183858
12324.610327856919
13002.55020960034
14106.85252732558
12485.05020960034
12077.110327856919
13210.860339594612
14370.33503162389
12744.05020960034
13004.187149255422
13465.628573484219
11788.55020960034
11854.911920580615
12223.372048116034
13198.005984891297
14494.875135470913
13428.610327856919
12871.357867824869
13454.05020960034
11767.628573484219
13575.334341399126
14394.55020960034
12753.38534884203
12323.110327856919
11360.05020960034
12368.901972193937
11955.112274047011
12903.063174832601
12751.55020960034
13653.446151549639
11509.218677159208
14463.91843798383
12103.354965144646
12531.736591996296
11526.934859507364
12988.687231645488
12989.110327856919
13559.875135470913
14961.628573484219
12825.05020960034
13552.348973371556
12266.610327856919
13927.55020960034
11650.191864183858
12843.55020960034
11804.628573484219
11868.91843798383
12949.168235641784
13534.610327856919
13129.05020960034
12332.986317458553
12663.05020960034
13870.05020960034
12590.441826761864
12544.506446589683
11812.524135560836
12979.140035287883
13164.10960810023
15891.55020960034
14331.05020960034
12795.628573484219
12246.610327856919
12996.736591996296
13967.258666467244
13345.55020960034
12280.65855611283
11823.102756425986
12389.05020960034
12385.55020960034
13278.55020960034
13420.409911634759
12001.042334969507
11817.46102962839
13535.05020960034
13922.609608101062
13208.945422153038
11899.05020960034
12864.05020960034
12975.013127512104
14070.55020960034
14188.05020960034
14518.55020960034
12857.429043752434
11968.610327856919
13720.164651585166
12922.123686437602
13007.91843798383
12366.82410003084
12454.05020960034
11916.609608101062
12658.144119170145
14471.05020960034
11568.094801802688
12679.902354124863
14330.05020960034
13843.165888112444
11961.55020960034
14515.913595109465
13478.736989967085
11974.55020960034
13798.05020960034
11890.036644677984
14715.110327856919
12093.381063108736
11855.681364043516
14308.536143391198
12040.55020960034
13414.05020960034
13354.05020960034
11920.594801802688
13229.628573484219
13670.55020960034
13439.55020960034
13266.610327856919
13663.20697395726
12537.55020960034
15082.110327856919
14150.486317458553
12705.128573484219
11524.55020960034
11925.88534884203
11400.594801802688
12869.10960810023
13571.55020960034
14685.140035287883
12603.076379475664
14143.55020960034
12842.91843798383
11849.925155478528
11397.91843798383
14484.05020960034
12101.55020960034
13709.170283487472
12978.128573484219
13407.040747776
13561.505984888508
14009.542334969507
11204.071669068213
12327.549672655841
11666.123686437602
12635.628573484219
15114.55020960034
11843.52269022988
11747.024135560836
13513.736591996296
12389.110327856919
12653.276082158054
15702.05020960034
12222.610327856919
13468.552302350565
12374.656135232059
16165.55020960034
12814.128573484219
12297.02269022988
12687.610327856919
12813.91843798383
13096.042334969507
12221.551142047185
13370.592263198745
14443.41843798383
12025.007989281075
12236.088329611692
16393.91843798383
12743.91843798383
14576.15855611283
13271.002613491737
11396.734676189435
13594.094801802688
14353.214258824624
13714.55020960034
12297.248546068206
12888.356972531124
13255.55020960034
12879.806494824188
13797.612270471154
13945.05020960034
13133.736591996296
13113.670351890087
13405.05020960034
11504.411920580615
12345.05020960034
12864.524135560836
13388.181917471804
13303.640539797552
11973.55020960034
12549.518250159512
13307.38534884203
13079.55020960034
11823.28221514356
13905.610327856919
12463.334341399126
13127.05020960034
11689.860962626622
15206.128573484219
13347.05020960034
13104.91843798383
12800.628573484219
12018.616027649536
14143.441826761864
13070.834341399126
12837.610327856919
14048.05020960034
13914.417931345664
14008.486314663181
13273.401972193937
13486.91843798383
13983.002613504763
13744.713449790486
12364.204664052648
11273.156135232059
12553.612270471154
12789.379602367206
13050.697941720518
12964.626676091664
12457.566207239599
14435.55020960034
13462.628573484219
13066.024135560836
12154.519441094626
13195.05020960034
12352.53853675493
14531.05020960034
11777.035125925562
14093.736591996289
12647.589889449675
12816.236989967085
13692.05020960034
14705.91843798383
12157.55020960034
12035.05020960034
14085.834341399126
13514.05020960034
13131.79034115178
15327.628573484219
12088.610327856919
12451.112270471154
12506.404307604733
13509.05020960034
13117.610327856919
13417.008276848586
13610.33503162389
13191.55020960034
14437.05020960034
15069.05020960034
13013.543577161541
12922.41843798383
14085.55020960034
14348.112270471154
12558.66204307619
13649.41843798383
13948.632515176356
13081.612270471154
12575.05020960034
12022.941826761864
12213.83722928775
13047.110327856919
13382.628573484219
13571.55020960034
12401.05020960034
12245.286288452939
11540.641078841662
15120.736591996296
13530.215157351062
11466.705257188982
12655.41843798383
13140.110310554694
14313.55020960034
14215.55020960034
12284.609608101062
13294.55020960034
13067.425757406087
12951.128573484219
12101.170038056227
13169.45349925185
13066.05020960034
12772.110327856919
13657.110327856919
12814.236591996296
12281.401972193937
14183.670283487472
12673.645789863991
12834.236591996296
13295.187149255422
13893.725224527298
14429.610327856919
11277.219391252305
12760.014501796066
12491.128573484219
12504.05020960034
12538.974611968466
15765.628573484219
11604.737168723485
12704.110327856919
12323.937671965708
15414.41843798383
14843.628573484219
13215.110327856919
13008.55020960034
12145.05020960034
12812.628573484219
13189.110327856919
15571.236591996296
12473.55020960034
12528.05020960034
14057.706689504816
11502.860339594612
12903.140035287883
11444.236591996296
12312.65863918199
12098.55020960034
11165.792523040041
13769.060866427155
12565.55020960034
12876.05020960034
12334.55020960034
12063.033372707134
13251.401972193937
13910.245484884033
14011.128573484219
13366.05020960034
12875.312883062074
12362.005984891297
12458.05020960034
12139.13460392662
13083.052081480588
12937.610327856919
12166.628573484219
13904.55020960034
12808.55020960034
14254.204664052648
13827.609608101062
12296.606084644447
11308.110327856919
13741.05020960034
12052.925155478528
12208.05020960034
13479.112274047011
13871.652848824933
13784.05020960034
12732.55020960034
12221.524135560836
12631.681982058226
14947.55020960034
14557.211813448135
14013.854965144646
11708.55020960034
12515.41843798383
12071.55020960034
12176.110327856919
11763.55020960034
12114.55020960034
13530.55020960034
12041.628573484219
14575.38534884203
14013.91843798383
14738.05020960034
10894.289258019991
14734.040747776
15530.05020960034
15539.197706671883
11575.20768699638
12314.275260391492
14572.88534884203
12827.170283487472
14100.621351653594
12836.47787617554
12747.55020960034
13536.185878117
11876.661959784004
12851.24542477087
13525.128573484219
15176.55020960034
12545.994608599165
13366.520473165243
12566.55020960034
13761.610327856919
12304.681864803466
13550.05687034818
13979.043711256727
14634.05020960034
13393.190153880572
12659.354965144646
11446.55020960034
13976.05020960034
12913.834341399126
11973.385595776794
12942.55020960034
12647.41843798383
13276.486317458553
11687.41843798383
14289.628573484219
12241.628573484219
12294.05020960034
12777.714336752544
12664.05020960034
11445.445368356985
13821.628573484219
11926.361247112049
12622.673476514374
12921.088329611692
11174.786288452939
12116.05020960034
11537.032907226943
13708.610327856919
11881.140033875783
13740.05020960034
12893.55020960034
11477.110327856919
14291.236591996289
11953.55020960034
12474.258666467244
13910.552302350565
13451.354965144646
12564.051140585998
15413.55020960034
12434.41843798383
11408.40375985732
11592.15740217862
12575.161959784004
12249.472635808508
12474.628573484219
11668.05020960034
13696.128573484219
11970.286288452939
13414.109608101062
12807.441826761864
12582.612270471154
11339.824687093029
13503.55020960034
12427.722355690976
13406.7864290675
11942.55020960034
12508.05020960034
11830.855577341483
13127.779170439248
12643.628573484219
11609.441826761864
12228.91843798383
13460.706689504816
12867.110327856919
14490.63251251172
12802.628573484219
12355.05020960034
12345.891438822877
13313.024830212134
14053.109608101062
12945.736591996296
13302.441826761864
13383.112270471154
13895.664651586087
12028.640035287883
13245.55020960034
12461.05020960034
12237.88985578819
11955.55020960034
11830.112270471154
12306.492492336121
14497.55020960034
12140.159045380882
11967.05020960034
14840.55020960034
13348.55020960034
13651.55020960034
11679.05020960034
12432.55020960034
13727.55020960034
13701.128573484219
12375.605382227768
13881.236591996296
14052.441826761864
13620.206155851594
12864.678974770903
13567.670966869618
12484.628573484219
12735.372048116034
12663.05020960034
16061.55020960034
13215.05020960034
11493.85922322026
14755.955787694924
12634.024135560836
13521.41843798383
13115.628573484219
13010.097408419335
14560.610327856919
12310.748546065402
11659.576376607332
12086.524135560836
13289.857867824869
13811.55020960034
13695.55020960034
13625.91843798383
14322.374999065465
12947.14553062762
11307.071669068213
13089.486317458553
13917.024135560836
14182.41843798383
12001.55020960034
12467.55020960034
13939.869974639112
12098.110327856919
14332.989787703702
13051.19770667186
15848.05020960034
13058.05020960034
12565.55020960034
13388.628573484219
13905.112270471154
14748.128573484219
13804.55020960034
13601.761215733208
12375.02269022988
14141.204664052648
13305.128573484219
12469.197706671883
13568.05020960034
12884.505984888508
14568.01890593622
12190.91843798383
15123.55020960034
12167.55020960034
14633.55020960034
12305.55020960034
14352.110327856919
13641.510778825363
13822.628573484219
11677.012343920193
13920.55020960034
12809.029072517615
12818.60960810023
12963.05020960034
14130.05020960034
12611.014501796066
16508.874526329007
11269.236591996296
11726.128573484219
11809.222841508168
12546.202616030014
12080.15855611283
11651.110327856919
13433.206756640739
12028.91843798383
13008.736591996296
17668.236591996287
13562.628573484219
11932.434859507364
13857.110327856919
11944.727290282544
13347.55020960034
11707.55020960034
12748.0209930949
12403.014501796066
12341.760029325338
12408.15855611283
12097.725727728766
14778.33594864505
13333.55020960034
11878.55020960034
13987.55020960034
13144.55020960034
12975.55020960034
12836.500832428273
12986.529072517615
13035.128573484219
10843.216269785624
11718.128573484219
13348.05020960034
12636.823323721213
13507.736591996296
12927.128573484219
12764.299339792
14464.83594864505
14193.520416175585
14463.55020960034
11790.610327856919
11348.942240793082
14826.112270471154
13084.670283487472
14370.236591996296
11721.55020960034
14116.736591996296
12576.736591996296
14675.05020960034
12672.41843798383
12391.110327856919
13381.266302516335
12448.706689504816
11849.286288452939
12785.05020960034
12153.55020960034
11685.565604323005
14068.05020960034
13318.41843798383
14210.925120489277
12888.55020960034
12930.499433594798
15236.628573484219
13533.788812739047
12669.543751830168
12455.411920580615
11860.607828678434
12239.327458994836
12390.005984891297
14132.024135560836
11011.609826948203
14130.609608101062
12218.116027649536
14637.83594864505
11716.128573484219
13184.357867824869
13919.110327856919
13167.236591996296
13512.128573484219
13206.55020960034
12726.05020960034
11865.425125022812
12487.441345133393
