-255.63909912109375
-216.90335083007812
-214.33328247070312
-207.36138916015625
-223.86358642578125
-208.56890869140625
-245.9142608642578
-193.76821899414062
-212.6435089111328
-253.70562744140625
-223.21009826660156
-220.20407104492188
-240.991455078125
-230.650390625
-229.65316772460938
-223.75161743164062
-221.70889282226562
-241.25633239746094
-223.05873107910156
-253.88912963867188
-216.8975372314453
-188.2559814453125
-238.00357055664062
-243.85589599609375
-236.33079528808594
-256.267578125
-274.4559326171875
-276.31805419921875
-279.4019775390625
-252.81497192382812
-275.3425598144531
-295.96435546875
-262.27398681640625
-258.0234680175781
-264.7629089355469
-283.13427734375
-258.6800842285156
-239.9306182861328
-281.389404296875
-241.73728942871094
-263.2956237792969
-244.4977569580078
-222.06185913085938
-272.9018859863281
-224.18984985351562
-252.73196411132812
-243.16700744628906
-267.183349609375
-179.49252319335938
-257.443115234375
-244.62667846679688
-238.45870971679688
-218.19451904296875
-252.87643432617188
-256.8590393066406
-245.69093322753906
-241.92242431640625
-242.20547485351562
-203.13746643066406
-193.39581298828125
-180.77938842773438
-240.26002502441406
-231.32940673828125
-252.117431640625
-202.497802734375
-255.8106231689453
-255.84906005859375
-223.8836669921875
-201.02334594726562
-243.9803924560547
-254.77145385742188
-212.64630126953125
-210.40676879882812
-222.20819091796875
-202.84942626953125
-186.4490509033203
-193.03488159179688
-239.7645263671875
-197.37420654296875
-249.77069091796875
-255.12120056152344
-211.4448699951172
-214.1304473876953
-182.09994506835938
-206.23641967773438
-203.98684692382812
-221.34982299804688
-255.40577697753906
-193.1106719970703
-182.68380737304688
-225.09901428222656
-220.68463134765625
-216.9796905517578
-206.934814453125
-193.349853515625
-224.85406494140625
-214.0491180419922
-186.63888549804688
-195.18203735351562
-195.82232666015625
-186.12799072265625
-191.43759155273438
-163.384765625
-227.49383544921875
-206.52069091796875
-198.2119140625
-259.95233154296875
-231.3759765625
-206.64263916015625
-216.30601501464844
-210.13397216796875
-174.30101013183594
-254.23507690429688
-248.87452697753906
-200.29656982421875
-239.48178100585938
-226.6092987060547
-217.5645751953125
-200.6931610107422
-225.87338256835938
-226.2045440673828
-204.21591186523438
-174.75296020507812
-215.0819091796875
-233.23655700683594
-224.96380615234375
-196.08529663085938
-176.72813415527344
-213.98388671875
-185.90786743164062
-196.2056427001953
-204.273193359375
-232.73880004882812
-262.64337158203125
-213.14895629882812
-199.2036895751953
-225.68519592285156
-188.04428100585938
-201.61590576171875
-222.42935180664062
-241.73143005371094
-217.41537475585938
-252.35714721679688
-227.9869384765625
-215.6450653076172
-219.26611328125
-228.67535400390625
-212.80303955078125
-217.90945434570312
-216.20542907714844
-232.14999389648438
-213.2303009033203
-242.20111083984375
-218.77200317382812
-204.98092651367188
-206.75363159179688
-213.68695068359375
-231.2755584716797
-199.41075134277344
-247.5013427734375
-234.12026977539062
-238.01881408691406
-205.84921264648438
-227.10060119628906
-199.8455047607422
-233.48492431640625
-197.07876586914062
-197.04208374023438
-252.34375
-245.20724487304688
-250.9354705810547
-226.25865173339844
-216.2681427001953
-214.38662719726562
-218.06446838378906
-198.18548583984375
-196.55442810058594
-227.47970581054688
-225.3287811279297
-235.04351806640625
-204.74099731445312
-211.96885681152344
-220.94444274902344
-232.85122680664062
-220.00942993164062
-230.4525146484375
-244.6553192138672
-228.4851837158203
-230.1533966064453
-209.36575317382812
-213.68701171875
-219.23739624023438
-234.1286163330078
-212.0344696044922
-239.59033203125
-237.7466583251953
-214.43240356445312
-216.38424682617188
-236.744140625
-189.82498168945312
-231.51449584960938
-219.45892333984375
-208.72189331054688
-177.57273864746094
-219.73806762695312
-211.1336669921875
-183.11834716796875
-200.09201049804688
-207.68643188476562
-169.72738647460938
-209.12747192382812
-179.15780639648438
-179.29522705078125
-191.3958740234375
-214.59429931640625
-202.91587829589844
-213.38534545898438
-167.004150390625
-209.16082763671875
-231.06414794921875
-179.36273193359375
-217.1879425048828
-180.8859405517578
-231.62376403808594
-201.46385192871094
-245.277587890625
-185.9382781982422
-184.8356475830078
-184.40509033203125
-210.76654052734375
-181.83743286132812
-172.9037628173828
-196.55889892578125
-202.36436462402344
-195.72146606445312
-186.3607177734375
-189.14996337890625
-197.89450073242188
-218.9062957763672
-235.40576171875
-192.33282470703125
-189.14028930664062
-204.63096618652344
-180.35470581054688
-194.02122497558594
-207.87274169921875
-182.90914916992188
-198.37979125976562
-186.81155395507812
-217.2657928466797
-219.6176300048828
-214.42710876464844
-234.82598876953125
-191.83853149414062
-215.86611938476562
-227.53192138671875
-183.14739990234375
-204.09202575683594
-203.72535705566406
-207.4324493408203
-229.956787109375
-211.35711669921875
-232.53170776367188
-209.07913208007812
-186.5752410888672
-221.53695678710938
-191.4368896484375
-221.15284729003906
-210.03555297851562
-175.8976593017578
-182.41729736328125
-233.36912536621094
-180.9903106689453
-204.38392639160156
-223.64695739746094
-205.6338653564453
-225.6255340576172
-202.75563049316406
-216.328857421875
-215.959716796875
-176.18801879882812
-221.8968505859375
-228.05821228027344
-194.37062072753906
-204.4278564453125
-227.1671905517578
-220.79095458984375
-194.56173706054688
-239.14300537109375
-246.53878784179688
-227.52590942382812
-220.39791870117188
-218.57666015625
-216.86630249023438
-185.4637451171875
-211.86569213867188
-217.1417999267578
-192.51971435546875
-228.76023864746094
-213.79466247558594
-232.0408935546875
-206.64617919921875
-225.91456604003906
-221.91934204101562
-198.82472229003906
-211.99942016601562
-191.6110076904297
-184.72396850585938
-206.29373168945312
-224.39767456054688
-175.27586364746094
-200.462158203125
-179.3526153564453
-202.17381286621094
-219.00730895996094
-239.003173828125
-209.40631103515625
-214.07247924804688
-183.81103515625
-193.43435668945312
-205.85025024414062
-203.4467315673828
-185.3784942626953
-205.72659301757812
-179.94839477539062
-199.407470703125
-199.31214904785156
-239.53225708007812
-192.9698486328125
-206.79776000976562
-191.57846069335938
-207.1395263671875
-213.9622344970703
-190.5391387939453
-189.3690643310547
-208.24417114257812
-212.01512145996094
-177.5061798095703
-203.5274658203125
-188.19898986816406
-242.87115478515625
-187.94219970703125
-210.19943237304688
-172.05642700195312
-224.43472290039062
-220.75616455078125
-204.4986572265625
-224.37374877929688
-206.72836303710938
-240.45166015625
-238.13055419921875
-221.35894775390625
-220.6282501220703
-222.08834838867188
-194.52618408203125
-216.05096435546875
-251.72315979003906
-211.5465087890625
-206.8846435546875
-205.74107360839844
-198.8406982421875
-213.39166259765625
-215.23886108398438
-186.7238006591797
-200.77301025390625
-187.5468292236328
-206.39920043945312
-184.39012145996094
-188.4029083251953
-196.44532775878906
-234.17201232910156
-239.80593872070312
-186.03567504882812
-225.76785278320312
-136.11219787597656
-194.68740844726562
-192.4638671875
-210.59182739257812
-193.531005859375
-196.9722900390625
-195.9791259765625
-169.17562866210938
-196.4002227783203
-216.23947143554688
-190.42330932617188
-199.95790100097656
-205.86398315429688
-209.73175048828125
-208.26251220703125
-175.79835510253906
-236.51171875
-187.34140014648438
-205.20956420898438
-188.96058654785156
-197.9608154296875
-186.55389404296875
-199.70089721679688
-224.7948455810547
-201.38278198242188
-199.14584350585938
-197.55068969726562
-208.41397094726562
-194.65472412109375
-206.50436401367188
-206.57305908203125
-233.3065185546875
-193.52920532226562
-185.24176025390625
-204.85128784179688
-178.6136932373047
-191.00979614257812
-219.43740844726562
-203.61407470703125
-249.66871643066406
-201.96438598632812
-220.18359375
-229.46981811523438
-202.72708129882812
-230.22390747070312
-216.78762817382812
-173.38278198242188
-193.71722412109375
-225.44927978515625
-208.95046997070312
-204.51173400878906
-200.98699951171875
-228.1758575439453
-280.4752197265625
-238.68951416015625
-192.03546142578125
-252.70274353027344
-212.22525024414062
-219.89613342285156
-192.28280639648438
-190.96011352539062
-273.1039123535156
-184.69882202148438
-229.00827026367188
-203.90304565429688
-211.87918090820312
-273.765625
-222.57308959960938
-234.47030639648438
-202.91510009765625
-182.30088806152344
-202.30731201171875
-203.5557403564453
-195.80210876464844
-208.43438720703125
-184.0218505859375
-193.87962341308594
-189.7788848876953
-207.620849609375
-166.1337890625
-180.64175415039062
-195.26406860351562
-180.27133178710938
-191.41397094726562
-195.24147033691406
-210.35594177246094
-201.74020385742188
-187.31680297851562
-188.99179077148438
-207.08035278320312
-203.67408752441406
-208.10791015625
-210.07321166992188
-151.23751831054688
-180.89430236816406
-212.74407958984375
-208.02069091796875
-176.22230529785156
-258.6089172363281
-206.01303100585938
-199.04373168945312
-214.92404174804688
-191.54742431640625
-194.62002563476562
-209.5137481689453
-202.85020446777344
-191.06787109375
-183.38088989257812
-217.09303283691406
-178.21725463867188
-187.93356323242188
-196.90184020996094
-213.28126525878906
-208.73570251464844
-247.91769409179688
-181.29344177246094
-235.95364379882812
-197.860595703125
-227.88323974609375
-201.96044921875
-181.03610229492188
-202.46524047851562
-189.07444763183594
-219.85665893554688
-188.2339324951172
-201.77149963378906
-149.01138305664062
-163.71221923828125
-204.78173828125
-188.99984741210938
-227.74703979492188
-231.980224609375
-175.20135498046875
-182.77923583984375
-225.4205322265625
-188.32485961914062
-195.87069702148438
-194.04669189453125
-186.2581329345703
-194.0909881591797
-182.26083374023438
-194.27349853515625
-235.74365234375
-188.3209991455078
-177.82351684570312
-198.45631408691406
-178.5655975341797
-190.50906372070312
-166.56439208984375
-184.12252807617188
-181.9196319580078
-195.33267211914062
-187.74105834960938
-195.22015380859375
-201.91653442382812
-224.71096801757812
-187.67282104492188
-191.65966796875
-151.1221923828125
-194.39947509765625
-220.029052734375
-206.9042510986328
-208.63143920898438
-188.9702911376953
-202.22560119628906
-202.71563720703125
-185.33868408203125
-200.01290893554688
-251.68124389648438
-175.1469268798828
-205.40591430664062
-244.002197265625
-189.0557403564453
-229.90576171875
-194.12954711914062
-202.87689208984375
-194.4640350341797
-200.08218383789062
-212.31556701660156
-210.82162475585938
-175.2288360595703
-206.41807556152344
-199.56015014648438
-228.59754943847656
-219.71676635742188
-166.74497985839844
-184.98353576660156
-207.7046661376953
-224.02310180664062
-232.48983764648438
-215.94976806640625
-194.98690795898438
-230.14413452148438
-215.90773010253906
-206.4201202392578
-211.07568359375
-228.85366821289062
-198.59600830078125
-224.14511108398438
-210.35903930664062
-239.724609375
-247.7308349609375
-201.96034240722656
-212.76882934570312
-235.36497497558594
-257.17236328125
-207.0796661376953
-192.18150329589844
-244.68685913085938
-209.1565704345703
-234.06527709960938
-183.55538940429688
-209.44491577148438
-205.43142700195312
-232.5185546875
-237.330322265625
-240.04095458984375
-220.46267700195312
-226.113525390625
-217.4678955078125
-233.7014617919922
-239.75755310058594
-240.77081298828125
-238.99600219726562
-223.97442626953125
-295.6485900878906
-258.5404052734375
-269.35894775390625
-194.75228881835938
-245.83773803710938
-258.29058837890625
-286.4144592285156
-288.6337890625
-254.22662353515625
-255.70144653320312
-262.6926574707031
-295.59808349609375
-268.0986328125
-266.9079895019531
-288.1204833984375
-239.02902221679688
-290.6256103515625
-269.9105224609375
-267.55999755859375
-248.83221435546875
-266.23675537109375
-276.4307861328125
-278.59539794921875
-289.59478759765625
-252.68020629882812
-257.2037353515625
-252.5026092529297
-272.67083740234375
-295.38970947265625
-274.552734375
-300.15509033203125
-298.12811279296875
-305.1567687988281
-259.71453857421875
-261.59356689453125
-303.1201171875
-287.59014892578125
-293.96307373046875
-301.5581970214844
-262.5598449707031
-299.29583740234375
-286.0723876953125
-304.49066162109375
-296.35882568359375
-290.56573486328125
-297.5106201171875
-293.0990295410156
-265.745849609375
-292.8072509765625
-309.69879150390625
-293.3277587890625
-285.54156494140625
-275.7067565917969
-288.8445739746094
-302.1833190917969
-301.6410827636719
-281.53387451171875
-298.9412841796875
-294.2802734375
-292.188232421875
-274.38623046875
-298.13128662109375
-276.7530822753906
-215.60340881347656
-221.65054321289062
-279.4912109375
-295.48089599609375
-283.67742919921875
-300.42724609375
-277.2804260253906
-265.16864013671875
-289.2996520996094
-267.6077575683594
-291.3182678222656
-243.15428161621094
-273.53472900390625
-275.19171142578125
-247.05409240722656
-287.968017578125
-290.93896484375
-230.21688842773438
-268.4559631347656
-273.6986083984375
-261.17010498046875
-280.45123291015625
-259.04339599609375
-256.6327819824219
-287.7129821777344
-288.29425048828125
-255.2856903076172
-263.1654052734375
-275.9444580078125
-290.3617248535156
-274.0061340332031
-303.0747985839844
-262.70050048828125
-301.9671630859375
-290.76605224609375
-301.96893310546875
-275.82818603515625
-289.88934326171875
-214.36761474609375
-278.33038330078125
-250.66709899902344
-235.85150146484375
-243.85464477539062
-220.75457763671875
-287.1625671386719
-249.50848388671875
-258.80828857421875
-252.8857421875
-225.17686462402344
-246.81016540527344
-268.8790283203125
-245.5294952392578
-212.0207977294922
-229.09083557128906
-249.21365356445312
-232.27479553222656
-236.41659545898438
-262.6331787109375
-229.05410766601562
-236.62855529785156
-271.4299011230469
-215.14634704589844
-240.58900451660156
-244.58981323242188
-274.37847900390625
-228.720947265625
-201.39700317382812
-229.23712158203125
-237.39791870117188
-244.75277709960938
-247.06552124023438
-207.09393310546875
-241.15101623535156
-217.31338500976562
-201.10511779785156
-255.22630310058594
-222.57760620117188
-218.77403259277344
-191.1531982421875
-226.0942840576172
-224.80172729492188
-247.03964233398438
-219.8089141845703
-228.26931762695312
-214.8011932373047
-238.80271911621094
-201.3744659423828
-232.68991088867188
-230.31356811523438
-254.33761596679688
-243.18154907226562
-256.5551452636719
-276.85870361328125
-266.72320556640625
-283.58642578125
-250.5584259033203
-241.71670532226562
-256.4699401855469
-233.55551147460938
-219.41107177734375
-258.07232666015625
-229.04617309570312
-202.111328125
-221.8697509765625
-233.4169921875
-237.0443115234375
-204.64816284179688
-208.35302734375
-251.370849609375
-263.00775146484375
-217.027099609375
-255.75534057617188
-221.6627960205078
-202.59913635253906
-195.32150268554688
-236.8908233642578
-228.885498046875
-246.31185913085938
-221.2576446533203
-232.51193237304688
-254.5862274169922
-252.51324462890625
-188.25888061523438
-217.05313110351562
-218.90139770507812
-229.15003967285156
-220.29159545898438
-256.83355712890625
-189.272705078125
-219.26925659179688
-239.9588623046875
-220.18649291992188
-228.86228942871094
-245.41281127929688
-194.6521759033203
-261.7530212402344
-226.23875427246094
-207.1619110107422
-223.73440551757812
-212.79891967773438
-206.0242919921875
-215.555419921875
-188.59588623046875
-212.4510040283203
-220.18515014648438
-214.63096618652344
-219.44598388671875
-250.8353729248047
-237.78099060058594
-211.2172393798828
-193.97988891601562
-198.13536071777344
-209.49884033203125
-209.5946044921875
-244.61924743652344
-205.050537109375
-240.88165283203125
-203.60397338867188
-209.52862548828125
-244.2176971435547
-261.43438720703125
-223.06448364257812
-219.6803741455078
-198.5249481201172
-246.13253784179688
-248.43609619140625
-217.639892578125
-215.19244384765625
-230.6675567626953
-204.97088623046875
-254.50189208984375
-173.58651733398438
-237.19203186035156
-225.23440551757812
-242.8759307861328
-218.0001678466797
-201.44790649414062
-206.638671875
-198.8570556640625
-226.984619140625
-232.83656311035156
-212.04527282714844
-234.91998291015625
-200.72555541992188
-232.8827362060547
-215.6971893310547
-187.78399658203125
-236.6585235595703
-266.5019226074219
-213.40203857421875
-221.16989135742188
-222.98141479492188
-222.3429412841797
-255.97911071777344
-187.26223754882812
-244.7216796875
-208.54885864257812
-203.66104125976562
-197.97067260742188
-249.09478759765625
-251.43634033203125
-222.58706665039062
-208.21487426757812
-206.15899658203125
-236.37649536132812
-221.7947540283203
-257.8426513671875
-222.11416625976562
-214.10818481445312
-219.21144104003906
-219.28436279296875
-203.80606079101562
-250.013671875
-236.63140869140625
-214.4568328857422
-246.0546875
-229.36456298828125
-224.75680541992188
-259.8194274902344
-225.4783935546875
-249.79530334472656
-247.17889404296875
-254.8660125732422
-257.5030517578125
-237.929931640625
-237.14984130859375
-271.3612976074219
-280.2144775390625
-263.528564453125
-235.8837127685547
-246.26492309570312
-308.9679870605469
-278.8472900390625
-246.3652801513672
-300.09857177734375
-258.623291015625
-280.37286376953125
-305.3919982910156
-256.8323974609375
-259.2088317871094
-221.45877075195312
-236.63348388671875
-235.60145568847656
-248.90347290039062
-255.318115234375
-253.8001708984375
-304.5218505859375
-280.00640869140625
-259.8495788574219
-262.01092529296875
-243.0276336669922
-258.7796325683594
-230.08482360839844
-291.5190734863281
-258.5863037109375
-268.7108154296875
-224.72816467285156
-273.32220458984375
-244.597900390625
-268.6474304199219
-269.3088684082031
-247.6904296875
-218.16087341308594
-251.96490478515625
-251.27777099609375
-233.4722442626953
-247.61875915527344
-227.9187774658203
-215.54673767089844
-251.32467651367188
-250.4547882080078
-253.18130493164062
-234.4195556640625
-236.1373748779297
-259.44989013671875
-256.12469482421875
-231.6767578125
-243.80508422851562
-263.79583740234375
-266.44488525390625
-248.5955352783203
-228.1197052001953
-247.2261199951172
-236.775146484375
-257.60675048828125
-266.8983154296875
-228.5107421875
-237.42337036132812
-260.9482116699219
-256.36627197265625
-270.9051513671875
-235.59640502929688
-251.07965087890625
-243.816650390625
-255.46771240234375
-249.5361328125
-256.998046875
-189.9718017578125
-199.53158569335938
-251.11070251464844
-217.75994873046875
-218.44033813476562
-294.7313232421875
-218.99887084960938
-211.34771728515625
-268.099853515625
-218.48020935058594
-265.41815185546875
-254.62579345703125
-234.56982421875
-256.37469482421875
-294.30047607421875
-275.35076904296875
-238.8314208984375
-235.73487854003906
-254.20904541015625
-241.86529541015625
-216.17999267578125
-259.38372802734375
-216.95533752441406
-220.7767791748047
-259.9575500488281
-266.7285461425781
-258.6717529296875
-271.9510498046875
-297.52203369140625
-311.6868896484375
-249.96478271484375
-284.86895751953125
-256.84527587890625
-285.25897216796875
-316.1925048828125
-302.00750732421875
-283.7835693359375
-288.8036193847656
-318.99102783203125
-258.23480224609375
-256.4923095703125
-281.8713073730469
-287.18707275390625
-301.164306640625
-290.0568542480469
-218.60009765625
-311.4470520019531
-245.82357788085938
-269.2452392578125
-258.485107421875
-233.88278198242188
-283.60113525390625
-296.30908203125
-272.394287109375
-265.29168701171875
-269.3705749511719
-250.47145080566406
-287.24615478515625
-264.6125183105469
-275.8305969238281
-266.15472412109375
-320.55877685546875
-297.27264404296875
-307.35357666015625
-292.4677429199219
-277.20684814453125
-285.96173095703125
-289.23211669921875
-249.73492431640625
-292.07672119140625
-260.451416015625
-262.7134704589844
-297.99468994140625
-281.4906921386719
-282.921142578125
-269.5266418457031
-255.60110473632812
-277.7161865234375
-282.95867919921875
-288.94915771484375
-314.72271728515625
-231.2821807861328
-212.9730987548828
-239.9645538330078
-238.01824951171875
-254.5093536376953
-285.1848449707031
-254.89901733398438
-256.3415832519531
-287.08447265625
-202.44444274902344
-264.4190979003906
-281.34381103515625
-266.1399230957031
-271.9102783203125
-212.0369873046875
-248.94174194335938
-212.77867126464844
-234.9699249267578
-234.5305633544922
-269.31732177734375
-267.03167724609375
-237.94375610351562
-196.0572052001953
-238.82286071777344
-229.94183349609375
-241.45687866210938
-228.58006286621094
-249.03575134277344
-245.34564208984375
-234.63275146484375
-229.02005004882812
-255.44464111328125
-208.03793334960938
-256.8272399902344
-201.48992919921875
-209.68031311035156
-221.178955078125
-201.080810546875
-217.85720825195312
-236.52947998046875
-212.70518493652344
-205.35076904296875
-196.14169311523438
-232.9140167236328
-237.3070068359375
-201.80743408203125
-250.92959594726562
-207.85107421875
-200.1601104736328
-189.62197875976562
-200.12411499023438
-213.7681884765625
-210.639892578125
-189.9246063232422
-238.5455322265625
-208.00738525390625
-206.5953826904297
-227.32440185546875
-241.72509765625
-255.62936401367188
-238.7335662841797
-218.2642822265625
-232.8807830810547
-257.2103576660156
-198.1740264892578
-223.83058166503906
-231.64561462402344
-253.31690979003906
-211.69769287109375
-275.64019775390625
-209.13320922851562
-192.51339721679688
-245.70835876464844
-271.4044189453125
-190.05154418945312
-231.05935668945312
-234.9205322265625
-219.8877716064453
-193.53219604492188
-212.91380310058594
-235.3812713623047
-240.19406127929688
-249.17401123046875
-218.71005249023438
-199.86729431152344
-234.96511840820312
-238.636962890625
-239.3767547607422
-243.20169067382812
-213.03541564941406
-225.14918518066406
-253.52523803710938
-247.2266845703125
-228.88487243652344
-260.4171447753906
-247.5966339111328
-259.8475341796875
-208.57460021972656
-196.78956604003906
-240.1102294921875
-252.0321044921875
-209.68605041503906
-250.14588928222656
-244.43057250976562
-218.68650817871094
-217.85964965820312
-224.2825927734375
-246.60861206054688
-207.923583984375
-221.9476318359375
-218.9978790283203
-239.16598510742188
-266.0732116699219
-235.4521026611328
-217.07437133789062
-228.91305541992188
-214.3925323486328
-255.60113525390625
-185.60968017578125
-212.13751220703125
-271.7392883300781
-199.83621215820312
-223.4639434814453
-240.63809204101562
-208.42169189453125
-215.28326416015625
-233.70623779296875
-248.29254150390625
-235.63197326660156
-217.7597198486328
-223.55499267578125
-220.51101684570312
-242.55242919921875
-263.956787109375
-233.096435546875
-204.9210968017578
-220.58499145507812
-217.12245178222656
-226.58737182617188
-245.98568725585938
-246.1771240234375
-259.85931396484375
-229.57679748535156
-218.96902465820312
-249.17803955078125
-212.39682006835938
-211.0644989013672
-188.49705505371094
-252.48724365234375
-208.3322296142578
-221.77870178222656
-214.77565002441406
-206.9302215576172
-207.28378295898438
-210.5320281982422
-205.2880096435547
-197.17138671875
-211.052734375
-230.11578369140625
-217.7536163330078
-237.1373291015625
-219.125
-175.02481079101562
-209.560302734375
-223.82215881347656
-242.4817657470703
-199.88023376464844
-209.5482177734375
-210.1785430908203
-190.59860229492188
-211.34814453125
-207.49168395996094
-201.6273956298828
-196.72044372558594
-217.16358947753906
-263.8210754394531
-225.030029296875
-228.11175537109375
-236.21658325195312
-252.55685424804688
-244.6329345703125
-224.2305145263672
-232.68911743164062
-195.57366943359375
-245.24102783203125
-205.10691833496094
-232.17977905273438
-210.28997802734375
-175.82899475097656
-220.98666381835938
-227.4273223876953
-207.94345092773438
-248.9981231689453
-243.85365295410156
-196.42144775390625
-219.8500518798828
-192.696533203125
-240.1626434326172
-212.24778747558594
-186.57974243164062
-221.4454803466797
-219.15914916992188
-224.3323974609375
-225.5547637939453
-193.00575256347656
-205.7454833984375
-211.8196258544922
-192.69439697265625
-226.43429565429688
-204.71408081054688
-198.6849365234375
-206.96556091308594
-212.3504638671875
-196.07806396484375
-198.70242309570312
-198.19529724121094
-229.87469482421875
-214.61514282226562
-232.92611694335938
-203.162841796875
-201.46371459960938
-210.34634399414062
-221.61715698242188
-204.88619995117188
-188.44500732421875
-207.63931274414062
-211.89053344726562
-218.92532348632812
-240.6046905517578
-215.7776641845703
-209.4230499267578
-211.69778442382812
-230.2416534423828
-215.26925659179688
-231.4352569580078
-215.2625732421875
-211.65386962890625
-233.10052490234375
-235.20632934570312
-223.3289031982422
-212.53782653808594
-206.02423095703125
-208.6975555419922
-201.08221435546875
-200.4691925048828
-206.85653686523438
-216.27960205078125
-217.28753662109375
-198.84326171875
-201.25881958007812
-190.78488159179688
-203.86029052734375
-206.36224365234375
-222.3392333984375
-217.78964233398438
-248.622802734375
-192.55455017089844
-234.26246643066406
-261.35394287109375
-225.6311492919922
-219.42620849609375
-267.877685546875
-236.64195251464844
-245.92051696777344
-254.49356079101562
-248.23121643066406
-225.41676330566406
-265.2276611328125
-208.23220825195312
-262.31036376953125
-232.881103515625
-267.0144348144531
-217.18435668945312
-213.02841186523438
-227.1739501953125
-209.29864501953125
-215.01425170898438
-251.97874450683594
-205.32923889160156
-241.77536010742188
-238.60919189453125
-231.10214233398438
-279.7366027832031
-196.61917114257812
-219.345703125
-220.79721069335938
-208.34271240234375
-239.59878540039062
-208.74356079101562
-228.06797790527344
-223.14797973632812
-222.70645141601562
-231.19375610351562
-194.7278289794922
-233.43246459960938
-232.14808654785156
-204.18356323242188
-269.17034912109375
-251.41697692871094
-240.12051391601562
-253.98440551757812
-219.35935974121094
-287.0094299316406
-244.78700256347656
-251.4716796875
-214.2784423828125
-250.03976440429688
-259.47747802734375
-250.18472290039062
-203.827880859375
-236.5234832763672
-248.2270050048828
-207.4287872314453
-251.60379028320312
-202.80966186523438
-234.84780883789062
-239.93417358398438
-191.81472778320312
-263.2718200683594
-207.54638671875
-213.61935424804688
-180.9976806640625
-223.08197021484375
-211.686279296875
-198.8529052734375
-192.24118041992188
-205.09255981445312
-210.17196655273438
-189.34100341796875
-229.76467895507812
-246.42059326171875
-250.681884765625
-188.31593322753906
-213.35789489746094
-244.56370544433594
-220.5609130859375
-188.5732421875
-203.6397705078125
-225.25234985351562
-208.43508911132812
-191.28375244140625
-202.49285888671875
-190.84759521484375
-201.5157928466797
-225.056640625
-214.74696350097656
-231.71823120117188
-210.10556030273438
-159.69761657714844
-171.80300903320312
-200.28775024414062
-177.53884887695312
-227.970947265625
-216.3553924560547
-221.501220703125
-202.52430725097656
-220.481689453125
-200.62242126464844
-187.43734741210938
-207.5349884033203
-214.72181701660156
-201.47378540039062
-188.37979125976562
-206.57260131835938
-245.06869506835938
-238.6600799560547
-223.58209228515625
-173.83648681640625
-234.10818481445312
-217.35987854003906
-213.13645935058594
-188.08499145507812
-198.646728515625
-186.234130859375
-213.64434814453125
-215.29647827148438
-229.00387573242188
-198.53976440429688
-217.46107482910156
-200.2618408203125
-224.892333984375
-210.28781127929688
-202.52349853515625
-215.613525390625
-172.78269958496094
-195.88937377929688
-204.60340881347656
-220.40505981445312
-200.26861572265625
-201.94288635253906
-193.16639709472656
-230.46173095703125
-209.2874298095703
-190.90988159179688
-210.34841918945312
-177.5805206298828
-235.82943725585938
-213.56491088867188
-228.76513671875
-208.23130798339844
-221.5688934326172
-179.0052032470703
-176.42279052734375
-200.48904418945312
-217.74368286132812
-179.73284912109375
-217.1641387939453
-255.64480590820312
-186.37379455566406
-215.26683044433594
-194.95082092285156
-198.3165283203125
-191.36526489257812
-197.16720581054688
-229.7891387939453
-216.6002197265625
-243.47813415527344
-188.642333984375
-191.00485229492188
-211.46078491210938
-190.2271270751953
-232.65696716308594
-222.77691650390625
-201.2701416015625
-197.09364318847656
-226.02084350585938
-214.4401397705078
-222.7780303955078
-229.7527618408203
-197.01861572265625
-182.01287841796875
-196.94451904296875
-184.05975341796875
-225.8747100830078
-195.82647705078125
-179.56854248046875
-202.80752563476562
-198.83786010742188
-186.46304321289062
-211.08682250976562
-200.50616455078125
-197.34349060058594
-220.64486694335938
-226.78575134277344
-199.283203125
-199.71856689453125
-213.48648071289062
-197.29737854003906
-249.6927490234375
-219.7041473388672
-198.79660034179688
-209.5062255859375
-190.0245819091797
-227.51519775390625
-154.45281982421875
-234.03997802734375
-178.2897491455078
-213.37278747558594
-199.76516723632812
-203.70565795898438
-194.49343872070312
-197.0328369140625
-201.24635314941406
-189.49368286132812
-212.66873168945312
-190.70526123046875
-209.94073486328125
-215.01986694335938
-189.54518127441406
-204.1470184326172
-230.2138671875
-197.20867919921875
-195.90667724609375
-181.46710205078125
-220.72511291503906
-200.76275634765625
-171.98306274414062
-231.5047607421875
-203.8641357421875
-184.2774658203125
-175.18121337890625
-190.29861450195312
-199.6134796142578
-176.8233642578125
-182.95797729492188
-179.43475341796875
-183.0804443359375
-216.4568634033203
-183.48777770996094
-171.5074920654297
-216.7854766845703
-181.3170166015625
-213.9005584716797
-189.92221069335938
-219.48171997070312
-194.95877075195312
-183.93814086914062
-204.91551208496094
-203.43898010253906
-232.56106567382812
-194.44573974609375
-181.75149536132812
-178.199951171875
-214.8280487060547
-181.50119018554688
-208.7376708984375
-173.71490478515625
-170.9784393310547
-193.42282104492188
-210.4283447265625
-205.88571166992188
-186.92758178710938
-196.5444793701172
-203.48260498046875
-188.67184448242188
-194.73733520507812
-197.53366088867188
-173.25148010253906
-214.07037353515625
-193.47337341308594
-163.7222442626953
-210.95538330078125
-188.15676879882812
-164.33889770507812
-189.25856018066406
-185.9936065673828
-231.798583984375
-211.2058563232422
-175.557373046875
-198.55401611328125
-190.44937133789062
-212.70965576171875
-151.85690307617188
-198.11895751953125
-222.7398681640625
-207.56336975097656
-192.87554931640625
-226.18312072753906
-182.88644409179688
-177.662353515625
-234.44631958007812
-205.82989501953125
-199.05142211914062
-191.523681640625
-196.46971130371094
-225.34872436523438
-203.95590209960938
-203.5506591796875
-204.4772491455078
-205.38568115234375
-224.4013214111328
-182.34226989746094
-214.28143310546875
-190.50942993164062
-211.76629638671875
-231.66085815429688
-210.66552734375
-219.419189453125
-231.87208557128906
-193.67291259765625
-197.34494018554688
-230.54905700683594
-220.63479614257812
-195.23455810546875
-181.47366333007812
-194.45913696289062
-239.59371948242188
-204.22879028320312
-223.92056274414062
-240.6038055419922
-202.96835327148438
-221.51089477539062
-212.88888549804688
-225.3704376220703
-187.27667236328125
-206.26258850097656
-214.10382080078125
-209.45864868164062
-207.04367065429688
-249.67324829101562
-183.27764892578125
-243.7772979736328
-237.5597686767578
-181.9780731201172
-235.9345245361328
-222.0080108642578
-196.42994689941406
-200.45486450195312
-232.14772033691406
-210.84146118164062
-201.02142333984375
-204.9393768310547
-210.3228302001953
-218.0572052001953
-217.1033477783203
-214.1988983154297
-223.6532440185547
-211.64930725097656
-199.11373901367188
-246.17481994628906
-200.5810546875
-182.9906463623047
-222.6610107421875
-225.41107177734375
-238.5468292236328
-219.4129638671875
-187.96966552734375
-205.29122924804688
-253.11289978027344
-208.67202758789062
-201.57989501953125
-204.8723602294922
-176.5228271484375
-199.66455078125
-241.70928955078125
-202.270263671875
-233.71380615234375
-203.97512817382812
-223.87493896484375
-208.2730712890625
-202.4078369140625
-204.9927520751953
-194.21585083007812
-213.78758239746094
-202.5852813720703
-201.59481811523438
-204.28759765625
-186.1221466064453
-207.45724487304688
-186.68023681640625
-182.08847045898438
-174.13490295410156
-184.01548767089844
-233.6543426513672
-195.7638397216797
-202.57284545898438
-188.8613739013672
-197.9238739013672
-192.2171173095703
-220.07968139648438
-211.65719604492188
-230.1452178955078
-191.55746459960938
-195.58721923828125
-179.33236694335938
-201.40289306640625
-198.70664978027344
-203.99636840820312
-240.82278442382812
-223.02508544921875
-191.418212890625
-186.70127868652344
-222.88894653320312
-206.10340881347656
-182.6610870361328
-208.1467742919922
-215.9085693359375
-212.19105529785156
-219.88232421875
-210.47677612304688
-221.24134826660156
-200.1056671142578
-222.41073608398438
-200.31890869140625
-193.01356506347656
-207.16148376464844
-212.25953674316406
-194.54470825195312
-214.06195068359375
-213.26226806640625
-196.04537963867188
-225.9730224609375
-174.7236785888672
-206.7270965576172
-196.38043212890625
-230.6385498046875
-214.16397094726562
-238.12615966796875
-225.49085998535156
-179.68276977539062
-216.5049591064453
-216.6002655029297
-186.75601196289062
-201.4963836669922
-209.79782104492188
-185.14175415039062
-205.31103515625
-202.86444091796875
-231.2357177734375
-187.8365478515625
-202.60691833496094
-230.79994201660156
-181.44366455078125
-143.859375
-185.21212768554688
-239.87307739257812
-212.15878295898438
-182.939697265625
-203.36083984375
-182.45529174804688
-167.34884643554688
-191.27359008789062
-193.755859375
-247.80136108398438
-191.4677734375
-208.622802734375
-163.384033203125
-174.16683959960938
-174.05564880371094
-209.96340942382812
-195.17120361328125
-204.9994354248047
-203.32994079589844
-209.49803161621094
-177.18765258789062
-194.19973754882812
-180.49273681640625
-206.34471130371094
-213.71286010742188
-198.46029663085938
-205.2102508544922
-204.88616943359375
-214.67080688476562
-180.8802032470703
-187.0350341796875
-197.1012420654297
-201.46707153320312
-205.1409454345703
-193.2000732421875
-166.85415649414062
-208.16885375976562
-237.13999938964844
-182.45089721679688
-189.57476806640625
-183.72703552246094
-172.96356201171875
-202.83840942382812
-191.36521911621094
-187.2421875
-193.30419921875
-186.27059936523438
-197.21176147460938
-206.6742401123047
-209.139892578125
-201.1066131591797
-214.12400817871094
-217.5025634765625
-195.3487548828125
-175.55572509765625
-176.26321411132812
-238.2809600830078
-205.95318603515625
-220.90452575683594
-181.28292846679688
-176.1415252685547
-211.0966796875
-193.93704223632812
-209.7123260498047
-193.8914794921875
-186.5558624267578
-193.376953125
-190.66786193847656
-178.24366760253906
-178.3419952392578
-216.16281127929688
-197.6512451171875
-184.13719177246094
-216.8771514892578
-187.56594848632812
-182.9990234375
-222.20361328125
-180.99221801757812
-198.32241821289062
-196.7967987060547
-191.06460571289062
-191.37728881835938
-208.98635864257812
-225.0199737548828
-207.31321716308594
-178.93197631835938
-210.25433349609375
-221.03890991210938
-191.20993041992188
-206.77499389648438
-214.5189208984375
-212.68263244628906
-190.83871459960938
-172.76510620117188
-190.9523468017578
-208.96310424804688
-175.97621154785156
-199.4560546875
-189.9724578857422
-173.43246459960938
-176.7293701171875
-212.093017578125
-195.6194305419922
-193.18165588378906
-187.4153289794922
-196.242431640625
-176.45948791503906
-191.41873168945312
-200.45468139648438
-195.36888122558594
-202.12026977539062
-184.18405151367188
-197.41409301757812
-213.98403930664062
-184.3565216064453
-141.7344970703125
-203.97390747070312
-171.59622192382812
-158.33074951171875
-213.77142333984375
-210.233642578125
-195.40176391601562
-209.60079956054688
-198.72303771972656
-199.21694946289062
-221.560546875
-180.65347290039062
-189.6587677001953
-229.67791748046875
-194.603515625
-198.35848999023438
-176.52261352539062
-196.38742065429688
-165.63558959960938
-193.76231384277344
-210.8780517578125
-201.8402099609375
-211.53024291992188
-184.0010986328125
-226.13037109375
-171.2418975830078
-200.3502655029297
-237.96182250976562
-203.07977294921875
-213.23284912109375
-224.0839080810547
-205.83383178710938
-189.48947143554688
-165.1584930419922
-210.44235229492188
-185.93455505371094
-208.070556640625
-200.54571533203125
-178.64236450195312
-186.80667114257812
-200.3303680419922
-201.4845733642578
-194.1631317138672
-178.34478759765625
-220.12246704101562
-223.11676025390625
-205.28414916992188
-216.11256408691406
-219.4237060546875
-218.39761352539062
-212.127685546875
-187.20553588867188
-202.57318115234375
-182.63552856445312
-193.97471618652344
-227.85479736328125
-197.76171875
-197.09603881835938
-202.3031005859375
-202.838623046875
-191.16546630859375
-241.1905059814453
-193.64666748046875
-203.12039184570312
-194.43798828125
-213.56317138671875
-197.62741088867188
-186.5243682861328
-214.72628784179688
-200.64718627929688
-165.77806091308594
-207.72506713867188
-171.11138916015625
-204.58062744140625
-207.34617614746094
-205.02700805664062
-192.53146362304688
-170.28802490234375
-202.60719299316406
-197.9468994140625
-193.6304931640625
-199.38967895507812
-188.302978515625
-198.60623168945312
-196.10623168945312
-204.8216552734375
-196.2359619140625
-221.32176208496094
-188.14590454101562
-220.58392333984375
-189.6500244140625
-177.04347229003906
-185.24258422851562
-197.2803192138672
-204.37860107421875
-215.73825073242188
-182.69699096679688
-194.843994140625
-195.679931640625
-181.65892028808594
-195.3574676513672
-219.09381103515625
-208.16920471191406
-189.99195861816406
-182.30038452148438
-203.14126586914062
-215.5592041015625
-185.28831481933594
-200.24591064453125
-187.5366973876953
-173.0563507080078
-199.18121337890625
-184.0154266357422
-206.71392822265625
-190.807861328125
-205.96829223632812
-219.35455322265625
-196.9493408203125
-186.20468139648438
-204.19503784179688
-198.39447021484375
-201.37997436523438
-196.41592407226562
-167.80462646484375
-202.71923828125
-212.07537841796875
-198.928466796875
-195.87088012695312
-199.89703369140625
-214.88002014160156
-196.45947265625
-177.7958526611328
-198.13497924804688
-211.7178955078125
-173.42172241210938
-182.34359741210938
-219.9979705810547
-182.544189453125
-204.6920623779297
-195.2967987060547
-208.89212036132812
-198.44656372070312
-214.91244506835938
-190.0829315185547
-223.38754272460938
-203.71282958984375
-201.34548950195312
-218.25650024414062
-206.0450439453125
-220.55291748046875
-240.81886291503906
-196.64271545410156
-208.68650817871094
-217.94500732421875
-167.56991577148438
-221.77554321289062
-178.3909912109375
-204.01080322265625
-191.01422119140625
-218.36871337890625
-214.09519958496094
-226.29586791992188
-205.26251220703125
-198.35983276367188
-207.5006103515625
-204.32997131347656
-195.23072814941406
-176.23159790039062
-170.9080047607422
-205.23684692382812
-181.92446899414062
-222.86697387695312
-192.96690368652344
-210.8631134033203
-189.34254455566406
-237.7145538330078
-200.44541931152344
-204.91635131835938
-195.4467315673828
-208.91818237304688
-208.88851928710938
-189.59622192382812
-209.4805450439453
-224.2872314453125
-179.7957763671875
-209.5811004638672
-205.57510375976562
-169.60830688476562
-230.11407470703125
-182.66075134277344
-211.86962890625
-158.30833435058594
-197.6342010498047
-221.33242797851562
-221.0889892578125
-202.712890625
-192.94837951660156
-200.33798217773438
-209.88035583496094
-156.41708374023438
-200.24148559570312
-176.5181884765625
-196.97479248046875
-219.90011596679688
-190.92276000976562
-179.06800842285156
-202.2831573486328
-203.74917602539062
-213.82296752929688
-156.09303283691406
-206.44662475585938
-180.28240966796875
-201.24893188476562
-206.29022216796875
-202.3799285888672
-221.47879028320312
-191.93826293945312
-189.91494750976562
-188.64859008789062
-224.08627319335938
-184.0625762939453
-223.015380859375
-199.12612915039062
-185.57150268554688
-224.93487548828125
-176.03317260742188
-206.012451171875
-192.7754364013672
-200.31417846679688
-202.47328186035156
-211.6104736328125
-191.76272583007812
-210.49301147460938
-215.0486297607422
-202.7780303955078
-199.76397705078125
-194.59263610839844
-188.18252563476562
-183.93692016601562
-168.01593017578125
-198.25204467773438
-195.444580078125
-164.6783447265625
-210.51016235351562
-199.15335083007812
-208.7951202392578
-176.7232666015625
-228.05288696289062
-194.510986328125
-206.2117919921875
-196.65695190429688
-202.2267303466797
-195.1531982421875
-216.84832763671875
-210.99888610839844
-203.1685791015625
-181.85440063476562
-229.5388946533203
-242.45492553710938
-150.97523498535156
-201.97451782226562
-206.42556762695312
-181.6993408203125
-205.7485809326172
-219.99649047851562
-196.17733764648438
-204.31646728515625
-228.34140014648438
-234.74876403808594
-184.47555541992188
-185.58554077148438
-213.75144958496094
-246.95901489257812
-229.0716552734375
-195.43817138671875
-200.594970703125
-189.38363647460938
-205.48092651367188
-232.64990234375
-209.48818969726562
-231.775634765625
-160.6949005126953
-218.43771362304688
-162.69039916992188
-207.96389770507812
-182.84683227539062
-208.67965698242188
-191.25408935546875
-213.4195556640625
-207.81069946289062
-198.96299743652344
-185.4378662109375
-210.40907287597656
-208.03172302246094
-176.9383544921875
-208.2001953125
-170.2908935546875
-176.64694213867188
-188.64471435546875
-233.30438232421875
-254.5165557861328
-244.99696350097656
-202.0146484375
-194.837646484375
-197.29103088378906
-192.80606079101562
-192.42198181152344
-192.07449340820312
-208.92999267578125
-195.39004516601562
-201.80690002441406
-177.97479248046875
-203.43215942382812
-207.08311462402344
-195.27638244628906
-206.6396484375
-207.8455810546875
-193.12774658203125
-186.4730224609375
-216.53224182128906
-192.65792846679688
-198.0296630859375
-207.93380737304688
-205.96002197265625
-183.41357421875
-196.10397338867188
-214.57107543945312
-205.19155883789062
-187.63101196289062
-203.28451538085938
-192.4852294921875
-163.37252807617188
-196.13507080078125
-227.404296875
-219.09725952148438
-198.75527954101562
-227.25424194335938
-228.76815795898438
-255.52835083007812
-209.97061157226562
-259.30230712890625
-211.62307739257812
-209.38751220703125
-189.42747497558594
-216.37046813964844
-207.54339599609375
-206.13311767578125
-262.0179443359375
-206.009765625
-221.003662109375
-207.08975219726562
-216.296875
-179.63128662109375
-196.7104949951172
-229.97642517089844
-196.97264099121094
-243.5244140625
-169.44302368164062
-212.44778442382812
-186.7490234375
-191.44107055664062
-196.7402801513672
-256.5574035644531
-218.52566528320312
-220.88018798828125
-211.8026885986328
-242.42816162109375
-191.83261108398438
-224.98162841796875
-201.3218994140625
-193.66702270507812
-208.57928466796875
-209.58084106445312
-240.96554565429688
-223.11602783203125
-204.19644165039062
-202.04412841796875
-216.99813842773438
-188.46937561035156
-196.25186157226562
-190.40293884277344
-184.56082153320312
-247.08424377441406
-205.28660583496094
-236.83636474609375
-205.89468383789062
-232.53065490722656
-230.18113708496094
-228.3234405517578
-243.8756561279297
-213.35316467285156
-211.6109619140625
-193.59422302246094
-190.50765991210938
-222.8719482421875
-216.99172973632812
-216.91030883789062
-207.07003784179688
-183.18405151367188
-254.3324432373047
-223.5633544921875
-209.43313598632812
-263.4478759765625
-237.827392578125
-227.7993621826172
-222.99746704101562
-196.313720703125
-238.9393768310547
-225.75051879882812
-202.210205078125
-203.49099731445312
-233.90966796875
-215.47573852539062
-243.005126953125
-204.56649780273438
-206.33154296875
-198.78506469726562
-245.28672790527344
-194.5446014404297
-235.3179473876953
-251.4815216064453
-198.62319946289062
-215.28384399414062
-253.70916748046875
-231.43785095214844
-243.59088134765625
-195.6419677734375
-234.33609008789062
-244.61782836914062
-256.1882019042969
-193.32818603515625
-238.46018981933594
-237.03248596191406
-214.1700439453125
-207.22210693359375
-245.30575561523438
-260.5419616699219
-202.72555541992188
-218.25462341308594
-208.07815551757812
-223.27723693847656
-249.2989044189453
-238.57095336914062
-200.90188598632812
-213.0639190673828
-222.35215759277344
-224.08621215820312
-235.4444580078125
-215.65167236328125
-213.12835693359375
-223.74905395507812
-196.3724365234375
-211.7312774658203
-246.8508758544922
-232.18798828125
-199.54928588867188
-247.27215576171875
-226.97909545898438
-220.21722412109375
-251.10546875
-218.1786346435547
-212.1450958251953
-203.18321228027344
-223.736572265625
-206.531494140625
-238.38409423828125
-229.72486877441406
-185.41094970703125
-192.49996948242188
-235.41758728027344
-211.4149932861328
-211.97268676757812
-206.6721649169922
-199.5112762451172
-227.6710662841797
-210.18478393554688
-228.39950561523438
-231.56875610351562
-219.68035888671875
-191.31166076660156
-211.7992401123047
-216.44775390625
-242.1256561279297
-206.8073272705078
-205.80404663085938
-227.1017303466797
-226.11924743652344
-242.95574951171875
-232.2532501220703
-205.04336547851562
-207.73818969726562
-231.49005126953125
-222.5115966796875
-227.11436462402344
-237.92066955566406
-189.0564422607422
-235.36053466796875
-218.09786987304688
-199.45516967773438
-186.9985809326172
-225.81874084472656
-206.6448516845703
-209.11915588378906
-200.928955078125
-199.65745544433594
-189.213623046875
-213.3136749267578
-208.49168395996094
-206.12681579589844
-193.13302612304688
-157.7425994873047
-224.4150848388672
-163.1141815185547
-184.5758819580078
-229.88668823242188
-212.0905303955078
-247.36216735839844
-194.7412109375
-201.05206298828125
-276.8633117675781
-200.4205780029297
-188.66351318359375
-199.2817840576172
-191.40914916992188
-210.77658081054688
-263.9103698730469
-270.9105224609375
-212.44969177246094
-292.4508361816406
-205.53167724609375
-228.53799438476562
-214.24069213867188
-225.19784545898438
-268.27587890625
-219.1094970703125
-248.10812377929688
-233.88583374023438
-229.0373077392578
-209.25393676757812
-218.6416015625
-213.76077270507812
-237.90731811523438
-200.59710693359375
-234.96241760253906
-245.53086853027344
-205.97288513183594
-238.49269104003906
-192.15858459472656
-243.3148193359375
-215.25665283203125
-211.99266052246094
-204.43463134765625
-228.85508728027344
-228.8697509765625
-225.891357421875
-245.22799682617188
-176.5819091796875
-245.54298400878906
-243.21566772460938
-200.9266357421875
-204.78201293945312
-243.19735717773438
-243.99522399902344
-232.6555938720703
-254.17872619628906
-266.01654052734375
-210.4243621826172
-230.87918090820312
-247.962646484375
-207.24102783203125
-198.02188110351562
-239.1997528076172
-212.38870239257812
-225.5523681640625
-203.30386352539062
-201.86427307128906
-202.88961791992188
-242.61122131347656
-212.4314727783203
-209.9358367919922
-219.54928588867188
-232.1058807373047
-173.90740966796875
-215.211669921875
-213.81808471679688
-245.94998168945312
-209.01063537597656
-199.0099334716797
-191.30990600585938
-229.44635009765625
-187.56390380859375
-239.17108154296875
-199.4215087890625
-191.02267456054688
-220.8831329345703
-190.35693359375
-217.52548217773438
-177.3444061279297
-184.2059326171875
-192.92274475097656
-213.7979736328125
-203.578369140625
-211.20779418945312
-210.39686584472656
-233.0902099609375
-244.9825439453125
-197.8402557373047
-186.47738647460938
-210.71328735351562
-194.16807556152344
-188.24440002441406
-227.5713653564453
-211.50965881347656
-232.84097290039062
-225.12332153320312
-223.9839324951172
-219.0075225830078
-175.7418975830078
-185.96556091308594
-245.03660583496094
-202.28451538085938
-211.41822814941406
-189.91549682617188
-233.38316345214844
-207.5325927734375
-178.404296875
-182.5757598876953
-202.06922912597656
-220.55184936523438
-197.8323974609375
-196.16233825683594
-195.54373168945312
-183.39706420898438
-193.97689819335938
-195.41824340820312
-191.7133026123047
-176.4451446533203
-212.7246856689453
-209.3548126220703
-191.28897094726562
-212.18563842773438
-222.22756958007812
-216.56643676757812
-224.03213500976562
-207.16949462890625
-188.28775024414062
-196.98715209960938
-208.16897583007812
-201.04067993164062
-186.5434112548828
-204.11370849609375
-239.28504943847656
-196.50619506835938
-185.74404907226562
-185.33291625976562
-200.6380615234375
-214.8643798828125
-198.13357543945312
-195.6801300048828
-190.97140502929688
-193.57839965820312
-202.85052490234375
-180.11196899414062
-199.5517120361328
-171.33642578125
-205.96568298339844
-237.286865234375
-211.052001953125
-180.89649963378906
-246.19338989257812
-219.71372985839844
-190.44650268554688
-217.44760131835938
-190.86680603027344
-183.61376953125
-164.41989135742188
-199.36366271972656
-179.42343139648438
-222.870361328125
-188.5369873046875
-191.61248779296875
-202.18858337402344
-246.16427612304688
-210.01046752929688
-188.12286376953125
-197.78289794921875
-223.97288513183594
-197.85333251953125
-172.76405334472656
-181.50765991210938
-200.62939453125
-200.23336791992188
-211.3150634765625
-187.39193725585938
-181.88259887695312
-192.70143127441406
-227.16641235351562
-196.90635681152344
-209.1228790283203
-207.5986785888672
-191.85159301757812
-191.89715576171875
-217.25750732421875
-232.4783172607422
-201.1589813232422
-184.29806518554688
-245.20408630371094
-193.60195922851562
-185.05519104003906
-210.62921142578125
-189.93231201171875
-190.89227294921875
-221.87738037109375
-193.03857421875
-190.40383911132812
-143.3115997314453
-220.28262329101562
-221.58065795898438
-206.26766967773438
-192.59405517578125
-192.76268005371094
-225.43408203125
-189.84921264648438
-199.73980712890625
-176.71420288085938
-209.5099639892578
-199.60032653808594
-219.77252197265625
-198.20513916015625
-215.6080322265625
-178.2756805419922
-197.30349731445312
-191.261962890625
-187.556640625
-211.59588623046875
-220.19070434570312
-192.5162353515625
-234.7630615234375
-187.48822021484375
-221.0927734375
-186.2621612548828
-181.23776245117188
-163.03585815429688
-200.2944793701172
-181.47793579101562
-183.5078125
-210.0716552734375
-214.65846252441406
-204.1643829345703
-208.3123016357422
-208.2787628173828
-198.3842010498047
-248.40789794921875
-211.05496215820312
-223.62478637695312
-160.0683135986328
-201.71084594726562
-179.47152709960938
-215.75917053222656
-163.05384826660156
-189.60812377929688
-185.70745849609375
-158.11598205566406
-172.4649658203125
-191.31222534179688
-160.15538024902344
-170.2387237548828
-155.49575805664062
-177.16204833984375
-206.7498016357422
-196.52471923828125
-234.6852569580078
-193.47462463378906
-171.94570922851562
-200.04669189453125
-195.24319458007812
-192.0670166015625
-182.88250732421875
-186.16036987304688
-196.87164306640625
-193.96083068847656
-184.841796875
-156.27517700195312
-197.54751586914062
-192.41070556640625
-172.2315673828125
-216.6831512451172
-218.80181884765625
-183.16213989257812
-214.594482421875
-174.21896362304688
-213.7127685546875
-173.15518188476562
-218.54534912109375
-207.66387939453125
-203.3887481689453
-215.2969970703125
-171.1358184814453
-191.85598754882812
-203.50064086914062
-182.25161743164062
-197.68511962890625
-202.49807739257812
-172.84121704101562
-188.2090301513672
-202.10430908203125
-214.4887237548828
-163.42559814453125
-214.57200622558594
-206.759521484375
-194.22454833984375
-166.04208374023438
-174.4540252685547
-160.949951171875
-163.87799072265625
-194.28665161132812
-207.71096801757812
-169.69346618652344
-196.99365234375
-193.28407287597656
-213.4549102783203
-190.8255615234375
-176.89236450195312
-175.65957641601562
-160.4461212158203
-219.16517639160156
-174.8776092529297
-181.49462890625
-195.19610595703125
-217.06590270996094
-188.4725799560547
-194.33543395996094
-175.49502563476562
-179.05613708496094
-186.28895568847656
-174.71182250976562
-234.04278564453125
-201.98565673828125
-199.10108947753906
-178.3255615234375
-185.95986938476562
-197.5811767578125
-224.68240356445312
-184.82656860351562
-178.79678344726562
-175.89825439453125
-202.57305908203125
-144.3265380859375
-178.57962036132812
-191.23098754882812
-183.59054565429688
-205.09449768066406
-160.8645782470703
-196.06988525390625
-193.49014282226562
-181.64686584472656
-176.57614135742188
-209.430419921875
-186.8904571533203
-211.74668884277344
-186.9982147216797
-165.95352172851562
-179.34512329101562
-195.15975952148438
-198.0162353515625
-196.66171264648438
-186.66293334960938
-201.06396484375
-183.65606689453125
-198.304443359375
-173.36595153808594
-174.49900817871094
-174.05288696289062
-174.44638061523438
-158.1477813720703
-221.5048828125
-180.79806518554688
-204.05917358398438
-200.24826049804688
-203.01461791992188
-197.392822265625
-187.04653930664062
-147.7477264404297
-164.10235595703125
-194.56930541992188
-215.20889282226562
-182.20736694335938
-209.52886962890625
-180.0395050048828
-197.18084716796875
-175.44140625
-183.18386840820312
-165.21243286132812
-190.62876892089844
-172.39797973632812
-199.54840087890625
-181.37838745117188
-173.0062255859375
-207.11553955078125
-167.69305419921875
-199.85134887695312
-190.27896118164062
-146.71473693847656
-198.08892822265625
-202.69561767578125
-184.1314697265625
-206.635986328125
-201.2564697265625
-166.43112182617188
-199.8046875
-207.12237548828125
-201.50906372070312
-162.9847412109375
-174.2662811279297
-153.0512237548828
-180.50099182128906
-198.57723999023438
-166.23428344726562
-177.3687744140625
-246.8970489501953
-176.0439453125
-210.39187622070312
-198.16273498535156
-175.67889404296875
-195.279541015625
-235.51205444335938
-207.07403564453125
-175.29254150390625
-165.2307586669922
-206.89126586914062
-172.61807250976562
-195.22061157226562
-198.45233154296875
-167.61959838867188
-165.61842346191406
-168.9144287109375
-157.431640625
-178.95904541015625
-181.7541961669922
-205.3685302734375
-163.12948608398438
-199.7509307861328
-164.82882690429688
-203.0491943359375
-210.40191650390625
-208.75839233398438
-197.59454345703125
-187.21266174316406
-209.39352416992188
-171.61990356445312
-161.0308074951172
-199.2220458984375
-205.71533203125
-143.66604614257812
-153.92372131347656
-185.97262573242188
-157.6537322998047
-154.85498046875
-205.0648193359375
-172.53155517578125
-170.16432189941406
-200.9996337890625
-209.42703247070312
-157.94866943359375
-171.60386657714844
-179.4126434326172
-161.88462829589844
-159.73590087890625
-177.6617431640625
-161.27182006835938
-174.9925537109375
-200.8355712890625
-181.82977294921875
-175.0225830078125
-167.33233642578125
-187.30941772460938
-184.5267333984375
-160.25430297851562
-194.77976989746094
-178.39389038085938
-198.12059020996094
-171.56277465820312
-194.1365966796875
-202.05368041992188
-179.45465087890625
-145.76148986816406
-162.12872314453125
-196.63458251953125
-195.0232696533203
-182.61807250976562
-180.31446838378906
-192.9517822265625
-207.50119018554688
-192.58758544921875
-197.17233276367188
-191.7512664794922
-199.81521606445312
-183.0244140625
-188.51809692382812
-208.66964721679688
-237.90353393554688
-182.560791015625
-200.6610870361328
-202.3323974609375
-186.94601440429688
-179.7748565673828
-170.88507080078125
-186.14981079101562
-174.58480834960938
-183.96205139160156
-222.8705596923828
-180.5107421875
-185.9378662109375
-178.25979614257812
-182.66807556152344
-193.84127807617188
-154.7379150390625
-240.8138427734375
-154.47109985351562
-230.50674438476562
-190.97740173339844
-183.76437377929688
-181.96714782714844
-200.21755981445312
-188.64474487304688
-203.91842651367188
-226.5261993408203
-170.06369018554688
-191.163818359375
-155.79173278808594
-147.8203582763672
-193.46356201171875
-193.91506958007812
-195.21737670898438
-206.89239501953125
-165.94032287597656
-182.43121337890625
-176.51052856445312
-202.5652313232422
-205.85479736328125
-142.16773986816406
-158.760986328125
-197.1417236328125
-140.28277587890625
-184.00509643554688
-193.07833862304688
-193.82310485839844
-178.51449584960938
-188.89601135253906
-192.44471740722656
-173.3752899169922
-171.6885528564453
-200.08819580078125
-204.74867248535156
-196.4160919189453
-180.66104125976562
-162.238525390625
-172.14483642578125
-181.52870178222656
-203.01202392578125
-181.02243041992188
-170.79246520996094
-196.48098754882812
-168.29383850097656
-174.06158447265625
-157.39498901367188
-190.03350830078125
-158.54942321777344
-225.17132568359375
-186.5287628173828
-206.29779052734375
-190.611083984375
-200.0251007080078
-175.49685668945312
-157.05780029296875
-169.89877319335938
-219.16653442382812
-156.13009643554688
-170.71969604492188
-182.015380859375
-147.88247680664062
-165.32992553710938
-158.34561157226562
-173.86468505859375
-186.58358764648438
-171.06039428710938
-226.30126953125
-183.8204803466797
-155.7965850830078
-180.9109649658203
-212.100830078125
-183.33572387695312
-191.273681640625
-192.3250732421875
-191.18325805664062
-168.45257568359375
-194.75302124023438
-225.15496826171875
-150.15774536132812
-163.42025756835938
-202.99407958984375
-199.0532989501953
-213.2329864501953
-175.6656036376953
-193.6316680908203
-179.67837524414062
-200.29296875
-197.10809326171875
-191.2542724609375
-180.3384552001953
-183.2420196533203
-196.928466796875
-190.0464324951172
-181.6466064453125
-195.60618591308594
-225.39002990722656
-188.1697998046875
-194.9108428955078
-165.13629150390625
-159.539306640625
-144.12005615234375
-177.8412628173828
-154.72000122070312
-182.02127075195312
-214.74710083007812
-174.77572631835938
-181.46665954589844
-199.55979919433594
-198.96420288085938
-229.8022003173828
-176.42559814453125
-177.76007080078125
-196.8915252685547
-190.08242797851562
-149.73460388183594
-165.93443298339844
-195.4169921875
-186.78831481933594
-204.33901977539062
-156.50082397460938
-190.16275024414062
-147.2135009765625
-189.30392456054688
-150.26390075683594
-203.9335479736328
-198.0737762451172
-180.63656616210938
-163.68826293945312
-176.3048858642578
-184.7257537841797
-183.39785766601562
