7.975353240966797
168.46604919433594
124.54207611083984
145.09124755859375
26.509506225585938
88.1852798461914
122.27714538574219
37.41099548339844
125.06820678710938
40.98335647583008
121.59176635742188
-1.4109387397766113
120.83446502685547
59.86356735229492
15.426246643066406
121.42322540283203
121.08676147460938
132.26223754882812
32.316734313964844
0.1717192381620407
73.64051055908203
116.63423919677734
16.712278366088867
62.32868576049805
165.09503173828125
7.6194658279418945
115.41876983642578
56.42231750488281
24.489910125732422
84.79222869873047
118.94611358642578
119.06297302246094
-8.944748878479004
118.21174621582031
114.16712951660156
46.97617721557617
1.8318145275115967
114.97148132324219
116.799072265625
59.622615814208984
-2.0151877403259277
113.91365051269531
26.128639221191406
139.0183868408203
112.84203338623047
-22.34075927734375
23.84349822998047
-4.766373634338379
111.0867919921875
71.26201629638672
-8.123988151550293
112.91825866699219
-18.067691802978516
112.88622283935547
109.6682357788086
47.329471588134766
111.36565399169922
110.49832153320312
108.32160949707031
6.081480503082275
73.66089630126953
117.77352142333984
112.20390319824219
-8.211244583129883
16.224966049194336
114.51155090332031
-20.322938919067383
56.64017105102539
45.648624420166016
-1.1069248914718628
111.82736206054688
114.4588394165039
38.91814422607422
113.50662994384766
112.9107437133789
30.89793586730957
110.0251235961914
43.21194076538086
126.25067138671875
77.66173553466797
-0.955540120601654
-26.548908233642578
108.53642272949219
110.54145050048828
108.87742614746094
-5.77276086807251
108.7987060546875
78.39112091064453
83.39118957519531
35.89344024658203
50.131126403808594
80.51262664794922
107.80323028564453
107.77976989746094
104.86639404296875
106.7914047241211
156.40066528320312
43.753665924072266
107.242431640625
108.2363510131836
108.7368392944336
107.11963653564453
107.38236236572266
49.47208023071289
54.405982971191406
107.7892074584961
104.70277404785156
108.0506820678711
-30.6744327545166
43.51895523071289
106.2803955078125
2.167018413543701
8.487789154052734
109.19525146484375
176.85888671875
58.49708557128906
126.65825653076172
25.773643493652344
20.65657615661621
-3.1304850578308105
14.49349308013916
-7.4208984375
108.8298110961914
110.17188262939453
110.03388977050781
107.31231689453125
-30.411226272583008
23.870559692382812
106.96234893798828
45.47901916503906
10.552681922912598
35.56199264526367
106.83134460449219
107.65756225585938
9.863502502441406
-19.766075134277344
12.321558952331543
45.26227951049805
46.95573425292969
140.80145263671875
109.97271728515625
108.07499694824219
157.22137451171875
109.3047103881836
28.64510154724121
56.61634063720703
110.70804595947266
89.77796936035156
102.49198913574219
65.79593658447266
-3.9643778800964355
103.60108184814453
-11.19768238067627
12.832216262817383
107.03004455566406
76.639892578125
110.5303726196289
103.79728698730469
-28.58275032043457
103.39523315429688
102.59566497802734
-6.246531963348389
3.56126070022583
-7.463578701019287
110.96298217773438
110.00885009765625
111.39054107666016
105.6799545288086
110.83348846435547
108.78954315185547
110.25079345703125
5.891897201538086
106.72549438476562
105.29975128173828
107.47159576416016
106.268798828125
28.869428634643555
110.68985748291016
3.9526262283325195
54.32271957397461
107.082763671875
103.9965591430664
70.4242172241211
7.836102485656738
26.54315185546875
-7.204258918762207
265.4056396484375
252.33909606933594
55.260562896728516
107.62995147705078
107.95470428466797
180.75563049316406
108.18006134033203
4.102858066558838
94.41447448730469
107.44242095947266
107.71925354003906
40.011451721191406
34.08127975463867
116.49657440185547
106.351806640625
108.54905700683594
4.6316633224487305
-18.87407684326172
-21.538005828857422
108.24183654785156
61.402008056640625
11.67420482635498
33.46143341064453
39.673824310302734
108.79801940917969
31.396808624267578
107.40290832519531
108.21565246582031
106.294677734375
-5.686747074127197
-6.056266784667969
107.6342544555664
102.86830139160156
46.25358581542969
104.84220123291016
109.8483657836914
77.32626342773438
31.38094711303711
13.057609558105469
175.78463745117188
109.23773956298828
124.9975357055664
108.90927124023438
128.8872833251953
109.16832733154297
-8.530309677124023
-3.0376718044281006
108.81639862060547
110.37040710449219
108.20389556884766
42.968833923339844
6.849273204803467
-9.60209846496582
108.86071014404297
107.86917114257812
4.53297233581543
17.510026931762695
109.532470703125
106.8692398071289
-38.20088577270508
65.25041198730469
106.59809112548828
106.04401397705078
-16.544008255004883
34.389156341552734
105.82805633544922
45.56437683105469
17.614273071289062
107.27850341796875
-7.408962726593018
105.30152893066406
-11.921021461486816
58.34920883178711
70.28155517578125
38.46135711669922
108.30841064453125
106.01643371582031
-19.379093170166016
9.000011444091797
108.77867889404297
112.98310089111328
105.55554962158203
-3.48608136177063
106.20748138427734
33.4526481628418
67.9438247680664
62.82708740234375
107.4932632446289
108.2922592163086
111.39302062988281
14.195039749145508
38.047142028808594
-8.611979484558105
106.55757904052734
33.74504470825195
109.73248291015625
104.13935089111328
5.251979351043701
104.77870178222656
109.38524627685547
107.56755065917969
107.49837493896484
136.54298400878906
-19.851667404174805
163.63949584960938
-5.490435600280762
107.02672576904297
46.09517288208008
12.174726486206055
105.75391387939453
109.2593765258789
121.48493957519531
111.90803527832031
92.58013916015625
1.6731115579605103
111.76757049560547
110.7764663696289
52.15333938598633
106.69475555419922
106.55645751953125
106.4218521118164
109.32783508300781
109.35588073730469
109.54306030273438
-3.9838998317718506
108.137939453125
105.32280731201172
103.89433288574219
37.559329986572266
46.13538360595703
21.836557388305664
106.04963684082031
209.17572021484375
11.906877517700195
105.1707992553711
106.22357940673828
109.4228744506836
7.808157920837402
66.8523941040039
110.09803009033203
80.00059509277344
66.60179138183594
110.09954833984375
106.68521881103516
108.49284362792969
-52.88088607788086
76.17001342773438
106.44972229003906
107.9868392944336
107.69197082519531
109.0738296508789
39.22275161743164
49.59008026123047
73.67052459716797
25.580411911010742
106.07768249511719
13.532854080200195
105.88224029541016
-0.3034437596797943
24.896242141723633
106.05829620361328
109.8179702758789
106.27742767333984
104.43048858642578
109.12442779541016
55.95588684082031
107.04181671142578
11.593790054321289
107.90074157714844
28.746997833251953
17.035158157348633
106.84130096435547
96.94549560546875
76.76722717285156
108.8011703491211
5.959552764892578
104.73416900634766
-7.015828609466553
9.644919395446777
107.54401397705078
38.25614929199219
107.72026824951172
46.3369255065918
105.89376831054688
105.03453063964844
106.58863067626953
9.619263648986816
106.11389923095703
105.79981231689453
26.347780227661133
10.178961753845215
108.36682891845703
104.03096008300781
-10.16026782989502
108.40018463134766
-8.87594985961914
89.92619323730469
105.58908081054688
109.65283966064453
96.12728118896484
28.670175552368164
105.13973236083984
106.265625
1.581983208656311
37.889732360839844
-49.46131134033203
107.3429183959961
26.098552703857422
-11.327759742736816
106.8403549194336
105.0605239868164
-20.624345779418945
1.0541112422943115
108.18999481201172
104.11344909667969
105.42758178710938
104.51056671142578
95.00553894042969
108.50163269042969
103.049560546875
106.16264343261719
106.27169036865234
106.70932006835938
106.841552734375
105.64816284179688
105.14768981933594
34.5062255859375
108.63481903076172
41.563514709472656
9.46760082244873
109.73019409179688
61.91018295288086
67.05916595458984
107.35818481445312
107.27468872070312
39.27518844604492
-27.29745101928711
80.12490844726562
227.06961059570312
65.03111267089844
16.013164520263672
106.36588287353516
105.70304107666016
104.81562805175781
-1.3965612649917603
-21.99325942993164
9.280835151672363
103.36215209960938
106.326171875
-21.32868194580078
104.82596588134766
105.4767074584961
17.0830078125
106.38310241699219
164.92816162109375
-3.6245977878570557
71.48519897460938
105.85221099853516
108.78215789794922
105.99319458007812
10.408468246459961
107.34085845947266
105.94696044921875
63.238014221191406
106.34732055664062
97.8928451538086
105.61369323730469
104.24103546142578
46.12976837158203
-41.00326156616211
104.89603424072266
6.860900402069092
103.3256607055664
104.3507080078125
108.49254608154297
24.69667625427246
21.469303131103516
103.6854476928711
103.30252838134766
104.53971862792969
204.31378173828125
81.0494155883789
61.71921157836914
-38.29494857788086
14.811104774475098
108.4488296508789
107.8020248413086
109.24932098388672
11.942850112915039
-5.456002712249756
48.013614654541016
-7.485586166381836
-7.726858615875244
103.89539337158203
18.02660369873047
108.73477935791016
109.3667984008789
103.8161392211914
102.40643310546875
105.74549102783203
-63.46784210205078
-5.884701251983643
105.12251281738281
43.36714172363281
14.203279495239258
107.97289276123047
106.15634155273438
113.99842834472656
107.02943420410156
104.57557678222656
105.55927276611328
151.39718627929688
109.25150299072266
108.3389892578125
6.170782089233398
107.40375518798828
-19.35906410217285
104.51548767089844
106.64795684814453
7.955336570739746
132.60238647460938
105.0792007446289
49.55919647216797
104.7781982421875
105.20987701416016
107.05078125
26.15877342224121
146.21690368652344
107.56087493896484
103.19379425048828
107.76847076416016
188.63072204589844
-0.8243701457977295
107.44278717041016
82.27810668945312
39.86600875854492
103.31128692626953
15.016691207885742
107.63263702392578
105.46688842773438
104.2625503540039
1.089282512664795
-27.218772888183594
-16.71335220336914
105.78118133544922
30.52755355834961
103.66545104980469
106.85179901123047
34.191078186035156
17.23554229736328
107.70150756835938
105.9227066040039
104.99139404296875
105.15214538574219
101.17720031738281
104.52452850341797
66.34671020507812
105.1330795288086
8.505154609680176
105.65370178222656
104.36407470703125
102.04598999023438
30.61557388305664
20.240966796875
54.378028869628906
-23.345863342285156
40.85447692871094
104.67694091796875
33.197174072265625
48.44015884399414
40.76984405517578
109.66459655761719
194.92489624023438
104.4086685180664
103.66062927246094
106.82756042480469
107.92843627929688
105.4945297241211
7.8998894691467285
104.31011199951172
-26.16619110107422
111.03919982910156
105.54116821289062
-52.767578125
105.38701629638672
83.75159454345703
106.9922103881836
46.381343841552734
65.47791290283203
54.26515579223633
106.87632751464844
105.27269744873047
104.0789794921875
-24.95624542236328
102.43087005615234
20.936429977416992
3.2690622806549072
53.719295501708984
-55.91033172607422
63.13541793823242
35.6541748046875
104.8005142211914
106.8897705078125
106.06438446044922
30.297121047973633
26.205299377441406
105.90131378173828
107.06816101074219
10.415613174438477
106.12248992919922
104.14337158203125
-28.782154083251953
-49.51517105102539
103.20069122314453
155.2655792236328
108.96045684814453
101.95002746582031
31.109130859375
81.81515502929688
22.007314682006836
105.11166381835938
30.849411010742188
105.20332336425781
-3.9759395122528076
102.69937133789062
13.870384216308594
102.99920654296875
-20.673152923583984
104.09294891357422
-1.8154473304748535
102.00098419189453
105.3299560546875
-8.39772891998291
90.92652130126953
107.28172302246094
102.81300354003906
104.35887145996094
112.5740737915039
102.7138442993164
109.4684829711914
25.529069900512695
104.40938568115234
105.39302062988281
102.4888687133789
113.50286865234375
105.40411376953125
35.716007232666016
105.45841217041016
-31.35614013671875
105.99613189697266
103.0760726928711
106.82556915283203
105.45536804199219
107.75178527832031
-17.237693786621094
5.156379699707031
105.96691131591797
103.7948989868164
108.70831298828125
105.70530700683594
105.5606689453125
-26.009796142578125
103.47431182861328
9.871501922607422
102.75153350830078
106.61519622802734
21.570772171020508
106.48709869384766
102.04817199707031
99.93941497802734
104.29116821289062
38.68057632446289
103.30631256103516
101.93133544921875
100.89961242675781
-17.48212432861328
102.202880859375
104.71253967285156
31.00318145751953
24.663820266723633
105.49359893798828
106.6021499633789
79.08197784423828
106.65467071533203
97.87873077392578
25.173776626586914
42.13037109375
28.19904136657715
104.01399230957031
105.66638946533203
102.86023712158203
90.39279174804688
165.0580596923828
-2.5013132095336914
100.11782836914062
103.92080688476562
101.80377960205078
105.12126159667969
104.40396881103516
106.22998809814453
39.989349365234375
29.604042053222656
5.634753227233887
103.45622253417969
108.45620727539062
5.908377170562744
102.98396301269531
25.130605697631836
101.53887939453125
59.6210823059082
104.06224060058594
102.73097229003906
70.72187805175781
56.1800422668457
103.23562622070312
101.86348724365234
106.6088638305664
-7.454020023345947
111.81214141845703
104.4314956665039
10.312529563903809
30.95743751525879
19.186084747314453
108.04296112060547
102.74504852294922
105.82948303222656
-33.128326416015625
103.51811218261719
56.7002067565918
5.696483612060547
11.147294044494629
104.58283233642578
105.65692901611328
100.958251953125
44.73188400268555
102.54185485839844
28.36954116821289
103.1904296875
107.09468841552734
82.46308898925781
103.86609649658203
103.78974151611328
-0.5624074339866638
96.54207611083984
103.13372802734375
103.38908386230469
107.52976989746094
-38.598690032958984
76.78827667236328
-8.032468795776367
106.38694763183594
104.62037658691406
104.1990966796875
-55.68720245361328
103.94673919677734
103.4898452758789
105.0831527709961
105.726318359375
154.72325134277344
105.33989715576172
104.0951919555664
102.9210433959961
104.08715057373047
105.90269470214844
13.91732120513916
11.041333198547363
53.074161529541016
107.48416137695312
102.22354125976562
100.87335205078125
146.98486328125
105.58428955078125
103.12026977539062
-20.085844039916992
104.71360778808594
100.69264221191406
105.40888214111328
-7.438287258148193
104.43367767333984
101.78884887695312
51.75484848022461
106.01156616210938
35.36607360839844
54.79147720336914
72.6971664428711
102.07794189453125
106.8653793334961
104.835693359375
105.02204132080078
104.85134887695312
100.3187484741211
23.803955078125
102.35546875
50.84230041503906
104.17321014404297
148.88296508789062
34.078861236572266
104.68412780761719
-26.358388900756836
102.2535171508789
48.04743194580078
106.77070617675781
73.93795013427734
103.52281188964844
31.674049377441406
118.51752471923828
103.42044830322266
33.96276092529297
107.00189208984375
104.07528686523438
10.842145919799805
3.784977912902832
-12.481568336486816
100.30791473388672
105.5326919555664
104.21659088134766
129.36228942871094
4.846395015716553
103.510009765625
-37.159828186035156
106.18995666503906
14.851515769958496
100.56423950195312
102.78653717041016
-17.321048736572266
40.89082336425781
104.41365051269531
-0.2640833854675293
69.06758117675781
104.27584075927734
104.0749282836914
-19.474374771118164
64.388916015625
-30.802274703979492
107.3915023803711
33.6876220703125
106.67347717285156
-14.5897855758667
105.31151580810547
100.30198669433594
101.54417419433594
105.84748077392578
107.69070434570312
-1.2335963249206543
106.13395690917969
-16.137792587280273
105.53453063964844
105.10674285888672
-17.753623962402344
105.20232391357422
-16.830509185791016
103.65968322753906
45.771583557128906
102.70233154296875
105.31560516357422
104.9024429321289
124.80970764160156
105.13957977294922
104.75111389160156
76.0646743774414
105.29071807861328
102.23509216308594
1.1014107465744019
106.1879653930664
105.43003845214844
8.04781723022461
100.45565032958984
103.88792419433594
33.3367919921875
105.2460708618164
19.680805206298828
39.01826477050781
177.0568389892578
106.75227355957031
103.49082946777344
103.30143737792969
44.6562614440918
104.96735382080078
103.92444610595703
3.7311370372772217
-16.275836944580078
104.40382385253906
103.08773803710938
115.28971099853516
80.6063461303711
0.8523769378662109
99.81501007080078
141.38754272460938
101.44078063964844
21.058691024780273
22.377765655517578
-3.880073070526123
100.86310577392578
105.58224487304688
103.2999267578125
50.12398147583008
55.109092712402344
-8.652557373046875
105.72553253173828
102.0724105834961
68.1704330444336
102.55552673339844
-28.399219512939453
50.83940505981445
104.91307830810547
136.03489685058594
103.35562133789062
107.30428314208984
106.32643127441406
106.54817199707031
102.33893585205078
105.4952163696289
38.00709915161133
78.04733276367188
106.00970458984375
102.01858520507812
27.289276123046875
13.958995819091797
103.71137237548828
103.26526641845703
125.21964263916016
104.73995971679688
-5.128364086151123
103.97138214111328
102.17243957519531
32.462310791015625
6.329110145568848
101.96247863769531
103.40557861328125
102.8692398071289
145.0298614501953
-15.449719429016113
-23.0281925201416
102.59566497802734
55.1369743347168
43.868770599365234
5.589425563812256
102.46778106689453
104.31558227539062
104.03260040283203
101.05022430419922
102.15277862548828
124.96150207519531
18.122236251831055
68.62191009521484
102.50983428955078
104.13574981689453
103.592529296875
100.25238800048828
88.80460357666016
105.02222442626953
102.64783477783203
105.33348846435547
103.18700408935547
39.98185729980469
108.31529235839844
37.16866683959961
104.8962173461914
31.392650604248047
64.32776641845703
105.71611785888672
22.622718811035156
81.21138000488281
104.89208221435547
80.58924102783203
104.03882598876953
105.21056365966797
105.39002990722656
-15.828449249267578
103.8637466430664
102.71475219726562
52.50249099731445
102.23206329345703
-58.79081344604492
66.14946746826172
99.13392639160156
105.36124420166016
101.4404296875
25.12950325012207
65.74736022949219
103.96389770507812
104.36780548095703
-10.227738380432129
95.41948699951172
21.436229705810547
103.80990600585938
-24.122032165527344
4.139130115509033
104.71357727050781
-0.3372800648212433
103.29344177246094
90.34683227539062
64.37552642822266
103.5971908569336
102.28515625
104.9969711303711
0.6942023038864136
29.917922973632812
-17.06739044189453
100.36634826660156
101.85594940185547
107.04470825195312
104.73902893066406
-32.90479278564453
101.49247741699219
101.16819763183594
100.50218200683594
102.91449737548828
102.71827697753906
103.68524169921875
77.34498596191406
29.550086975097656
105.68073272705078
-12.8845853805542
103.18879699707031
-46.08006286621094
-1.668255090713501
103.03390502929688
75.67774963378906
25.900375366210938
103.8373031616211
3.602262258529663
44.861534118652344
129.50074768066406
17.562339782714844
-21.34061622619629
103.75799560546875
104.32266998291016
103.62284088134766
16.822866439819336
16.522071838378906
27.604490280151367
34.00076675415039
5.952123165130615
37.88780212402344
-8.019471168518066
23.588665008544922
65.68158721923828
102.54332733154297
90.11592102050781
23.80142593383789
104.03864288330078
96.54058074951172
53.46881103515625
112.80256652832031
102.22904968261719
100.24938201904297
103.1405029296875
99.93882751464844
-29.185218811035156
100.69770050048828
45.66158676147461
103.52925872802734
104.90787506103516
103.16193389892578
103.46490478515625
-59.00957489013672
104.93460845947266
102.21215057373047
-41.3120231628418
101.14523315429688
17.716144561767578
104.52196502685547
-11.897343635559082
101.95413970947266
101.95602416992188
80.60873413085938
102.083251953125
102.7344741821289
102.21288299560547
3.0603153705596924
102.57283020019531
102.19528198242188
103.72283172607422
102.19007873535156
102.288330078125
68.01922607421875
104.04137420654297
102.59834289550781
100.30098724365234
7.188519477844238
105.1172103881836
104.70623016357422
98.68325805664062
101.28980255126953
33.270538330078125
103.3903579711914
10.099650382995605
76.04293060302734
103.67560577392578
102.87293243408203
103.42841339111328
143.83535766601562
11.898841857910156
11.905163764953613
-3.6275956630706787
91.92059326171875
85.7393569946289
101.35620880126953
104.11421966552734
101.91365051269531
102.81938934326172
102.5234603881836
2.703286647796631
105.49821472167969
12.931525230407715
11.24311351776123
20.388673782348633
100.90530395507812
101.95962524414062
97.92039489746094
102.0606460571289
131.31422424316406
102.69770050048828
101.49323272705078
103.10281372070312
102.26956176757812
103.46147155761719
34.14493179321289
15.111934661865234
99.95785522460938
101.04148864746094
102.90267944335938
102.89447784423828
101.79545593261719
22.652759552001953
40.76869583129883
115.19144439697266
104.03678131103516
24.920663833618164
49.53913879394531
-4.036743640899658
98.7518081665039
16.204368591308594
-25.95697021484375
104.15515899658203
164.286865234375
105.05098724365234
87.9444580078125
101.39653778076172
102.48975372314453
101.58698272705078
103.75447082519531
-20.68328857421875
-4.4767165184021
104.2676773071289
29.307157516479492
104.7586898803711
100.77162170410156
101.32514190673828
103.72913360595703
100.89603424072266
-14.206256866455078
100.45538330078125
14.902039527893066
9.810861587524414
30.23354148864746
72.75020599365234
57.311405181884766
35.61213684082031
36.0227165222168
80.54034423828125
102.8410873413086
-4.564680099487305
98.00813293457031
9.983516693115234
-46.46965789794922
102.00471496582031
30.696945190429688
19.419410705566406
102.87190246582031
102.10325622558594
102.23912048339844
101.28512573242188
-31.233423233032227
-20.954954147338867
104.00212097167969
99.30284881591797
-33.02898406982422
80.1258773803711
101.22177124023438
102.54630279541016
100.82589721679688
88.054931640625
17.67068862915039
104.44312286376953
44.46484375
105.72966003417969
37.978057861328125
88.00213623046875
104.14978790283203
82.046875
102.16387939453125
103.23471069335938
103.80013275146484
103.74064636230469
100.91826629638672
104.48233032226562
101.1824722290039
100.34046936035156
25.962644577026367
67.2705307006836
102.81854248046875
101.37538146972656
-27.72844886779785
102.45445251464844
90.87875366210938
-13.51574420928955
100.02793884277344
103.86102294921875
-5.311804294586182
104.18667602539062
101.15668487548828
104.63834381103516
-20.244075775146484
165.79159545898438
98.59939575195312
101.99697875976562
102.920654296875
96.77973937988281
99.3237075805664
-34.64741134643555
52.555580139160156
102.90328216552734
100.2668685913086
99.49925231933594
39.08891296386719
104.14405059814453
53.421180725097656
101.95906829833984
103.8324966430664
45.002113342285156
104.37629699707031
104.94400024414062
103.28260803222656
102.77483367919922
99.09467315673828
103.22177124023438
77.88020324707031
9.848624229431152
102.14541625976562
104.08365631103516
100.34676361083984
100.15971374511719
102.4992904663086
103.95135498046875
102.60142517089844
102.46916198730469
100.17276000976562
95.88697814941406
100.8569107055664
100.84046173095703
78.80249786376953
17.146785736083984
100.3641128540039
100.50740051269531
99.99005126953125
102.9747314453125
100.9361343383789
51.44622039794922
11.99927043914795
101.7641830444336
72.52565002441406
-29.016578674316406
100.24370574951172
210.53143310546875
102.55425262451172
98.62360382080078
-29.745296478271484
102.76716613769531
103.13224792480469
103.45369720458984
101.7391357421875
98.75731658935547
99.95100402832031
102.51358795166016
30.082347869873047
102.1209945678711
102.3122329711914
102.31510925292969
-3.1322243213653564
6.846077919006348
99.37804412841797
99.82515716552734
104.69395446777344
8.852983474731445
61.99763488769531
112.56143188476562
-25.1982364654541
104.39281463623047
51.155643463134766
103.58135223388672
101.90311431884766
103.88538360595703
100.7996597290039
100.88432312011719
101.55538940429688
102.53923034667969
100.5254135131836
102.26825714111328
103.58440399169922
100.30587768554688
102.1279296875
-41.45835876464844
-36.8223991394043
189.7333221435547
100.71102142333984
-18.099987030029297
101.4959716796875
28.596988677978516
100.18110656738281
119.4864501953125
-17.266292572021484
102.90581512451172
13.108346939086914
100.37478637695312
99.4545669555664
101.76042175292969
98.63595581054688
26.680753707885742
-18.815719604492188
99.3402328491211
86.026611328125
98.0019760131836
-3.6613121032714844
100.96708679199219
104.87852478027344
174.34974670410156
22.65233039855957
24.953407287597656
-6.19071626663208
104.48056030273438
41.652984619140625
100.62384033203125
101.33271026611328
102.48982238769531
99.99322509765625
62.830406188964844
100.28096008300781
101.68883514404297
39.24177932739258
101.53243255615234
15.549766540527344
102.51212310791016
100.43030548095703
99.17127990722656
11.234042167663574
101.18824005126953
103.93700408935547
40.84988021850586
103.76459503173828
100.340087890625
64.27748107910156
101.60659790039062
102.23137664794922
9.882983207702637
99.03963470458984
98.25594329833984
102.85588073730469
98.41474914550781
30.85255241394043
98.38441467285156
101.18708801269531
102.25641632080078
-2.9492428302764893
67.9903793334961
99.85945892333984
-30.288002014160156
100.12086486816406
98.2276611328125
6.27001953125
100.31817626953125
101.32951354980469
12.33706283569336
101.91474914550781
101.10877227783203
100.01566314697266
102.73696899414062
52.759765625
-49.012813568115234
59.63193893432617
102.10762023925781
100.24822998046875
101.01016998291016
29.53475570678711
101.23446655273438
100.44367980957031
101.47501373291016
100.52118682861328
-6.731217384338379
102.35095977783203
21.934429168701172
100.923828125
101.69243621826172
99.92672729492188
110.80619812011719
99.63311004638672
101.83291625976562
100.36109924316406
96.53571319580078
102.54216766357422
51.37994384765625
101.01941680908203
102.7048110961914
99.72346496582031
101.71833038330078
142.35548400878906
-24.58182144165039
104.46510314941406
99.88677978515625
-19.638750076293945
-37.37211227416992
103.24503326416016
98.57279968261719
101.51068878173828
98.6453628540039
-26.26395034790039
-34.83256530761719
41.00822067260742
98.93826293945312
104.02043914794922
102.39337158203125
101.75894165039062
175.26905822753906
-10.136469841003418
101.11666107177734
99.78091430664062
46.743133544921875
90.46312713623047
99.84375762939453
-8.811887741088867
101.96385955810547
-47.502872467041016
126.92842102050781
100.36447143554688
97.41813659667969
102.9102554321289
36.75210189819336
23.648393630981445
52.060062408447266
99.76470184326172
103.1980972290039
97.9205093383789
98.72369384765625
110.12397003173828
97.01677703857422
24.3295955657959
96.90451049804688
103.44336700439453
102.11491394042969
101.81090545654297
41.843379974365234
-6.052281379699707
10.421363830566406
99.7755355834961
140.0115509033203
119.44090270996094
99.21842193603516
57.88762283325195
101.28118896484375
-0.46346282958984375
102.77243041992188
101.08797454833984
13.721894264221191
20.97256088256836
98.91130065917969
100.2035140991211
-32.71186447143555
100.81849670410156
100.60455322265625
96.47927856445312
-18.016084671020508
100.85236358642578
-12.801125526428223
20.447803497314453
59.71235275268555
101.06315612792969
99.05004119873047
18.193830490112305
101.01307678222656
3.9256603717803955
-32.21410369873047
102.16862487792969
100.0732650756836
20.439462661743164
10.64122486114502
102.59021759033203
62.640625
-22.80788230895996
142.43011474609375
112.55726623535156
99.39964294433594
100.06570434570312
-26.04111671447754
100.0219497680664
114.34969329833984
142.26112365722656
9.126501083374023
-20.461591720581055
32.32429504394531
56.38056182861328
98.29755401611328
-11.901910781860352
101.17403411865234
101.58390045166016
99.37496185302734
13.069743156433105
99.87709045410156
98.78832244873047
99.29296875
5.405667781829834
101.57550048828125
130.3863067626953
-15.174863815307617
101.28168487548828
100.22413635253906
99.92593383789062
102.42375946044922
95.63126373291016
33.830387115478516
99.2520751953125
144.22752380371094
-15.10285472869873
-13.079541206359863
98.6482925415039
87.95073699951172
-36.844425201416016
223.5138702392578
-10.067862510681152
98.82011413574219
13.051325798034668
104.84291076660156
98.71949005126953
-41.739803314208984
100.20883178710938
18.846467971801758
102.2676010131836
102.0438461303711
68.5080795288086
56.776939392089844
-39.48910903930664
42.40279006958008
30.768354415893555
99.58964538574219
96.2108383178711
99.22493743896484
102.17915344238281
98.3573989868164
45.17344284057617
100.09331512451172
308.5470886230469
100.07389068603516
99.05320739746094
21.607961654663086
8.813039779663086
102.3464126586914
-55.40153503417969
6.294638633728027
84.46672058105469
102.45792388916016
98.19999694824219
100.4098892211914
99.93927764892578
118.50284576416016
100.57685852050781
102.05506134033203
61.45579147338867
40.95066452026367
100.4687728881836
10.039045333862305
53.42948532104492
99.82866668701172
101.29938507080078
-55.869632720947266
100.01961517333984
50.4788703918457
99.8554458618164
104.78355407714844
100.5046157836914
101.94097137451172
102.74370574951172
100.21632385253906
100.44969940185547
102.66624450683594
100.04100799560547
96.93992614746094
101.13329315185547
100.88752746582031
95.89411926269531
90.92679595947266
-35.82218933105469
39.52040100097656
42.69208526611328
104.41116333007812
104.56827545166016
24.829330444335938
99.65335083007812
100.97427368164062
75.45982360839844
97.6745376586914
95.06586456298828
97.67288970947266
16.471689224243164
-0.3803602457046509
98.00684356689453
99.05862426757812
97.00962829589844
17.507057189941406
100.98729705810547
101.12381744384766
99.58868408203125
25.382144927978516
99.17433166503906
97.3603744506836
100.41921997070312
98.11656951904297
-5.444510459899902
165.40829467773438
-20.372190475463867
40.64192199707031
105.56687927246094
95.39521789550781
102.84893035888672
99.97913360595703
100.68098449707031
104.74813842773438
-3.7985920906066895
101.11319732666016
99.49144744873047
107.49604034423828
22.375125885009766
-6.184206008911133
98.04678344726562
99.8621826171875
99.71268463134766
113.30510711669922
100.3045883178711
95.87918090820312
100.8987045288086
75.52417755126953
98.56826782226562
100.84748077392578
99.8957748413086
212.12039184570312
100.03917694091797
-3.555673599243164
97.55802917480469
97.61032104492188
99.6315689086914
99.21094512939453
99.19428253173828
2.9687507152557373
-8.131002426147461
91.86637878417969
26.76954460144043
47.14092254638672
60.43837356567383
100.14189910888672
99.462890625
114.23825073242188
102.38365173339844
97.642822265625
-45.331809997558594
100.38343811035156
100.4864501953125
51.39334487915039
99.5786361694336
108.14033508300781
49.681758880615234
49.668663024902344
102.31021881103516
100.10972595214844
102.61473083496094
157.63211059570312
101.88367462158203
143.2269287109375
15.948827743530273
101.474853515625
100.2866439819336
98.30938720703125
101.43212127685547
-6.9233784675598145
100.08096313476562
96.07746887207031
25.545419692993164
102.9878158569336
102.84123992919922
101.03034210205078
118.7637939453125
43.70534896850586
42.3929557800293
98.7918930053711
-21.869783401489258
99.07717895507812
-25.370267868041992
96.40060424804688
101.09185028076172
58.510093688964844
98.29427337646484
101.53738403320312
100.45393371582031
100.73683166503906
16.3689022064209
-16.56367301940918
26.410860061645508
6.5574541091918945
-17.48657989501953
98.6873550415039
29.27855110168457
101.27656555175781
96.63726043701172
1.2323132753372192
103.76347351074219
97.93134307861328
100.05732727050781
100.67127990722656
101.18265533447266
99.88693237304688
99.43672180175781
98.85494232177734
99.49805450439453
98.26067352294922
57.511714935302734
-21.854764938354492
94.4688949584961
100.5488510131836
98.15287780761719
99.20217895507812
194.2724151611328
99.03560638427734
13.025568962097168
103.05268096923828
99.05097961425781
174.43092346191406
100.58262634277344
7.92215633392334
104.63946533203125
100.14607238769531
102.15119171142578
97.95816040039062
137.5354461669922
101.20375061035156
72.80412292480469
97.28202819824219
98.9091796875
99.5161361694336
97.07025146484375
100.71371459960938
-2.9893929958343506
207.3355255126953
97.14578247070312
100.08975982666016
99.78902435302734
101.23561096191406
97.47504425048828
99.34607696533203
96.77066040039062
99.03373718261719
101.31378173828125
39.86627197265625
99.0179672241211
98.82003784179688
100.9905014038086
21.370765686035156
-18.39344596862793
99.35611724853516
99.71288299560547
65.87579345703125
-4.839043617248535
97.41663360595703
97.53092956542969
50.58141326904297
98.6432876586914
98.07652282714844
98.03736877441406
100.2862548828125
98.14018249511719
-20.23292350769043
101.73389434814453
91.45429992675781
-47.5771598815918
100.29888153076172
97.18997955322266
69.75807189941406
77.72330474853516
98.15335083007812
98.07601928710938
40.75347900390625
97.97705841064453
55.35159683227539
59.57103729248047
99.76478576660156
-46.50672149658203
97.54302215576172
101.21053314208984
98.51481628417969
99.40257263183594
96.91841888427734
100.54566955566406
19.264619827270508
-40.723960876464844
62.29804229736328
100.61457824707031
36.394039154052734
37.0030517578125
43.891700744628906
101.68116760253906
35.80934524536133
16.88729476928711
97.75328063964844
2.0918993949890137
100.27286529541016
50.643394470214844
100.84149169921875
98.45386505126953
54.665321350097656
119.5494155883789
100.01444244384766
101.29589080810547
101.37626647949219
91.19721221923828
96.3183364868164
48.373653411865234
-0.25599321722984314
101.31524658203125
17.391592025756836
97.71292877197266
96.9213638305664
97.49647521972656
102.74015045166016
94.95853424072266
99.98612213134766
4.962968349456787
-32.9650764465332
95.78953552246094
46.06590270996094
102.32270812988281
59.803070068359375
97.68756103515625
96.89082336425781
96.46253967285156
97.53228759765625
99.35346221923828
160.82882690429688
-20.274141311645508
99.82613372802734
97.78988647460938
98.27458953857422
-33.270362854003906
-1.2574117183685303
6.985116481781006
99.01089477539062
95.67191314697266
97.6385498046875
97.78004455566406
12.462613105773926
164.7919158935547
12.933442115783691
98.34526824951172
98.58168029785156
99.90479278564453
-3.3687939643859863
17.95926284790039
34.41403579711914
100.5715560913086
94.91133117675781
98.67536926269531
43.409481048583984
-31.376577377319336
95.26644897460938
12.044386863708496
81.84247589111328
95.46424102783203
95.48914337158203
100.16314697265625
97.3213119506836
99.80841064453125
126.75181579589844
97.31255340576172
51.88569641113281
135.21482849121094
99.65553283691406
98.18659210205078
103.70868682861328
59.57228469848633
96.2745132446289
-56.83065414428711
98.1104965209961
-31.151565551757812
-16.042552947998047
46.078372955322266
95.36161804199219
51.84941482543945
21.135910034179688
100.55018615722656
116.15423583984375
113.29078674316406
35.7959098815918
97.63189697265625
97.934326171875
97.59539794921875
98.5482406616211
98.73072814941406
99.09183502197266
98.94113159179688
97.15577697753906
98.31644439697266
97.76603698730469
95.80655670166016
16.499025344848633
97.3124771118164
-21.957136154174805
100.24437713623047
100.03511810302734
18.95908546447754
97.12730407714844
94.47705841064453
11.115483283996582
99.68761444091797
4.389244079589844
12.453023910522461
97.56774139404297
34.211177825927734
96.39554595947266
116.1343765258789
-12.691263198852539
95.8058090209961
98.56634521484375
-20.447551727294922
98.10908508300781
93.83765411376953
100.48982238769531
109.43262481689453
97.034912109375
2.010915756225586
96.18132019042969
98.95330810546875
24.95760154724121
50.69586181640625
94.32832336425781
98.2540283203125
98.91948699951172
100.10482025146484
98.94691467285156
91.71739959716797
97.5975112915039
-4.041827201843262
50.438777923583984
101.35127258300781
-0.8134481906890869
95.49789428710938
-13.071195602416992
138.31988525390625
98.53912353515625
-42.944034576416016
97.04684448242188
96.84769439697266
98.64432525634766
133.2046356201172
96.43389892578125
98.44802856445312
96.15113067626953
97.49397277832031
95.38031768798828
95.6846694946289
95.34662628173828
124.93510437011719
4.9095587730407715
97.86344909667969
82.75654602050781
98.13536071777344
97.39764404296875
98.77535247802734
93.39319610595703
38.85445785522461
25.19681167602539
35.7539176940918
96.09845733642578
95.96784210205078
93.00003051757812
95.11103820800781
95.91394805908203
94.84967041015625
95.76828002929688
100.55805206298828
92.45931243896484
95.20146179199219
-3.8400719165802
78.87639617919922
66.91643524169922
95.69610595703125
96.64173889160156
96.49040985107422
205.8491973876953
95.44593811035156
96.81280517578125
97.46549987792969
98.5022201538086
94.42414855957031
35.98491287231445
96.59536743164062
6.062418460845947
97.1393814086914
38.043548583984375
95.34883880615234
-30.205663681030273
10.631633758544922
93.34506225585938
135.9981231689453
96.2328109741211
96.46940612792969
91.9610366821289
99.22543334960938
93.63077545166016
95.13243865966797
-8.432990074157715
99.65235137939453
24.819175720214844
14.126375198364258
16.055391311645508
97.23576354980469
62.241817474365234
32.49055480957031
95.4900894165039
96.12594604492188
95.64734649658203
1.6017802953720093
96.12152862548828
29.097440719604492
96.0256576538086
98.34405517578125
129.4358367919922
99.32110595703125
90.70154571533203
35.10465621948242
6.421781063079834
-2.0055856704711914
31.76508331298828
146.98472595214844
21.1675968170166
94.93820190429688
27.209135055541992
96.24063873291016
31.338808059692383
98.3248062133789
89.3932876586914
46.18966293334961
93.40277862548828
15.54403018951416
94.58511352539062
0.10006020963191986
13.286784172058105
-17.99017333984375
12.229414939880371
-38.18693542480469
26.009567260742188
-41.56184387207031
97.75934600830078
61.33672332763672
113.82862091064453
96.29056549072266
-4.439600944519043
95.39678955078125
95.81571960449219
-5.62837028503418
125.664306640625
96.017822265625
93.44298553466797
93.41497039794922
11.325812339782715
97.4022216796875
98.09239196777344
12.124512672424316
94.61334991455078
98.81116485595703
96.70353698730469
97.32392883300781
94.02284240722656
95.0987548828125
94.64449310302734
13.054688453674316
-23.922517776489258
97.88121032714844
97.6912612915039
94.75994110107422
97.99391174316406
92.77169036865234
22.045135498046875
95.2474594116211
95.41749572753906
95.95389556884766
8.50446605682373
97.32560729980469
26.651329040527344
95.87686920166016
92.44617462158203
93.46416473388672
91.63253784179688
95.75367736816406
53.52356719970703
151.56199645996094
96.89250946044922
99.34700775146484
94.82273864746094
95.30501556396484
17.481903076171875
45.63121795654297
97.15388488769531
97.51122283935547
92.46128845214844
95.63910675048828
91.6612319946289
94.4492416381836
53.439762115478516
94.57872009277344
56.601253509521484
94.17782592773438
78.23558807373047
62.26420593261719
-49.7746696472168
12.516580581665039
97.90513610839844
53.09654235839844
96.120361328125
31.400348663330078
-17.770112991333008
93.89952850341797
18.53030776977539
93.51496887207031
97.48633575439453
95.84561920166016
28.753427505493164
-24.05769920349121
15.59626579284668
96.57315063476562
45.11460876464844
95.67742919921875
98.79119110107422
95.80490112304688
16.05412483215332
96.71088409423828
14.472545623779297
-10.43620777130127
69.43055725097656
95.00605773925781
27.233182907104492
94.23932647705078
-32.174949645996094
30.471967697143555
1.4454700946807861
-0.6620383262634277
23.024808883666992
94.98721313476562
21.437580108642578
93.48129272460938
94.03089904785156
-23.925920486450195
96.36163330078125
10.640984535217285
96.2968521118164
95.30973815917969
18.025423049926758
94.77010345458984
62.96290969848633
85.8211898803711
95.51680755615234
93.72076416015625
-14.192753791809082
95.49691772460938
96.01983642578125
89.11479949951172
21.67935562133789
96.6675796508789
94.07820892333984
94.1574935913086
95.36417388916016
94.47003173828125
94.11431121826172
62.04832077026367
1.8652135133743286
90.00926208496094
97.39545440673828
4.015390396118164
95.41053009033203
52.368370056152344
95.17507934570312
93.5051498413086
28.5339412689209
-28.326017379760742
95.39153289794922
91.31510925292969
39.44336700439453
96.90084075927734
93.34837341308594
95.41879272460938
91.80181121826172
129.04293823242188
96.62310791015625
13.974339485168457
94.02799987792969
226.38865661621094
97.6593017578125
95.24251556396484
-8.024616241455078
97.10968017578125
2.606147289276123
39.54329299926758
93.23709106445312
89.22733306884766
39.95265579223633
92.10802459716797
13.79761791229248
92.36209106445312
11.537232398986816
99.247314453125
-16.2484130859375
93.39533233642578
75.14749908447266
80.06543731689453
93.14860534667969
93.6532974243164
97.30145263671875
97.24478149414062
61.2770881652832
89.39873504638672
96.03646850585938
97.5298080444336
23.144472122192383
94.54888916015625
94.75376892089844
93.31063079833984
-7.69980001449585
97.52861785888672
9.9520845413208
-20.68981170654297
94.36656188964844
94.09874725341797
93.86149597167969
96.13819885253906
30.528528213500977
95.7338638305664
93.78950500488281
-3.3663127422332764
-24.27992820739746
45.05413818359375
93.6778335571289
96.20172882080078
93.05135345458984
59.459068298339844
96.52166748046875
94.36454772949219
-25.577375411987305
61.128910064697266
93.61908721923828
93.13480377197266
1.8046773672103882
90.1455078125
92.44719696044922
91.1668701171875
60.37652587890625
-0.13484613597393036
99.8569564819336
92.56721496582031
93.94554901123047
95.97498321533203
93.91104125976562
221.9013214111328
72.2783203125
95.67601013183594
41.802955627441406
92.87091064453125
-37.685970306396484
73.9625015258789
132.28749084472656
13.722545623779297
96.53579711914062
93.35049438476562
93.77037048339844
-12.98531723022461
24.03199005126953
17.763355255126953
93.15249633789062
51.62449264526367
96.64674377441406
94.81428527832031
41.06978225708008
95.5507583618164
96.5952377319336
95.3973159790039
58.898921966552734
93.08844757080078
92.69644165039062
87.93761444091797
95.14151000976562
94.51840209960938
-10.3734712600708
95.04226684570312
93.89069366455078
93.92642211914062
143.1270751953125
92.78376007080078
48.26911163330078
94.02686309814453
92.98124694824219
92.8707046508789
25.434579849243164
96.00816345214844
92.30833435058594
93.78065490722656
4.121654510498047
95.21548461914062
92.84481811523438
93.7618637084961
6.436959266662598
93.56498718261719
94.42732238769531
92.57703399658203
95.548095703125
97.04430389404297
48.462223052978516
-30.80022621154785
-17.697677612304688
97.80525970458984
91.68401336669922
94.43936157226562
248.75057983398438
96.69075775146484
95.30416107177734
79.43403625488281
95.74615478515625
90.417724609375
17.541275024414062
-30.070539474487305
43.687503814697266
93.98954772949219
27.953733444213867
-8.288743019104004
94.5370864868164
94.81063079833984
-8.674154281616211
93.58733367919922
94.97366333007812
8.851401329040527
92.87644958496094
92.90911102294922
113.59907531738281
94.9327163696289
71.84613800048828
94.24617767333984
95.69770812988281
93.06169128417969
12.548636436462402
-4.039993762969971
92.28287506103516
137.33372497558594
94.36813354492188
92.03794860839844
96.68595886230469
-20.73158836364746
94.9583969116211
93.06114959716797
45.24618148803711
95.32401275634766
-7.90291690826416
96.51896667480469
91.7069320678711
97.37651824951172
93.33657836914062
0.5306301116943359
91.27050018310547
105.03153991699219
92.03520965576172
92.95744323730469
94.71642303466797
92.82969665527344
93.14005279541016
60.735557556152344
93.75790405273438
92.40663146972656
94.96365356445312
28.929229736328125
94.41407012939453
74.38894653320312
92.83211517333984
92.3055419921875
111.98178100585938
93.0048828125
66.45059204101562
93.51850128173828
-18.42298698425293
93.18974304199219
28.570541381835938
96.3393783569336
91.83344268798828
52.99009704589844
96.7223892211914
89.46029663085938
94.80330657958984
91.40357971191406
94.59016418457031
89.70203399658203
94.82435607910156
139.1073455810547
45.55982208251953
20.168861389160156
-7.737124919891357
-2.1901488304138184
90.11802673339844
18.606304168701172
96.86357879638672
92.60859680175781
92.06362915039062
9.443609237670898
67.70684051513672
93.15453338623047
-38.703636169433594
14.74446964263916
95.01237487792969
94.1221694946289
92.99177551269531
92.53402709960938
95.41928100585938
92.08856201171875
95.58975982666016
94.45390319824219
12.694120407104492
93.99470520019531
91.80682373046875
-0.6343069672584534
72.06233215332031
40.695709228515625
92.33983612060547
92.14414978027344
92.60270690917969
55.67715835571289
95.56499481201172
94.30581665039062
95.903564453125
94.00142669677734
94.37594604492188
92.90264892578125
-10.610485076904297
90.38290405273438
92.56568908691406
93.23165130615234
1.7285349369049072
94.00931549072266
93.2381591796875
91.25762939453125
92.28308868408203
94.31299591064453
-22.532203674316406
62.629600524902344
93.60504913330078
95.07183074951172
4.66008996963501
93.01618194580078
23.15273094177246
82.31774139404297
146.87843322753906
92.39743041992188
94.17462921142578
92.82369232177734
94.24376678466797
91.21721649169922
92.12544250488281
92.22296142578125
16.92098045349121
93.2721939086914
94.50067901611328
91.685791015625
94.2133560180664
58.256404876708984
92.3295669555664
96.07991027832031
92.98008728027344
36.3189697265625
89.56021118164062
93.61815643310547
94.24478149414062
94.03091430664062
16.082090377807617
94.43291473388672
94.86893463134766
93.48726654052734
92.5665283203125
91.40507507324219
91.57176971435547
93.24376678466797
94.12821960449219
8.190366744995117
92.11730194091797
91.82453918457031
47.405704498291016
90.46749877929688
92.47259521484375
-5.216628551483154
96.90556335449219
92.33779907226562
90.13159942626953
97.46349334716797
93.77479553222656
91.81578826904297
93.57714080810547
92.13927459716797
-33.437889099121094
-28.740991592407227
93.53401184082031
-12.469156265258789
91.56758117675781
137.32244873046875
27.832735061645508
93.17288208007812
93.95755767822266
92.6766357421875
48.75528335571289
83.91140747070312
24.35750389099121
44.404151916503906
93.10163116455078
93.39546966552734
-22.408714294433594
52.77052307128906
92.1329116821289
91.66728973388672
93.46165466308594
38.4183349609375
53.864253997802734
40.83163070678711
93.98994445800781
93.60951232910156
13.643354415893555
94.40087127685547
90.10001373291016
-21.296140670776367
91.90489959716797
87.66474151611328
123.3208236694336
90.3694076538086
34.59099578857422
7.67714786529541
70.8417739868164
-1.5193777084350586
-22.537500381469727
90.67169952392578
94.30409240722656
96.33458709716797
93.40463256835938
89.18782806396484
-28.504899978637695
89.60670471191406
91.596435546875
90.69457244873047
93.05735778808594
94.56114196777344
30.24611473083496
93.88470458984375
91.86609649658203
-21.82674789428711
92.59065246582031
93.32169342041016
92.40135955810547
93.2790298461914
58.860008239746094
164.2405548095703
92.61615753173828
91.14921569824219
54.41139602661133
93.28875732421875
92.31969451904297
93.154541015625
92.73970031738281
92.05084991455078
94.7920913696289
92.5655288696289
-15.818800926208496
180.66744995117188
88.95255279541016
-41.9668083190918
91.66014862060547
33.36324691772461
70.07823181152344
92.09149932861328
23.06501579284668
93.05424499511719
75.848388671875
94.2075424194336
89.84481048583984
-19.16289520263672
92.61097717285156
36.084129333496094
37.73326110839844
95.07145690917969
92.37499237060547
93.65791320800781
94.48725128173828
93.52941131591797
93.9257583618164
90.50888061523438
91.68359375
66.72965240478516
92.46526336669922
89.59161376953125
5.758493423461914
-29.844642639160156
91.934814453125
93.2176513671875
91.59520721435547
93.59552764892578
90.92271423339844
89.78828430175781
93.73161315917969
93.55134582519531
94.7989501953125
4.1170735359191895
90.55559539794922
-0.5748617649078369
92.30020904541016
-6.603097915649414
94.99319458007812
-13.79838752746582
14.189949035644531
-11.644230842590332
91.33576202392578
91.98467254638672
91.740966796875
10.331829071044922
94.3133544921875
91.81163787841797
-2.8923580646514893
-9.627954483032227
93.85777282714844
90.79021453857422
92.48289489746094
52.3110466003418
95.49646759033203
148.01390075683594
90.49751281738281
38.04275131225586
91.65186309814453
90.1514892578125
79.7594985961914
91.79475402832031
88.65580749511719
88.4037094116211
90.358154296875
-32.361637115478516
91.41456604003906
90.62709045410156
89.44960021972656
92.90770721435547
92.07335662841797
59.67652130126953
-11.3980712890625
90.77168273925781
52.27518844604492
39.645835876464844
93.6979751586914
91.44977569580078
91.50688934326172
93.85739135742188
88.87248229980469
93.26742553710938
90.83877563476562
21.55948829650879
122.43577575683594
203.8142547607422
14.590201377868652
89.09529113769531
92.30179595947266
90.45147705078125
145.3145294189453
91.23121643066406
9.465709686279297
92.21016693115234
46.2665901184082
24.164499282836914
-15.094398498535156
93.84534454345703
91.54347229003906
92.52734375
30.421010971069336
90.5831298828125
92.78184509277344
93.60384368896484
89.31808471679688
93.09555053710938
-48.58175277709961
93.93588256835938
88.37680053710938
45.62177658081055
88.63795471191406
4.468235492706299
-26.0828914642334
91.10694122314453
90.87976837158203
93.70806121826172
90.61641693115234
169.24053955078125
89.3705825805664
86.9682388305664
93.78072357177734
92.60591888427734
91.64530944824219
90.61363983154297
93.63585662841797
94.54438018798828
-18.98461151123047
91.6248550415039
19.887697219848633
90.05406951904297
95.07046508789062
92.38358306884766
90.9638442993164
90.0501937866211
90.79527282714844
28.768705368041992
92.32152557373047
93.8946533203125
90.7444076538086
91.04586791992188
88.66421508789062
26.239866256713867
91.01188659667969
47.86680603027344
92.05882263183594
94.67134094238281
91.87354278564453
91.08221435546875
92.09566497802734
56.67526626586914
90.83397674560547
-19.77652931213379
90.7742691040039
92.86357116699219
93.57537841796875
92.7928695678711
89.15103912353516
-37.99361038208008
94.73046875
91.6268539428711
54.29604721069336
54.983768463134766
133.55519104003906
-23.759639739990234
95.09031677246094
89.46165466308594
299.1398620605469
-13.020541191101074
89.17222595214844
91.76310729980469
90.85123443603516
92.94901275634766
71.10597229003906
-33.24496078491211
-15.2920560836792
-9.144639015197754
-6.570333480834961
92.8349380493164
90.4591064453125
92.22760009765625
91.3887939453125
90.97818756103516
94.61141204833984
-17.888307571411133
92.76103210449219
62.46318435668945
89.68907928466797
91.40461730957031
91.74369049072266
91.82537078857422
89.05341339111328
0.3513146638870239
61.2142333984375
-21.9814453125
89.28872680664062
89.43805694580078
32.810028076171875
91.76057434082031
90.79173278808594
91.4555435180664
90.57273864746094
91.039306640625
90.21646118164062
91.160400390625
90.21150207519531
88.72525024414062
95.63814544677734
19.851926803588867
90.8475570678711
93.4041748046875
94.57392120361328
90.03568267822266
89.50464630126953
88.42510986328125
-15.368950843811035
90.94989776611328
92.76016998291016
92.14009094238281
42.80207061767578
92.11685943603516
89.2919692993164
92.2046890258789
92.45870971679688
88.79985809326172
211.88523864746094
93.35061645507812
94.23638153076172
91.70153045654297
62.10087203979492
91.32818603515625
84.68463134765625
-33.12269973754883
89.6170654296875
90.76528930664062
91.55471801757812
91.03504180908203
93.19063568115234
91.97572326660156
90.07731628417969
108.57918548583984
91.69264221191406
25.841062545776367
89.50570678710938
91.5879898071289
92.04296112060547
95.19580841064453
90.89873504638672
92.93051147460938
100.07037353515625
-4.820430755615234
91.37407684326172
63.82615661621094
91.38681030273438
93.06290435791016
91.56293487548828
89.57737731933594
92.29306030273438
113.25413513183594
92.5760498046875
88.7109603881836
91.0117416381836
48.04509735107422
90.74549865722656
87.94938659667969
89.05828857421875
21.58960723876953
45.74690628051758
90.63823699951172
58.42002868652344
91.67214965820312
88.57367706298828
-29.97963523864746
90.98274993896484
91.02352905273438
91.62902069091797
78.74444580078125
88.01525115966797
90.68682098388672
90.22203826904297
89.57919311523438
24.581907272338867
89.25218200683594
-32.109622955322266
91.69465637207031
53.7938117980957
9.973662376403809
92.82486724853516
63.0599365234375
221.9423370361328
89.47803497314453
91.03953552246094
88.83186340332031
7.208861827850342
91.80492401123047
87.3613052368164
86.8518295288086
89.90755462646484
90.24710083007812
59.1057014465332
90.05239868164062
71.42790985107422
92.35514068603516
91.90867614746094
93.44039154052734
93.9384536743164
94.6146469116211
90.6092758178711
51.42831039428711
56.76356887817383
40.39344024658203
29.056867599487305
89.68492889404297
183.279541015625
90.70679473876953
91.13323211669922
84.77517700195312
90.70954895019531
34.217464447021484
89.13697814941406
91.02054595947266
27.70621109008789
349.3852233886719
90.14328002929688
92.47247314453125
89.48843383789062
90.6756362915039
-2.888685703277588
-23.029985427856445
-66.54823303222656
91.5405044555664
-6.371533393859863
92.51226043701172
108.07646942138672
92.52447509765625
92.1085205078125
91.08090209960938
10.492297172546387
88.73653411865234
-39.299110412597656
-9.050320625305176
79.81674194335938
-21.545494079589844
87.97265625
90.46375274658203
-41.683284759521484
86.57357788085938
86.96774291992188
92.3412857055664
88.97306060791016
7.090507507324219
87.2458267211914
91.14707946777344
93.38358306884766
-20.900806427001953
89.83531951904297
89.8381576538086
87.16788482666016
8.06305980682373
102.13825225830078
119.40726470947266
90.9044418334961
90.47457122802734
89.7275390625
91.05740356445312
90.05169677734375
-1.2693601846694946
87.53108215332031
91.41923522949219
-1.1147977113723755
89.70443725585938
-14.4916410446167
-56.41953659057617
87.74543762207031
96.26378631591797
-12.271353721618652
89.12499237060547
91.36267852783203
91.93365478515625
20.110244750976562
20.57949447631836
92.77690887451172
-11.625128746032715
65.54093933105469
39.757225036621094
88.4439468383789
-14.657090187072754
90.54027557373047
92.47966766357422
88.38976287841797
-6.8335371017456055
90.14334869384766
28.703733444213867
91.62630462646484
43.53055191040039
-25.391489028930664
23.090267181396484
-33.47080612182617
90.06758880615234
25.32229995727539
90.19702911376953
90.40718841552734
20.04757308959961
-23.112163543701172
106.41484069824219
87.71748352050781
21.587373733520508
-17.415584564208984
95.12725830078125
-20.437278747558594
86.27405548095703
88.91263580322266
106.75639343261719
90.19829559326172
27.7325382232666
89.2354736328125
91.14878845214844
88.0931625366211
89.76057434082031
92.04182434082031
90.2045669555664
90.10277557373047
-23.115528106689453
91.64349365234375
88.23343658447266
88.72315216064453
-49.79268264770508
14.012850761413574
151.5167999267578
89.51151275634766
88.8228530883789
90.849853515625
90.35588836669922
91.34782409667969
