8357.064179890765
7338.231223822838
6285.8086403543175
7362.000887462469
8004.080502820385
7491.046372520475
7030.05020960034
7858.500887462469
6529.8086403543175
7774.186001555727
6825.500887462469
8429.588155153877
7053.599887930394
7662.535295230235
8144.046372520475
6991.55020960034
6944.124131982433
7379.546372520475
7899.000887462469
8377.50088746247
7535.885348842028
7239.55020960034
8087.206689504815
7603.264121937972
7338.05020960034
8140.099887930394
6527.628573484219
7621.5641798907645
7933.000887462469
7486.173535715797
7172.116079940915
6693.55020960034
8533.290709446233
7013.000887462469
7183.632137148506
7699.000887462469
8242.05020960034
7053.0304954009325
6717.546372520475
7593.5641798907645
8296.50088746247
6886.610327856919
7917.576776983131
7356.546372520475
7140.271086650656
8792.808640354317
7917.05020960034
8333.188524334619
6867.024135560835
7523.55020960034
8433.315986804751
6665.399001345562
8685.50088746247
6835.775801656101
7157.739955980455
7668.716123999172
7161.264121937972
7137.500887462469
7406.500887462469
8132.0641798907645
7534.55020960034
7392.080502820385
6395.117308498873
8394.546372520475
8014.325114212529
7002.55020960034
8750.480825040107
7574.05020960034
7654.500887462469
8282.00088746247
6886.55020960034
6908.418437983831
7734.500887462469
7125.500887462469
6657.55020960034
7780.05020960034
6690.546372520475
7679.364591108125
7370.052431702334
7490.63053471255
8210.064179890764
8988.046372520475
7162.652204045
6882.55020960034
6579.55020960034
8354.610327856919
7156.744623178999
7484.327320005845
7463.352209389281
7723.588155153876
7652.66327528744
7476.0304954009325
6516.5641798907645
7161.6111443960535
6969.016956464637
6817.55020960034
7337.362008131486
7648.000887462469
6946.5077936822445
7125.046372520475
6712.000887462469
6619.051690101085
7404.744623178999
7624.3086403543175
7596.000887462469
7125.680937758053
7149.000887462469
6969.046372520475
8951.05020960034
7663.624130595973
6681.865170881911
8123.546372520475
8010.000887462469
6156.114565775422
7322.8086403543175
7571.707928886179
7369.313603590877
7811.0641798907645
7891.423308274172
8161.000887462469
7943.110327856919
8255.50088746247
7270.55020960034
6528.676270761175
5823.486317458552
7077.500887462469
8876.132138547757
7846.546372520475
7176.202780921536
7656.580502820385
8007.0641798907645
7727.282061225903
6895.0641798907645
7052.841521481562
8029.55020960034
8700.128573484219
7989.000887462469
7659.275801656101
7625.000262221021
7351.0641798907645
7069.500887462469
6517.55020960034
7337.6037819301255
7115.580502820385
7790.000887462469
7561.05020960034
6517.552081480588
7439.05020960034
7082.524135560835
7514.275801656101
8218.05020960034
7240.5641798907645
8429.55020960034
7951.941826761861
6696.173055094741
7495.546372520475
7133.271053782389
7241.546372520475
8784.05020960034
7162.546372520475
7228.132138547758
8310.792245224984
8071.385537160634
8251.564179890765
6357.546372520475
7268.0641798907645
6655.500887462469
6981.012268886948
5990.110327856919
7259.546372520475
7165.5641798907645
8007.624130595973
6887.628573484219
6955.500887462469
6958.884092911414
6535.036307520026
7760.05020960034
6506.561650592635
8075.632138547758
7599.500887462469
6749.110327856919
7285.641340996188
7498.5641798907645
7991.377678883578
7828.080502820385
8301.782061225904
7304.000887462469
7305.046372520475
7573.628573484219
6958.624131982433
7079.0641798907645
7322.232082279553
6405.617308498873
8072.180523553185
7434.55020960034
6975.207340077542
6819.128573484219
7690.55020960034
7711.232082279553
7385.500887462469
6749.500887462469
6494.625121221473
8079.658431044471
8577.546372520475
8647.50088746247
6942.275801656101
7562.546372520475
7989.000887462469
7756.000887462469
7682.3086403543175
7390.859237336891
7734.743785763891
7189.277750891307
6733.55020960034
7180.5641798907645
8256.55020960034
8248.546372520475
6644.000887462469
7411.000887462469
7620.980825040107
7258.392160054683
6486.090244392713
7480.546372520475
7743.55020960034
7930.9081180372605
7324.55020960034
6587.616079940915
7366.933789666551
6881.117308498873
7367.616079940915
7268.000887462469
8270.08155601544
8188.628573484219
6776.377903047981
6664.859748647512
7135.0641798907645
7654.985403589526
8007.8791248281095
8361.136105866432
7254.05020960034
5976.1111443960535
8063.500887462469
7910.132138547758
7130.841521481562
7225.110327856919
9032.064179890765
7518.002434546462
6591.1111443960535
7132.500887462469
8517.00088746247
7736.1742499946795
7043.896293461461
7612.05020960034
7905.295635446163
6589.110327856919
8240.229198832945
6774.599887930394
8416.714288831818
7558.812169387296
7511.05020960034
7672.8086403543175
6632.418962498954
7191.1699341237345
8496.00088746247
7989.5641798907645
6078.588155153876
5927.854343719612
6524.202780921536
8198.05020960034
7156.0641798907645
7733.628573484219
7513.55020960034
7532.628573484219
6826.500887462469
6583.000887462469
6881.000887462469
7910.1122704711515
7692.500887462469
8254.628573484219
6460.6619597840045
7703.05020960034
6532.05020960034
6771.080502820385
8104.8086403543175
6835.05020960034
6705.1111443960535
6852.984795105464
6754.500887462469
7355.128573484219
8602.55020960034
7332.05020960034
8218.308640354317
6726.000887462469
7630.202780921536
7924.638279448501
7043.410586514775
7164.610327856919
7371.727132246402
6830.500887462469
7433.05020960034
8095.0641798907645
7388.55020960034
7027.000887462469
7604.610327856919
6483.267680323945
6880.000887462469
7197.080502820385
6341.1111443960535
6669.3086403543175
6536.610327856919
8185.145274550255
7008.500887462469
7268.0641798907645
6969.8086403543175
7712.588155153876
7636.633308790484
7835.625252606604
6338.523292910235
7313.852209389281
7968.55020960034
6876.05020960034
6734.000887462469
6223.653552207705
8033.190802395907
7516.55020960034
7167.0641798907645
7470.000887462469
7526.682818548614
6158.1958690105275
7130.804712605495
6430.046372520475
9603.05020960034
7478.852209389281
7100.191679296877
6379.05020960034
6866.841521481562
6705.624130595973
7672.132137148506
7620.000887462469
7488.500887462469
7844.546372520475
7013.000887462469
7948.616174804918
7283.8086403543175
8110.282061225903
7828.500887462469
6575.044716925025
6368.014501796066
7116.0641798907645
7212.624130595973
6446.2142888318185
7570.088155153876
7239.417755808472
7947.132138547758
6426.524135560835
7721.092034930839
7901.628573484219
7219.278461359971
7416.000887462469
7476.500887462469
6962.000887462469
8053.55020960034
6850.616079940915
8227.05020960034
7958.206689504815
6827.128573484219
7685.500887462469
6654.73293520886
7626.546372520475
7128.030662393755
6927.5641798907645
6842.500887462469
7946.879066622682
7140.55020960034
6816.500887462469
7787.088155153876
7945.500887462469
6738.500887462469
6759.822092151687
8277.813369939471
7285.628573484219
8287.580502820385
7437.000295888718
6436.000887462469
6481.546372520475
7428.502954031995
7774.000887462469
7295.400749992515
6753.947217073047
8054.000887462469
7697.500887462469
9429.047001950668
6395.116079940915
7823.8086403543175
8355.50088746247
7065.500887462469
6634.5641798907645
8520.05020960034
8112.55020960034
7156.500887462469
6736.088078690552
6390.7485460682055
6835.117308498873
7425.6111443960535
7256.000887462469
6674.622870693661
7004.872869562869
6977.000887462469
6703.66423525478
6790.000887462469
7256.000887462469
7252.295635446163
7714.500887462469
6915.000887462469
7650.110327856919
8011.05020960034
7387.55020960034
7537.000887462469
7505.524135560835
7017.624131982433
7297.060664593711
7677.580502820385
8785.41775580847
7458.5641798907645
7308.523778400916
7520.831081289681
7926.05020960034
7125.05020960034
6771.8086403543175
6496.524135560835
8208.716241706634
8649.546372520475
8001.616079940915
7213.751892435073
7023.537722553675
8459.985966107399
6776.089689595073
6782.500887462469
7875.355902735419
6888.500887462469
7330.128573484219
8075.500887462469
7489.680905015407
7109.05020960034
6119.000887462469
6515.024135560835
7975.000887462469
6974.000887462469
6970.580502820385
7533.000887462469
6414.05020960034
7418.500887462469
7207.000887462469
6779.000887462469
7603.05020960034
9076.546372520475
6387.550415309419
8010.516110378102
6855.240903077158
6567.6872301177755
6362.277814076041
7799.6585561128295
7824.55020960034
7072.588155153876
7148.5304954009325
7136.55020960034
7313.388792171804
7464.852209389281
7534.732082279553
9142.616079940915
7911.628573484219
6955.000887462469
6893.55020960034
6536.546372520475
7933.05020960034
8170.680937758053
7613.000887462469
8283.702780921536
8267.05020960034
7257.480158102922
7859.782061225903
6346.613571055348
6411.046994866053
7152.1619597840045
7199.236591996291
6719.000887462469
10240.00088746247
8213.546372520475
6554.524135560835
7659.180905015407
7932.110327856919
6329.05020960034
6767.05020960034
6871.289999855004
7133.8086403543175
6964.000887462469
7048.500887462469
7340.107082943068
7049.610327856919
6339.000887462469
8020.080502820385
6855.418437983831
8592.782061225904
7287.500887462469
6913.116079940915
7987.55020960034
7356.5641798907645
7170.061650592635
7616.55020960034
6974.05020960034
7171.970761011793
6731.05020960034
7782.0641798907645
7343.000887462469
6996.000887462469
6487.524135560835
6534.046372520475
7318.5641798907645
8103.5641798907645
7180.771086650656
7465.401765421137
7678.128573484219
7046.628573484219
7890.500887462469
7201.610327856919
6802.15465796516
7094.500887462469
8139.610327856919
8638.00088746247
8473.564179890765
6622.0304954009325
7728.55020960034
6966.50188132903
7086.046372520475
7735.124131982433
7876.588155153876
6311.083872622293
7260.117308498873
6551.132138547758
6489.035295230235
6860.0641798907645
7080.8086403543175
7520.500887462469
6167.500887462469
8002.628573484219
6863.588155153876
7251.207370398767
7011.271086650656
7763.000887462469
7822.55020960034
7569.953944893984
8513.308640354317
7661.580502820385
7117.417755808472
7701.500887462469
7615.632138547758
7648.000887462469
6476.071573890748
7316.05020960034
7207.124130595973
7164.580502820385
6813.132137148506
6106.046372520475
6596.128573484219
8008.775801656101
6767.124131982433
8735.50088746247
7385.1938080775435
6898.000887462469
9406.00088746247
6641.628573484219
7451.0641798907645
6830.857881088124
7623.000887462469
7518.795635446163
7584.453944893984
6388.417018698056
6753.771086650656
6947.55020960034
8699.05020960034
7219.500887462469
7871.500887462469
8054.318164444819
7580.443065820073
9657.05020960034
7525.624131982433
7703.599887930394
6987.1111443960535
6565.000887462469
7023.552262437008
7729.128573484219
7780.124131982433
7187.0786369994485
5623.085574789392
7935.55020960034
6353.253788719391
7275.588155153876
8751.50088746247
9496.14337865267
6938.046372520475
7337.55020960034
6699.284090505628
7223.117308498873
7761.546372520475
7456.325114212529
7825.05020960034
6422.852209389281
7729.05020960034
6846.175352274574
8139.753524044143
7129.607671754993
7922.045966235632
7233.671641957286
8560.91775580847
6405.097951813272
8141.55020960034
6873.05020960034
6660.379324609119
8284.05020960034
7431.666740556434
6921.000887462469
6554.685878117
6670.500887462469
7392.707531952641
7053.751495347905
7392.05020960034
7787.54366774319
6993.262123323534
6616.046372520475
7251.842720701041
7380.048042967288
6916.5641798907645
7680.859223220262
6313.8720481160335
8699.89139364888
6696.352209389281
6297.000887462469
6785.000887462469
6321.1991138502
6193.000887462469
8468.55020960034
8009.813603590877
6739.706689504815
6359.500887462469
6492.615805503849
6559.128573484219
6817.500887462469
8740.116079940915
7159.55020960034
7970.699964042017
7273.834286144237
6362.610327856919
7799.500887462469
7190.813369939472
6721.128573484219
6856.591883371214
7099.251495347905
7666.55020960034
7242.046372520475
6666.120171333557
6952.046372520475
8394.00088746247
6848.500887462469
6540.3086403543175
7714.500887462469
7777.110327856919
7256.0803787298155
6969.000887462469
7462.000887462469
7178.7142888318185
7411.599887930394
7777.55020960034
7656.530846390985
7765.116079940915
6140.000887462469
7149.624131982433
5986.000887462469
7431.953944893984
7329.000887462469
8145.046372520475
7274.55020960034
7083.55020960034
6532.736591996291
6962.636101471476
5731.4032390909915
6811.0596731105015
7670.125380067151
7756.616079940915
7984.000887462469
6824.000887462469
6688.046372520475
8009.151753050589
6884.616079940915
7761.046372520475
7295.0641798907645
7547.05020960034
7292.500887462469
6876.275363993507
7497.900212068244
7551.500887462469
7096.035295230235
7157.546372520475
6229.628573484219
8259.652039621194
7384.132137148506
6757.612274047012
7972.500887462469
7721.046372520475
7816.624131982433
7393.546372520475
7133.028646451381
6974.000887462469
8806.132138547757
6897.941826761861
7557.000887462469
8025.110327856919
7945.116174804918
6679.000887462469
7267.500887462469
6831.610327856919
7629.500887462469
7226.151224956186
7719.3086403543175
6397.097951813272
7232.55020960034
7459.05020960034
7086.647812202246
6805.500887462469
8072.610327856919
7412.500887462469
7297.046372520475
6629.55020960034
6789.546372520475
9002.564179890765
7471.500887462469
8251.55020960034
6209.691016262328
7115.046372520475
6698.110327856919
9645.00088746247
7001.080502820385
6750.170351890086
6325.322092151687
7396.5641798907645
7335.990286169399
6664.667900431241
7087.000887462469
5616.500887462469
6952.110327856919
6417.610327856919
7931.275801656101
7937.352209389281
7584.941826761861
5561.588155153876
7096.124131982433
7074.628573484219
7345.092034930839
6690.500887462469
7179.55020960034
8464.808640354317
6924.500887462469
7006.888217393364
7194.000887462469
8216.132137148506
7075.628573484219
6474.8086403543175
7578.05020960034
7159.137632682777
7693.55020960034
7552.124131982433
7472.3086403543175
6994.500887462469
6987.046372520475
7195.55020960034
6871.500887462469
6746.500887462469
6648.000887462469
7792.961844246288
6644.546372520475
7598.000887462469
6944.86865589455
7340.128573484219
7706.046372520475
7160.500887462469
8663.580502820385
7148.124131982433
7604.580502820385
6979.55020960034
7475.623395183993
6992.617308498873
7702.052057291032
7375.485403589526
6889.05020960034
7692.3086403543175
6928.05020960034
7398.55020960034
7942.341521481562
8040.000887462469
8252.50088746247
7073.744623178999
6556.0641798907645
7230.244623178999
7357.628573484219
8042.3405824274005
6402.500887462469
8991.080502820385
6822.500887462469
7912.0641798907645
7035.915820384758
6993.524135560835
8436.50088746247
7647.282061225903
7268.628573484219
8106.616079940915
7493.170283487474
7035.171136327494
7195.159539448525
8469.650098405069
7504.04160533453
8688.55020960034
6797.570610427969
7708.110327856919
7227.185878117
8341.421515443762
6512.046372520475
6613.417755808472
6547.618216875366
6426.852209389281
6597.546372520475
8126.572873931123
6423.165546497069
8332.624130595974
7045.517649040891
7160.05020960034
8392.564179890765
6438.0641798907645
8408.128573484219
7098.292384798662
7620.05020960034
6956.417755808472
6527.55020960034
6789.55020960034
7365.128573484219
6930.616079940915
6087.609931771066
7471.55020960034
6499.000887462469
7168.55020960034
8022.000887462469
5849.50756953551
6908.500887462469
7995.000887462469
7168.500887462469
6025.500887462469
7697.037722553675
6123.046372520475
7828.665628045939
7650.5641798907645
7323.046372520475
7019.046372520475
7206.080502820385
7193.088155153876
7616.500887462469
7137.616079940915
6768.000887462469
7999.120365546425
8361.214288831818
7209.019663230234
6942.05020960034
7381.124130595973
7459.0641798907645
8097.500887462469
7172.047645888552
7346.546372520475
7040.047001950669
7801.000887462469
7804.110327856919
8142.000887462469
7193.124130595973
6869.128573484219
7028.177247901788
7597.275801656101
7563.8086403543175
8223.00088746247
6485.588155153876
6958.110327856919
7500.55020960034
6867.299839352851
8642.744623179
7591.888295887281
7092.546372520475
7355.05020960034
6791.000887462469
7023.8086403543175
7388.635939294828
6143.024135560835
6388.110327856919
6484.124130595973
7677.000887462469
7465.632138547758
6032.110327856919
6845.521858980926
7762.206689504815
7902.05020960034
6486.588155153876
6778.116079940915
7365.291428994154
7293.617308498873
8138.046372520475
7184.3598648384195
7000.041169315032
7712.55020960034
8003.628573484219
6608.500887462469
6270.080920755935
6874.5641798907645
7343.628573484219
8361.50088746247
8485.564179890765
6864.500887462469
7555.05020960034
7650.275801656101
7981.05020960034
7148.590244392713
6659.000887462469
6374.98668388941
6937.046372520475
6578.500887462469
7361.046372520475
7831.124131982433
7503.500887462469
6519.622870693956
6954.978988617376
7203.110327856919
7400.0641798907645
7432.5641798907645
6394.5775550623675
6949.3086403543175
7182.000887462469
7196.000887462469
7645.2142888318185
6223.000887462469
7666.546372520475
6273.489930263066
7745.500887462469
7507.046372520475
6663.863713208079
7803.560395761186
7457.500887462469
6749.000887462469
7451.55020960034
6858.55020960034
6251.8086403543175
7148.128573484219
8373.55020960034
6826.046372520475
6743.500887462469
7568.610327856919
6768.816108438612
9798.85220938928
7495.500887462469
6902.000887462469
6542.088155153876
6780.0641798907645
7737.588155153876
7500.110327856919
5870.000357173615
6065.000887462469
8259.080502820385
7414.7142888318185
7808.124131982433
7228.116079940915
8552.938461299253
8052.110327856919
6551.05020960034
8082.580502820385
7050.117308498873
7435.125380067151
7518.046372520475
6960.546372520475
6824.500887462469
6807.2862884529395
8054.882606360921
7752.546372520475
8344.546372520475
6726.046372520475
6482.176132345587
7130.05020960034
6887.610327856919
8777.014358343018
6947.110327856919
7240.500887462469
7279.000887462469
7150.01644522289
7200.341521481562
6766.524135560835
7464.046372520475
7719.55020960034
7390.718629128987
8271.00088746247
7401.852209389281
9213.50088746247
8121.0641798907645
7283.110327856919
7470.418437983831
7778.046372520475
7110.628573484219
8044.500887462469
7612.282061225903
7359.090237990541
7853.624130595973
8513.088155153877
7010.242823962772
6794.110327856919
7299.05020960034
7851.524135560835
7839.893462651196
7765.502897113037
7713.546372520475
7931.1233291436465
7664.5641798907645
8215.021030888047
7784.500887462469
7515.3086403543175
7269.55020960034
7429.55020960034
7751.05020960034
7002.000887462469
7412.295784176762
7546.046372520475
7382.500887462469
7257.500887462469
6933.080502820385
6899.046372520475
6810.080502820385
8643.654657965159
6891.05020960034
7621.502897113037
6523.044389773147
6472.500887462469
6938.9081180372605
7000.430706252104
9877.749046081812
7072.500887462469
6852.3086403543175
8915.010366279901
7168.8086403543175
7842.632138547758
6196.037722553675
8346.55020960034
7152.000887462469
7140.046372520475
7460.7142888318185
7039.271086650656
7136.775801656101
7277.524135560835
8002.453944893984
7397.216123999172
6041.271086650656
6109.590244392713
7193.3086403543175
7274.080502820385
7502.000887462469
6677.008549942413
6463.714586224223
6997.55020960034
7948.128573484219
7007.000887462469
6761.628573484219
7034.116079940915
6847.116079940915
7694.05020960034
7281.275801656101
7917.021688866443
7465.546372520475
6820.05020960034
6622.5641798907645
7154.124130595973
7343.6416805396975
7903.05020960034
7918.05020960034
8148.795635446163
7424.207534470078
7435.625380067151
6876.736591996291
6131.912235983596
6057.610327856919
6469.624130595973
6870.535295230235
8020.05020960034
6686.352209389281
7896.318164444819
7907.500887462469
7840.05020960034
7283.0641798907645
6893.72318918921
7408.391296632669
7034.2192077335485
7357.2142888318185
7167.05020960034
7218.05020960034
6893.88484146064
6587.546372520475
6845.383961570242
7691.044249242064
7906.500887462469
7220.55020960034
6980.282061225903
7148.500887462469
6678.546372520475
6829.352209389281
7798.046372520475
7640.046372520475
7382.580502820385
6297.124131982433
7768.0641798907645
7583.046372520475
8158.502897113037
6946.546372520475
7856.6416805396975
8572.21428883182
7143.05020960034
7329.080502820385
6626.05020960034
7445.000887462469
7052.046372520475
6733.080502820385
6384.03549455006
6759.0641798907645
8398.55020960034
8132.500887462469
7269.000887462469
7712.295784176762
6387.634107170541
7229.5575697017175
7020.546372520475
6443.191019361739
6385.518118579524
8281.841521481561
6688.546372520475
7827.080502820385
7970.1585577605465
7720.55020960034
7475.05020960034
7555.000887462469
7676.500887462469
7670.1361058664315
7451.110327856919
7154.099887930394
8154.624130595973
7242.55020960034
7891.55020960034
9206.54366774319
7053.000887462469
7706.088155153876
7824.0641798907645
6598.500887462469
7214.05020960034
6850.175128351798
7090.628573484219
8681.50088746247
8463.00088746247
7200.000887462469
7241.546372520475
8738.530662393752
7455.610327856919
6875.55020960034
7205.02590783848
7180.5641798907645
7430.110327856919
7834.500887462469
7030.000887462469
7588.110327856919
6579.000887462469
7659.110327856919
7429.624131982433
6310.270414851847
7447.546372520475
7048.000887462469
6928.8086403543175
6693.128573484219
6516.55020960034
7107.05020960034
6787.55020960034
6566.124130595973
6511.224687638428
7737.546372520475
7512.05020960034
6384.954366360658
7182.985403589526
8763.600233487332
7077.55020960034
7436.641423802945
8285.064179890765
6329.500887462469
6168.000887462469
8159.282061225903
6888.05020960034
6966.55020960034
6795.05020960034
8385.00088746247
7326.782061225903
6917.000887462469
7299.500887462469
7221.500887462469
7185.852209389281
7192.032720059942
8782.05020960034
7568.55020960034
6896.624131982433
6639.700767500655
6498.707531952641
7635.3791248281095
7110.05020960034
7572.55020960034
6916.223211512244
7209.282061225903
7610.55020960034
7022.000887462469
7068.5641798907645
6572.1416805396975
6429.609955475776
7190.080502820385
7255.500887462469
7465.000887462469
7898.125380067151
7231.000887462469
6330.5641798907645
6620.546372520475
6788.628573484219
7249.124131982433
6996.3086403543175
6626.110327856919
6616.244623178999
7137.782061225903
7424.150850737824
7192.5641798907645
7066.610327856919
7438.68491341098
7870.55020960034
6536.60921563402
7046.0390744686565
7255.500887462469
7279.080502820385
7185.000887462469
7559.546372520475
7874.782061225903
7276.612274047012
7470.55020960034
8700.610327856919
7128.610327856919
7311.658733144435
6263.898023148762
7055.588155153876
8693.50088746247
6695.046372520475
6283.500887462469
6856.519639866564
6893.580502820385
6897.05020960034
7027.3086403543175
7394.5641798907645
7699.0641798907645
6854.546372520475
6877.000887462469
6483.624130595973
8089.616079940915
7913.55020960034
6607.876443054946
7213.000887462469
6936.53630461846
7923.05020960034
7516.000887462469
7376.500887462469
8454.124131982433
5602.115151449325
7579.318164444819
7081.525173978897
6919.616079940915
7392.233571385114
6420.072873931123
6743.500887462469
6996.312169387296
6684.088155153876
6948.546372520475
6719.580502820385
6642.783415441563
6712.500887462469
7063.16327528744
8984.05020960034
8791.180937758052
7317.05020960034
6486.70165741409
8312.55020960034
6568.546372520475
7712.588155153876
6530.628573484219
7369.05020960034
8326.55020960034
6841.8086403543175
7894.500887462469
7027.664852629756
6905.610327856919
6928.1111443960535
6944.327324117826
7768.046372520475
8370.50088746247
7168.500887462469
7436.500887462469
7013.045986216328
8163.000887462469
6862.05020960034
6649.5526781356
7325.628573484219
7768.116079940915
7768.1111443960535
8136.116079940915
7105.546372520475
7650.610327856919
7260.635462536147
6280.55020960034
6714.132137148506
6566.000887462469
7516.116079940915
7045.000887462469
6431.046372520475
7611.116079940915
6452.028452117273
7824.688226474426
6794.628573484219
7233.132138547758
7042.422520215512
7886.55020960034
7090.417755808472
6218.55020960034
7638.55020960034
5730.8086403543175
6434.917755808472
7504.588155153876
7097.500887462469
7039.546372520475
7880.180490984111
7117.624130595973
6919.1832599523
6836.080502820385
7029.352209389281
7693.500887462469
6680.83372144551
7172.05020960034
6301.588155153876
8105.000887462469
7489.046372520475
7229.427194670727
8649.05020960034
7295.5641798907645
7406.110327856919
7958.282061225903
7261.417755808472
7053.953241606975
7887.535295230235
6172.616174804918
5878.05020960034
7085.917755808472
6580.776060879759
7567.6416805396975
9301.00088746247
7525.417755808472
6671.55020960034
6702.05020960034
6932.124130595973
7715.500887462469
6920.110327856919
7399.05020960034
6638.000887462469
7244.55020960034
8132.500887462469
7252.453944893984
7754.500887462469
7236.937168907573
7210.645965600553
7006.046372520475
7385.202780921536
6593.20165741409
6909.610327856919
6544.1111443960535
6912.524135560835
6613.124130595973
7555.500887462469
7166.003270734068
6610.000887462469
6471.3086403543175
6887.546372520475
7342.546372520475
8418.38534884203
7271.917755808472
6596.080502820385
8384.046372520475
8796.624130595974
6897.669269858401
7198.05020960034
6800.60441504739
6723.221312156965
8521.588155153877
8857.55020960034
7601.617308498873
7173.000887462469
5771.3086403543175
6393.55020960034
5821.29305435245
7322.080502820385
8173.841521481562
6113.913180340308
6999.551376807461
7598.000887462469
7423.124130595973
6277.442464233856
8218.6493993607
7082.0641798907645
9193.04366774319
7359.55020960034
7153.55020960034
6351.500887462469
6682.55020960034
7656.0641798907645
7771.128573484219
7561.000887462469
6570.500887462469
6573.707531952641
6559.668198470019
6653.6619597840045
7384.185878117
6762.000887462469
7767.624130595973
6632.088468529375
6573.000443435758
7083.000887462469
6508.0641798907645
7627.0641798907645
8139.8086403543175
7909.352209389281
7239.953944893984
7345.55020960034
7365.080502820385
6824.55020960034
7526.782061225903
6954.46874196484
7983.580502820385
7253.0304954009325
5589.546372520475
7867.000887462469
7820.55020960034
6725.105091794829
6687.000887462469
8748.236591996296
6934.500887462469
6544.088155153876
6698.329098930833
8363.206689504816
6885.339448625447
8183.55020960034
7826.05020960034
7517.546372520475
6273.124130595973
7007.110327856919
7800.110327856919
7263.000887462469
7971.544249242064
8732.50088746247
6572.000887462469
7286.502897113037
7781.900183157847
7876.55020960034
6124.5641798907645
7505.5641798907645
8499.05020960034
7342.017941576602
7381.035295230235
6613.000887462469
7118.000887462469
8548.046372520475
6792.55020960034
7374.841521481562
7341.55020960034
7910.532540954618
8310.177512449378
7671.532540954618
7551.05020960034
6957.090244391499
8202.50088746247
6289.132138547758
6441.046372520475
7077.048042967288
7853.000887462469
6716.55020960034
7055.110327856919
7271.385537160634
7958.342492285631
6977.791671328092
7356.842364172919
8320.002897113036
6562.282061225903
6584.417755808472
6578.110327856919
6973.000887462469
6918.088155153876
7692.500887462469
7267.55020960034
7344.546372520475
8269.00088746247
8301.50088746247
7218.5304954009325
7433.55020960034
8853.859748647517
7308.080502820385
8161.500887462469
7048.066242794685
7840.046372520475
6638.046372520475
6722.05020960034
8903.05020960034
6648.679432497975
7806.5641798907645
6750.116079940915
6363.841521481562
7483.2960887518
7534.603389342395
8917.00088746247
7609.841521481562
7682.124131982433
6255.55020960034
7048.116079940915
6931.000472194558
7298.500887462469
7398.064041485844
7588.341521481562
7145.322093943019
7301.55020960034
6825.05020960034
7068.024135560835
7770.05020960034
7885.000887462469
6669.120365546435
9411.05020960034
7974.866570461308
7434.55020960034
7133.05020960034
6787.110327856919
6708.112274047012
7105.385348842028
7371.05020960034
7122.035295230235
6871.500887462469
7524.588155153876
7628.5641798907645
6000.730138468516
7877.588155153876
7554.55020960034
7259.128573484219
6715.546372520475
9598.67753082826
7027.110327856919
7566.3086403543175
6916.159168253515
6895.628573484219
7021.000443435758
5850.171388550375
7270.05020960034
6719.000887462469
6721.000887462469
6792.000887462469
7255.707534470078
6717.588155153876
7132.55020960034
6540.178332782852
7242.588155153876
7415.500887462469
8800.55020960034
7619.500887462469
7617.05020960034
6642.046857859893
6023.8086403543175
7740.000887462469
6333.505955764984
5638.000887462469
7459.080502820385
7115.000887462469
6859.8086403543175
7114.200767500655
7863.631430879582
8004.10441504739
7047.000887462469
7248.500887462469
6554.3086403543175
7817.5641798907645
6501.500887462469
6846.000887462469
6500.05020960034
7725.211924292639
6868.500887462469
6955.500887462469
6722.5641798907645
6691.500887462469
8086.046372520475
7326.000887462469
8383.00088746247
7627.500887462469
6142.8086403543175
7282.05020960034
6488.303088704648
7185.500887462469
6866.55020960034
7385.046372520475
8090.0904192257985
6614.400183157847
7018.046372520475
7385.5641798907645
7751.024135560835
8152.55020960034
6803.500887462469
6192.546372520475
7048.610327856919
7375.55020960034
6831.8086403543175
7134.500887462469
5860.000887462469
7456.5641798907645
6939.55020960034
6825.099887930394
6789.110327856919
7309.95099070172
7003.660934354717
8069.458158824726
6841.5641798907645
7132.546372520475
6815.546372520475
7018.141340996188
6615.088155153876
7932.5426761456465
8148.341521481562
7411.024135560835
7749.0641798907645
7592.55020960034
7517.3086403543175
7263.000887462469
7051.282061225903
7370.231900857062
7117.128573484219
7203.500887462469
9012.564179890765
6084.110327856919
7174.046372520475
7556.051376807461
7069.115805503849
7386.304712605495
7563.917755808472
7569.124131982433
7109.55020960034
7130.22894198089
7060.124130595973
7331.55020960034
6219.389402231647
7341.588155153876
7826.000887462469
7209.580502820385
6931.524135560835
6648.3086403543175
6426.025133114185
8099.500887462469
6979.55020960034
6723.808641058889
7736.775801656101
6811.000887462469
6886.000887462469
6479.500887462469
7370.080502820385
7595.05020960034
7591.55020960034
7036.035295230235
8408.00088746247
6659.500887462469
8456.282061225904
6796.110327856919
6660.782061225903
7518.080502820385
6951.799496187363
6197.5641798907645
6811.0641798907645
6884.05020960034
7809.124130595973
8279.052431702334
7712.500887462469
7946.500887462469
8296.064179890765
6689.046372520475
7679.685531696696
7247.917755808472
7110.610327856919
8026.0618208669275
7395.55020960034
7065.5304954009325
6524.046372520475
6897.000887462469
6883.000887462469
6822.869563117532
7106.6743954121885
6830.0641798907645
6128.500887462469
7268.417755808472
7530.5641798907645
8449.55020960034
7294.384815283735
6391.610327856919
7262.628573484219
7398.3086403543175
7314.628573484219
7190.000887462469
7877.000887462469
6780.782061225903
6131.500887462469
7321.124131982433
6711.3086403543175
7921.000887462469
6969.515434911379
7092.089679664998
6056.05020960034
7039.546372520475
7345.5156296429095
6329.000887462469
7472.200767500655
7067.500887462469
6380.299839352851
6137.120397209772
6621.273939046824
7237.616079940915
8046.417755808472
7311.546372520475
6761.580502820385
6294.524135560835
6525.834673587804
7173.841521481562
7225.110327856919
6891.500887462469
6896.405538103386
6679.152713224009
6836.128573484219
7624.3086403543175
6802.668198470019
6809.220765908177
6518.3133776082295
7759.55020960034
8317.00088746247
6389.55020960034
6922.3086403543175
7488.05020960034
8069.524135560835
7015.680905015407
6930.202990945169
7574.116079940915
7136.000887462469
6868.1137508038555
7052.000887462469
6567.55020960034
6920.614565775422
8279.05020960034
6855.55020960034
7417.500887462469
9037.080502820385
7022.616079940915
7166.3086403543175
7474.188526220286
7459.628573484219
6776.500887462469
6698.5641798907645
7628.124131982433
7166.295635446163
7522.580502820385
7518.367569904825
5964.088155153876
9090.841521481561
6788.55020960034
6264.500887462469
6465.293520470841
7091.841521481562
6895.110327856919
7015.128573484219
7776.55020960034
8850.782061225904
7522.000887462469
6818.2142888318185
7664.000887462469
7640.046372520475
7573.5641798907645
6750.500887462469
7639.500887462469
7802.51503225387
7029.580502820385
7975.327458994836
6987.552262437008
7558.5641798907645
6565.823762530303
6833.516343790767
7527.000887462469
7366.500887462469
6339.55020960034
6555.55020960034
6563.536304617288
7419.000887462469
6778.500887462469
7565.5417156008925
7987.5641798907645
6767.000887462469
7834.0641798907645
6852.385348842028
6737.024135560835
6697.225827006754
6432.55020960034
7017.500887462469
6385.1111443960535
7965.404494197538
8661.282061225904
7123.05020960034
7574.035295230235
7391.617308498873
7512.000887462469
7113.1111443960535
7040.500887462469
6891.500887462469
6770.628573484219
6388.55020960034
7328.500887462469
8321.588155153877
6825.046372520475
6867.546372520475
6745.81887403495
8692.046372520475
8027.0641798907645
7898.275801656101
7032.000887462469
7124.8086403543175
7051.3086403543175
6730.794053002663
7799.599887930394
7326.05020960034
7816.341521481562
6462.889092265994
6933.610327856919
6387.080502820385
8036.610327856919
7773.05020960034
7671.080502820385
7196.410759615426
7146.573110042368
6255.535547539575
7591.500887462469
8574.00088746247
7134.500887462469
7862.5641798907645
7438.275801656101
6815.628573484219
6991.3598648384195
6885.1111443960535
7206.000887462469
6192.500887462469
7353.000887462469
7396.128573484219
7533.546372520475
7350.55020960034
7130.046372520475
7283.5641798907645
6034.3086403543175
7518.500887462469
7287.947097677092
9416.124130595974
7021.500887462469
8593.610327856919
8237.312169387296
7572.547001950669
6901.539704452931
7538.473439279794
7768.000887462469
6732.55020960034
7367.202780921536
7371.55020960034
7601.624130595973
6845.500887462469
7077.110327856919
6873.0641798907645
6573.560664593711
6864.628573484219
6242.046372520475
6028.610327856919
7181.002954031995
6819.616079940915
6475.128573484219
6830.546372520475
7806.775801656101
6539.55020960034
8365.00088746247
6313.046372520475
5962.676132345651
7792.500887462469
6619.128573484219
6734.571667221099
7818.099887930394
6848.5641798907645
7926.546372520475
7839.744623178999
6860.05020960034
7657.616174804918
6471.295784176762
7367.852825639084
8167.628573484219
7185.546372520475
6723.580502820385
8334.05020960034
6421.0641798907645
7093.629023304061
5958.624130595973
7382.588155153876
6897.000887462469
7970.744623178999
7090.7142888318185
6386.418437983831
7683.7680462125045
7545.5641798907645
6835.046994866053
7025.110327856919
6947.4762189181865
6849.000887462469
6692.0156296429095
7415.953944893984
6126.707928886831
8061.0641798907645
7555.05020960034
6998.500887462469
8016.5641798907645
6751.588155153876
8185.752321558684
7345.2142888318185
6535.616079940915
8935.128573484219
6720.525175909307
6216.116079940915
7038.580502820385
7347.55020960034
7101.0304954009325
7236.6958690105275
7159.000887462469
7047.000887462469
6927.500887462469
7049.580502820385
6650.898023147685
7354.625606832162
7893.000887462469
6800.588155153876
7429.610327856919
6239.588135124906
6350.05020960034
6778.4081180372605
6914.0426761456465
7595.535295230235
7688.500887462469
7607.238216166952
6853.9259613605855
6376.088155153876
7285.05020960034
6373.05020960034
6933.500887462469
6475.9355231383
7167.046372520475
7388.542715053652
7022.546372520475
7147.334880587529
7997.312169387296
7438.500887462469
7484.000887462469
7292.000887462469
6513.271086650656
6806.0641798907645
7310.797091964655
7284.716123999172
5438.1111443960535
7168.116079940915
6695.509438550625
7014.686270839193
7618.588155153876
6671.546372520475
7896.5641798907645
6531.736303003137
7603.05020960034
6778.000887462469
8405.742704228644
7837.645495383141
7405.110327856919
7343.628573484219
6905.453944893984
6435.546372520475
7403.05020960034
6415.088155153876
6864.83372144551
6481.55020960034
8085.05020960034
6674.355176918373
7732.046372520475
7794.431854287582
7767.546372520475
6982.500887462469
7501.128573484219
7638.532019700245
6694.616079940915
6708.263601727301
7201.05020960034
7927.55020960034
6877.05020960034
7676.546372520475
6742.088155153876
6751.628573484219
7352.500887462469
6108.55020960034
6708.771086650656
7624.882269242048
7867.624131982433
7993.002897113037
7639.274920889196
7333.500887462469
7711.046372520475
6418.98933111444
7699.871805135355
6908.680905015407
7665.3086403543175
6715.55020960034
7410.842111636137
7576.55020960034
6494.05020960034
7793.5641798907645
6635.124131982433
7979.3086403543175
7814.077634618936
8235.128573484219
7801.282061225903
8711.628573484219
7698.771086650656
8770.421896451551
6379.595507350336
7487.046372520475
7366.9784986040195
7246.500887462469
8001.046372520475
6868.841521481562
6207.426098817631
8103.953944893984
7353.610327856919
6852.000887462469
6994.046372520475
7221.5641798907645
7814.700767500655
6327.000887462469
7169.110327856919
7793.5641798907645
7250.628573484219
6704.295635446163
7188.046372520475
7133.580502820385
6942.546372520475
6787.610327856919
6581.504865451896
7811.628573484219
8346.480825040107
6907.000887462469
6506.552057291032
7145.5641798907645
6665.05020960034
6461.939065714905
7700.090244392713
6608.046372520475
6703.05020960034
7112.700767500655
7841.55020960034
6741.000887462469
7687.000887462469
5061.046372520475
7258.55020960034
7170.696174038839
7064.610327856919
6918.55020960034
7533.175128351798
7333.05020960034
7392.628573484219
7396.1619597840045
7219.985403589526
6893.05020960034
7753.128573484219
7557.0641798907645
6136.624130595973
6461.0641798907645
7293.55020960034
6845.500887462469
6176.793520470841
6963.731419121164
7514.125380067151
6346.610327856919
7504.5641798907645
7151.610327856919
7444.000887462469
7488.500887462469
9038.55020960034
7807.0641798907645
6890.046372520475
7529.000887462469
6878.652161721737
7667.580502820385
8270.610327856919
7175.953944893984
7739.3335872356365
6601.607313547299
6983.000887462469
6829.624131982433
7650.55020960034
8340.05020960034
7771.546372520475
6590.500887462469
7577.55020960034
7007.128573484219
6274.000887462469
7268.128573484219
7796.000887462469
7021.610327856919
7813.128573484219
8115.0641798907645
7473.55020960034
6885.55020960034
7688.7142888318185
6956.391296632669
8491.50088746247
7644.5641798907645
7958.55020960034
7975.05020960034
7690.707534470078
7041.500887462469
7730.124131982433
6925.296243964078
7140.05020960034
8298.524423382381
7032.628573484219
7849.066533733139
6631.6111443960535
6903.202780921536
7778.110327856919
6759.046372520475
7484.612274047012
7420.116079940915
7053.05020960034
6248.989736063511
8218.611144396054
7215.535295230235
7223.5641798907645
7060.000887462469
7716.546372520475
5997.691740189844
6737.080502820385
6509.588155153876
7015.500887462469
6661.6111443960535
7196.282061225903
7486.092034930839
7953.116174804918
7000.500887462469
7007.872084252188
7897.500887462469
7128.244988478235
7541.953944893984
6815.500887462469
6786.271086650656
7684.5641798907645
8411.55020960034
6176.110327856919
7114.500887462469
7596.610327856919
7276.046372520475
6905.132137148506
7045.55020960034
7186.547199883176
7349.882269242048
6993.110327856919
7799.05020960034
6750.004294893106
7306.8086403543175
7138.000887462469
7399.71428020274
8050.0641798907645
6392.546372520475
7877.79606196408
7591.610327856919
6528.05020960034
6876.024135560835
7583.046372520475
7117.8086403543175
7792.580502820385
7120.500887462469
7817.5641798907645
6645.128573484219
8237.580502820385
6492.046372520475
7451.55020960034
7431.000887462469
7027.624130595973
6910.000887462469
6441.500887462469
6801.55020960034
7490.546372520475
7408.046372520475
6400.165296386443
7029.736989967084
7723.542292837832
7080.500887462469
6965.046372520475
5666.461205989582
8077.05020960034
7078.2142888318185
7826.000887462469
8278.400183157846
6536.105334567765
6848.37611928619
6584.05020960034
7157.110327856919
7668.116079940915
5815.3086403543175
6986.000887462469
7982.128573484219
8310.00088746247
7559.569180004235
7143.546372520475
6738.588155153876
6949.000887462469
7496.484125854825
7085.052873858548
6211.852209389281
8363.780344582916
7489.05020960034
7173.8086403543175
7123.610327856919
7918.580502820385
7217.05020960034
6894.282061225903
7035.528501602531
7497.128573484219
7962.000887462469
7379.500887462469
6962.05020960034
6780.632138547758
6875.05020960034
6722.278031711957
7307.183404490426
7452.453944893984
6533.088404017001
7590.000887462469
7276.700767500655
8635.926505858064
7447.05020960034
7347.980158102922
7811.500887462469
6431.500887462469
7134.080502820385
6242.336720897651
8117.616079940915
7738.000887462469
7739.110327856919
6613.546857859893
7532.500887462469
6492.117308498873
6532.55020960034
7589.5641798907645
6730.046372520475
6359.886462763433
6932.500887462469
7494.1111443960535
7009.500887462469
7221.500887462469
7049.792786802787
6793.610327856919
6828.88551928672
8133.000887462469
7108.0641798907645
6582.207531952641
7155.625252606604
7337.617308498873
6780.8086403543175
7543.525407318661
7098.546372520475
6341.000887462469
7102.500887462469
7701.55020960034
7001.379066622682
7182.088155153876
7126.628573484219
7885.282061225903
6736.560664593711
7212.775801656101
6834.000887462469
7892.7142888318185
6518.943065820073
6340.8086403543175
6966.116079940915
6293.05020960034
6835.0641798907645
7549.080502820385
8507.808640354317
8203.05020960034
5573.8086403543175
7270.500887462469
7130.489978713842
7304.560664593711
7123.624131982433
6772.500887462469
7426.500887462469
6874.046372520475
6973.628573484219
7727.05020960034
8492.111144396054
7594.3086403543175
6527.500887462469
7659.953944893984
8018.55020960034
7056.124130595973
6467.683517443392
8094.5641798907645
6617.1981733578705
6662.000887462469
7818.0641798907645
6335.546372520475
7271.500887462469
7365.0641798907645
6747.275801656101
7452.611628861464
6480.796243964078
6758.54366774319
6300.3086403543175
7782.050679443223
7977.500887462469
7084.0641798907645
7342.500887462469
7006.55020960034
6898.55020960034
7392.088155153876
8305.615805503847
5852.546372520475
7109.6111443960535
7543.700311369964
6533.546857965955
8079.05020960034
6254.116079940915
7075.080061970012
6711.1111443960535
6800.024135560835
7913.046372520475
7252.869839143833
7381.162677689306
7070.046372520475
6519.757052828148
6889.500887462469
7184.05020960034
6668.05020960034
7493.132138547758
6981.618435900469
6622.53197549884
6952.500887462469
7676.818164444819
6928.55020960034
7449.96874196484
6728.628573484219
6884.046372520475
7373.128573484219
6502.151224956621
7463.405851759738
7287.124131982433
8189.124130595973
6763.05020960034
7681.841521481562
6212.500887462469
6767.0641798907645
7522.000887462469
6303.03630461846
7405.500887462469
6517.500887462469
6773.500887462469
7050.128573484219
7406.128573484219
6830.000887462469
7338.580502820385
7565.610327856919
7720.000887462469
8044.05020960034
7939.824918249305
6708.866215859608
7739.046372520475
6634.55020960034
7225.05020960034
7096.546372520475
7857.000887462469
7465.6483071791845
6689.024135560835
8673.308640354317
7786.580502820385
6635.628573484219
6746.511072217158
7046.616079940915
6596.808231548644
6931.000887462469
6916.094608194964
7162.55020960034
6654.610327856919
7785.128353863164
6987.55020960034
6547.046372520475
7954.015682383637
7450.628573484219
7573.845807679711
6671.616079940915
7033.359223220262
6593.67772791377
7511.022748971268
6941.55020960034
6760.775801656101
6145.561804548758
7298.624130595973
7051.55020960034
7163.132138547758
8055.3086403543175
6983.124131982433
6885.55020960034
6946.797380203313
7939.55020960034
6813.636101471476
6544.163990083335
6623.217497164349
6839.8086403543175
6936.500887462469
8283.308640354317
7483.05020960034
7088.090244392713
6931.610327856919
7881.05020960034
6910.046372520475
7700.782061225903
7419.200767500655
7331.500887462469
6699.2609150664175
6610.046372520475
7280.000887462469
6221.500887462469
7198.612274047012
6623.55020960034
6620.610327856919
7742.05020960034
7149.000887462469
7181.05020960034
7108.548774937456
6633.500887462469
7496.27268640609
5991.000887462469
7276.05020960034
7234.981727149495
7627.546372520475
6959.046372520475
7038.3086403543175
6856.610327856919
7279.128573484219
7762.05020960034
6530.028905019806
7170.500887462469
7197.8086403543175
7005.775801656101
6890.212983152082
7085.046372520475
6755.046372520475
7209.500887462469
7829.546622408544
6916.0641798907645
7225.000887462469
7546.5641798907645
6705.722470028696
6777.391752260621
8016.117308498873
7386.500887462469
6699.23296057104
6978.775091087546
6268.546372520475
6913.2675828219235
6780.55020960034
5892.375671406364
7154.000887462469
8554.05020960034
8425.529352036205
6754.55020960034
8088.024135560835
6648.917755808472
7339.917755808472
7658.044407924869
6727.5641798907645
6177.546372520475
6320.803079817596
7535.05020960034
7420.05020960034
7673.025100309603
7560.124130595973
6426.495275549216
7092.046372520475
8290.116079940915
7540.55020960034
6804.55020960034
6391.000887462469
6619.623686437599
7583.110327856919
7513.500887462469
7557.55020960034
7024.124131982433
6332.282061225903
7778.202780921536
6379.55020960034
6998.417755808472
8251.05020960034
6518.080502820385
7407.500887462469
7355.588155153876
6497.610327856919
7608.431960634374
7815.628573484219
7457.628573484219
7920.110327856919
8350.531975498841
6911.6111443960535
6503.046372520475
6361.785604686976
6174.417755808472
6854.628573484219
8398.980158102922
7298.05020960034
7147.500887462469
6465.405985204622
7046.546372520475
6626.03814984742
7642.771086650656
6958.000887462469
6299.500887462469
8281.55020960034
6730.000887462469
7113.632138547758
6957.282061225903
6863.500887462469
7501.500887462469
7322.55020960034
6405.116174804918
7006.580502820385
7512.852209389281
6877.046372520475
6167.05020960034
7174.917755808472
6841.110327856919
7097.841521481562
6485.546372520475
6809.088155153876
8151.500887462469
7317.628573484219
6339.55020960034
8796.546372520475
7028.625252606604
7633.599887930394
7454.55020960034
5988.062472729214
7687.3086403543175
5809.78833037
7432.7142888318185
6759.124131982433
6982.616174804918
8304.141340996188
6857.500887462469
7609.05020960034
7570.05020960034
6929.500887462469
6797.2142888318185
6525.171679749582
7068.614565775422
7067.504294893106
7289.05020960034
6859.046372520475
6483.282061225903
7456.589024392744
7004.000887462469
7236.680905015407
7816.05020960034
8380.638718522909
6602.55020960034
6806.580502820385
6185.000887462469
7396.0641798907645
6779.55020960034
7006.616079940915
7210.501521422584
7124.711028386368
6146.974225893416
7860.209274965016
7255.885348842028
7945.500887462469
7257.55020960034
7962.5641798907645
7394.088155153876
8126.000887462469
7732.0641798907645
8076.110327856919
6622.580502820385
6233.05020960034
6951.546372520475
7762.770453062181
6983.500887462469
6385.588155153876
7978.132137148506
8024.55020960034
6912.046372520475
6719.046372520475
7067.55020960034
7518.546372520475
6806.124130595973
7335.3086403543175
7084.628573484219
7588.000887462469
7033.046372520475
6824.546372520475
7430.206689504815
5921.05020960034
6618.500443435758
6607.500887462469
6547.616079940915
8477.41775580847
7002.500887462469
6705.255064352967
6945.500887462469
7164.05020960034
7251.124130595973
7484.199127778521
8067.3086403543175
6996.046372520475
7513.046372520475
7575.05020960034
6621.524135560835
7076.789046011777
6915.5641798907645
6199.546372520475
7018.271086650656
5992.371446136305
6625.757526524523
7709.500887462469
7349.580502820385
7311.500887462469
7752.05020960034
7205.551376807461
7045.000887462469
6745.624131982433
7335.080502820385
6219.673626031739
7829.500887462469
6674.5641798907645
7541.546372520475
7706.05020960034
8108.110327856919
6881.2142888318185
7081.000887462469
6845.05020960034
7638.616079940915
6987.0641798907645
7281.3086403543175
7066.05020960034
6681.717822709584
5954.000887462469
8913.116079940915
6019.546372520475
7408.500887462469
7552.500887462469
6904.500887462469
7863.3086403543175
8358.55020960034
7160.687962211652
6363.000887462469
6650.589794499492
7062.099993764534
7321.417755808472
6853.5637073155085
7185.192205486779
6601.546372520475
6623.610327856919
6729.132138547758
6604.239955980455
6699.500887462469
7052.917755808472
8172.546372520475
7195.110327856919
7736.124130595973
6690.722470028696
7187.000887462469
6702.05020960034
6987.614565775422
7069.341521481562
6839.417755808472
7657.624131982433
6508.603217681654
6959.6111443960535
6527.147401881337
7236.132137148506
6302.046372520475
7651.500887462469
6214.535295230235
7537.5641798907645
6437.987341370273
6600.132138547758
6709.439065714905
6865.55020960034
6364.05020960034
7496.55020960034
7259.624131982433
8213.616174804918
6310.546372520475
6628.500887462469
6863.000887462469
6547.099887930394
6906.610327856919
8621.50088746247
6604.546372520475
7297.680905015407
7498.1619597840045
7500.204311537883
7345.628573484219
8267.55020960034
6027.500887462469
6786.624131982433
7301.542715053652
8070.592241489688
7146.616079940915
6694.000887462469
7262.088155153876
5995.785800852197
7455.55020960034
8512.308640354317
8141.110327856919
8024.55020960034
7926.128573484219
6685.116079940915
6752.55020960034
6745.500887462469
7103.624130595973
7240.5641798907645
6746.5641798907645
8172.110327856919
7085.088155153876
7467.959754674363
6670.628573484219
6593.116174804918
7074.815915086388
6682.000887462469
7284.068767071445
7915.05020960034
7485.680905015407
8271.628573484219
7046.217530403123
7179.046372520475
7606.599887930394
6964.117308498873
7211.500887462469
7134.000887462469
6261.116174804918
6171.5641798907645
6357.2639788961515
6291.321620289512
7139.546372520475
6477.000887462469
6663.55020960034
7712.716123999172
6987.535295230235
7068.560395761186
6602.55020960034
7124.599887930394
6715.761660054707
6524.5377301885055
8150.3086403543175
6472.610327856919
6171.036304617288
7119.080502820385
7573.527840973875
7032.088155153876
7121.6361058664315
7258.110327856919
6812.546372520475
6980.524135560835
7309.500887462469
6605.8086403543175
6658.080502820385
6861.04601380081
7478.660862766721
6850.05020960034
7416.0641798907645
8431.485403589524
6679.8086403543175
7151.615805503849
6704.632138547758
7211.156135232058
7054.55020960034
6169.000887462469
6694.490826178918
7374.628573484219
6891.8086403543175
7656.55020960034
6235.5641798907645
6481.156037723865
6587.55020960034
6688.05020960034
7118.624131982433
6759.05020960034
7382.546372520475
7946.715497191794
6857.570565753176
7471.500887462469
6138.55020960034
6414.275801656101
6713.3086403543175
6994.170283487474
6794.341521481562
7359.500887462469
6085.590244392713
6701.243688709738
6904.101876805745
7538.024135560835
6808.5641798907645
6489.0641798907645
6964.05020960034
7675.628573484219
7562.125380067151
6716.500887462469
7477.580502820385
6880.746052181481
6486.077224112964
8362.55020960034
7008.417755808472
6279.024135560835
7086.3086403543175
7424.000887462469
7178.000887462469
6290.8086403543175
6798.470845611819
6739.677530828259
7641.05020960034
7135.782061225903
8458.55020960034
7053.000887462469
7507.1111443960535
7781.110327856919
7084.546372520475
7469.059662204151
7307.3086403543175
6988.5641798907645
6995.8086403543175
7122.8086403543175
7810.500887462469
6820.3086403543175
6724.8086403543175
7162.775801656101
6984.509947926311
7063.110327856919
7487.717988269191
6782.282061225903
7447.580502820385
6847.500887462469
6205.546372520475
7205.341521481562
6420.6111443960535
6942.12438504717
7198.546372520475
7514.32304048245
7487.8086403543175
7578.0641798907645
7634.546372520475
6880.180189137783
7316.0287884438585
6719.628573484219
6848.628573484219
6958.16327528744
6914.500887462469
7595.110327856919
7283.546372520475
6806.0641798907645
7660.000887462469
7300.546372520475
6936.043695786994
6272.000887462469
7284.362727838972
6436.3086403543175
7944.000887462469
8312.05020960034
9571.180905015408
6503.590237991755
7960.116079940915
6535.271086650656
7372.116174804918
6966.546372520475
6383.004240225063
6145.037722553675
7767.175128351798
6929.431851733556
8616.610327856919
8049.394101735512
7424.546372520475
8164.080502820385
7190.700767500655
6948.05020960034
8668.00088746247
7244.189921036929
6853.500887462469
5956.500887462469
6460.586964471018
7828.55020960034
6677.1111443960535
7070.500887462469
6921.16327528744
8211.064179890764
6808.55020960034
6544.616174804918
6240.8086403543175
7811.000887462469
7379.675736351924
7354.580502820385
7089.05020960034
6963.852209389281
6381.55020960034
6446.641340996188
6582.55020960034
7916.0641798907645
6624.526350315898
6763.128573484219
7888.8086403543175
7125.117308498873
8079.275801656101
9073.55020960034
7184.546372520475
6541.6111443960535
8072.500887462469
6747.920349669837
7213.000887462469
7001.3086403543175
7704.035295230235
7720.05020960034
6867.110327856919
8040.624131982433
7464.05020960034
7587.500887462469
7198.2142888318185
8034.500887462469
7253.628573484219
6720.500887462469
7292.500887462469
7959.588155153876
6632.05020960034
7635.000887462469
6230.546372520475
7545.55020960034
8254.064179890765
7665.5641798907645
8507.532019700246
7141.53197549884
7643.212645604957
7152.624131982433
6922.3086403543175
7712.124131982433
8318.080502820385
7372.110327856919
7225.535295230235
7671.05020960034
8153.046372520475
6057.784437766749
8228.05020960034
6930.55020960034
6960.110327856919
7375.116079940915
6627.046372520475
7651.55020960034
7291.124130595973
6230.939065714905
6955.624131982433
6888.847330187839
7055.110327856919
7091.132138547758
6961.546372520475
8265.55020960034
7169.628573484219
6859.080502820385
6761.265522670019
8825.8121693873
7721.3086403543175
7328.590630979505
7203.0183934411225
7252.418437983831
5834.500887462469
6726.3086403543175
6355.918437983831
