149.34571507884374
150.935295730961
153.04688285929743
150.2013129521486
95.50508493583393
91.85379003159437
151.65182201493207
151.4454937414164
155.840873710005
141.1222744729347
149.07902645672488
157.1608204079452
146.881910635447
-12.464310533350526
151.2801288835559
150.34552595301224
149.79399359514517
30.293016034133917
149.81142456789317
26.78524901322539
16.233555012707406
86.95531284961561
18.756173217693114
148.5724515154329
-26.994915741765098
145.08308987700354
146.46453757855838
145.03691902517
71.03819576594869
151.99001882704292
152.14095634574605
146.58356898011564
149.74240013334673
81.35471739069096
152.87023401280632
145.36035381546247
94.41675553629099
149.68952301163105
152.14442400952373
150.33955989862764
217.22793368106144
120.47021361610135
84.56774357878885
150.09303511599765
10.534308101791861
162.1439914230474
151.59480503040635
149.21666242510963
148.85701930699503
-27.99975785721913
149.9091373174624
297.11480375849857
-31.612452940604854
55.052470530059395
112.56242702546412
148.98567154308756
149.98427749761422
149.2518152186963
148.9807049939026
150.722293575541
149.20921323177987
151.12973777250406
151.77278615655774
149.71946924849823
33.11050379674037
130.4689746001307
152.5420839122482
149.57581310304738
150.4815859790098
97.17678589843632
153.84481734803367
151.6707305756862
150.72303195259943
-5.951268168976837
149.26524334574955
151.5196999209496
148.81985853741324
147.23361345404282
149.02672927211563
92.06520460029624
22.112139959222677
-0.03716783931877242
59.13029035565612
62.208202328695876
150.18143824004727
150.7749428825938
148.93447296832517
41.868344817054215
-14.492174368516809
148.60140907221404
146.2298325120078
148.47432587238097
28.412952591897657
150.87979538614337
120.67028386258312
145.4692158283666
148.08186745608594
119.79426309846552
148.0901679514393
-5.774728444685563
76.90995249276968
149.85226529253308
89.78878482577635
147.07940705778805
151.72482974886566
66.46582549205294
161.77065166286457
53.64821618215379
152.3599641827769
89.48068634936473
146.60733981326337
147.8968356045884
146.84920605273985
151.04434511305675
149.50336260505125
149.06986943914774
30.67305602605431
149.4965110036494
152.92126515463107
147.71383527889884
149.70332352219762
149.98726801578314
148.53314369395105
148.25002266579207
148.23346348703132
147.62026902765587
149.0482007148314
146.75993688423102
90.9430698644478
29.074426002505877
149.7598062774333
61.18832421877541
149.05100666655733
47.47502753006432
99.7099665521401
66.98774308352394
149.94905561032803
149.39913814603065
58.25606251481744
146.11548276959925
153.93744086459634
148.59051879268975
151.63534956363864
100.04383116875083
-21.373341144722225
4.173070425124346
148.66478783558512
150.96755421329718
149.5126516246451
25.218769021166988
147.72205710607597
149.27945800414508
149.41071027792287
146.66948039749397
149.6277185323523
150.8208911452551
150.07639040899923
148.40183443302385
52.68902348784959
145.89120203912745
149.51840954843462
180.2132777050994
146.16616020343295
120.84887280844993
150.0786909375684
149.90019176123272
153.50444113820637
39.69937995323859
147.8095091297484
153.8363674442667
152.58232655513606
167.41800546127385
121.21089954623888
145.99733399890417
147.93923003538256
177.32169248248553
150.2893588834083
151.63850442197307
149.21716113418427
149.9134724600428
147.0808073296964
147.86257250503004
4.688951994170514
-37.53040816452657
84.36745996333273
-5.34222853803844
150.0733111684635
154.27276298396424
1.1870018204374606
146.7955572509061
147.53326021422743
136.3381019512303
137.96214828449484
148.3555042715393
128.8377174942834
150.59926167862432
13.259363555892968
148.6548487493358
148.64992025460512
152.03998988163065
150.6699805554078
147.23410324482504
137.51257946533894
-4.90778717505635
87.45294105147025
148.2012372494499
86.14312415985162
148.87201512061114
-10.093998556710957
42.38276368662421
152.59633537353074
148.8524203752991
236.09875394259433
123.49538696500218
147.5030936294409
129.5881050104147
147.12925335135176
152.41656672412168
147.07258844906852
148.35923733910826
28.867045934832102
152.38848730219766
51.356400716782076
164.31462176629628
148.85287028156222
148.46306225066328
151.48946974633168
146.477297053779
87.94804829868197
151.45314186400634
54.02670792603016
194.57338881383015
147.10784231735363
55.53236490179941
149.36603558827406
137.7867243822096
150.42078782590906
149.97715911036533
152.2706555862274
54.91452097223215
148.33127291862752
36.05532336981028
-0.8178662469289107
112.89952213113621
149.61566365200255
147.57211941314125
88.3127919209308
144.0941129280456
149.71187796890817
34.738618285550864
72.74282898283727
147.19194473411767
151.21849202994937
148.10220782204405
148.35254747881416
34.803691243445286
47.282958668201516
154.11998811884496
148.46265973894046
31.876761715238306
147.1778751667744
149.8034492767699
145.4996494742841
52.44464778924736
150.6796924306586
149.0254710628321
65.97943046279357
146.54264857140944
34.25256115176133
147.73555313529644
109.23587290558577
167.60534244568885
147.8738985414149
148.69798279000585
152.08352104325994
124.94283732676611
146.11989773541177
32.9126476010594
147.3923765542824
150.32726537701944
70.39813715047987
74.24385304269597
144.21921686204698
152.23228943598733
-26.088059176302963
178.56529793653556
148.23635972798212
152.8031383601245
146.61727992054355
-7.299096819681773
149.7513804018621
45.624864201479
149.4329803242531
146.28609450423005
151.92960318359647
147.22654893369904
154.57594571460726
152.18274788518065
152.29199484174796
8.489635253159694
150.48592874306914
149.7706516465525
154.14054037230088
148.20821456226628
150.09097414668568
147.86808380248007
146.97832400714046
18.72039491435902
147.2865420716668
151.87293021664254
151.0763608305944
62.21564798099872
149.3169803259462
149.78330450355227
131.06294681270327
150.87255218029497
148.17469601345664
145.94755925777235
86.97093994472625
87.60913616628474
153.27130189187176
145.87288358937334
166.76933070336025
152.7883018295517
84.6378658670969
39.23713650718874
43.072715205862714
126.25535711678147
148.8583373125724
91.74785966722446
151.89318212519345
-21.185944543874974
33.440322895093395
148.47818698945858
42.61573048442691
153.93245247030444
148.6435137947333
149.64562625567712
150.3395719793983
153.41136169987988
151.37670594481347
146.64031385791466
11.985851548947956
110.03980739453203
73.34562922520986
139.23765817098518
151.15997973152687
150.684100844699
151.84255271457351
137.8985486112971
4.770072128570536
146.39485038439742
95.78174734182187
148.7659077649373
147.1834159988335
147.19498670909866
150.18502393885254
149.5168203952379
148.85441304910336
39.580515913879985
151.22347120446662
151.14023454578188
80.74393378979217
45.316158811178205
147.64574871349257
150.81208732441695
150.33311219969093
150.6813385197036
148.37231478050475
150.15350874722003
4.210344306793029
152.28976116686445
146.8567582403087
149.23481150435242
149.06406970524148
2.3843375958911075
146.57492751589
149.341197781109
147.50164180753237
145.50574760406823
18.63198827091215
197.3365268111563
69.65371893123178
62.65069904654412
151.3920945094142
153.07191447930347
150.02924026556101
82.51547111673374
56.08158062443708
148.97980103479765
147.907428525605
227.87329948529995
98.15091715446358
147.49107061970534
307.4714809880833
147.53831882167563
146.68058913007914
150.6760122632758
-18.04438753579117
147.4205413096548
149.40057272134158
146.28203500187166
18.347560594924673
150.58412835698138
12.87378703066052
148.49938708934963
148.16166086084775
147.494874109879
145.8080366566173
150.72641402220927
147.48690862929507
111.6817968753754
149.66552959843563
151.20797285678057
18.193356471431404
147.66535965743918
146.66415901147406
53.39447934963394
145.43747961989624
150.05590682960792
151.82316063593024
52.390655582048545
15.806478885931186
145.24433205313102
65.16210497357534
150.00827202366293
71.93453086893894
161.8643613034726
50.37752543310449
147.54724833231265
153.46137405768494
70.01965965175287
150.84434182730914
44.54280180529613
152.38968518243988
74.66406690888542
147.36460090684946
38.20351101515172
72.6432273450419
148.70295979093413
152.6064490526747
146.43299992807488
149.07604253006116
149.76194715655723
149.1655347790696
149.61638195748526
149.0878292541441
149.31316153743867
97.9858958814583
212.62583638933066
152.17843589570032
150.90127179824466
137.31191568233677
149.8114832518813
146.1542037379915
135.55404357095634
148.95968433850538
91.10365338816814
90.36530689552616
149.80674434320474
151.97686351877084
151.4192099971193
147.90252822661117
53.902696211657
89.78856044095308
296.37897671728757
150.62881679421102
153.5512994031534
150.77366227775096
-1.9989352847335229
24.045888661487314
17.445927738435103
153.2759853156377
46.38842481483455
150.4991169396479
137.50153702380987
149.64101372282443
149.27037736276895
147.11773077438693
171.5730628102053
3.4183103432616977
152.32681483027585
149.04583272731273
86.18191001253831
60.378129354930415
145.84889990790492
151.17129489252548
147.13680216191392
152.0826056353675
102.30428030706169
16.292358885316254
152.59986301818807
147.57702828636985
52.82810769325137
151.49506328063083
148.09639294023825
149.7647843026597
80.49556862226665
152.5066974698733
61.00920267783285
147.71634591078518
85.69480333088178
-20.05333280663726
151.03920721445914
151.92666194623212
129.0301583503064
43.90591086810895
149.72785510243648
151.94058240710967
152.01940504427898
149.56289447555167
150.45967481359455
218.97486893298836
244.8215103151364
150.14683278419213
150.59167075789543
130.0446328542435
114.19931130377753
263.5829349711019
149.3843705271685
152.8312633664226
158.8056085578079
151.65649377537713
145.30515516904467
313.87017041831746
146.33542877811388
54.90549930354961
154.2334509128991
146.51296765964616
149.94618969686476
138.63114606957222
135.06108195949184
147.0877416079061
153.8306412811929
119.30110348098516
51.533637744649184
149.89163865633296
153.03911461319674
149.35644484518215
43.848176733896324
149.11314751716378
150.67036315540187
53.31327520817291
150.72564446262285
149.92042413763488
95.76057639313116
149.31214607112852
150.12126329977184
153.8428628554222
145.49487772275126
148.9196582925037
58.46671752792378
149.18314957559735
149.05412159510144
149.24332485412725
151.40353589635146
93.0984697349774
151.95672512306928
-1.5093996697669958
148.91724497713446
77.42754039584072
149.2614398276705
78.29850254812547
213.6274519493251
220.013474665035
-9.735538661623126
134.30440342381877
149.08384707445245
148.3671172509749
22.68785873335589
158.74857540136796
147.08802299727049
151.55369140960528
6.902593251958933
146.22272225845663
151.38725984611898
150.47722002123018
148.99825272414444
93.15280089507344
58.72971028069344
147.34208665221485
146.82170610297328
25.156796451287363
52.83461971534796
149.43968007237626
148.92010884145262
45.34377545366443
153.05377235985702
148.1516858483064
148.38409829250503
41.69469155521298
151.06965904799875
150.9138154175859
150.77442496057785
119.78640565204583
149.5930742881319
147.13214074175295
152.72515131530787
310.0844791583888
148.64215672859328
38.33000692348999
73.40682007532043
147.58072343464102
149.26034283102442
80.40589545972614
151.51315636313768
146.72655996374385
86.87599355483562
149.47743647283593
50.899520756702586
68.02642625980575
151.11614002017478
-0.8606533137617232
114.7618015842254
73.09533853907367
150.24114510840843
145.8540485005832
148.34700479358733
147.0308944488725
150.62845650191542
46.393093476350614
95.55947875598515
147.31135667113395
25.98391314876517
152.05367571798195
147.33356105568444
-7.90330045213492
148.62725305014644
149.75691904192945
149.36537054608814
145.63285508993403
148.04431005041565
177.33705528782997
73.17356610053893
147.59775990472534
149.97734242431062
150.43309951521564
10.364691151191614
151.2163002032759
151.82978575092702
152.39532180320046
150.51046989430304
175.5349255100444
147.4887142630596
148.94534596555044
147.43557981864697
1.0910728669028207
155.62830922021402
147.90099567630276
11.828122055697458
153.47926105133837
61.93943655965439
164.89199891216919
150.07363396933974
146.76946433867334
147.77152157875045
59.67613568282835
150.4729280041036
108.96876387853025
147.35696989801278
148.07284819994928
152.11568252605966
149.57055237891055
148.78414878472418
151.81622758398927
149.01049908039698
44.01308274794992
149.83992294564095
27.67814275751462
148.28875232835733
95.21504207962205
150.74204997513746
149.07559634040538
148.9137065166133
146.98254796850452
147.19701049997948
147.12807539250784
9.896529800337584
148.19184397265727
97.20981603081104
113.74430872414212
66.17839913156372
145.39057486694276
115.87894248568027
149.77793318359434
148.9752527013369
151.18970549127826
152.1817606123758
149.94991985210495
146.77174460330374
54.85988263148463
177.35814565256464
24.99531628444312
20.306857502240348
40.02517299409963
150.14230694453656
48.97815147904264
148.09764055861038
150.04313369107402
205.081605581477
81.366956487588
149.04789853875866
150.25355252611578
147.75064801019622
150.1723962155267
99.0323099295489
105.98244247948492
6.748962368759698
1.4267938118527839
216.3174952583825
151.52862421143894
148.10344596545173
147.56541929749156
28.95232345797241
150.54198201019506
146.36953780087399
150.0855111301717
150.171627159864
147.42255610282413
145.43915574510797
149.30937283413624
127.1641896892799
140.2471926656529
87.16448882295377
148.52938714426847
302.7772863891502
145.25142301910154
147.60075713942678
151.58432271114305
147.74526377304093
150.41086657640483
145.25742246525465
85.35981893128864
194.56848916712653
149.28921452793244
71.52404389408672
151.00003271156476
86.63623045019166
151.73078219434169
43.63861510699061
149.6107792856491
149.84568535021808
150.81261576442904
148.93549948074204
152.04282868402075
150.08165229190047
203.45145082731028
149.33629928676038
131.0952160776973
152.29838260143822
152.5183783367173
8.868184912074573
75.978092857125
148.86342255723437
146.12700565014896
147.98234312217227
151.99282025143833
149.85440191853863
151.15374294918445
150.56963073436992
148.47796616789523
149.91544415317458
24.24318742145317
246.36917554207116
147.60533000962332
148.1577321363641
151.25042236343276
150.09230328090283
147.9654189868199
149.34606340451904
147.60724609237602
38.0194372431353
19.659148552923526
15.30138319893582
153.4762944998281
150.56894811460785
149.54370830372372
98.07868702588705
149.12202785102704
150.11879261705448
149.04287234658807
149.1958720717666
186.55455542045948
151.07547114848472
147.4111106013856
149.37618208875642
151.7807485920262
146.36789910335932
150.6469726516702
211.72304803941154
132.8171409330585
37.78309178460052
147.00251752704372
152.22141901710714
150.86141036657727
71.44698965892051
151.6219866769051
72.36753761671224
46.02620969520317
148.05981337178525
150.447235020513
26.248962658861245
202.74049324507908
50.58659686845177
124.06953266835856
81.1638420698077
149.9099312103969
19.405624347622254
148.18940197910487
90.08937480199725
148.55023982361678
53.732385576495865
148.94566169898852
149.4808175577485
145.17233938172285
149.71715824422057
151.07673722944216
-25.915443339961943
148.94584170409198
50.050924163876815
122.06799701053157
153.26186715108773
60.346545892626985
50.448310300072286
150.74253182289053
148.64918525943278
147.12482935459116
148.9227345595883
150.91460519542858
43.053779703772456
151.9947620884798
91.27255151611219
151.9064431418079
149.3635205889692
149.20694384631355
146.95940516821034
149.660708090326
147.7653770892439
149.25984183635393
152.3702960861905
150.22186337574095
150.03484979026135
214.10939322806058
89.08817816556312
150.35643534641824
14.203217272358659
149.99783435641456
150.36151050815513
147.2259477383178
148.86191891040988
89.81298906972756
69.09281890793876
121.95014583997745
146.70443699840422
147.9086895395855
149.81276696893002
147.08932068855214
82.91597757794545
216.4885679247839
147.06525681224747
148.82625337139086
31.457138211239684
147.31906373133006
149.9604536310413
149.81692521435465
144.505668104178
38.25131711462067
151.31286097881835
52.03884247492088
148.2199109652227
189.1265892508606
151.47503908839698
150.72570290769352
151.14945768736624
148.61660885638327
147.91368906076292
148.01319715771422
-6.774177465581472
282.3324125191113
153.28202124604925
148.91021119116277
151.56914684298908
137.81042043982748
149.33247532124983
152.54760658370668
148.61016591158543
67.84437589600739
93.85240053193219
312.8865009501785
148.57638181688063
151.0381542732929
153.64311977061718
147.779165197893
148.66092184968386
148.34509553971748
148.727960550102
149.94717484254997
148.42604443455096
151.30547831845
148.76106382309428
149.5396164521088
148.11479370315524
149.4807069019978
33.02442166454504
152.7117438202421
147.10356036745864
151.37879943016532
81.03258593449351
148.634918363551
148.34545740591534
151.40402060411938
150.6036360509412
28.159305634001367
149.63624113728903
150.42017771430042
150.52420815305604
13.987037944720077
127.67660846628652
149.8586120017315
148.41229348656447
38.96391531620456
150.2503321064901
151.722282408035
127.29624728233394
149.1575248533324
149.79472702763525
68.61694135892047
150.46800437789605
2.5277677617027
146.24850272419465
43.18454014459749
146.7039174064472
149.83465934209298
147.51385165046327
143.44096236495128
149.38617230558665
150.6391399974693
149.20186417990533
150.87238072928002
153.72580136488463
146.78291097860654
236.77864988160164
80.16372509367952
149.28929140636424
151.31615169975723
125.57258841598679
149.36938410358007
5.171243169003613
149.774974427059
147.59804810389235
148.4650643436016
147.95920652386866
153.07694486296543
147.92847103531267
41.474049002491896
152.2264274017855
151.49349783844758
131.7176223895328
150.9497887606011
14.75099622659732
145.972718876254
146.96033759025022
149.12193897720306
343.7989831384232
146.97194830808843
149.32318662702204
146.1858304961167
164.8443107631965
150.8745392486486
149.0289044241532
-19.36603333359146
151.2315333720733
74.0621189621655
150.65310633669844
84.70034695912793
150.83820651624094
149.92201733932401
150.19686638399568
43.32982122062246
147.31059015399495
146.3149264178149
150.36736777963873
148.79534511878174
48.62898522610805
149.71323424429352
147.30456370478433
145.8796690620618
67.3960070199484
151.98598844378898
-6.696918367147078
149.5775768771396
89.25282146745309
149.37626993638517
150.48915247649163
252.6011184807044
152.32862852302262
148.37034509636104
45.766608007084116
148.28253410247618
106.33847324775856
271.29269891133123
93.63904048622693
148.2505203544696
86.36676209073325
151.73442478425568
145.4079563844089
147.2774878569168
155.94424143638176
1.0714847756255634
148.19064740906992
301.6083054284977
78.25705241740765
150.57352118499497
148.12315614898
146.0994831207194
146.62304656159407
145.2416878825447
130.39992018146597
115.07941597627155
216.17473532630262
110.19469685897049
151.8326947997858
81.75241781518999
151.707656747078
18.299739217032144
148.46776543100322
147.58122434320967
149.96876629120598
150.1111916709208
146.52438002282054
151.5322643826161
248.55956918069006
147.1849150455217
148.61414570629304
74.10762716722758
147.32237531004188
146.35561068370112
147.3826222733708
266.864538390561
84.33531313003803
127.36876893858066
123.17761831813573
-9.735423611132978
116.83225919950918
152.28352582937612
265.37325300830304
148.65214303679326
150.3395026412989
147.11324525213826
152.7545727500265
147.82329792357285
148.69181042101468
149.40850279874846
146.9390085874074
150.77606977658127
109.15031674822174
108.94905790932245
146.74958830144095
119.79408056389565
148.42249384553853
148.83175266472168
152.25461408143235
1.7771198417201883
151.99816766078314
151.40338423129597
150.35434216909056
150.34038262432153
153.02778827074232
185.29464692500125
146.06679952348972
150.62103578324533
25.644084813441758
177.84631539144488
148.99186323721
101.60808026577962
148.3876801763346
150.81935656299993
150.858204921373
148.879121899023
149.7123300312181
68.33214856711561
22.391392296235033
412.5983174448607
149.15236954995913
151.59280596867734
153.0683639590234
212.61257501934637
150.34537153126917
151.5864639068601
141.99951356043775
150.5476138195048
70.96488319446307
8.076657206416542
89.28642459824184
150.01300699302107
152.68275617420534
150.50855835750193
147.29444259858704
150.98924821900718
148.99209865099493
150.17573164843745
108.92534665264932
150.6670236476455
148.9366329684932
255.43771256915636
152.6080767869776
91.9300779607944
98.4313066670836
152.5079053773469
149.73596625591114
147.5681487264486
184.55526840782858
114.18446177944644
101.46232358328734
151.0719400690197
176.3042144900732
111.93730182961777
151.124730893995
147.79206756887118
149.42430025554484
115.13483049800695
151.22396971434634
145.624817579452
153.8414921373176
151.09796548348902
53.044044402863584
151.74890445151794
151.16254331685022
150.77548294966746
147.13988571147289
149.43868313441945
151.74227653496274
149.16081767993134
153.20791412435236
147.8529044388855
109.50478058213146
150.76058703939228
149.33484148109878
32.152066001219374
149.2627197073131
150.66120005380054
147.07712864443877
147.9599023704869
148.42278213880186
149.43088140053675
146.4347925581208
150.4453484854058
48.29280247768263
152.10816375836836
57.81712306483254
146.87363585803152
33.14000142260628
87.90202757811943
150.14647108973958
149.60837879800368
152.37025169751706
30.563370958658986
32.9736659213125
145.90677933449456
72.16763579211518
104.64432716912867
58.366060406716166
5.9239098698571455
149.88263091239315
116.19525440103523
149.85995812948985
148.4311199820228
149.94663900333566
146.39936111248323
150.20761988732045
147.99125472980654
147.98342330461958
148.08421371419337
152.37791861990436
147.4842574944931
152.41954421564515
149.07815901351287
144.9375503210029
150.90196701298947
148.5719797611039
146.43343896782923
148.09173822197752
149.69702172455564
148.3599059445
147.83046254410473
90.70249635479244
148.08888162826705
152.59819566048827
146.32504157173557
148.51469840377266
54.87804619550244
85.22389475560212
9.553867220702102
35.51903133595503
144.41623434097204
150.98603006091645
149.03349663080763
149.57103173788232
52.56579182538577
115.98166286250921
82.29129614584016
70.22747004041803
149.38535647315797
147.8929294096289
148.55433915675906
-15.33189640736527
152.7804613573858
147.6273961389139
172.53413812119584
151.40403030507017
147.49343995978856
149.20289293732068
71.96868558626568
87.6879168166744
66.8818909874784
151.74415168054264
118.8714228595065
147.00722853751782
151.77115318956714
150.0437630387394
147.02347882153197
149.03842292286507
147.06843100076506
274.2971596955972
151.54743025558483
147.2900069887783
149.70411244409073
153.9693824336953
150.772501079169
203.10764582035236
77.8111003376827
63.263435695781354
151.09126141420177
90.75036298462373
148.7313660310738
47.71133667669485
150.69074605841627
151.31013495718722
145.69062383197323
88.30884142039622
150.49463913376292
151.2480795399101
107.14667011568724
151.82791587147483
149.51245541931422
148.9342159145196
78.06852141962565
153.06000133843872
147.19107309271743
310.87577598450423
151.54952116427057
101.05529818640278
148.3187827167965
120.96916742901938
151.46158388222742
154.36825736995814
150.91501122950882
70.54598654091272
149.658144817478
96.0852114991033
151.9458355308346
149.82869466071398
26.31224263396063
149.18943063732388
-1.0597040502438233
150.9735174544615
145.36249050528144
146.4153339079471
65.89063313855499
148.67726257710345
120.98167826219284
-27.09424371467757
151.42743192571066
130.1895822327716
148.30663346280105
69.61510692930959
155.2909125611792
155.20876267663186
151.07325476448756
146.97535114297133
148.7673209602404
149.7177278352956
150.12034869903346
151.22273256856042
150.61293229599062
151.41809172219402
53.363124011670635
28.348049428154994
149.0963871978909
79.21831942034862
-23.337869516411185
177.9530979483749
146.1930654415555
162.67207599180492
150.6348383240012
59.25920714221701
145.90599693190327
95.48777862386001
148.82703918774422
148.25942076186777
134.24581922481923
98.90800626433234
149.55087190038753
147.60282128887005
151.45247021073436
150.124692158955
148.91305428928894
149.87285087580588
150.7322305964708
147.92790326183567
33.55412542965611
149.39720792304573
94.22213083937012
14.909792133302254
148.88228097273952
43.782119583644075
147.15268702783592
13.35976481170528
151.65192465062069
147.59581019960277
109.78580368305151
130.59123332703984
64.00913929149112
87.79912222539213
98.00572374530825
151.54495159380173
28.950269105798753
81.47466922115404
-36.64760331437647
150.4601846196631
92.38357664787247
149.06101734903947
150.43765153780183
39.92438811927538
152.02831165918755
150.6854390696208
151.5160814424844
151.9165008494759
135.30739210674312
121.65396664593332
150.92572592784435
32.65855193665561
147.325548843695
148.01794477535762
148.93821749067448
124.66284297226126
148.18816735512885
148.22837626780944
147.59847839531278
149.8025308392777
150.93414219095453
69.79329497639863
150.33848334167027
111.18741193404446
2.5803184580920626
151.22554939622765
150.0024416459015
148.9903945384251
154.74965088625032
152.72638097589092
149.88775984087596
151.04671556489757
46.49935714926903
56.22930993675213
152.6607920662271
-17.004192776171223
149.0263506691962
426.5032407204824
204.92314791270806
78.86763149251853
62.136117349378026
46.20677379691155
88.34009754616991
148.82180158915597
150.50025867604168
149.50573877818
53.34513206460502
-6.034538558963847
148.933660406542
229.50640449297714
43.81648390824655
54.915980220701826
24.106262895074767
148.84734186865677
149.83779393470803
151.38620586531366
148.13837593482978
55.78769418090879
94.86281023641811
86.9224014258057
32.68451152691168
152.89045378415452
20.956221699199126
48.07943371766387
150.83903409179803
150.04606341551448
147.683985434011
31.52457038750174
147.23005111628214
147.1502873782547
147.20812083278298
115.03678293750531
149.89617598698626
-4.555754812949033
277.92450020725965
109.521614540584
148.41645915073605
148.71850546379494
149.11986106106437
150.7237924456612
145.10575089158988
147.33220672782008
148.65044172359913
239.9791620399316
150.737926841923
149.12825269897994
150.75449353411204
153.12578938469514
-21.657247939711073
37.425074471915316
39.30528451558569
149.80071234865767
24.113158918419142
148.97902386923514
19.73277593772656
15.271559936886753
150.89214441052454
150.14629398728448
127.24339459821121
148.84397114876634
150.649010827445
152.79957072520332
29.286110323526408
147.65775552340406
290.54902883555854
150.31976033753733
39.42228046185204
62.60772774846412
72.14022959612292
104.61041658586069
146.49609117467426
146.1875554983395
149.9488846546333
150.481800400605
148.62559324740621
148.6786236860164
99.54007502855784
150.10089770240117
148.87692524169427
149.63500123827146
149.40822726485996
146.88174154886616
152.12183261789485
38.544663269689615
25.78475337960508
52.5989555873974
150.6017508925017
26.417587568303883
61.25156411596262
148.5258000682166
150.41595097626072
151.3411423410062
179.11182103091429
151.32400615074718
150.19252002280535
154.52258133035062
147.31804918013293
150.0303525190303
135.5334234188196
148.46986205278972
148.93095161795858
146.12186053330166
93.8978342469563
147.34587276601357
18.200233193884326
148.00903558217993
19.02930796496093
145.7659042165419
149.374849045034
32.32977349913452
148.67947857869962
151.2701551908823
151.87893470361587
82.81688210810525
89.96305057488468
8.167572151573165
161.99416690627
29.31670220154116
77.57725081357908
147.57217863168117
150.38953968561998
94.67931897537439
36.22956835648169
149.39704437003473
148.82591509124578
153.8909724468873
149.64610255679827
150.37850000775967
362.41266557461927
11.758509600317538
151.11695840287737
149.83893914176002
108.31123467047267
149.17691132224746
106.19482562955133
40.021936636714784
47.859928514145814
152.84707297572584
257.2624605136752
150.24555238418645
151.40110213851594
114.2967938310444
37.39624184787295
82.43520365670358
150.2683178742903
153.20302015591685
102.6494056807025
57.64685442608909
39.99723207522508
-27.85375125889342
148.56537640977328
150.18555459960632
150.75463380073623
151.34379228325957
62.41626442732481
10.35100747785195
84.61957082730184
4.487109042602207
125.0966700990608
145.20283116915985
72.45395883326168
148.78011276259178
-0.7541158627236013
151.39119502690082
148.93740799383784
150.11269301385641
150.3840895179119
148.0534031117527
147.82434811163847
150.2137395925347
139.73749747639025
152.8493681274649
149.43343700948827
65.64616379131074
151.1000836060733
145.76766591856367
149.75858651944253
152.434601102358
152.83289633049108
147.69285021048387
59.011262736061454
85.74129878559205
152.51406846071308
149.65086946674938
149.273280692062
304.4871589549199
146.89754374745064
150.58562423919344
150.65538561111543
93.44291679385559
149.78158553581738
39.99016561765686
70.30495222611879
149.9840430275396
149.27352039103474
150.06848820671533
151.6065706047729
148.27007960557182
148.3531434978754
85.95890218620659
149.48694967201763
146.61818031783363
148.80562620463837
147.89882645420025
52.113349721311984
-13.213511586258926
152.06405477350683
26.1983290330556
149.94289487590672
152.175014251119
151.0709429878562
147.58631436479482
150.22166861501827
143.49044244926145
147.07967182270653
150.31108764624133
23.15373888365335
147.02065267272982
40.77632746243912
66.17237566410797
149.8850153119578
263.5073627068488
150.08690557908398
269.1317418121533
146.9468959890135
146.72683208967806
148.21382954287506
44.88928187655348
150.64933934854525
150.15652669424287
151.9059996962086
147.6096185515733
57.800617552821954
88.5781017909399
148.62709871303093
157.52664399461224
154.34565760274077
145.36876519530097
130.13391753804348
77.83288703544189
149.65232943798878
151.06209023130972
302.8993755246196
150.55133065631514
40.14015840886264
150.4487276091164
149.57521370960794
151.59026084135223
151.43342742519314
150.56210520301076
147.47168380837195
150.23396772989716
149.42871673398733
148.2024485932451
148.1809683793404
198.91209615179739
152.75764040323995
151.25285274951756
122.53656996458581
148.04658761192707
-4.49671999470383
150.0319018588485
144.15869828789866
77.87292033932286
152.1179747365274
147.331937013659
149.95810738021333
149.43276780522288
148.22968526991536
149.4400774239362
49.575208642200295
147.83353039656532
151.67781314974414
95.8952041252681
150.36434578096868
148.49705660483397
148.0367088030983
22.89016709569954
98.59407962851098
126.94227913515235
148.88314233634986
266.22308309011237
149.98761075381972
151.2759398772154
-13.739996464085586
149.1018666569592
148.52305278745007
150.86365033464594
168.1043026999743
-0.0963956284014379
25.02539420813151
147.58305226805413
144.6936252573526
91.92157401908831
147.85100196745958
146.70035829091245
149.46321836677137
151.99752957399068
148.2610119744249
146.79119453378186
148.8809037898372
152.71723786932426
150.71612316204767
66.13183578670306
80.25306780911198
70.73542535230538
21.527565629216856
151.7052422509764
152.58619030678415
148.39800240242437
145.5676603046632
-18.11618329880083
152.72982916316377
148.96672793876664
148.9547083191877
-27.610198127615053
147.82181209207764
53.731057700308455
214.90540032745625
148.40454062572857
149.04642370742823
148.2102109208744
11.64630898678836
67.85776605199452
31.013903567108734
147.1075898116293
146.7971814717643
151.567268260582
70.01883995802524
21.092804461206324
14.086022267092218
32.577179508500954
117.75322415491986
152.79348138089173
148.59837691851865
148.36947941682533
152.18533705627374
32.55863093810017
99.68013203520108
-3.299024608994891
146.46019742889732
150.92445871925182
153.51916990261634
150.93848008558163
49.332879248602275
-1.013742197045927
147.21304200486875
151.2926254562839
35.07805503192295
148.7702880821518
153.21816234686028
92.71690918399867
126.63657763463999
148.92440792482347
147.2739374317728
148.11306529660118
44.257458249813546
149.658421187104
187.99814345578747
148.62921978571168
230.89810718508951
153.03447536991337
146.11878333584158
63.66621287472579
148.18479247547282
65.525484445766
150.7748012830122
148.5530401451492
152.40883566358303
152.35425131958593
154.8069646639518
150.03034682284905
148.26959830916897
147.6859948397694
150.83062480988053
132.1663748618084
149.427380209929
153.97065494086812
151.7806160796257
66.05707736760023
147.38164741316191
153.01949887910538
152.48312703024715
150.82873826001145
25.470805332173246
148.56771790023762
44.30596851359836
149.25393263647814
80.08217215182107
33.315001042826935
148.92374347622933
80.67096880855999
179.56469398001576
15.23315458007274
149.67407061712714
219.2427577225638
147.831809672518
150.41992571824636
150.16762833376728
149.8799887261919
22.97617818040737
148.9703511977021
149.35093258816215
148.4147607416165
66.49956453710114
150.86027306031343
149.81905299527514
151.31166392132758
146.0810720060127
148.39903929395533
153.28892525932838
39.27708065708526
150.5422758984963
150.22629801143816
151.00349599676204
149.3748186379949
69.48221499451883
150.21677942020472
147.14907817708837
153.37640793795887
75.16494479949543
147.34832172474714
76.39994988499255
150.97325581650682
48.15269956254491
149.7376927911763
149.8517064475045
150.95444242887748
152.056743216631
151.92348795492788
78.2592027040384
90.23434267180454
152.93588562782463
150.84498823600654
151.20620429153556
115.74599782104977
150.31112288059157
149.67714644119226
147.95880159776053
-15.122575343485552
151.38759740327527
152.16477673254442
150.797828892678
149.32554806388706
150.78214049233162
150.74764697950496
44.37493876484861
148.56132329972348
151.06860007946537
33.005262196718306
150.71877191324893
148.87528760266582
149.8116432864888
148.4772841336243
137.42515406579622
150.37227476821533
146.0677470209973
151.17531251796623
149.70650027007932
148.8913593303398
106.28806437535809
152.4959073267472
152.31848368881708
151.46678400556917
165.41318355002485
151.0751354624376
114.43578698856855
164.55747738058022
149.7917606092649
149.52632771551004
149.0287933911
145.51275661856351
150.42650514738625
88.07390766781424
58.4240512081583
148.6518365744801
147.90958175818528
149.00162010533833
46.00158673201199
152.42964676263736
154.40736538529342
148.46356834875272
147.42105081425106
1.5752777352446221
60.77019536013107
24.161359042107026
96.63861554246442
151.0535827576241
146.63793187496023
217.84727099385208
57.1507914231555
149.94310163425
147.47762336650396
144.40054547654037
25.218495916178473
147.76507835746563
150.1909298130339
107.43217583365019
147.4939290473917
153.84618912080467
147.01718782683145
214.4687208743614
57.20654456047929
150.17959892337703
148.23164086633852
13.016477523540562
14.43862303458575
149.88928480813564
150.57571034422494
28.77928608400734
190.05747437859142
148.01162961824596
153.6250564657624
145.20201303575718
148.83157572209763
41.919589369243624
148.76630100769103
282.95563500779144
154.1076013237119
151.31204786673595
147.31109330697836
149.39045239405485
97.4200641434876
149.59241060893478
145.54537134064097
149.19860722480226
148.4578922222008
61.80952012005625
153.64730574488198
296.33247191025964
152.3327205980693
280.0429339786034
148.7116176522054
150.5452203839423
149.78118045569605
146.99470727480977
181.37187359387767
71.45103736964505
199.66344468941614
151.41939925643396
148.26421116224753
27.76975587379084
153.3702239157588
163.68670950736868
80.27347413732495
152.62860574448456
148.78996892211907
153.1560787093318
150.9941674021197
149.01048295094105
146.6981560925957
13.97792710901257
151.5255462028362
122.49762257033
140.53287007520655
124.76877680736295
148.11776987991792
148.42325161493622
150.2776687185135
148.30546480066144
150.84196487159147
150.11480324332922
166.63898011398925
148.78876260665027
150.30006179668976
150.69151464617545
149.3086591046606
77.7597375908388
212.94468794677817
150.61862862536478
2.5320058909046477
149.3472542675565
147.79009193556928
146.31201884888137
185.08044604288813
150.4402568457883
75.5893606701334
148.71423206330766
150.72062439775013
129.2096703739496
151.72522792930297
148.65836534817583
148.31764078659623
148.0290391052013
149.26295120459815
16.612792729509415
149.02802199710652
150.26001365039056
151.1727089089059
103.0415091199345
96.8678694264799
149.88323370047536
146.61950788402225
150.05932520885383
148.43033632967646
65.54921831445021
149.15031233013906
148.60128370833652
148.2563949394297
153.38970217833918
151.77316863510137
148.6953017556906
145.8685523226283
146.6370174800889
48.67098558295053
149.478486828094
73.68036766174193
149.70680345468296
66.10719393826356
146.36965619303396
147.73813173779553
145.9684137602771
148.79443299035898
154.8239077414031
143.40709315500757
70.10909929095125
145.62944243592463
23.824922255816055
151.85773122864623
150.3917461282874
151.22312230762287
157.74450362406645
148.01309133314817
68.27689713896571
150.95233359221197
149.43304176367872
150.04460532687568
47.198913504469665
58.634254836399926
150.32777591394918
265.77481835205214
39.703288721365645
152.67827545588005
238.94835597061135
106.87206160765801
188.3292872173872
148.45264521717567
148.89854638584214
147.63860827055686
150.4434080972265
154.03182384514506
-4.529677793015283
148.4813678952947
99.62646909371763
98.59214772692101
146.81433017065808
152.74130184939824
99.54001442972051
149.6307860248119
161.27833297313768
152.84807280708932
6.1786329873946935
148.51476063361935
150.5569402572297
146.0416168858925
76.89523616276846
277.800339805929
142.87913836012095
151.57447803944618
147.75131968659662
29.438134686122186
14.484677921997736
99.70564414702869
146.749057903068
-10.490407036590648
147.55998682502707
150.29388868176216
74.1795946074846
104.25872924717521
152.86314018543285
16.92223738814058
152.0515356467372
74.79113819514899
151.64285518667924
149.34996191890824
144.96945396736737
149.8357726625849
98.51685892159365
62.03229351362517
149.49237175205027
443.5189362697621
150.27071284124335
273.79644224267804
147.67851987560516
88.29727161843016
162.61522425601237
152.27475171379905
153.15775544370513
145.06177589604974
147.31801860492186
151.65404748889486
148.68443024973786
64.70085577905205
148.49135478230747
78.7462296238403
37.97885105071056
30.565021227808817
149.66804915395113
149.67538857421994
105.37166105527281
80.82444808878186
149.14426828510068
79.25218778657263
17.65123685306727
137.9078194846282
24.236079120183614
150.17304216521592
148.27381250020096
146.63176871048677
149.44227674261046
154.29057671572912
46.339226981178385
148.9146149540102
147.57562276278884
148.7167890025709
61.216601716384325
150.021725781849
145.9691925483983
150.78406200024799
33.38653814506848
149.20665992760485
148.51786236583732
149.70102699236233
149.08208214952379
69.40744359428561
147.70460773980608
152.33818630258446
151.19267024265403
150.4897341263792
147.57777517787184
148.7894741816836
94.01788170359646
148.08176284291397
148.89991874383253
151.89475371116208
20.57938020762198
146.19212975101703
151.29777111403027
148.73592543479162
201.4399397551986
154.58549611685646
11.27520334948677
147.37558973977846
48.031011730607716
118.04531797671376
6.8027827000407735
150.4472229691255
151.5915926201759
149.63014125958864
16.629782294288198
150.81665476456882
106.65762744580559
150.00556903578246
153.56619575255692
150.10263210226728
148.32741377800357
168.8645532138218
-19.501572149376635
151.8593152920517
-14.21887191728729
46.484103921641676
49.45333031877844
40.63265106276312
151.44331541519716
147.80001607738564
151.66981899323048
150.5666245065954
146.55761898108995
152.59580429201654
147.3009058019228
150.60750452479928
125.66167635739639
224.53533633648743
149.48232882305706
150.50321608466692
150.575176310937
150.02759174613152
152.84382165392117
146.64340739131055
77.73693998876043
150.02136200172387
149.74209783856455
147.26093239103133
7.994666488064273
148.24987415803847
152.43184488860103
147.4185165710129
148.47530072327032
148.7548198477653
150.47375436568063
136.31300451045328
145.4998883442606
152.03158435267648
145.89354944738517
147.09918288113533
200.60948502039895
106.92494821625384
149.98459476218906
148.6857935273062
149.09546589284878
152.20559041830938
147.34876685201596
150.14399906866123
16.638800666896017
148.35072733200815
150.21837472457725
17.90309074366179
151.25512278199213
153.51397453440887
147.98424330850227
152.26030793720568
153.85903106295362
148.92629635689235
109.71741301957442
148.68136788674218
147.48938517304788
179.7874944989892
152.30387634785205
148.07284197632097
149.43632717122227
150.32001825610274
123.82026366713858
150.89503712794183
149.75602487611445
64.72662962156974
152.2695548592209
148.54046027862506
90.3043486351706
152.05256231545093
148.63206751918554
152.9003005607131
149.0548972292025
154.86586214083127
149.25815393724338
148.6650065220118
82.22806351954803
150.28375014505636
5.743657481209248
152.06066154751488
73.9220139062358
51.64661844763469
148.46320498174208
90.63827884551546
150.34210302271669
151.23478129987444
146.5738303855223
150.55684199066556
73.84700310884772
151.36385108586512
148.27615624259113
151.67916439983858
150.52537675606305
147.74331287416902
148.58082166195004
151.74838661940294
150.52055849991288
152.03795563238876
57.271196304720256
147.58405110030606
147.11623070331157
148.89200467874062
148.30555434484802
148.997861822152
153.4403720881959
150.98951704464207
150.51957043445827
149.4321425640269
150.66276769604968
59.86755196115106
149.39301606341766
107.05615351619976
146.8682567529129
149.56636510038936
52.97956379186512
50.933019909809815
18.639784257713938
29.03422781909014
148.03473876707423
152.0962084107435
150.19167193783338
150.1364230322306
149.69351221004678
146.46974463484128
150.82152047596094
148.09886599024193
149.68913708247337
150.87403131344232
90.49722891333072
69.74337556961255
112.20042853572028
71.77303449461705
152.47345673150792
152.67748243917262
149.4188738783717
29.016831676073224
151.2025061257166
147.89357445021744
118.42032477412977
147.23855395925216
196.91145200173628
69.6509607434815
150.8671692218706
148.69263021089154
149.8661626188602
149.61097687963738
152.9424124242435
147.5305249032429
146.468111691326
147.0118456230971
149.8429624824744
131.37619806581748
148.30224639416713
149.92114317816126
148.2268408275205
146.34599827303657
152.30171022335782
149.47382168288837
147.33671728208395
150.65308894674357
149.15291188393573
23.408878108471832
148.66691956105788
37.87470922235
150.86654413686296
150.07020380423344
210.81973474294216
151.26333352960222
148.377960479724
151.23359700027925
29.882937267917313
146.90708447804008
69.87019527559966
143.89419963820308
150.88068208025896
152.0815655636204
106.61669899522138
148.84005288982073
65.52959158210665
151.16680120385382
147.01737809757134
150.40650437057005
150.90872671551682
149.79458267390464
150.94040786924367
148.4342176540706
149.79531229554996
149.34449851415272
144.74645919670792
44.4329911807072
152.58111078569607
150.15171833460107
12.00726247036676
9.933105701115922
148.57848000376487
154.2665319314779
77.50830943387136
151.18788857234983
82.5220626192725
183.85483314930394
150.43560283744725
149.12982340447584
144.78593024117666
115.44358586054736
148.79372119988827
148.47632557539072
148.72990616065607
147.8209537273321
151.89414574921815
136.79288409841507
145.92402701916927
148.17881974628088
148.6675691199321
147.00177350699914
235.9808701630759
151.38379179559277
151.75066036364368
150.74348817919272
106.56671758303884
149.00748798261688
153.3212068633273
150.67054956615817
265.05629901885106
150.47885952255194
150.08871015081596
145.7006434745156
151.47705083240908
29.00029517851079
147.80899454062762
132.61408783692218
18.59315832877804
147.5432505650751
146.46429217830314
150.06173795672098
152.30221159410848
-18.933350542018914
234.11831108200252
148.52757524018048
151.83717310194857
148.31083007603985
58.32987193097266
152.22280130268354
149.4389837412953
148.97486900951995
104.0046159197286
151.1828688643365
18.90846697000511
77.96116955567565
63.14609136999443
151.19019644163015
148.64025633358858
151.53369988473
150.47415294130937
151.40003031193223
100.19580946701343
25.274240092122835
110.02093774739562
150.3990422765955
143.77027807793098
149.3838806245098
103.02192981836194
149.7410111532719
26.95553239898153
70.03923110927337
151.27084745640602
151.12780005606672
145.02771173191033
89.36606069443717
147.43730953173625
85.36284269929001
150.54822331574397
70.46479971214791
149.47102764226463
150.7365979736914
52.54509387311914
149.08477711168456
51.98730931742321
116.84751855700623
37.595379739797465
64.36410915602762
120.92701397850782
146.1113979062848
150.646076161598
77.41613441124828
146.68133540886467
83.09423520841514
149.72939162122057
153.41563401059508
149.18117158549276
151.81884287621253
148.43116897822418
149.18929844030353
150.7828984001173
254.36850163029922
149.5482672937591
147.13560019408516
114.71816819539576
148.47743344078947
148.72161002413515
82.17193689750921
153.05611017472827
152.7214805856065
72.36901686250424
5.740862569553253
151.3642091398398
146.48170804532185
145.9352960214085
150.8488737317743
152.01381221019113
152.73975654818167
149.10294833705106
148.97328533948905
35.75106176863984
150.67361792592868
-12.788408640364402
151.0316138624077
149.99333779040853
145.5162723940115
152.30566795342307
152.50754377263374
150.32837101234148
141.40165623218175
149.20729897262322
150.37415475152673
90.84179674535547
150.98569725303062
146.335260184533
147.4436772765013
149.55897233407725
86.238816841495
281.7017297023734
16.078870219083978
51.07022710806269
78.41696460104387
146.35071513841848
148.98712457923557
152.41910724022856
149.53149453001902
54.81376474880876
149.08502209046674
151.7205931421751
152.4403944134068
149.8594710817937
148.43522186793504
145.97299246360993
153.57618265547194
74.64455653171082
153.6207647183453
147.1590989846547
96.39119995897605
7.703806485782479
191.8961727887549
18.114023488358598
116.7181979886622
147.51105819836982
149.99935377832497
150.74068992644237
151.15110372315047
151.73767914811805
150.0928412933961
150.32857286684313
114.94981520537306
150.11088133455513
151.5191435121562
151.2021700597255
149.402408746807
150.41569386918758
149.93416040534865
148.64807565189423
150.66375373451905
149.4601392011355
147.98248301228554
150.3603795748653
87.95308155258361
148.8911983755723
150.80609686572583
149.17748842736424
-14.37456871988954
148.42124713132924
50.295304997032574
145.354453437185
149.9296088122345
145.2112191309303
150.60648124889997
148.29002192183881
60.43570279460967
152.35157307435875
146.693242938986
149.27773307231382
147.38888076463206
148.39749677291613
24.075736567029715
150.21068334750362
55.64179340305666
151.55229074070084
146.433190663643
145.79647892060453
153.1073346655182
150.0385937918009
146.93505484000102
128.89173295983744
152.47509092679726
150.96314814211954
152.24470593058234
149.4604597528216
149.77917150754828
23.979115957134844
149.7454539760841
153.0086919089265
153.89049409086692
37.57626230487929
151.1256137052437
62.78538447197491
147.93810955962462
149.03908881116809
34.17551387363854
151.3169161485837
150.45162744530577
145.57271432547557
171.35098202514035
68.33209396268428
150.6359517793179
150.3138814780974
160.08813118622774
150.99296154391314
151.53895203545983
253.64140290587704
147.48454394639177
149.2835770860023
149.0376576502299
149.54978549260278
149.2717562071506
39.01515365244538
73.29218868882369
109.6959309235288
48.1410919456978
149.2149178024395
205.67249785119517
149.54437164718723
222.13882605252692
150.0743960742885
148.8853141077998
147.49883699542778
149.27310613716003
99.4697790253732
152.83628491854762
146.38771587820037
149.78686158784603
150.4619767690559
153.68371731682922
149.51201217346681
151.80072436955402
149.62312084741302
149.581590663632
146.43657841617357
147.13006222011128
147.87189779743156
174.65547580900767
149.2416173030921
97.12477850782652
146.3398549659092
153.45590351180488
147.0781944514134
-7.5202590648806575
147.8747461853179
98.13331556535877
150.05886416747907
141.81512921847795
149.75221768397512
255.4688394649491
152.00860084853565
106.70346840546271
150.41601297769648
441.815818239101
148.56844295793087
148.30222519177383
150.61004065935495
148.1886428584133
18.217900743197966
149.27987010036546
139.17427552327584
148.2748275313661
77.11330083636604
148.42534317653627
46.71334401776325
147.65984859005047
8.058920791858524
144.6869424977043
75.74353105040903
148.91267880897988
151.64514047075642
35.351179642713895
48.46714555268421
149.72765610791802
151.46851717797819
149.18345847874582
138.75709730908574
105.6507259711827
168.31870109605592
150.47863115971901
149.94214800427065
149.33354267980195
149.56379095816342
57.976229810891056
147.96333449954065
154.42077098949576
132.01584521972265
153.18520535343964
34.29544157728096
136.74632117918122
151.30684777587228
128.58174388610743
64.54966897880422
149.8277902694144
370.13445991855406
147.24493449462682
-19.510704451578743
151.5900065321857
148.24624380206944
149.31765289577606
151.27221432517328
274.3537517037777
165.4812733266638
197.7654944861188
149.75376751634278
20.374078192801857
150.90838553526802
148.78062230289027
150.5556542636142
151.04227212419093
28.918659581753737
149.17822457873797
11.335890481461348
152.9002368887089
147.84721183420172
166.9138991321984
150.71363327426153
149.09241765466732
150.82413922122623
149.4883952856575
151.44677839682487
175.70491611717512
60.80310084683423
148.0836819268783
146.82318821479348
150.58282535133753
35.24485245243887
205.0628077473239
148.46757469549178
148.4476876663601
67.12978257782744
71.92580445430855
152.073949302498
63.67334428354994
147.22684994498277
147.2384691319497
40.226020853078104
152.3052285321287
88.22793733176769
149.82343396900387
149.25492840080344
150.1714625079557
152.28793274731225
146.66936347406772
150.5710939867632
148.2400978105975
150.7887059481619
161.38815673586313
14.23506869227111
153.82500513643734
151.43742710179376
184.5668749218527
148.90384484443473
22.058181970989825
147.79862920271094
149.55464960344045
146.83326744040656
149.2218497422624
152.26553066313897
150.78717778432502
149.6066082815661
160.8073411862872
147.9349698098154
69.6716319102289
152.41291723814078
259.38434949680544
148.93663727485242
77.69019258749138
53.31973875242104
49.35353818361908
149.2804153910888
148.61282458958308
151.61143355678036
148.91972913910016
151.001222137223
147.32630353339675
149.74489980341357
151.00111852897575
147.5679543567499
151.45891072548267
150.57066581935885
147.95413572371
150.99767273115282
149.62053345360525
121.43680883848664
146.79455928669816
151.164118354885
308.9595660667598
172.2497076523807
152.35720021005503
32.72072030046465
150.74807283011543
44.60575099060502
149.14409049463842
174.39468168681677
149.636444888934
108.86955939866914
65.73252564370577
148.21984069870135
96.74843805771675
150.5637733172395
148.50720785085326
151.39690334299155
150.97266358147948
186.36771736363698
34.55139274015619
63.99272989336662
151.52042166898627
73.26863269586251
54.48393592524195
150.9427526582437
74.53690430338459
147.6674568210787
151.8250205932365
149.9516233950093
150.4784709141714
151.42614430640486
62.68714237909767
149.23624897607863
112.69245357143527
149.18631346278917
150.92315753222687
170.27447490292317
151.52790486809633
46.88534549362941
149.13169770135832
151.01061842672684
150.07247977547127
156.56709998167486
47.52721947872576
147.91149131026245
150.7523645821897
68.02143037988817
148.79207832769706
147.0788678222492
97.3103501552361
148.84688750311895
152.13898472743014
69.1945644119903
72.60308127035718
148.43553366172506
149.39888537517615
120.53562131887078
151.10774216614124
56.67399041327987
148.67417970709317
150.34837968733433
148.60183092235619
198.4941324497051
147.12170871793145
149.6117765187389
149.34280674581046
29.675210997944983
149.0837711960891
151.9003171363627
150.96338112963792
152.25429387008148
152.29008467193694
150.6416287044336
149.31544255575753
142.40382496336747
147.40559487382484
146.8046255146563
150.69558346634602
55.49060413709467
148.18635155455857
150.2242176176242
147.28486320214026
296.75437952079477
24.729186926363703
151.07802291390774
151.59056747492136
148.4800756397546
148.16291760570567
53.3700635469779
146.9777185170761
150.47211870112008
147.6516830009571
149.90459964050476
16.276451423763262
150.827411069094
151.24226822635094
148.11210027697214
55.536187268279875
10.482255552695959
150.26934297861808
149.25586099776018
147.4180051716215
146.6353166078736
149.54449899797274
127.2682254053761
149.1002391233477
148.73390945349513
49.94004818609326
147.14683866433225
148.46740004918743
149.1086917940973
148.64409310971993
147.6280071642091
39.20273989981409
75.37232023963846
27.769659635830777
145.1601524397087
146.49125905265984
145.17683881750028
15.026641527174924
151.1043139101153
148.75119229593304
148.84413658582355
70.82160156144522
150.14758556686698
147.38119755094527
144.3899171274888
181.4464603587911
149.18710361017088
150.36248075969164
149.66335554278396
12.904035347157627
148.57141201188293
150.79359485063645
150.81837794949502
128.26187915279715
149.01403483996503
151.94522731631903
147.255000741407
147.41250714633267
147.3876011627954
14.272783692387463
91.10182756174525
149.0527450833041
151.37616593274788
151.76139318285217
151.3475000368863
147.08513943547453
151.25102283626464
153.01782465482606
148.41133950968248
147.2536938862183
342.9739613032251
153.0413075950449
148.82467638949515
68.62350082294914
100.22584680194721
150.96118131499298
39.0087036352305
150.7320576410119
11.090941840036253
146.17810131806903
150.94858693310417
150.5265827477249
150.9629716678887
149.58004118114917
149.78196239143503
148.56320520137683
32.86400024549029
150.20763191599045
149.31211574925038
152.68567673381256
149.68719508908202
36.25304213737913
144.33797283323398
150.9895826173443
151.89956350641435
150.1900806088803
150.65246207139296
149.68912667135518
148.37941655635865
24.73076315750756
148.31218827731922
149.8979003801489
151.48399106509103
120.0395862275829
149.48297262088767
151.29586210554427
149.74689228572146
150.0126342500581
152.37493534335277
232.4388783148517
152.7086822251677
147.86040169391714
145.7931851774926
151.71384243465334
149.884510664545
45.76581907162873
148.35647394309433
98.6966698410608
146.40103943533126
151.17513523945897
86.00980152619877
95.48624718622395
148.2536578185383
149.90409453984992
149.7161277185867
49.910822005130335
150.84017513271345
152.07642881575927
147.72737928755
151.09593670487018
151.0375867152444
150.98111366485708
181.56604763101143
154.69246585392466
97.16896419393083
71.98217277497591
148.35772329719802
153.13044379747294
52.02047744845839
10.192643415161951
146.08664825098666
151.46434378888554
145.19396229709338
150.32105092008186
-5.511135013778134
149.18780877662212
147.7388611666359
147.6938190448506
231.69091553505703
151.75261909489566
148.80522404152137
150.41630528086003
59.92904870086271
150.15518806358358
150.93371737516892
153.65311153706384
203.89979129380896
191.707574995104
103.79307075244094
146.22324113794227
151.35022516697867
152.63797017555453
151.0910317313382
22.093796341259512
146.20218296293288
153.86212579316265
147.46841564307488
146.37181884571294
151.83057703301685
143.72091613427625
149.34860983592824
87.27316424493519
151.2676694886217
149.41987650340528
152.25383393150008
110.12596201305949
149.16442749081654
151.45180800708556
149.855865753768
193.28833511835307
150.7679953080428
152.02718635154855
148.71118095880917
