-1294.954833984375
-1349.2330322265625
-1348.7784423828125
-1328.2730712890625
-1348.4249267578125
-1370.32373046875
-1362.396484375
-1322.3699951171875
-1336.5479736328125
-1347.0147705078125
-1371.6475830078125
-1366.6475830078125
-1427.6748046875
-1372.134765625
-1422.0859375
-1372.3087158203125
-1420.490234375
-1370.5653076171875
-1320.084228515625
-1374.4915771484375
-1351.9769287109375
-1407.46923828125
-1374.142822265625
-1400.639892578125
-1365.0150146484375
-1288.1688232421875
-1351.1448974609375
-1328.0821533203125
-1316.0506591796875
-1383.1800537109375
-1409.690185546875
-1325.2412109375
-1343.4271240234375
-1396.685791015625
-1345.14111328125
-1374.882568359375
-1395.3944091796875
-1330.2088623046875
-1343.8680419921875
-1331.3736572265625
-1321.2977294921875
-1297.62744140625
-1380.303466796875
-1335.202880859375
-1423.8514404296875
-1306.0906982421875
-1377.3829345703125
-1309.697021484375
-1329.5933837890625
-1317.1448974609375
-1323.2764892578125
-1324.7982177734375
-1407.526123046875
-1358.8720703125
-1319.697265625
-1294.3270263671875
-1344.090576171875
-1323.4378662109375
-1353.662353515625
-1339.0142822265625
-1416.2056884765625
-1373.589111328125
-1362.950439453125
-1367.8311767578125
-1399.41015625
-1330.8421630859375
-1317.76611328125
-1296.2965087890625
-1361.6298828125
-1313.71435546875
-1329.0740966796875
-1352.711669921875
-1379.8489990234375
-1312.6275634765625
-1370.02734375
-1308.9959716796875
-1340.49365234375
-1364.6519775390625
-1314.193115234375
-1357.5516357421875
-1329.6566162109375
-1318.6881103515625
-1368.962890625
-1383.447265625
-1361.232666015625
-1303.876708984375
-1281.392333984375
-1375.119873046875
-1288.736083984375
-1371.3563232421875
-1392.97998046875
-1395.9014892578125
-1346.144775390625
-1380.9666748046875
-1331.7061767578125
-1347.2222900390625
-1401.001220703125
-1398.640869140625
-1369.2874755859375
-1340.868896484375
-1288.93994140625
-1420.8297119140625
-1398.2489013671875
-1435.1136474609375
-1365.52197265625
-1281.1070556640625
-1351.3983154296875
-1337.6766357421875
-1315.6107177734375
-1372.7344970703125
-1323.0494384765625
-1406.2215576171875
-1367.230712890625
-1264.4478759765625
-1354.2684326171875
-1326.77880859375
-1299.772216796875
-1350.8289794921875
-1347.3480224609375
-1317.3408203125
-1312.4825439453125
-1320.0362548828125
-1325.7899169921875
-1334.5684814453125
-1323.8060302734375
-1353.0367431640625
-1348.4349365234375
-1372.6478271484375
-1395.4796142578125
-1345.3363037109375
-1402.5892333984375
-1297.875
-1382.0887451171875
-1411.2327880859375
-1378.48388671875
-1367.1522216796875
-1351.171875
-1364.951904296875
-1298.1148681640625
-1338.7486572265625
-1367.2374267578125
-1372.159423828125
-1371.53125
-1377.690185546875
-1283.0546875
-1318.689697265625
-1328.4500732421875
-1332.414794921875
-1339.457763671875
-1363.2430419921875
-1380.00341796875
-1375.7667236328125
-1389.6605224609375
-1298.55810546875
-1367.437744140625
-1362.52587890625
-1346.3326416015625
-1361.140625
-1299.8974609375
-1355.5081787109375
-1270.20263671875
-1385.0130615234375
-1330.986572265625
-1325.15771484375
-1384.31201171875
-1331.9522705078125
-1421.5360107421875
-1384.760986328125
-1355.248291015625
-1384.1614990234375
-1300.1563720703125
-1312.188720703125
-1411.413818359375
-1379.1561279296875
-1310.83349609375
-1326.3270263671875
-1367.988037109375
-1348.4129638671875
-1365.6219482421875
-1321.0364990234375
-1312.3675537109375
-1319.4696044921875
-1381.998291015625
-1344.909423828125
-1397.49169921875
-1366.7825927734375
-1402.409912109375
-1425.797119140625
-1311.0277099609375
-1347.096923828125
-1284.56298828125
-1312.8251953125
-1361.207275390625
-1381.896240234375
-1337.2369384765625
-1350.3524169921875
-1352.0875244140625
-1337.978271484375
-1389.2398681640625
-1390.0164794921875
-1301.3443603515625
-1350.6148681640625
-1350.655517578125
-1344.0828857421875
-1357.5955810546875
-1326.7352294921875
-1311.2637939453125
-1341.7625732421875
-1367.7330322265625
-1331.0731201171875
-1338.28857421875
-1318.7735595703125
-1419.3853759765625
-1348.819091796875
-1298.1470947265625
-1323.7354736328125
-1334.5511474609375
-1289.16357421875
-1359.9215087890625
-1373.033447265625
-1388.1270751953125
-1317.8743896484375
-1321.45703125
-1388.50048828125
-1405.02685546875
-1253.703857421875
-1380.3116455078125
-1362.304443359375
-1332.2491455078125
-1370.2216796875
-1352.7606201171875
-1342.1041259765625
-1331.820068359375
-1396.5240478515625
-1373.9456787109375
-1376.12841796875
-1372.4063720703125
-1402.8316650390625
-1322.114501953125
-1453.1805419921875
-1399.58984375
-1393.9810791015625
-1297.3399658203125
-1327.343505859375
-1406.9732666015625
-1317.768798828125
-1401.84521484375
-1335.998779296875
-1343.9075927734375
-1313.5037841796875
-1389.21533203125
-1471.8966064453125
-1410.480712890625
-1321.107666015625
-1416.61083984375
-1327.61328125
-1338.856201171875
-1397.0101318359375
-1314.1171875
-1274.6256103515625
-1413.275146484375
-1341.0543212890625
-1373.3497314453125
-1342.2706298828125
-1326.61181640625
-1387.65087890625
-1346.2305908203125
-1361.00439453125
-1369.59130859375
-1397.22119140625
-1328.8958740234375
-1390.5926513671875
-1364.0113525390625
-1357.1553955078125
-1349.74951171875
-1407.8389892578125
-1405.4874267578125
-1341.6007080078125
-1411.8009033203125
-1381.7161865234375
-1346.235107421875
-1345.9801025390625
-1389.01806640625
-1280.72705078125
-1384.224853515625
-1354.502197265625
-1363.288330078125
-1414.9476318359375
-1332.990234375
-1350.1572265625
-1407.427490234375
-1347.6602783203125
-1352.318359375
-1394.5413818359375
-1350.463134765625
-1397.0826416015625
-1331.3084716796875
-1407.251708984375
-1366.4847412109375
-1296.7113037109375
-1355.0784912109375
-1419.1156005859375
-1302.66455078125
-1347.0018310546875
-1389.46826171875
-1401.8389892578125
-1396.7017822265625
-1380.6854248046875
-1289.95703125
-1312.1588134765625
-1303.9410400390625
-1353.3515625
-1338.521240234375
-1336.095458984375
-1367.1956787109375
-1336.6514892578125
-1313.51318359375
-1365.6875
-1350.71337890625
-1302.057861328125
-1402.536865234375
-1363.859130859375
-1380.7891845703125
-1381.8935546875
-1337.88623046875
-1423.1636962890625
-1411.118408203125
-1385.005615234375
-1359.28515625
-1371.27392578125
-1338.8028564453125
-1326.46337890625
-1366.2406005859375
-1415.4610595703125
-1354.0343017578125
-1395.5189208984375
-1361.4344482421875
-1371.987548828125
-1358.584228515625
-1322.986083984375
-1324.6483154296875
-1335.396728515625
-1389.2841796875
-1338.5716552734375
-1381.68310546875
-1370.871826171875
-1371.3680419921875
-1344.0789794921875
-1363.873779296875
-1406.1373291015625
-1356.71044921875
-1325.5477294921875
-1363.632080078125
-1386.2230224609375
-1361.892333984375
-1406.5521240234375
-1375.127685546875
-1398.409912109375
-1306.017333984375
-1351.902099609375
-1349.988037109375
-1401.8572998046875
-1379.8746337890625
-1318.234130859375
-1353.3677978515625
-1327.135009765625
-1384.952880859375
-1371.4151611328125
-1344.7542724609375
-1359.2833251953125
-1368.2158203125
-1383.4112548828125
-1356.9964599609375
-1338.121337890625
-1340.1790771484375
-1349.247802734375
-1395.2794189453125
-1434.6461181640625
-1382.73388671875
-1354.86279296875
-1344.842041015625
-1326.69775390625
-1365.325439453125
-1309.080078125
-1280.580810546875
-1357.806884765625
-1433.166259765625
-1373.4935302734375
-1317.224365234375
-1338.4249267578125
-1325.9671630859375
-1333.9190673828125
-1363.3336181640625
-1321.697998046875
-1399.8931884765625
-1321.314697265625
-1296.5599365234375
-1373.926025390625
-1334.2724609375
-1372.645751953125
-1291.9951171875
-1341.089599609375
-1441.499755859375
-1352.57958984375
-1323.205322265625
-1305.742431640625
-1281.279052734375
-1251.9962158203125
-1296.96826171875
-1318.67919921875
-1372.76904296875
-1359.64013671875
-1308.4227294921875
-1393.7659912109375
-1279.516357421875
-1376.5318603515625
-1292.751953125
-1385.0831298828125
-1398.4498291015625
-1390.3480224609375
-1374.72412109375
-1337.47265625
-1349.628173828125
-1356.1041259765625
-1388.969482421875
-1383.287353515625
-1374.322265625
-1438.011962890625
-1470.2371826171875
-1372.3306884765625
-1401.1939697265625
-1321.4837646484375
-1348.59619140625
-1343.3756103515625
-1347.2994384765625
-1399.6932373046875
-1307.0958251953125
-1373.427001953125
-1371.4532470703125
-1407.1112060546875
-1426.6165771484375
-1369.2076416015625
-1417.5855712890625
-1388.6005859375
-1325.4677734375
-1328.717529296875
-1307.2911376953125
-1318.0673828125
-1371.005615234375
-1411.8570556640625
-1356.9820556640625
-1299.439697265625
-1364.0015869140625
-1349.4913330078125
-1359.769775390625
-1371.1280517578125
-1281.0343017578125
-1327.756103515625
-1350.687255859375
-1321.24755859375
-1341.38720703125
-1380.2279052734375
-1346.7578125
-1340.1448974609375
-1380.407958984375
-1346.07763671875
-1420.2750244140625
-1311.5084228515625
-1296.18896484375
-1310.72216796875
-1436.3770751953125
-1349.2587890625
-1319.7386474609375
-1345.616943359375
-1303.8282470703125
-1387.8487548828125
-1414.0897216796875
-1358.74267578125
-1313.814697265625
-1419.013916015625
-1343.2415771484375
-1294.6080322265625
-1421.368896484375
-1370.7122802734375
-1344.8548583984375
-1337.17578125
-1307.117919921875
-1357.1473388671875
-1348.936279296875
-1330.056884765625
-1361.6810302734375
-1390.4959716796875
-1268.4388427734375
-1412.0595703125
-1388.5850830078125
-1373.2960205078125
-1311.5294189453125
-1363.5350341796875
-1363.66357421875
-1413.995849609375
-1353.3662109375
-1327.84375
-1396.0093994140625
-1405.770751953125
-1356.20849609375
-1386.75341796875
-1258.4600830078125
-1390.5697021484375
-1360.67822265625
-1344.1346435546875
-1325.448974609375
-1385.21484375
-1330.37890625
-1372.200927734375
-1366.6026611328125
-1350.484130859375
-1326.9307861328125
-1341.1300048828125
-1380.4461669921875
-1326.368896484375
-1365.303466796875
-1389.2799072265625
-1306.748291015625
-1351.6893310546875
-1336.322509765625
-1399.11474609375
-1329.444580078125
-1323.8441162109375
-1331.7122802734375
-1425.1939697265625
-1329.200927734375
-1336.88623046875
-1427.2061767578125
-1376.228271484375
-1400.7144775390625
-1379.7139892578125
-1317.85888671875
-1376.36181640625
-1355.638916015625
-1374.060302734375
-1283.80029296875
-1346.06591796875
-1395.4696044921875
-1328.5211181640625
-1373.4083251953125
-1369.85986328125
-1378.9464111328125
-1451.1671142578125
-1358.4896240234375
-1355.3038330078125
-1363.346923828125
-1360.90478515625
-1340.0169677734375
-1386.584228515625
-1311.905517578125
-1401.5340576171875
-1383.02685546875
-1371.4600830078125
-1339.2197265625
-1380.9078369140625
-1412.1441650390625
-1369.1063232421875
-1339.4107666015625
-1313.0023193359375
-1397.906005859375
-1301.4266357421875
-1353.109375
-1281.98388671875
-1397.1346435546875
-1373.7017822265625
-1365.872802734375
-1355.4969482421875
-1305.59130859375
-1362.1600341796875
-1408.1077880859375
-1299.7144775390625
-1330.632080078125
-1366.710205078125
-1277.4403076171875
-1370.6025390625
-1399.9119873046875
-1325.7979736328125
-1293.909423828125
-1342.8355712890625
-1354.133544921875
-1292.6246337890625
-1329.56884765625
-1271.7381591796875
-1279.792236328125
-1307.04248046875
-1429.243896484375
-1341.313232421875
-1353.529541015625
-1304.998291015625
-1343.2340087890625
-1297.9349365234375
-1321.017822265625
-1367.39453125
-1380.502685546875
-1346.9573974609375
-1339.3775634765625
-1358.874267578125
-1343.761474609375
-1312.45751953125
-1420.8272705078125
-1370.9674072265625
-1356.2823486328125
-1409.5723876953125
-1368.5224609375
-1376.9267578125
-1404.346923828125
-1347.7266845703125
-1366.1640625
-1382.6953125
-1324.2681884765625
-1442.528076171875
-1414.6710205078125
-1361.9974365234375
-1398.0418701171875
-1381.9698486328125
-1337.89892578125
-1285.8419189453125
-1357.352294921875
-1348.394775390625
-1316.5379638671875
-1334.9483642578125
-1348.76220703125
-1355.3988037109375
-1338.9488525390625
-1327.7164306640625
-1387.6458740234375
-1361.8486328125
-1360.65234375
-1335.2642822265625
-1333.1431884765625
-1294.94580078125
-1341.222900390625
-1297.4306640625
-1333.2838134765625
-1371.7845458984375
-1350.4427490234375
-1306.73486328125
-1349.119384765625
-1345.429931640625
-1289.34521484375
-1379.86181640625
-1405.14111328125
-1340.57470703125
-1388.5018310546875
-1287.0806884765625
-1297.0863037109375
-1347.453125
-1396.2174072265625
-1350.1085205078125
-1332.922607421875
-1338.874755859375
-1299.7452392578125
-1314.5089111328125
-1336.3935546875
-1396.141357421875
-1369.0040283203125
-1388.61376953125
-1413.7109375
-1380.1107177734375
-1367.896728515625
-1332.7032470703125
-1395.170654296875
-1329.96533203125
-1330.306396484375
-1327.8914794921875
-1329.9681396484375
-1329.00927734375
-1339.1448974609375
-1406.5689697265625
-1422.2738037109375
-1308.0260009765625
-1458.8067626953125
-1356.6510009765625
-1372.51904296875
-1352.1810302734375
-1311.135009765625
-1327.39501953125
-1350.611328125
-1392.5789794921875
-1388.9443359375
-1374.467041015625
-1377.68115234375
-1372.5137939453125
-1374.3505859375
-1248.4049072265625
-1355.65673828125
-1325.039306640625
-1302.231201171875
-1359.1539306640625
-1309.325927734375
-1384.1280517578125
-1348.236572265625
-1337.4599609375
-1383.5179443359375
-1334.388427734375
-1356.5098876953125
-1404.854736328125
-1369.5892333984375
-1355.4931640625
-1355.569091796875
-1369.773681640625
-1370.1285400390625
-1328.896728515625
-1382.349853515625
-1345.716552734375
-1442.640625
-1321.2891845703125
-1381.9635009765625
-1294.15673828125
-1389.0948486328125
-1279.258544921875
-1380.128662109375
-1352.149169921875
-1331.67138671875
-1357.8367919921875
-1345.7613525390625
-1314.44775390625
-1307.7530517578125
-1334.7554931640625
-1301.0345458984375
-1331.0888671875
-1331.67431640625
-1276.7857666015625
-1385.3262939453125
-1374.802978515625
-1380.799072265625
-1410.841796875
-1342.4346923828125
-1320.40771484375
-1370.685302734375
-1334.85888671875
-1335.3892822265625
-1317.068359375
-1257.7335205078125
-1362.76953125
-1346.9407958984375
-1315.686767578125
-1429.0008544921875
-1274.419189453125
-1323.6121826171875
-1321.65625
-1363.3472900390625
-1459.0595703125
-1297.982666015625
-1381.909912109375
-1333.6021728515625
-1298.524169921875
-1310.63916015625
-1378.95068359375
-1345.4417724609375
-1382.3494873046875
-1336.9698486328125
-1412.7916259765625
-1372.3780517578125
-1341.1800537109375
-1362.208251953125
-1308.107177734375
-1348.654052734375
-1320.525390625
-1361.063232421875
-1366.8870849609375
-1386.5093994140625
-1350.163330078125
-1303.7772216796875
-1411.930908203125
-1386.4691162109375
-1433.65869140625
-1349.9517822265625
-1360.8233642578125
-1297.6395263671875
-1308.7025146484375
-1346.8145751953125
-1337.6026611328125
-1356.193603515625
-1311.5767822265625
-1373.5977783203125
-1376.5660400390625
-1325.593994140625
-1332.613037109375
-1425.0057373046875
-1451.345947265625
-1377.3909912109375
-1419.3455810546875
-1335.273193359375
-1337.37158203125
-1337.9287109375
-1315.9329833984375
-1350.537353515625
-1345.087646484375
-1327.70166015625
-1354.2147216796875
-1299.4913330078125
-1323.4383544921875
-1353.6005859375
-1291.1337890625
-1369.1314697265625
-1304.958984375
-1355.6485595703125
-1275.926025390625
-1386.8580322265625
-1353.114013671875
-1302.01220703125
-1328.8338623046875
-1264.65234375
-1355.3359375
-1382.8787841796875
-1386.5126953125
-1307.822509765625
-1306.3740234375
-1300.5826416015625
-1320.4815673828125
-1387.2806396484375
-1395.0909423828125
-1367.96533203125
-1372.981689453125
-1332.2696533203125
-1332.0843505859375
-1326.828125
-1305.940673828125
-1407.5035400390625
-1351.8021240234375
-1375.162841796875
-1400.65576171875
-1321.2589111328125
-1353.5418701171875
-1303.657958984375
-1338.8504638671875
-1378.052978515625
-1339.8858642578125
-1407.1346435546875
-1385.5467529296875
-1331.3951416015625
-1424.431640625
-1389.649169921875
-1342.7220458984375
-1399.9920654296875
-1362.5728759765625
-1297.11181640625
-1397.59716796875
-1350.145751953125
-1322.3125
-1304.3739013671875
-1380.7989501953125
-1346.3377685546875
-1300.5762939453125
-1361.1912841796875
-1359.2412109375
-1381.9210205078125
-1318.7080078125
-1323.4742431640625
-1376.215087890625
-1345.1409912109375
-1328.7972412109375
-1308.8702392578125
-1381.419677734375
-1382.53515625
-1294.760498046875
-1303.325439453125
-1376.68505859375
-1395.298095703125
-1260.0555419921875
-1401.0936279296875
-1360.28369140625
-1358.8740234375
-1342.5643310546875
-1266.07080078125
-1392.147705078125
-1327.2447509765625
-1318.9578857421875
-1350.6962890625
-1382.58251953125
-1318.27197265625
-1351.14453125
-1397.2235107421875
-1371.98779296875
-1386.066650390625
-1440.615478515625
-1335.846435546875
-1310.4808349609375
-1339.977783203125
-1298.0985107421875
-1367.6094970703125
-1391.872802734375
-1360.344970703125
-1351.295166015625
-1348.1834716796875
-1385.3736572265625
-1361.249755859375
-1370.8975830078125
-1378.1998291015625
-1348.8109130859375
-1344.69970703125
-1352.254150390625
-1330.52587890625
-1368.7452392578125
-1367.988525390625
-1341.190673828125
-1410.3402099609375
-1418.1827392578125
-1322.5037841796875
-1374.0833740234375
-1353.8328857421875
-1364.0982666015625
-1391.9713134765625
-1428.6820068359375
-1327.283203125
-1373.7735595703125
-1328.703125
-1347.5751953125
-1354.5977783203125
-1335.0155029296875
-1309.28369140625
-1262.02001953125
-1344.726318359375
-1451.7103271484375
-1379.5555419921875
-1386.5225830078125
-1378.54638671875
-1367.3563232421875
-1391.3585205078125
-1327.9830322265625
-1345.9837646484375
-1338.3892822265625
-1356.5802001953125
-1356.09765625
-1324.44921875
-1331.850341796875
-1303.4161376953125
-1422.4075927734375
-1292.3115234375
-1365.6405029296875
-1378.24169921875
-1378.0615234375
-1335.6373291015625
-1355.98876953125
-1350.2642822265625
-1266.37890625
-1336.90185546875
-1320.384765625
-1381.515625
-1335.622802734375
-1332.3448486328125
-1385.1412353515625
-1332.3809814453125
-1349.69091796875
-1364.6019287109375
-1364.21484375
-1412.9969482421875
-1352.5316162109375
-1373.2445068359375
-1383.641845703125
-1373.483154296875
-1404.985595703125
-1356.9613037109375
-1348.4180908203125
-1350.8114013671875
-1357.6202392578125
-1400.3448486328125
-1344.64111328125
-1288.3797607421875
-1393.1209716796875
-1340.42431640625
-1351.908447265625
-1359.8358154296875
-1309.2073974609375
-1342.3271484375
-1353.7269287109375
-1380.1470947265625
-1384.390869140625
-1316.9227294921875
-1350.12841796875
-1368.0953369140625
-1320.65087890625
-1383.4837646484375
-1324.2587890625
-1325.1353759765625
-1358.489013671875
-1322.5948486328125
-1325.5369873046875
-1370.8267822265625
-1366.0616455078125
-1340.37255859375
-1341.3798828125
-1341.4521484375
-1312.85107421875
-1366.93115234375
-1339.536376953125
-1344.3360595703125
-1343.5435791015625
-1368.1844482421875
-1362.495849609375
-1358.997314453125
-1314.2061767578125
-1455.802734375
-1357.4027099609375
-1344.8253173828125
-1330.56640625
-1330.4136962890625
-1370.7110595703125
-1356.002685546875
-1363.1007080078125
-1367.5609130859375
-1375.986083984375
-1396.5980224609375
-1354.6492919921875
-1347.3065185546875
-1319.833740234375
-1342.7867431640625
-1354.0775146484375
-1336.7593994140625
-1367.2440185546875
-1328.25341796875
-1350.607177734375
-1342.919921875
-1342.648193359375
-1298.1640625
-1335.4534912109375
-1374.455322265625
-1345.9053955078125
-1364.4420166015625
-1348.065673828125
-1352.77880859375
-1321.55078125
-1353.220458984375
-1337.0042724609375
-1408.5863037109375
-1424.7943115234375
-1328.6163330078125
-1369.4150390625
-1352.0653076171875
-1356.096923828125
-1333.7921142578125
-1371.13671875
-1420.6875
-1283.1202392578125
-1297.326904296875
-1384.3953857421875
-1349.2357177734375
-1360.824462890625
-1325.040283203125
-1362.1781005859375
-1398.777587890625
-1367.0643310546875
-1318.40087890625
-1362.743896484375
-1402.569091796875
-1388.0927734375
-1312.9610595703125
-1339.9625244140625
-1358.4976806640625
-1314.861083984375
-1368.40380859375
-1435.9647216796875
-1354.6353759765625
-1395.3013916015625
-1297.7119140625
-1393.259521484375
-1405.9031982421875
-1420.357177734375
-1354.771484375
-1329.6917724609375
-1412.9803466796875
-1398.2149658203125
-1275.0782470703125
-1330.111572265625
-1386.9925537109375
-1324.345703125
-1298.75390625
-1322.325927734375
-1348.907958984375
-1330.796630859375
-1409.2740478515625
-1379.4892578125
-1390.574462890625
-1342.56396484375
-1297.475341796875
-1363.2911376953125
-1344.5020751953125
-1444.450927734375
-1345.9998779296875
-1317.2904052734375
-1344.9451904296875
-1311.60302734375
-1365.8602294921875
-1307.405029296875
-1357.8323974609375
-1359.433837890625
-1376.1353759765625
-1326.368896484375
-1349.230224609375
-1337.6826171875
-1332.5546875
-1429.162353515625
-1429.3377685546875
-1397.248779296875
-1369.98046875
-1382.1241455078125
-1328.074951171875
-1312.1064453125
-1307.5147705078125
-1379.695068359375
-1317.219482421875
-1384.281494140625
-1282.347900390625
-1347.5550537109375
-1364.8360595703125
-1375.7022705078125
-1315.602294921875
-1362.6922607421875
-1402.407958984375
-1349.8465576171875
-1375.919677734375
-1334.9525146484375
-1389.715576171875
-1289.656982421875
-1304.2154541015625
-1322.07763671875
-1410.04150390625
-1380.9327392578125
-1338.9801025390625
-1327.459716796875
-1339.583984375
-1345.9493408203125
-1306.66650390625
-1333.314453125
-1378.4178466796875
-1361.14111328125
-1366.0484619140625
-1323.1884765625
-1286.1397705078125
-1378.9822998046875
-1354.1134033203125
-1377.0611572265625
-1405.1834716796875
-1362.1064453125
-1401.227783203125
-1354.1796875
-1332.458984375
-1371.8411865234375
-1433.1876220703125
-1322.88671875
-1311.3214111328125
-1274.5928955078125
-1344.8560791015625
-1322.665283203125
-1365.205322265625
-1369.0865478515625
-1321.6007080078125
-1339.9549560546875
-1353.4814453125
-1325.068359375
-1348.2564697265625
-1354.7645263671875
-1352.103759765625
-1303.3624267578125
-1361.18017578125
-1323.1905517578125
-1366.685546875
-1315.2025146484375
-1357.9049072265625
-1400.0958251953125
-1345.57275390625
-1415.162353515625
-1400.4132080078125
-1363.7366943359375
-1400.8623046875
-1401.831298828125
-1311.68310546875
-1317.482421875
-1329.9420166015625
-1354.0501708984375
-1363.6024169921875
-1372.244873046875
-1409.0877685546875
-1320.0390625
-1347.65380859375
-1349.25634765625
-1389.1739501953125
-1376.8336181640625
-1377.26123046875
-1321.920654296875
-1312.1409912109375
-1290.123291015625
-1366.7193603515625
-1317.177001953125
-1329.8800048828125
-1410.0078125
-1375.6767578125
-1352.234375
-1305.8697509765625
-1394.005859375
-1334.9674072265625
-1302.084228515625
-1361.90576171875
-1309.522705078125
-1334.84326171875
-1312.199951171875
-1360.2171630859375
-1313.622314453125
-1353.9359130859375
-1325.1998291015625
-1382.6124267578125
-1399.4132080078125
-1287.5455322265625
-1334.3323974609375
-1348.772216796875
-1426.82763671875
-1360.8963623046875
-1295.6053466796875
-1416.3997802734375
-1375.991455078125
-1343.825439453125
-1372.084716796875
-1364.095947265625
-1322.11962890625
-1255.3272705078125
-1328.6868896484375
-1419.4580078125
-1334.567626953125
-1301.1744384765625
-1301.0523681640625
-1357.698486328125
-1362.613525390625
-1321.799072265625
-1389.0404052734375
-1362.2938232421875
-1363.130615234375
-1355.66796875
-1295.9073486328125
-1399.3363037109375
-1380.885009765625
-1400.251220703125
-1426.4967041015625
-1328.9576416015625
-1306.3623046875
-1335.8717041015625
-1390.8697509765625
-1283.829833984375
-1348.03857421875
-1313.5098876953125
-1324.3343505859375
-1282.9615478515625
-1380.459716796875
-1375.69287109375
-1354.7943115234375
-1311.8450927734375
-1375.7960205078125
-1321.794189453125
-1361.9974365234375
-1416.0616455078125
-1311.9193115234375
-1380.953369140625
-1384.467041015625
-1366.5389404296875
-1278.820068359375
-1379.8359375
-1378.01904296875
-1289.955322265625
-1343.0367431640625
-1368.343505859375
-1401.376708984375
-1374.2943115234375
-1315.5791015625
-1309.9200439453125
-1273.7711181640625
-1353.80078125
-1370.1181640625
-1322.3057861328125
-1366.392822265625
-1412.4495849609375
-1339.701416015625
-1347.6224365234375
-1396.364990234375
-1363.421875
-1346.4642333984375
-1352.7960205078125
-1389.37109375
-1281.7767333984375
-1336.0745849609375
-1356.783935546875
-1318.1900634765625
-1346.4837646484375
-1371.2457275390625
-1352.066650390625
-1341.7401123046875
-1333.9287109375
-1342.908935546875
-1348.137939453125
-1350.5565185546875
-1348.226318359375
-1375.832275390625
-1420.4130859375
-1331.607421875
-1342.2691650390625
-1333.1610107421875
-1357.376708984375
-1330.857666015625
-1365.68896484375
-1335.4271240234375
-1351.0147705078125
-1382.3818359375
-1328.904541015625
-1302.0338134765625
-1368.9088134765625
-1356.51220703125
-1376.6942138671875
-1319.4688720703125
-1310.853271484375
-1280.7459716796875
-1368.99951171875
-1428.673583984375
-1343.609375
-1346.154541015625
-1309.529296875
-1414.5823974609375
-1369.4317626953125
-1337.3939208984375
-1311.6680908203125
-1289.424072265625
-1402.472412109375
-1333.26513671875
-1396.0089111328125
-1353.072265625
-1364.5792236328125
-1342.82568359375
-1289.4539794921875
-1403.911376953125
-1370.6767578125
-1345.4437255859375
-1313.12890625
-1335.572265625
-1364.8193359375
-1398.0772705078125
-1335.12890625
-1300.961669921875
-1316.137451171875
-1358.4478759765625
-1302.6475830078125
-1342.8480224609375
-1354.003662109375
-1309.140869140625
-1304.064697265625
-1360.7138671875
-1317.402099609375
-1314.513671875
-1368.6973876953125
-1410.9739990234375
-1350.6224365234375
-1410.9698486328125
-1379.5377197265625
-1320.7799072265625
-1329.079833984375
-1376.3741455078125
-1375.1162109375
-1372.6446533203125
-1388.10888671875
-1346.936767578125
-1329.22802734375
-1331.0372314453125
-1331.162353515625
-1331.2501220703125
-1388.763916015625
-1303.702880859375
-1330.850830078125
-1366.1453857421875
-1304.1416015625
-1409.6903076171875
-1342.0574951171875
-1359.9808349609375
-1461.04345703125
-1344.576904296875
-1273.6009521484375
-1328.7232666015625
-1313.9266357421875
-1264.2391357421875
-1335.4830322265625
-1333.662109375
-1416.2742919921875
-1359.29638671875
-1325.2503662109375
-1313.3115234375
-1284.6209716796875
-1343.3663330078125
-1370.6336669921875
-1404.5577392578125
-1369.6947021484375
-1266.496337890625
-1301.2481689453125
-1282.4783935546875
-1340.9171142578125
-1344.423583984375
-1408.6053466796875
-1374.0850830078125
-1363.7669677734375
-1338.90966796875
-1334.4478759765625
-1316.972412109375
-1380.4669189453125
-1411.3162841796875
-1344.036376953125
-1358.78173828125
-1301.1234130859375
-1268.0906982421875
-1341.7747802734375
-1389.8109130859375
-1348.1234130859375
-1298.7366943359375
-1379.423828125
-1358.1553955078125
-1366.049072265625
-1319.5408935546875
-1336.30419921875
-1343.2939453125
-1338.315673828125
-1352.5655517578125
-1375.941650390625
-1349.6094970703125
-1346.564697265625
-1403.5076904296875
-1373.3221435546875
-1397.9381103515625
-1344.5439453125
-1355.9732666015625
-1376.028564453125
-1303.5098876953125
-1372.7825927734375
-1321.0032958984375
-1273.549072265625
-1339.46533203125
-1328.6094970703125
-1341.3345947265625
-1392.2852783203125
-1329.6236572265625
-1326.9818115234375
-1439.713134765625
-1324.357421875
-1325.859130859375
-1375.12890625
-1372.9869384765625
-1361.894775390625
-1377.997802734375
-1345.2269287109375
-1362.17431640625
-1377.569091796875
-1386.02587890625
-1316.6715087890625
-1387.8350830078125
-1412.65869140625
-1343.2803955078125
-1399.052490234375
-1343.257568359375
-1352.898193359375
-1353.7833251953125
-1391.2989501953125
-1325.7216796875
-1357.45703125
-1370.0478515625
-1400.191162109375
-1362.7861328125
-1294.7374267578125
-1362.81396484375
-1365.420654296875
-1290.2796630859375
-1309.4007568359375
-1292.2093505859375
-1368.214111328125
-1379.244384765625
-1316.517333984375
-1365.8023681640625
-1310.610107421875
-1352.147705078125
-1336.56982421875
-1411.1158447265625
-1313.2164306640625
-1339.81640625
-1340.552978515625
-1304.8963623046875
-1397.248779296875
-1384.81298828125
-1288.8597412109375
-1335.023193359375
-1354.2069091796875
-1411.6488037109375
-1377.51611328125
-1389.9205322265625
-1372.8453369140625
-1375.3189697265625
-1364.953125
-1324.4071044921875
-1384.1767578125
-1415.7022705078125
-1341.0906982421875
-1386.010986328125
-1357.49609375
-1449.4805908203125
-1369.2760009765625
-1328.447509765625
-1405.3330078125
-1332.3648681640625
-1388.81982421875
-1385.5018310546875
-1335.7890625
-1323.41162109375
-1338.154296875
-1290.7664794921875
-1307.0404052734375
-1358.689208984375
-1315.935791015625
-1360.34375
-1323.044677734375
-1372.5841064453125
-1278.0166015625
-1339.61962890625
-1453.2720947265625
-1293.8780517578125
-1408.3118896484375
-1406.0355224609375
-1296.7357177734375
-1317.04248046875
-1293.362548828125
-1402.420166015625
-1376.215087890625
-1387.7930908203125
-1309.7109375
-1303.1702880859375
-1310.3768310546875
-1313.5330810546875
-1310.5693359375
-1305.7459716796875
-1354.4561767578125
-1303.323486328125
-1365.1318359375
-1366.8267822265625
-1355.099365234375
-1369.4105224609375
-1399.8583984375
-1281.4310302734375
-1306.79150390625
-1433.488037109375
-1357.4990234375
-1329.2069091796875
-1360.604736328125
-1353.1234130859375
-1330.671630859375
-1339.6268310546875
-1354.5731201171875
-1350.562255859375
-1331.5848388671875
-1390.6375732421875
-1338.047607421875
-1322.4385986328125
-1343.8682861328125
-1386.14208984375
-1378.3326416015625
-1274.858642578125
-1381.4742431640625
-1368.6046142578125
-1347.0333251953125
-1324.790283203125
-1375.1214599609375
-1347.0582275390625
-1310.5599365234375
-1356.1551513671875
-1347.6156005859375
-1362.6549072265625
-1317.2659912109375
-1396.394287109375
-1315.651611328125
-1357.1046142578125
-1353.664306640625
-1297.9833984375
-1333.5615234375
-1364.8875732421875
-1388.72998046875
-1331.496337890625
-1382.072021484375
-1310.80517578125
-1315.1705322265625
-1389.7869873046875
-1319.516357421875
-1325.8214111328125
-1354.1956787109375
-1344.6578369140625
-1354.7781982421875
-1363.2840576171875
-1350.4052734375
-1347.32763671875
-1374.4989013671875
-1353.705322265625
-1370.069091796875
-1360.951171875
-1326.708740234375
-1324.8218994140625
-1355.58154296875
-1398.874755859375
-1342.4434814453125
-1328.177734375
-1378.8170166015625
-1327.4505615234375
-1382.386962890625
-1371.2843017578125
-1357.1923828125
-1392.7989501953125
-1388.5159912109375
-1341.9609375
-1342.41015625
-1401.8187255859375
-1366.4390869140625
-1339.228271484375
-1342.5877685546875
-1375.3123779296875
-1369.68701171875
-1321.042724609375
-1347.0006103515625
-1308.3936767578125
-1289.1990966796875
-1392.1866455078125
-1327.0985107421875
-1295.7049560546875
-1450.2535400390625
-1328.2047119140625
-1348.8380126953125
-1284.9559326171875
-1328.48681640625
-1372.2083740234375
-1318.2156982421875
-1425.828125
-1451.745361328125
-1339.3060302734375
-1335.2464599609375
-1428.0201416015625
-1349.6376953125
-1468.1207275390625
-1340.9381103515625
-1333.2406005859375
-1379.9537353515625
-1319.673095703125
-1325.89306640625
-1291.9658203125
-1364.8145751953125
-1347.12841796875
-1339.2960205078125
-1311.9669189453125
-1307.94287109375
-1372.9271240234375
-1290.2828369140625
-1374.1279296875
-1318.1280517578125
-1333.213134765625
-1312.88232421875
-1317.9049072265625
-1375.760009765625
-1408.744384765625
-1385.497314453125
-1349.39404296875
-1371.7432861328125
-1350.0059814453125
-1373.89208984375
-1362.9600830078125
-1354.8265380859375
-1344.54736328125
-1328.0267333984375
-1386.4844970703125
-1330.4874267578125
-1322.661865234375
-1328.53662109375
-1347.3404541015625
-1357.158447265625
-1354.7530517578125
-1308.224365234375
-1397.7977294921875
-1355.18017578125
-1356.1376953125
-1301.048583984375
-1383.034912109375
-1364.278076171875
-1405.3712158203125
-1318.12451171875
-1299.859130859375
-1371.6707763671875
-1388.4830322265625
-1373.726318359375
-1340.6865234375
-1387.47900390625
-1342.4072265625
-1387.0281982421875
-1397.67626953125
-1334.5477294921875
-1329.3271484375
-1387.0594482421875
-1344.7110595703125
-1444.0303955078125
-1304.3682861328125
-1354.3721923828125
-1311.2261962890625
-1353.5057373046875
-1379.779541015625
-1301.1217041015625
-1360.469482421875
-1266.1029052734375
-1333.17333984375
-1329.5870361328125
-1308.73486328125
-1352.6519775390625
-1353.9029541015625
-1350.56005859375
-1380.04345703125
-1291.4656982421875
-1316.150634765625
-1372.5771484375
-1354.3870849609375
-1348.2999267578125
-1380.9637451171875
-1321.9349365234375
-1368.75439453125
-1357.590087890625
-1380.6192626953125
-1298.63427734375
-1341.4656982421875
-1378.3922119140625
-1359.3087158203125
-1360.2498779296875
-1323.8309326171875
-1334.29736328125
-1380.7069091796875
-1351.4549560546875
-1347.3780517578125
-1332.150634765625
-1352.493896484375
-1325.484375
-1324.3363037109375
-1352.673828125
-1330.771240234375
-1333.57763671875
-1370.449462890625
-1335.4178466796875
-1340.3936767578125
-1346.58984375
-1376.1229248046875
-1342.9638671875
-1350.7847900390625
-1352.2188720703125
-1360.61865234375
-1320.2608642578125
-1328.1905517578125
-1406.9071044921875
-1295.1646728515625
-1369.60400390625
-1314.0496826171875
-1349.367919921875
-1397.779296875
-1371.8511962890625
-1352.5540771484375
-1401.337646484375
-1306.296142578125
-1287.689453125
-1299.2354736328125
-1396.5047607421875
-1401.7723388671875
-1309.3428955078125
-1338.306884765625
-1332.8714599609375
-1320.0670166015625
-1366.5494384765625
-1316.6771240234375
-1404.65869140625
-1366.8895263671875
-1378.169677734375
-1408.958740234375
-1305.44140625
-1301.5224609375
-1382.2451171875
-1389.54296875
-1334.0030517578125
-1348.841064453125
-1362.7044677734375
-1361.079833984375
-1347.7139892578125
-1398.314453125
-1335.9332275390625
-1267.8236083984375
-1319.777587890625
-1392.2796630859375
-1333.2330322265625
-1349.666015625
-1308.1278076171875
-1386.6392822265625
-1374.1961669921875
-1310.286865234375
-1361.87646484375
-1353.371826171875
-1331.5726318359375
-1343.067138671875
-1315.5052490234375
-1333.7164306640625
-1346.4635009765625
-1322.472412109375
-1353.606689453125
-1370.39404296875
-1358.0159912109375
-1428.125732421875
-1281.8829345703125
-1366.6944580078125
-1357.3350830078125
-1338.720947265625
-1292.5242919921875
-1334.0924072265625
-1282.0350341796875
-1392.07763671875
-1368.552001953125
-1331.1099853515625
-1346.4639892578125
-1345.49560546875
-1294.6302490234375
-1302.7059326171875
-1296.373291015625
-1373.892333984375
-1326.4393310546875
-1350.263427734375
-1380.150146484375
-1319.2615966796875
-1351.4412841796875
-1355.6031494140625
-1323.1365966796875
-1306.69873046875
-1420.9287109375
-1317.0948486328125
-1366.487548828125
-1324.1990966796875
-1315.4010009765625
-1448.23193359375
-1367.91748046875
-1352.76025390625
-1303.453125
-1354.5623779296875
-1315.091796875
-1371.673828125
-1308.66455078125
-1363.87255859375
-1313.7542724609375
-1411.51123046875
-1364.0697021484375
-1324.14404296875
-1370.486572265625
-1412.4808349609375
-1364.2578125
-1330.1063232421875
-1276.5770263671875
-1320.944091796875
-1373.834228515625
-1404.5567626953125
-1343.9869384765625
-1374.319580078125
-1413.8948974609375
-1333.1397705078125
-1384.1182861328125
-1321.6953125
-1332.5146484375
-1357.5849609375
-1301.3975830078125
-1328.7425537109375
-1381.9228515625
-1304.937744140625
-1389.727294921875
-1349.623291015625
-1362.6363525390625
-1381.406005859375
-1355.0621337890625
-1364.3759765625
-1325.2490234375
-1332.13671875
-1370.7606201171875
-1316.467041015625
-1348.92138671875
-1391.3756103515625
-1412.3734130859375
-1363.4923095703125
-1392.5030517578125
-1347.4796142578125
-1310.856689453125
-1387.486572265625
-1327.2908935546875
-1343.3736572265625
-1284.6063232421875
-1325.2894287109375
-1427.0582275390625
-1373.943603515625
-1320.77685546875
-1349.818603515625
-1317.201904296875
-1380.4293212890625
-1333.123291015625
-1334.879150390625
-1392.716552734375
-1360.89892578125
-1416.6322021484375
-1370.12744140625
-1329.990966796875
-1351.1260986328125
-1348.921875
-1327.8065185546875
-1288.483154296875
-1344.6510009765625
-1314.01513671875
-1415.7047119140625
-1363.08203125
-1290.105712890625
-1417.048095703125
-1259.3240966796875
-1326.91943359375
-1361.126708984375
-1372.12890625
-1335.91552734375
-1270.6588134765625
-1340.5537109375
-1342.0135498046875
-1327.066650390625
-1376.3011474609375
-1372.191650390625
-1349.1761474609375
-1341.919677734375
-1365.831298828125
-1308.79248046875
-1302.0078125
-1327.1824951171875
-1377.1671142578125
-1338.0672607421875
-1381.53125
-1328.9417724609375
-1328.064208984375
-1333.80029296875
-1311.3021240234375
-1326.2601318359375
-1343.1328125
-1359.9793701171875
-1352.6400146484375
-1322.4608154296875
-1328.8408203125
-1378.03662109375
-1369.40966796875
-1276.677001953125
-1272.8662109375
-1389.0755615234375
-1330.9912109375
-1341.8206787109375
-1369.1929931640625
-1347.2501220703125
-1387.365234375
-1331.138427734375
-1291.059814453125
-1352.259521484375
-1348.7802734375
-1378.1201171875
-1347.8690185546875
-1254.2728271484375
-1360.978271484375
-1313.41943359375
-1448.1414794921875
-1229.0198974609375
-1336.023681640625
-1293.0513916015625
-1377.38623046875
-1397.97998046875
-1325.973876953125
-1336.716552734375
-1334.1552734375
-1369.655029296875
-1353.4769287109375
-1388.572021484375
-1362.720458984375
-1341.3509521484375
-1374.7012939453125
-1353.244384765625
-1331.2723388671875
-1392.2437744140625
-1301.94873046875
-1336.7894287109375
-1372.8302001953125
-1413.401123046875
-1366.59130859375
-1425.1705322265625
-1329.7906494140625
-1380.3515625
-1350.314208984375
-1298.18359375
-1383.310302734375
-1354.5740966796875
-1429.7420654296875
-1305.32373046875
-1314.17333984375
-1318.988037109375
-1416.835205078125
-1328.74365234375
-1330.1744384765625
-1390.9439697265625
