0.39171794056892395
0.3944948613643646
0.38271066546440125
0.3824937045574188
0.3794075548648834
0.40713709592819214
0.4002174139022827
0.36268526315689087
0.42839327454566956
0.351611852645874
0.42095303535461426
0.35822099447250366
0.3819007873535156
0.4365611970424652
0.33539527654647827
0.39524364471435547
0.4221193194389343
0.37009960412979126
0.3483143746852875
0.3991911709308624
0.3516874313354492
0.37294748425483704
0.37246406078338623
0.398672878742218
0.3216192424297333
0.4081254303455353
0.37959298491477966
0.3660050630569458
0.40949857234954834
0.37201130390167236
0.36965620517730713
0.4223134517669678
0.39130088686943054
0.3951990306377411
0.37282687425613403
0.3600061237812042
0.3660353422164917
0.42820602655410767
0.378630131483078
0.3643822968006134
0.3948202133178711
0.35714414715766907
0.38720253109931946
0.39446136355400085
0.34878677129745483
0.35931938886642456
0.37358126044273376
0.3864188492298126
0.369534969329834
0.37497010827064514
0.40193426609039307
0.3452569842338562
0.3697624206542969
0.38293328881263733
0.3799685835838318
0.33379724621772766
0.40084922313690186
0.3965664207935333
0.39638474583625793
0.34013813734054565
0.3701123297214508
0.3423205018043518
0.3132965862751007
0.32860469818115234
0.400631308555603
0.370109885931015
0.3710264563560486
0.38815486431121826
0.3614652156829834
0.3337363004684448
0.34858596324920654
0.4086744487285614
0.34739047288894653
0.3226633071899414
0.39868173003196716
0.3730192184448242
0.40022751688957214
0.3394513726234436
0.34578952193260193
0.3449150323867798
0.3676697611808777
0.3226540684700012
0.3437940776348114
0.34721246361732483
0.3592052757740021
0.3564993441104889
0.3507303297519684
0.3308255970478058
0.36933591961860657
0.32955682277679443
0.32098695635795593
0.4066345691680908
0.3809276521205902
0.36598649621009827
0.3309333026409149
0.3304879367351532
0.33482643961906433
0.34638625383377075
0.3475406765937805
0.3399469554424286
0.3451860547065735
0.3581419885158539
0.3710627257823944
0.328784316778183
0.2933012545108795
0.3742888569831848
0.3343181312084198
0.31631985306739807
0.3863754868507385
0.34847861528396606
0.38327810168266296
0.3896998167037964
0.3597652018070221
0.34504711627960205
0.3099285066127777
0.36204272508621216
0.3405991494655609
0.36415231227874756
0.3662269711494446
0.38406136631965637
0.3587459325790405
0.329163521528244
0.3279150426387787
0.35748207569122314
0.3625422418117523
0.37582433223724365
0.3671593964099884
0.3681364357471466
0.3233036696910858
0.38432013988494873
0.34750938415527344
0.33525732159614563
0.3613286316394806
0.36657607555389404
0.370193749666214
0.36296141147613525
0.34885460138320923
0.3757046163082123
0.3310288190841675
0.358719140291214
0.34994029998779297
0.41245129704475403
0.33325448632240295
0.3410125970840454
0.34341299533843994
0.400717556476593
0.3173964321613312
0.3340897858142853
0.3196733891963959
0.3627372086048126
0.3591407835483551
0.3938353657722473
0.34513208270072937
0.3310494124889374
0.3393908143043518
0.35292237997055054
0.3354839086532593
0.35760658979415894
0.3254709243774414
0.3661089539527893
0.35395580530166626
0.3595113754272461
0.3369947373867035
0.343366801738739
0.318895161151886
0.3607223629951477
0.3423721492290497
0.34416869282722473
0.32744666934013367
0.3362234830856323
0.3339802622795105
0.37933221459388733
0.36074164509773254
0.33046165108680725
0.3282977342605591
0.31265607476234436
0.37454983592033386
0.3605120778083801
0.3507119417190552
0.33868277072906494
0.35804927349090576
0.33080440759658813
0.33319777250289917
0.32923656702041626
0.3704298436641693
0.3407207727432251
0.36551329493522644
0.32761698961257935
0.31315499544143677
0.3245956599712372
0.37753263115882874
0.31090399622917175
0.30843034386634827
0.32136812806129456
0.35900557041168213
0.3348361551761627
0.3045331835746765
0.32140296697616577
0.306404709815979
0.3367595374584198
0.37389612197875977
0.3496628701686859
0.33118078112602234
0.35279592871665955
0.3209019899368286
0.3050408959388733
0.28509533405303955
0.2928473949432373
0.2988961637020111
0.34077349305152893
0.32903605699539185
0.31960979104042053
0.3545645475387573
0.3501359522342682
0.31905651092529297
0.3286210000514984
0.3531774878501892
0.2767220139503479
0.32038211822509766
0.3358992040157318
0.33680281043052673
0.35076525807380676
0.3371765613555908
0.3556014895439148
0.3805225193500519
0.3152913749217987
0.31114718317985535
0.33942726254463196
0.3098832368850708
0.3263089060783386
0.33032602071762085
0.32065245509147644
0.35112306475639343
0.31054753065109253
0.28790757060050964
0.3223647475242615
0.3446938097476959
0.34457236528396606
0.3133743107318878
0.3491065800189972
0.3407611846923828
0.3330192565917969
0.33372849225997925
0.363403856754303
0.2793371081352234
0.31949830055236816
0.31975212693214417
0.3129708766937256
0.30564242601394653
0.29882508516311646
0.32837554812431335
0.3247324228286743
0.31970012187957764
0.30365341901779175
0.3078557252883911
0.2974805235862732
0.33817607164382935
0.3288968503475189
0.3300342857837677
0.2977462410926819
0.3248543441295624
0.3473968505859375
0.34173306822776794
0.35515573620796204
0.3165588676929474
0.3057165741920471
0.3609108328819275
0.3177393674850464
0.3299034833908081
0.34951430559158325
0.3476589322090149
0.31459513306617737
0.34717729687690735
0.3491799831390381
0.3264964520931244
0.32509922981262207
0.29182472825050354
0.36342254281044006
0.3127793073654175
0.31582528352737427
0.30683815479278564
0.3528013825416565
0.3119780123233795
0.29452624917030334
0.344317227602005
0.30854883790016174
0.3032892942428589
0.3614567518234253
0.32759806513786316
0.3505624532699585
0.3205350339412689
0.30765411257743835
0.32246658205986023
0.3166663944721222
0.33786657452583313
0.33461740612983704
0.34550920128822327
0.34308096766471863
0.3259228765964508
0.3254418969154358
0.32149937748908997
0.33888331055641174
0.33931851387023926
0.3434230387210846
0.3258216977119446
0.3025829493999481
0.28268975019454956
0.3120225965976715
0.28168752789497375
0.29693475365638733
0.3127359449863434
0.33118873834609985
0.2964748740196228
0.35556796193122864
0.3209637403488159
0.3013252019882202
0.3470018208026886
0.35220256447792053
0.3129819929599762
0.3289879858493805
0.33017459511756897
0.3082348704338074
0.3106580078601837
0.3531155288219452
0.32335132360458374
0.35830482840538025
0.31430867314338684
0.2503373920917511
0.3061416447162628
0.3277677893638611
0.3304611146450043
0.353346049785614
0.3426068425178528
0.29018253087997437
0.358676016330719
0.3189225196838379
0.2892456352710724
0.33376431465148926
0.3011247515678406
0.3451509475708008
0.3419753313064575
0.31936395168304443
0.32617858052253723
0.3197903037071228
0.3287545144557953
0.2994880974292755
0.32287874817848206
0.3094666004180908
0.3466404378414154
0.2762548327445984
0.3022155165672302
0.3270704448223114
0.33803263306617737
0.3090859353542328
0.352764755487442
0.34229764342308044
0.3239937126636505
0.33969369530677795
0.31355106830596924
0.3352452218532562
0.3220769166946411
0.33402901887893677
0.3047303259372711
0.3154800236225128
0.34763017296791077
0.3242883086204529
0.31630203127861023
0.3237071931362152
0.3091547191143036
0.3111957609653473
0.35557639598846436
0.30783769488334656
0.3024250566959381
0.2894810438156128
0.3266942501068115
0.31062909960746765
0.35350531339645386
0.31207433342933655
0.3130699098110199
0.3071630895137787
0.3248741328716278
0.3327513635158539
0.3479386568069458
0.30956605076789856
0.3401947617530823
0.3075864613056183
0.34305840730667114
0.3189629316329956
0.3256349265575409
0.3088110089302063
0.3177516460418701
0.33658650517463684
0.3052695691585541
0.35228824615478516
0.3200007379055023
0.33285394310951233
0.34478092193603516
0.2758862376213074
0.32339373230934143
0.30129367113113403
0.34947142004966736
0.307375431060791
0.29087135195732117
0.31338170170783997
0.3076949119567871
0.36658433079719543
0.31489986181259155
0.333100825548172
0.32527679204940796
0.31451913714408875
0.29222404956817627
0.3124266564846039
0.3268859088420868
0.3059295117855072
0.33128881454467773
0.3084009885787964
0.321566641330719
0.30137550830841064
0.32799920439720154
0.33445391058921814
0.3233192265033722
0.290846586227417
0.321037620306015
0.305204838514328
0.3046129047870636
0.30844390392303467
0.35670334100723267
0.3187558054924011
0.31447359919548035
0.3101106286048889
0.3176237940788269
0.2699032723903656
0.32304510474205017
0.3125917315483093
0.3136652112007141
0.31362563371658325
0.32554852962493896
0.3174980878829956
0.31094950437545776
0.3157013952732086
0.29377782344818115
0.31800568103790283
0.32754263281822205
0.28916579484939575
0.3494981825351715
0.28747162222862244
0.32744425535202026
0.29902195930480957
0.2902967631816864
0.34228816628456116
0.33442315459251404
0.31575921177864075
0.28229352831840515
0.3161081373691559
0.31667953729629517
0.32171395421028137
0.2814165949821472
0.31727778911590576
0.30431652069091797
0.30027955770492554
0.3084847331047058
0.3271673619747162
0.33521488308906555
0.3451223373413086
0.29033440351486206
0.31297174096107483
0.3500029146671295
0.3077154755592346
0.31053751707077026
0.2854025065898895
0.28548961877822876
0.3322911858558655
0.3221825659275055
0.3162178695201874
0.2910664975643158
0.3081892430782318
0.29798179864883423
0.3235724866390228
0.30347293615341187
0.3472825288772583
0.31182661652565
0.3167734742164612
0.35398784279823303
0.34881383180618286
0.2998235523700714
0.3296169638633728
0.3004576861858368
0.296979695558548
0.3772304654121399
0.34174174070358276
0.29944345355033875
0.31779491901397705
0.29040518403053284
0.2806742787361145
0.3085283637046814
0.2831977605819702
0.3457564115524292
0.31654760241508484
0.28933724761009216
0.30026909708976746
0.33417224884033203
0.34099280834198
0.3088825047016144
0.3181627094745636
0.28740400075912476
0.33007970452308655
0.3178389370441437
0.3120482265949249
0.26986536383628845
0.3003115952014923
0.3245845437049866
0.3014470338821411
0.2825455665588379
0.3369656801223755
0.29763099551200867
0.32163333892822266
0.27046045660972595
0.31775569915771484
0.3325672149658203
0.32549339532852173
0.3355056941509247
0.28616195917129517
0.2788947820663452
0.31320956349372864
0.2893703877925873
0.32084524631500244
0.2776572108268738
0.3027297258377075
0.3149087727069855
0.3251221477985382
0.3160557448863983
0.34611785411834717
0.329836368560791
0.2851329743862152
0.3128167688846588
0.29665276408195496
0.3046729266643524
0.326335608959198
0.32795026898384094
0.32922491431236267
0.3233109414577484
0.3134737014770508
0.31365662813186646
0.3089875876903534
0.3072587847709656
0.3330886662006378
0.3060673475265503
0.31733888387680054
0.3243192732334137
0.2897908091545105
0.2875320613384247
0.30581626296043396
0.30180835723876953
0.32064980268478394
0.29118871688842773
0.28922006487846375
0.37552186846733093
0.3287467062473297
0.3088938593864441
0.3167168200016022
0.2725786566734314
0.2833634912967682
0.300109326839447
0.35596686601638794
0.30115461349487305
0.33088675141334534
0.31694453954696655
0.30557897686958313
0.29909548163414
0.33915507793426514
0.29020723700523376
0.3226514160633087
0.3110664188861847
0.270569384098053
0.2888316214084625
0.3265058696269989
0.3098870813846588
0.3244759142398834
0.290262371301651
0.30822595953941345
0.29759615659713745
0.29792022705078125
0.3015863597393036
0.31065213680267334
0.30641475319862366
0.30640262365341187
0.3133670687675476
0.2966867983341217
0.27150607109069824
0.2778751254081726
0.28991398215293884
0.261194109916687
0.3211587071418762
0.2783573269844055
0.3513776957988739
0.3356424570083618
0.29507240653038025
0.3261183202266693
0.3290728032588959
0.32879531383514404
0.30794206261634827
0.2901284992694855
0.2903628945350647
0.3139083683490753
0.3072630763053894
0.31869450211524963
0.34288260340690613
0.27959609031677246
0.30983835458755493
0.3430289328098297
0.33042237162590027
0.29939255118370056
0.32153022289276123
0.3032728433609009
0.33162006735801697
0.3184814453125
0.29954439401626587
0.29198911786079407
0.31385788321495056
0.31038379669189453
0.3004251718521118
0.33826789259910583
0.3180302083492279
0.2990473210811615
0.3192586898803711
0.3151601552963257
0.31055328249931335
0.3117147982120514
0.3004591166973114
0.2993166148662567
0.3293784558773041
0.3093298375606537
0.32315006852149963
0.28963008522987366
0.27917057275772095
0.32161226868629456
0.2955464720726013
0.29670873284339905
0.2987247109413147
0.2973940074443817
0.34607014060020447
0.33335742354393005
0.36022111773490906
0.3150378465652466
0.3062392473220825
0.2843092978000641
0.29857659339904785
0.29611921310424805
0.3167853355407715
0.3082273006439209
0.33998581767082214
0.29078689217567444
0.3054061532020569
0.2779102325439453
0.2748013734817505
0.32293784618377686
0.33230462670326233
0.29878470301628113
0.32842597365379333
0.2922784388065338
0.3229571282863617
0.2907251715660095
0.3169463574886322
0.3046603798866272
0.3316774368286133
0.28251639008522034
0.2958473861217499
0.2748779356479645
0.3231816589832306
0.29492107033729553
0.29283320903778076
0.3159599304199219
0.2961304783821106
0.3500729501247406
0.32310712337493896
0.28859129548072815
0.31651633977890015
0.328795850276947
0.3413712978363037
0.27742937207221985
0.3055282533168793
0.2861138582229614
0.30065447092056274
0.29261839389801025
0.33857962489128113
0.33700138330459595
0.27108457684516907
0.3159065246582031
0.3144271969795227
0.2748235762119293
0.29256322979927063
0.34972554445266724
0.31143471598625183
0.30639415979385376
0.3335966467857361
0.32959797978401184
0.295940101146698
0.2943820357322693
0.3107203245162964
0.291046142578125
0.2609386444091797
0.2791374623775482
0.2935260236263275
0.29653656482696533
0.2769422233104706
0.2768711447715759
0.343633770942688
0.29474228620529175
0.29992222785949707
0.28729572892189026
0.276969313621521
0.31011223793029785
0.2807241678237915
0.27769729495048523
0.3176916241645813
0.2655276358127594
0.2803996801376343
0.31791040301322937
0.3091668486595154
0.31277763843536377
0.29781460762023926
0.31163161993026733
0.3492083251476288
0.304044246673584
0.30370858311653137
0.30924469232559204
0.30414658784866333
0.29542186856269836
0.3149533271789551
0.30230045318603516
0.32674914598464966
0.3212924599647522
0.2949000597000122
0.32878366112709045
0.343924343585968
0.29409170150756836
0.3265090584754944
0.3096264600753784
0.3153590261936188
0.3000663220882416
0.28428930044174194
0.32679247856140137
0.3203215003013611
0.3111240863800049
0.30005958676338196
0.314140260219574
0.3663778305053711
0.28960666060447693
0.30603766441345215
0.3145269751548767
0.32021549344062805
0.303966224193573
0.3078298568725586
0.32759442925453186
0.3264145851135254
0.2995198667049408
0.32652547955513
0.31326401233673096
0.2559370696544647
0.3089939057826996
0.31330978870391846
0.3077761232852936
0.2859959900379181
0.31463390588760376
0.2973653972148895
0.3046085834503174
0.31198278069496155
0.2889973819255829
0.3105972409248352
0.307277113199234
0.2657324969768524
0.3210463523864746
0.31195202469825745
0.32707837224006653
0.2997854948043823
0.2610973119735718
0.3234879970550537
0.3384585380554199
0.2774088680744171
0.31054365634918213
0.2982352674007416
0.2963458299636841
0.28706738352775574
0.2738698422908783
0.2872985601425171
0.2880602478981018
0.30610519647598267
0.271550714969635
0.3019351065158844
0.29478225111961365
0.30128923058509827
0.3191516101360321
0.2811413109302521
0.3192667067050934
0.26771894097328186
0.28558260202407837
0.27473002672195435
0.3039012849330902
0.3162347972393036
0.24759040772914886
0.2965056002140045
0.30758893489837646
0.34714260697364807
0.3375924527645111
0.34246888756752014
0.3176008462905884
0.2865719199180603
0.2988296449184418
0.28923535346984863
0.29609712958335876
0.31686168909072876
0.29477816820144653
0.2925559878349304
0.3249322175979614
0.2847673296928406
0.33574724197387695
0.30614593625068665
0.2934936285018921
0.2750755846500397
0.31053584814071655
0.31708580255508423
0.25199058651924133
0.3061947822570801
0.28737643361091614
0.31362494826316833
0.2994151711463928
0.2992580235004425
0.2902591824531555
0.3201959431171417
0.2580857574939728
0.27180591225624084
0.30431580543518066
0.3144199550151825
0.2676527202129364
0.27986791729927063
0.3220456838607788
0.29085099697113037
0.31076398491859436
0.2968441843986511
0.27137434482574463
0.3324499726295471
0.28175991773605347
0.3227992653846741
0.30155882239341736
0.30049383640289307
0.28157371282577515
0.2985754609107971
0.3048899471759796
0.28281378746032715
0.3236030638217926
0.2730894088745117
0.2921000123023987
0.2892369031906128
0.30944913625717163
0.3050624430179596
0.3058830797672272
0.28756824135780334
0.33256804943084717
0.31935620307922363
0.317908376455307
0.3148721754550934
0.30650803446769714
0.2951229214668274
0.2691621780395508
0.2883888781070709
0.2859523296356201
0.3212077021598816
0.2781122028827667
0.26880156993865967
0.3300309479236603
0.30060967803001404
0.316256582736969
0.2830907702445984
0.2964261472225189
0.3126375377178192
0.3071078658103943
0.3424261212348938
0.3233345150947571
0.28875818848609924
0.30467087030410767
0.30501750111579895
0.3131275177001953
0.3028302788734436
0.31150177121162415
0.3013930320739746
0.3117859959602356
0.2841868996620178
0.2642933130264282
0.30338171124458313
0.3238416314125061
0.2372245192527771
0.2738834023475647
0.30268874764442444
0.33036360144615173
0.29153409600257874
0.31903019547462463
0.3099847435951233
0.31124845147132874
0.29791080951690674
0.30620458722114563
0.3102611303329468
0.27812087535858154
0.3308561444282532
0.2925022840499878
0.3315173089504242
0.2906777262687683
0.29578518867492676
0.30732208490371704
0.2797847390174866
0.2885136902332306
0.2975514829158783
0.2750718593597412
0.316057950258255
0.2952941656112671
0.31795161962509155
0.3442925214767456
0.2527172267436981
0.318705677986145
0.2878704071044922
0.266716331243515
0.30204740166664124
0.32302048802375793
0.31244131922721863
0.26323214173316956
0.31482622027397156
0.32375380396842957
0.2868210971355438
0.3085825443267822
0.27482175827026367
0.3272777199745178
0.3062118589878082
0.28840428590774536
0.279177725315094
0.3504716157913208
0.2695622444152832
0.3188056945800781
0.2877659201622009
0.27368614077568054
0.2845737934112549
0.3083827793598175
0.29642802476882935
0.31144407391548157
0.31865617632865906
0.2581212520599365
0.28680646419525146
0.30549564957618713
0.3057873845100403
0.3134375512599945
0.29899054765701294
0.28275859355926514
0.2570471465587616
0.27613815665245056
0.3297620117664337
0.31207898259162903
0.27788829803466797
0.31042367219924927
0.27692943811416626
0.27940016984939575
0.2785559892654419
0.29421818256378174
0.2905246913433075
0.34004518389701843
0.30263349413871765
0.29172128438949585
0.3226942718029022
0.3263445794582367
0.2765383720397949
0.2946314215660095
0.2942623794078827
0.2994309663772583
0.29407623410224915
0.29182812571525574
0.32463538646698
0.2851184606552124
0.29752838611602783
0.29032599925994873
0.2934116721153259
0.3260054588317871
0.3017536699771881
0.30064657330513
0.3359699845314026
0.28124305605888367
0.2715764045715332
0.24360661208629608
0.3249915540218353
0.3340551555156708
0.2782098352909088
0.2942611575126648
0.3112759590148926
0.3243909478187561
0.33057448267936707
0.3051782250404358
0.2805807292461395
0.30814844369888306
0.3126783072948456
0.2945326864719391
0.327947199344635
0.28891274333000183
0.2897163927555084
0.3126815855503082
0.29999661445617676
0.30193015933036804
0.3054075837135315
0.26055392622947693
0.3056963384151459
0.30471304059028625
0.28365951776504517
0.30827829241752625
0.3085114359855652
0.3064000606536865
0.31271734833717346
0.27233070135116577
0.30239248275756836
0.3221147358417511
0.29204070568084717
0.2837330400943756
0.27050310373306274
0.3143652677536011
0.2642163336277008
0.27582070231437683
0.31695112586021423
0.30575963854789734
0.3151402771472931
0.2939133048057556
0.2973651587963104
0.2830629348754883
0.3187098503112793
0.295599102973938
0.2923780679702759
0.2919579744338989
0.2975977957248688
0.3016836941242218
0.32009759545326233
0.30393218994140625
0.27566221356391907
0.30387184023857117
0.29910072684288025
0.28785741329193115
0.30717626214027405
0.2878611087799072
0.2918359935283661
0.30764853954315186
0.32106292247772217
0.26703256368637085
0.3183321952819824
0.2928684651851654
0.28169864416122437
0.2821648120880127
0.32093292474746704
0.29737454652786255
0.29671621322631836
0.2930501401424408
0.29271209239959717
0.279609352350235
0.3033556342124939
0.30194780230522156
0.28977859020233154
0.26948994398117065
0.3032345175743103
0.2988404929637909
0.27504175901412964
0.3364666998386383
0.3111684322357178
0.27195391058921814
0.2904561161994934
0.28336724638938904
0.29620587825775146
0.2542027235031128
0.3001362383365631
0.2919658422470093
0.2980194091796875
0.2853093445301056
0.31548377871513367
0.26610425114631653
0.28055277466773987
0.31357327103614807
0.28509363532066345
0.3072177469730377
0.282463014125824
0.32301774621009827
0.29512542486190796
0.2915216088294983
0.2630649507045746
0.2636168897151947
0.285426527261734
0.3105795085430145
0.2951098084449768
0.31844213604927063
0.2859402894973755
0.31777772307395935
0.2913891673088074
0.3030957281589508
0.29073774814605713
0.2818906605243683
0.26516756415367126
0.2749866545200348
0.28622403740882874
0.26761555671691895
0.25309300422668457
0.2934085428714752
0.3194374144077301
0.3366484045982361
0.2894991934299469
0.2993678152561188
0.2814202606678009
0.2757244110107422
0.27595028281211853
0.3044218420982361
0.3112167716026306
0.29116058349609375
0.2970539927482605
0.28313636779785156
0.2918093502521515
0.30997297167778015
0.3187507390975952
0.2752685248851776
0.2985598146915436
0.30829769372940063
0.32408004999160767
0.29029422998428345
0.30213961005210876
0.2775278091430664
0.27485352754592896
0.31314679980278015
0.30252212285995483
0.2931291460990906
0.3074088394641876
0.287988543510437
0.27074337005615234
0.27630892395973206
0.2848607003688812
0.2961672246456146
0.3156895637512207
0.3222925662994385
0.302920401096344
0.25571972131729126
0.2869202792644501
0.3253638744354248
0.25458669662475586
0.24460940062999725
0.2838934361934662
0.28023070096969604
0.2463122457265854
0.3410150408744812
0.2707117199897766
0.28307396173477173
0.2741193473339081
0.32352665066719055
0.29982084035873413
0.269359290599823
0.3139317035675049
0.29975807666778564
0.3082427978515625
0.2862878143787384
0.2892262041568756
0.28821009397506714
0.31965747475624084
0.2906543016433716
0.25243157148361206
0.2967503070831299
0.31860536336898804
0.31488725543022156
0.31829696893692017
0.32008808851242065
0.30551010370254517
0.29713112115859985
0.28085437417030334
0.282999724149704
0.2868972718715668
0.3090098202228546
0.29933029413223267
0.3263276517391205
0.29234248399734497
0.2930949926376343
0.29976969957351685
0.2852276861667633
0.2859272360801697
0.2640451490879059
0.33598655462265015
0.3573443591594696
0.3352384567260742
0.28116658329963684
0.26800963282585144
0.2497803270816803
0.2877535820007324
0.28916752338409424
0.2787053883075714
0.3016261160373688
0.2883320748806
0.27925559878349304
0.281621515750885
0.30037426948547363
0.31159597635269165
0.29127687215805054
0.2922857105731964
0.26530492305755615
0.27350783348083496
0.28314658999443054
0.27338942885398865
0.3278690576553345
0.2438187152147293
0.3076382875442505
0.27579265832901
0.2784776985645294
0.342877060174942
0.3441639542579651
0.2785138785839081
0.2791638672351837
0.29559946060180664
0.28401049971580505
0.29083481431007385
0.3051137924194336
0.26476943492889404
0.26623228192329407
0.29642999172210693
0.2977897822856903
0.3033334016799927
0.2769901752471924
0.30216750502586365
0.2871953845024109
0.34027495980262756
0.2950548231601715
0.2795683741569519
0.2889919877052307
0.3074357807636261
0.28076714277267456
0.2793356776237488
0.30330997705459595
0.2841375470161438
0.29986339807510376
0.2847169041633606
0.2961443364620209
0.27844879031181335
0.31130877137184143
0.2835271656513214
0.29937058687210083
0.3402286171913147
0.28264161944389343
0.28093159198760986
0.257339209318161
0.27809441089630127
0.32057803869247437
0.3129476010799408
0.28237810730934143
0.25328463315963745
0.26013392210006714
0.3006816804409027
0.3274885416030884
0.2740931510925293
0.2671048045158386
0.27042829990386963
0.289363831281662
0.31532755494117737
0.30747678875923157
0.32693010568618774
0.24567337334156036
0.3197796940803528
0.3149324059486389
0.2999945878982544
0.3032068610191345
0.2857169508934021
0.31828731298446655
0.32239022850990295
0.2900394797325134
0.31277740001678467
0.2850792109966278
0.2758389711380005
0.29191091656684875
0.29170870780944824
0.30538326501846313
0.32858702540397644
0.3002898693084717
0.3059214949607849
0.3004090189933777
0.32095521688461304
0.29130756855010986
0.3019709885120392
0.2798638641834259
0.2845136523246765
0.30425435304641724
0.25268590450286865
0.3148111402988434
0.27954667806625366
0.28076764941215515
0.2667403817176819
0.2912496030330658
0.3069852292537689
0.25181862711906433
0.2843469977378845
0.28871211409568787
0.25601571798324585
0.30525583028793335
0.2978123724460602
0.2688792943954468
0.31852585077285767
0.3185957372188568
0.25831541419029236
0.27697715163230896
0.31646350026130676
0.2615981996059418
0.2959161102771759
0.26332369446754456
0.3280118405818939
0.31458747386932373
0.2765025198459625
0.2784431278705597
0.3002621829509735
0.2788945436477661
0.30121347308158875
0.2815895080566406
0.3249805271625519
0.2757302224636078
0.2494218945503235
0.3051091134548187
0.3080744743347168
0.27511823177337646
0.28745460510253906
0.2959904968738556
0.3023986518383026
0.2736686170101166
0.3228437304496765
0.2916284203529358
0.3071766197681427
0.2610326409339905
0.2874220013618469
0.33169227838516235
0.3204428255558014
0.29285165667533875
0.2956748604774475
0.3071986436843872
0.2949613928794861
0.3022500276565552
0.27902546525001526
0.278460830450058
0.29642564058303833
0.28262972831726074
0.29726850986480713
0.29909342527389526
0.29553836584091187
0.34222275018692017
0.28772276639938354
0.28001487255096436
0.2929740846157074
0.27735501527786255
0.2855297923088074
0.30682694911956787
0.2954231798648834
0.2775059640407562
0.2843185067176819
0.31698891520500183
0.29172343015670776
0.3139760494232178
0.3479822874069214
0.2840244770050049
0.28677093982696533
0.29587382078170776
0.28067296743392944
0.26478278636932373
0.26520293951034546
0.3117540776729584
0.2761666774749756
0.3146968185901642
0.25641876459121704
0.2705311179161072
0.26890870928764343
0.2849535346031189
0.2841734290122986
0.3054977059364319
0.26354411244392395
0.3104400634765625
0.32008981704711914
0.2827793061733246
0.302604079246521
0.27649980783462524
0.3100959062576294
0.31149163842201233
0.31371381878852844
0.29389718174934387
0.27695125341415405
0.29020246863365173
0.29478538036346436
0.2880634665489197
0.3048492968082428
0.32646843791007996
0.3028316795825958
0.29778966307640076
0.28086403012275696
0.30821219086647034
0.3127088248729706
0.3008832633495331
0.2875458598136902
0.27947455644607544
0.2602429986000061
0.31061670184135437
0.2962665557861328
0.2676275372505188
0.27782970666885376
0.27585405111312866
0.2856822907924652
0.2834598124027252
0.29985836148262024
0.26347219944000244
0.27553409337997437
0.3092953562736511
0.32043805718421936
0.29169896245002747
0.2793474495410919
0.31116992235183716
0.30559253692626953
0.26982295513153076
0.3019541800022125
0.28980085253715515
0.26624590158462524
0.259239137172699
0.29364681243896484
0.27773627638816833
0.2938811480998993
0.31207919120788574
0.3058599829673767
0.3015074133872986
0.27730467915534973
0.24296529591083527
0.287112295627594
0.31670454144477844
0.3095166087150574
0.29133865237236023
0.2849601209163666
0.24646851420402527
0.3040026128292084
0.2978112995624542
0.3086569607257843
0.27382704615592957
0.30482620000839233
0.3143427073955536
0.2839433550834656
0.2663883864879608
0.2897361218929291
0.3150016665458679
0.24021725356578827
0.2596343457698822
0.284281849861145
0.31556612253189087
0.26203835010528564
0.26388242840766907
0.28708839416503906
0.2875329256057739
0.30521440505981445
0.2860071063041687
0.31237950921058655
0.286176860332489
0.2957698106765747
0.28799474239349365
0.2800179123878479
0.28165456652641296
0.28490394353866577
0.2767620384693146
0.28849995136260986
0.2967454195022583
0.2990785837173462
0.3153795301914215
0.2863883078098297
0.26545241475105286
0.29784148931503296
0.2867562472820282
0.2740798890590668
0.29585257172584534
0.296429842710495
0.29981324076652527
0.2581454813480377
0.2834140360355377
0.27075469493865967
0.2937374413013458
0.29429078102111816
0.2924949824810028
0.313737154006958
0.30789124965667725
0.30233705043792725
0.31833314895629883
0.27696919441223145
0.28927335143089294
0.3018031120300293
0.2977689802646637
0.3003116250038147
0.3224692940711975
0.24561695754528046
0.27771300077438354
0.3022976815700531
0.2834109663963318
0.31205055117607117
0.2801569998264313
0.28979289531707764
0.3338366746902466
0.2726137340068817
0.2956642508506775
0.3052615821361542
0.2931897044181824
0.26615631580352783
0.3005926311016083
0.26353582739830017
0.27524131536483765
0.3079279363155365
0.2923397123813629
0.282909095287323
0.26449093222618103
0.24526000022888184
0.2695869505405426
0.32375264167785645
0.29700204730033875
0.30476006865501404
0.29543986916542053
0.29309290647506714
0.2707058787345886
0.33475303649902344
0.2947307527065277
0.2616657316684723
0.27875837683677673
0.3202555775642395
0.25555360317230225
0.31015342473983765
0.30303871631622314
0.28568950295448303
0.28899574279785156
0.27504634857177734
0.287829726934433
0.28396156430244446
0.2845989167690277
0.2688676714897156
0.29060038924217224
0.2986026108264923
0.2820199131965637
0.29591867327690125
0.3027138113975525
0.29674404859542847
0.2921631932258606
0.29943543672561646
0.28456825017929077
0.2824382185935974
0.299946665763855
0.2525629699230194
0.2924184799194336
0.2813780605792999
0.25774824619293213
0.2854915261268616
0.3103698194026947
0.26786670088768005
0.28416919708251953
0.32789289951324463
0.25781282782554626
0.2901651859283447
0.28741124272346497
0.2805419862270355
0.2915922999382019
0.2865384519100189
0.27493128180503845
0.26490265130996704
0.33464905619621277
0.2590755224227905
0.2990061938762665
0.32111379504203796
0.31708472967147827
0.3280738294124603
0.2545260190963745
0.2695161998271942
0.282471239566803
0.28199005126953125
0.3075067698955536
0.2775645852088928
0.2847086191177368
0.31489092111587524
0.28545039892196655
0.26959696412086487
0.2915012538433075
0.28866130113601685
0.2939358353614807
0.27818360924720764
0.29350560903549194
0.2901638448238373
0.31706535816192627
0.2866186201572418
0.2930360436439514
0.3044000267982483
0.29151394963264465
0.3024318814277649
0.25959593057632446
0.29780107736587524
0.28197360038757324
0.2650413513183594
0.2903420329093933
0.28718864917755127
0.2924771010875702
0.2883058786392212
0.2659473419189453
0.3157583773136139
0.2723483443260193
0.25797542929649353
0.2746552526950836
0.281415194272995
0.27191513776779175
0.2853485643863678
0.2690998315811157
0.27806052565574646
0.2788858413696289
0.33653342723846436
0.30501899123191833
0.2988719940185547
0.28985151648521423
0.2367502897977829
0.3018519878387451
0.30578866600990295
0.27444449067115784
0.2877427041530609
0.3429098129272461
0.2709278464317322
0.30166712403297424
0.2827838361263275
0.30674076080322266
0.3069084882736206
0.2509753704071045
0.28427305817604065
0.30637699365615845
0.27916356921195984
0.2871740758419037
0.28888681530952454
0.2813696563243866
0.30400702357292175
0.2895790636539459
0.2781219482421875
0.2945842146873474
0.329399049282074
0.2694224715232849
0.29412686824798584
0.26693394780158997
0.2769297957420349
0.28046563267707825
0.27356845140457153
0.29932329058647156
0.3276149332523346
0.29283973574638367
0.2928713858127594
0.3062652051448822
0.32019731402397156
0.2938183546066284
0.2758811414241791
0.2969403564929962
0.2751246690750122
0.3214731216430664
0.28932854533195496
0.2738179564476013
0.28563201427459717
0.2717815041542053
0.2596837282180786
0.2951471507549286
0.2728044390678406
0.2934333384037018
0.291549950838089
0.3258183002471924
0.3052467107772827
0.28086674213409424
0.29865244030952454
0.29995909333229065
0.2395719587802887
0.29814085364341736
0.28996944427490234
0.28149905800819397
0.27615252137184143
0.28034618496894836
0.27406957745552063
0.2792714238166809
0.2801019847393036
0.2935830354690552
0.28081077337265015
0.30970802903175354
0.31111589074134827
0.2599034607410431
0.3198518753051758
0.28973421454429626
0.2924606502056122
0.2647539973258972
0.2645433843135834
0.28785163164138794
0.28525203466415405
0.2641698718070984
0.265844464302063
0.2890273332595825
0.29885804653167725
0.28861406445503235
0.2724194824695587
0.30259257555007935
0.3163093328475952
0.2913820445537567
0.3138212263584137
0.27300769090652466
0.31210052967071533
0.29425176978111267
0.26056107878685
0.2511920928955078
0.27158498764038086
0.3110724985599518
0.32114842534065247
0.2958340644836426
0.2615528106689453
0.2520469129085541
0.2734411358833313
0.3065630793571472
0.3157927691936493
0.28850629925727844
0.2856941819190979
0.271278977394104
0.2723667621612549
0.28527191281318665
0.3141312897205353
0.273351788520813
0.28232845664024353
0.28822508454322815
0.2758949398994446
0.33186593651771545
0.27057573199272156
0.26583895087242126
0.28475460410118103
0.2877245843410492
0.280744731426239
0.2788281738758087
0.29279378056526184
0.2953410744667053
0.34919652342796326
0.280693918466568
0.2791331708431244
0.30489253997802734
0.3254866302013397
0.3053175210952759
0.29085540771484375
0.2826182246208191
0.2884348928928375
0.2639934718608856
0.260549396276474
0.2928396463394165
0.30802810192108154
0.2702697515487671
0.2578504681587219
0.2788972854614258
0.2755213677883148
0.28138279914855957
0.28033000230789185
0.2611485421657562
0.3001006543636322
0.2615968883037567
0.2716014087200165
0.30563631653785706
0.2807725965976715
0.2677198052406311
0.28817254304885864
0.281069815158844
0.3085426688194275
0.2577199935913086
0.2570715546607971
0.2674250304698944
0.29727405309677124
0.28974485397338867
0.30319467186927795
0.29330718517303467
0.2675478160381317
0.2906089723110199
0.2960576117038727
0.28915658593177795
0.30341777205467224
0.278046578168869
0.26628875732421875
0.27263835072517395
0.2676689922809601
0.2913121283054352
0.3059101104736328
0.2948019504547119
0.291607141494751
0.27191057801246643
0.287579208612442
0.2682594656944275
0.29941609501838684
0.3037548065185547
0.3177827000617981
0.2990208566188812
0.2581471800804138
0.25839975476264954
0.27954748272895813
0.30551034212112427
0.2978686988353729
0.29019132256507874
0.298938125371933
0.27550017833709717
0.2810869812965393
0.3040315508842468
0.2712877690792084
0.30492550134658813
0.30953460931777954
0.28908222913742065
0.27682051062583923
0.2599750757217407
0.26540055871009827
0.2772270143032074
0.28070980310440063
0.2847497761249542
0.29478904604911804
0.29535984992980957
0.2677459120750427
0.28229498863220215
0.31273066997528076
0.2938562035560608
0.2617427110671997
0.2998393476009369
0.2789813280105591
0.25809404253959656
0.2843821942806244
0.26881715655326843
0.3182944059371948
0.31427353620529175
0.3075209856033325
0.3002839684486389
0.3048056364059448
0.3064087927341461
0.30620405077934265
0.30647480487823486
0.27020928263664246
0.26971256732940674
0.25433188676834106
0.2952123284339905
0.2967270016670227
0.255143404006958
0.305635929107666
0.3043612837791443
0.26294535398483276
0.2685762047767639
0.29207998514175415
0.29082053899765015
0.28991952538490295
0.29452550411224365
0.2791942358016968
0.27705293893814087
0.3148297071456909
0.2989678382873535
0.31917011737823486
0.2768585681915283
0.3176848590373993
0.3287925720214844
0.29747068881988525
0.27397188544273376
0.2831334173679352
0.2546790838241577
0.27580082416534424
0.2642940282821655
0.2967574894428253
0.2717108726501465
0.2950936555862427
0.2651284337043762
0.29164910316467285
0.30616000294685364
0.24936407804489136
0.2882955074310303
0.3068871796131134
0.31069743633270264
0.29006460309028625
0.29350945353507996
0.2832967936992645
0.3011268675327301
0.2812345325946808
0.28431519865989685
0.26993539929389954
0.2602096498012543
0.2555750906467438
0.2993592619895935
0.2743450701236725
0.2956463694572449
0.2752378284931183
0.3158275783061981
0.2865550220012665
0.28021004796028137
0.2908641993999481
0.27690914273262024
0.24740809202194214
0.25883957743644714
0.3225272297859192
0.292207807302475
0.3016301691532135
0.3022821843624115
0.2772890627384186
0.2977801561355591
0.2902616858482361
0.2930588126182556
0.3036380708217621
0.2717944383621216
0.3076065182685852
0.291971892118454
0.30896151065826416
0.2842136323451996
0.26000046730041504
0.25848665833473206
0.3068915605545044
0.27922385931015015
0.30250391364097595
0.28289657831192017
0.296335905790329
0.27926135063171387
0.27089574933052063
0.25656530261039734
0.3158114552497864
0.2728292644023895
0.3001652657985687
0.2807581126689911
0.28155773878097534
0.26621952652931213
0.2944776713848114
0.2529338300228119
0.2871551513671875
0.26937854290008545
0.27718713879585266
0.30006831884384155
0.33691760897636414
0.22864758968353271
0.276385635137558
0.29787519574165344
0.27646276354789734
0.28715917468070984
0.2663862407207489
0.28199777007102966
0.2899748980998993
0.24898667633533478
0.2697719931602478
0.28223103284835815
0.3286525011062622
0.2644914984703064
0.3053559958934784
0.3040897846221924
0.2681446075439453
0.29375723004341125
0.27851206064224243
0.2791811525821686
0.26862695813179016
0.26278141140937805
0.24913258850574493
0.3175528645515442
0.27120348811149597
0.27649134397506714
0.2870190441608429
0.2620787024497986
0.29066550731658936
0.313655287027359
0.2747017443180084
0.27837470173835754
0.3034026622772217
0.28857582807540894
0.28338000178337097
0.2832132875919342
0.25020700693130493
0.2863026261329651
0.3027844727039337
0.28695017099380493
0.2933533191680908
0.30019503831863403
0.2871677577495575
0.30505234003067017
0.28268253803253174
0.29962295293807983
0.2581041753292084
0.25957268476486206
0.2709600329399109
0.2829490303993225
0.2906663119792938
0.2886081635951996
0.2662341594696045
0.2753266990184784
0.28612157702445984
0.30996841192245483
0.26309993863105774
0.26655206084251404
0.30053043365478516
0.3149555027484894
0.2855490744113922
0.33653339743614197
0.27885064482688904
0.2834681272506714
0.2547428011894226
0.31095120310783386
0.29248204827308655
0.28755998611450195
0.2660214304924011
0.2947627902030945
0.2797142565250397
0.29927900433540344
0.2650255560874939
0.2826244533061981
0.2912919819355011
0.28355398774147034
0.3039785623550415
0.30232515931129456
0.30371546745300293
0.26704925298690796
0.2599343955516815
0.3204789459705353
0.28571903705596924
0.26572123169898987
0.31737107038497925
0.30383923649787903
0.2673456072807312
0.2876129746437073
0.27849626541137695
0.2707879841327667
0.27943339943885803
0.25957193970680237
0.2837959825992584
0.33783087134361267
0.25752130150794983
0.2594190835952759
0.2985886037349701
0.29434987902641296
0.2668115794658661
0.27633777260780334
0.2675638198852539
0.288146436214447
0.29387035965919495
0.2867017388343811
0.2609875798225403
0.27078109979629517
0.28673920035362244
0.3057488203048706
0.2858607769012451
0.2897142767906189
0.24284961819648743
0.2646878659725189
0.27921006083488464
0.3134996294975281
0.28294649720191956
0.2945629060268402
0.29923921823501587
0.2921580970287323
0.27393850684165955
0.29031115770339966
0.3063136637210846
0.2861463129520416
0.27295395731925964
0.2935143709182739
0.27521589398384094
0.2942371666431427
0.27927491068840027
0.27647122740745544
0.28504258394241333
0.24342545866966248
0.33445799350738525
0.3060220181941986
0.30107831954956055
0.28897130489349365
0.30256569385528564
0.28701701760292053
0.29815128445625305
0.3051011562347412
0.28765398263931274
0.2780621647834778
0.25483438372612
0.2817409336566925
0.2652149498462677
0.26618221402168274
0.315974622964859
0.2555621564388275
0.2782249450683594
0.28330278396606445
0.2988430857658386
0.2658904790878296
0.3152128756046295
0.2929227948188782
0.29569700360298157
0.28461864590644836
0.30224570631980896
0.29913362860679626
0.29460227489471436
0.26315638422966003
0.2957809567451477
0.28827401995658875
0.30181869864463806
0.2816677391529083
0.29308879375457764
0.2994586229324341
0.2799256443977356
0.2996860146522522
0.29916006326675415
0.26483672857284546
0.2845417559146881
0.27978515625
0.2947162985801697
0.2383827269077301
0.31999921798706055
0.2707078456878662
0.28181299567222595
0.305400550365448
0.29144561290740967
0.285276859998703
0.3165997564792633
0.27162015438079834
0.2917954623699188
0.2786296308040619
0.26142990589141846
0.27400463819503784
0.29008302092552185
0.28072434663772583
0.31183815002441406
0.30382755398750305
0.28596752882003784
0.28959521651268005
0.28952327370643616
0.2589920163154602
0.29048648476600647
0.2960180342197418
0.274380087852478
0.2919832170009613
0.307912677526474
0.2941840589046478
0.2997720241546631
0.29458701610565186
0.2838529050350189
0.25346726179122925
0.2767021059989929
0.2833364009857178
0.30340877175331116
0.3280443549156189
0.33458447456359863
0.2691459655761719
0.30145463347435
0.2920912802219391
0.29422444105148315
0.2827872335910797
0.28676435351371765
0.29009729623794556
0.28047728538513184
0.2785712778568268
0.28103795647621155
0.32601651549339294
0.278852254152298
0.2818980813026428
0.2995934784412384
0.3174450993537903
0.2685336768627167
0.2763594090938568
0.32217347621917725
0.2825484871864319
0.24876444041728973
0.3110290467739105
0.26873862743377686
0.3128426671028137
0.27961841225624084
0.24476927518844604
0.2898397445678711
0.27797308564186096
0.2695680260658264
0.28468409180641174
0.26185256242752075
0.26748254895210266
0.25588396191596985
0.2876577377319336
0.24675695598125458
0.2631990313529968
0.28000783920288086
0.29102832078933716
0.2696469724178314
0.30171695351600647
0.27658116817474365
0.28350698947906494
0.26107439398765564
0.28679943084716797
0.33791235089302063
0.26954224705696106
0.28443264961242676
0.2825717031955719
0.2990456819534302
0.2876570522785187
0.29755762219429016
0.2899291217327118
0.24064040184020996
0.31527337431907654
0.2962762713432312
0.2803553640842438
0.30821484327316284
0.28480613231658936
0.3030053973197937
0.28968480229377747
0.28082573413848877
0.2851727604866028
0.28290826082229614
0.27037885785102844
0.29114022850990295
0.3043554723262787
0.27525103092193604
0.3072461187839508
0.3012775778770447
0.2959795594215393
0.23150180280208588
0.26114848256111145
0.3120352625846863
0.30450141429901123
0.28696340322494507
0.3020618259906769
0.2742067277431488
0.30375972390174866
0.2786825895309448
0.3060293197631836
0.2857472002506256
0.34601911902427673
0.30200475454330444
0.27399370074272156
0.28903061151504517
0.3003852665424347
0.27114084362983704
0.2601930499076843
0.3025091588497162
0.2797984480857849
0.24408873915672302
0.2726120352745056
0.29804572463035583
0.3063587546348572
0.2593839466571808
0.28096815943717957
0.2947482168674469
0.28561651706695557
0.27969828248023987
0.265475869178772
0.3299531638622284
0.2604527771472931
0.2905847728252411
0.23016610741615295
0.274903267621994
0.25517538189888
0.26759254932403564
0.28644052147865295
0.2636326849460602
0.2616315484046936
0.31213492155075073
0.30871841311454773
0.25457000732421875
0.29697275161743164
0.29427334666252136
0.30702394247055054
0.32119354605674744
0.28167563676834106
0.2878195345401764
0.2879542410373688
0.2588590085506439
0.2899535000324249
0.27775368094444275
0.3145333230495453
0.29387038946151733
0.33542919158935547
0.288760244846344
0.2837420701980591
0.27850934863090515
0.277945339679718
0.3073786199092865
0.2914349138736725
0.29193755984306335
0.29899922013282776
0.26539596915245056
0.31126728653907776
0.3099422752857208
0.2952437102794647
0.28089168667793274
0.3333449959754944
0.2907944619655609
0.27399519085884094
0.2489551305770874
0.30121803283691406
0.2710307836532593
0.2820248305797577
0.2581218481063843
0.3008918762207031
0.29216501116752625
0.2600988447666168
0.30714860558509827
0.3026202619075775
0.2951233983039856
0.29273465275764465
0.30146801471710205
0.2990693747997284
0.28335806727409363
0.2762269675731659
0.29863980412483215
0.2898019254207611
0.2772843539714813
0.2690095603466034
0.27289941906929016
0.2924450933933258
0.27556535601615906
0.2984631061553955
0.2677352726459503
0.23806743323802948
0.2820088863372803
0.28849610686302185
0.30468225479125977
0.2985801696777344
0.2613879442214966
0.2762792408466339
0.2667340040206909
0.25284138321876526
0.28046226501464844
0.33114808797836304
0.26899757981300354
0.2761761248111725
0.28915491700172424
0.2523077428340912
0.289191335439682
0.29796838760375977
0.28933143615722656
0.2503553628921509
0.31098437309265137
0.30562594532966614
0.2630338668823242
0.2545323073863983
0.257577508687973
0.28086820244789124
0.2743813395500183
0.27106741070747375
0.2843506932258606
0.3059784770011902
0.3002379238605499
0.2961123287677765
0.2767644226551056
0.3012864589691162
0.24751931428909302
0.30480918288230896
0.243757426738739
0.2921607494354248
0.26853135228157043
0.2691892981529236
0.29022085666656494
0.26535701751708984
0.28757041692733765
0.2904348373413086
0.26872602105140686
0.26692384481430054
0.2824234366416931
0.2992699146270752
0.24661895632743835
0.28486889600753784
0.2804396152496338
0.266061395406723
0.30387529730796814
0.2634831368923187
0.2640605568885803
0.29165637493133545
0.29238107800483704
0.2946237027645111
0.3002955913543701
0.2612476348876953
0.2547951638698578
0.23775894939899445
0.29483988881111145
0.33773189783096313
0.30216535925865173
0.3050670921802521
0.2958053946495056
0.2947344481945038
0.25889721512794495
0.25992560386657715
0.27173957228660583
0.2620776891708374
0.2680204510688782
0.2768271267414093
0.29402220249176025
0.28449639678001404
0.2789909541606903
0.2995378077030182
0.2554347813129425
0.2617413401603699
0.2493910789489746
0.27917736768722534
0.2593638300895691
0.250789999961853
0.28276094794273376
0.2949914038181305
0.2544333338737488
0.2864435613155365
0.28098225593566895
0.26141849160194397
0.29025793075561523
0.29496702551841736
0.3052560091018677
0.33788028359413147
0.2908201813697815
0.27718785405158997
0.26464346051216125
0.26856082677841187
0.30241870880126953
0.258775919675827
0.2858704924583435
0.2525548040866852
0.3067343235015869
0.26713332533836365
0.28029707074165344
0.27236780524253845
0.29009681940078735
0.2959151268005371
0.2723406255245209
0.2729344964027405
0.2850145697593689
0.28492429852485657
0.28047680854797363
0.2874296009540558
0.2924439013004303
0.27227720618247986
0.2558985948562622
0.26727887988090515
0.26660579442977905
0.2806643545627594
0.2796044945716858
0.28733113408088684
0.2910470962524414
0.2907972037792206
0.2768401801586151
0.28816303610801697
0.28230544924736023
0.29477542638778687
0.29819393157958984
0.2888645529747009
0.2717503607273102
0.30870139598846436
0.3149905800819397
0.2861118018627167
0.3215911090373993
0.3020552694797516
0.28433266282081604
0.2750107944011688
0.27981096506118774
0.3167682886123657
0.27904924750328064
0.292442262172699
0.26933392882347107
0.3086223602294922
0.27232128381729126
0.27668145298957825
0.2893318831920624
0.2769119441509247
0.3300243020057678
0.31487980484962463
0.2909732162952423
0.26053863763809204
0.27295324206352234
0.2965390980243683
0.28235310316085815
0.30136552453041077
0.29010847210884094
0.27891361713409424
0.2933247983455658
0.2930825650691986
0.2867007851600647
0.26475614309310913
0.2641482353210449
0.27601078152656555
0.26663991808891296
0.259822815656662
0.3149452805519104
0.2942056655883789
0.2814066410064697
0.2955087125301361
0.30971992015838623
0.2638794779777527
0.2899934947490692
0.3128155469894409
0.28629592061042786
0.26422715187072754
0.26844680309295654
0.2527049481868744
0.29764309525489807
0.2619211971759796
0.2771194279193878
0.2721353769302368
0.24464792013168335
0.279448926448822
0.27236270904541016
0.2731548249721527
0.27052244544029236
0.2797432839870453
0.30091598629951477
0.2790946662425995
0.30044442415237427
0.26764488220214844
0.30240869522094727
0.2942550778388977
0.2988515794277191
0.29214784502983093
0.2994295358657837
0.29896995425224304
0.30282795429229736
0.25013023614883423
0.27607712149620056
0.27242693305015564
0.2576851546764374
0.29017171263694763
0.26546984910964966
0.28752362728118896
0.29901620745658875
0.28507208824157715
0.27250218391418457
0.23498299717903137
0.27443182468414307
0.29498809576034546
0.30370137095451355
0.2834779620170593
0.3191279470920563
0.2712824046611786
0.2946849763393402
0.2856915593147278
0.2739647924900055
0.2760314345359802
0.2844179570674896
0.2715062201023102
0.28890928626060486
0.2663399279117584
0.2889617681503296
0.29469069838523865
0.24791423976421356
0.2490386813879013
0.2819878160953522
0.3064327538013458
0.2694160044193268
0.2423766851425171
0.2796861529350281
0.2676308751106262
0.2958078980445862
0.29089781641960144
0.2931126058101654
0.2976585328578949
0.294598788022995
0.28644806146621704
0.2944409251213074
0.31247058510780334
0.2700933814048767
0.2734943926334381
0.27730536460876465
0.3105278015136719
0.2885925769805908
0.27735042572021484
0.2784150540828705
0.303654283285141
0.27103161811828613
0.27144020795822144
0.2757929861545563
0.28986576199531555
0.2854115068912506
0.26442843675613403
0.31492382287979126
0.31091779470443726
0.27817481756210327
0.2685307562351227
0.280637264251709
0.2770535945892334
0.287320613861084
0.2986408472061157
0.2773282527923584
0.2920875549316406
0.2766840159893036
0.30043938755989075
0.2608019709587097
0.3167479336261749
0.2569376826286316
0.2938259243965149
0.2964743971824646
0.3098318576812744
0.2664143443107605
0.26510095596313477
0.24036230146884918
0.2975335717201233
0.2975553572177887
0.2698342204093933
0.2836281359195709
0.25522568821907043
0.2873274087905884
0.25878122448921204
0.26574063301086426
0.2534219026565552
0.24293892085552216
0.24727904796600342
0.2728354036808014
0.2754310369491577
0.2843015789985657
0.2826360762119293
0.2595077455043793
0.2903118133544922
0.2800675332546234
0.2831409275531769
0.29618218541145325
0.2772332727909088
0.2653041481971741
0.3595569133758545
0.28410565853118896
0.2621614933013916
0.2396477609872818
0.32772374153137207
0.28418534994125366
0.27352964878082275
0.30759450793266296
0.27992483973503113
0.2687550485134125
0.27772367000579834
0.2750900685787201
0.31125831604003906
0.3030248284339905
0.25656363368034363
0.27562546730041504
0.2769600749015808
0.25095051527023315
0.2696991264820099
0.27337032556533813
0.2667476236820221
0.28807419538497925
0.27471670508384705
0.2944492697715759
0.28200459480285645
0.30005770921707153
0.26588091254234314
0.2402270883321762
0.27229294180870056
0.31215476989746094
0.2674257457256317
0.293714314699173
0.30430129170417786
0.2525331377983093
0.27331387996673584
0.2928585410118103
0.2785021662712097
0.2694985270500183
0.29427284002304077
0.26652178168296814
0.25231626629829407
0.32431522011756897
0.25776728987693787
0.28209030628204346
0.30716004967689514
0.2904506325721741
0.2581844627857208
0.23545046150684357
0.2837394177913666
0.27036648988723755
0.30487847328186035
0.2474156767129898
0.33499863743782043
0.27036434412002563
0.2994270622730255
0.3154939115047455
0.2812000811100006
0.27928993105888367
0.24746789038181305
0.29062366485595703
0.27926528453826904
0.2877052128314972
0.2629266381263733
0.27864938974380493
0.31548890471458435
0.2834041714668274
0.2657989263534546
0.2682715356349945
0.3080243766307831
0.30980443954467773
0.30412715673446655
0.24343425035476685
0.25865036249160767
0.2765936553478241
0.2544463872909546
0.29648855328559875
0.2700575888156891
0.2541526257991791
0.2934604287147522
0.2742568552494049
0.29747581481933594
0.28610891103744507
0.25904741883277893
0.2666599750518799
0.2529146671295166
0.27433058619499207
0.2893602252006531
0.27206405997276306
0.30914416909217834
0.31429266929626465
0.2902141809463501
0.31622135639190674
0.31502819061279297
0.2760895788669586
0.32015305757522583
0.29049450159072876
0.2829326093196869
0.25412842631340027
0.2851102650165558
0.2790033221244812
0.2893456518650055
0.2794085741043091
0.271684467792511
0.29815614223480225
0.2519121766090393
0.28502705693244934
0.2852307856082916
0.27689293026924133
0.27992498874664307
0.30332598090171814
0.2812198996543884
0.2974579930305481
0.2757304906845093
0.2874189019203186
0.2684365510940552
0.2948680520057678
0.2855045795440674
0.2706579566001892
0.2945036292076111
0.2589091360569
0.2829524576663971
0.25691041350364685
0.26431384682655334
0.29152911901474
0.3164442181587219
0.27944415807724
0.2721102833747864
0.2709908187389374
0.27736368775367737
0.2972373068332672
0.2637488543987274
0.2446005493402481
0.2869685888290405
0.25471746921539307
0.27313750982284546
0.2581982910633087
0.27390819787979126
0.3077770173549652
0.26865333318710327
0.2687082290649414
0.2579488754272461
0.24817799031734467
0.30473005771636963
0.28506943583488464
0.26938480138778687
0.3261233866214752
0.2876581847667694
0.295583039522171
0.280028760433197
0.2893234193325043
0.2693406343460083
0.293964147567749
0.2866581082344055
0.30566954612731934
0.27231869101524353
0.2797167897224426
0.29691627621650696
0.30771008133888245
0.26471224427223206
0.27811211347579956
0.2706663906574249
0.2879704535007477
0.28029394149780273
0.28398221731185913
0.2507244348526001
0.27385663986206055
0.30939313769340515
0.24712662398815155
0.25705933570861816
0.2749580144882202
0.26629120111465454
0.26663246750831604
0.2760026454925537
0.2754959762096405
0.2765023410320282
0.25597018003463745
0.29539787769317627
0.2907172739505768
0.29500612616539
0.2766883969306946
0.26855120062828064
0.2760368883609772
0.2725856900215149
0.28615570068359375
0.2613915503025055
0.2772960960865021
0.2625576853752136
0.3088245689868927
0.2820492088794708
0.25052982568740845
0.2831028997898102
0.26983270049095154
0.29531851410865784
0.2888813018798828
0.29727643728256226
0.3099766969680786
0.28426477313041687
0.2630491256713867
0.27550947666168213
0.26850271224975586
0.2854919731616974
0.24800024926662445
0.31622064113616943
0.2976973354816437
0.2627469301223755
0.3030790686607361
0.2812211811542511
0.2761889696121216
0.2639867663383484
0.27797454595565796
0.3113971948623657
0.28778982162475586
0.2670576274394989
0.28125083446502686
0.29725703597068787
0.2795065939426422
0.26818907260894775
0.2616111934185028
0.29096272587776184
0.26598989963531494
0.29182276129722595
0.30155277252197266
0.3170696794986725
0.28727850317955017
0.30741798877716064
0.3113948106765747
0.28348270058631897
0.2736055552959442
0.28415271639823914
0.2849525809288025
0.2602669596672058
0.25469499826431274
0.26789185404777527
0.25722211599349976
0.28878384828567505
0.30282294750213623
0.2882519066333771
0.3089737594127655
0.28554683923721313
0.27759191393852234
0.2824687063694
0.2807624936103821
0.27840858697891235
0.2579871416091919
0.3045595586299896
0.24404817819595337
0.2928178608417511
0.3054034411907196
0.3016866445541382
0.2943340539932251
0.27631875872612
0.2595711648464203
0.27116885781288147
0.3000411093235016
0.2781795859336853
0.26619091629981995
0.2732583284378052
0.3301074206829071
0.27294832468032837
0.2435639202594757
0.2524974048137665
0.2811640799045563
0.24681216478347778
0.2633793354034424
0.2757377028465271
0.3098059892654419
0.31781354546546936
0.2706664800643921
0.2638109028339386
0.279781311750412
0.2935101389884949
0.2911405563354492
0.2755463123321533
0.2642161250114441
0.2679690420627594
0.27960771322250366
0.28222382068634033
0.28497549891471863
0.2791680693626404
0.26395323872566223
0.3137335777282715
0.2863256633281708
0.27523571252822876
0.3084644675254822
0.28585293889045715
0.2773120403289795
0.27724534273147583
0.2781575322151184
0.26316460967063904
0.2677399516105652
0.276294082403183
0.282711923122406
0.2748531103134155
0.2715648114681244
0.3027413785457611
0.2988493740558624
0.32066017389297485
0.2701013386249542
0.27715960144996643
0.2577965259552002
0.25202256441116333
0.254443883895874
0.31237927079200745
0.265643447637558
0.3201298415660858
0.2732282280921936
0.2853417694568634
0.2556636333465576
0.26678529381752014
0.2758096158504486
0.3079374432563782
0.25449687242507935
0.31095051765441895
0.29223570227622986
0.27369874715805054
0.25778791308403015
0.29016754031181335
0.2889830470085144
0.28751856088638306
0.27319762110710144
0.2602993845939636
0.26011648774147034
0.2807811498641968
0.27477043867111206
0.28933751583099365
0.2628561556339264
0.28671854734420776
0.2581002116203308
0.30339527130126953
0.2737862169742584
0.29422566294670105
0.2726626396179199
0.2641894817352295
0.27161404490470886
0.3182840049266815
0.313478022813797
0.3071287274360657
0.2616100311279297
0.265156626701355
0.32243624329566956
0.28369656205177307
0.243765726685524
0.27617719769477844
0.25716516375541687
0.28801262378692627
0.2906110882759094
0.24534720182418823
0.2287280112504959
0.26472824811935425
0.27462294697761536
0.25277259945869446
0.30074670910835266
0.2624641954898834
0.26832613348960876
0.287675678730011
0.2773703932762146
0.2625124156475067
0.24774503707885742
0.2720412313938141
0.2777794301509857
0.26183053851127625
0.28681012988090515
0.26545095443725586
0.2649315893650055
0.2928681969642639
0.25614824891090393
0.30867496132850647
0.29989591240882874
0.25229358673095703
0.29069146513938904
0.2634974718093872
0.29904991388320923
0.2988768219947815
0.2933759391307831
0.29439687728881836
0.28593793511390686
0.29469332098960876
0.2672736942768097
0.2788141071796417
0.2928510308265686
0.2772158682346344
0.258807897567749
0.314599871635437
0.29173532128334045
0.2736603021621704
0.28190019726753235
0.2947440445423126
0.26619285345077515
0.3090445399284363
0.26348385214805603
0.25329887866973877
0.31015661358833313
0.2884959578514099
0.24884594976902008
0.2684886157512665
0.2736147940158844
0.25510847568511963
0.2968714237213135
0.2829206585884094
0.29849880933761597
0.27472397685050964
0.26456210017204285
0.2805194854736328
0.26510804891586304
0.291110098361969
0.2546553909778595
0.26231443881988525
0.26000645756721497
0.29197660088539124
0.2575260102748871
0.28998398780822754
0.2766699194908142
0.3016054332256317
0.27723008394241333
0.2832604646682739
0.28178274631500244
0.29782137274742126
0.2826860249042511
0.27755945920944214
0.27356961369514465
0.29991722106933594
0.2670207917690277
0.2896983027458191
0.28140392899513245
0.25843536853790283
0.28584396839141846
0.2732057571411133
0.26693058013916016
0.2409401386976242
0.2617156505584717
0.25911945104599
0.2439376264810562
0.32371726632118225
0.2706749141216278
0.2999871075153351
0.28828489780426025
0.26845380663871765
0.27848178148269653
0.2683941125869751
0.2518749535083771
0.2717834413051605
0.2621951699256897
0.2872176468372345
0.251161128282547
0.26614177227020264
0.3046078681945801
0.2954504191875458
0.3069533705711365
0.2647298276424408
0.30301815271377563
0.2890247106552124
0.30950599908828735
0.27246662974357605
0.26882681250572205
0.27049487829208374
0.30433064699172974
0.29279768466949463
0.30512523651123047
0.2761630117893219
0.2921062111854553
0.2931360602378845
0.3052363395690918
0.2415689080953598
0.28325897455215454
0.29070523381233215
0.25236544013023376
0.2865217626094818
0.27412334084510803
0.2779657542705536
0.26623231172561646
0.2505198121070862
0.30731070041656494
0.27701127529144287
0.27594783902168274
0.25965416431427
0.26195818185806274
0.2713511288166046
0.28131037950515747
0.25407931208610535
0.2608184814453125
0.253033846616745
0.2878354489803314
0.26835063099861145
0.2705518901348114
0.2584855556488037
0.24538762867450714
0.2772998809814453
0.28009775280952454
0.2695763111114502
0.26390334963798523
0.277132511138916
0.2894507050514221
0.2749505639076233
0.3067794144153595
0.2586090564727783
0.2823449373245239
0.281642347574234
0.25771650671958923
0.24487780034542084
0.2941053807735443
0.27162230014801025
0.28829097747802734
0.3092319071292877
0.25599905848503113
0.2852745056152344
0.28572946786880493
0.3271726965904236
0.25306272506713867
0.30169254541397095
0.3093259632587433
0.27872326970100403
0.2682005763053894
0.2960236668586731
0.2811049520969391
0.2835140526294708
0.2534143328666687
0.29835280776023865
0.2781015634536743
0.26536253094673157
0.23983438313007355
0.28626492619514465
0.28387874364852905
0.28784921765327454
0.28071925044059753
0.26197901368141174
0.29701289534568787
0.2568960189819336
0.2936971187591553
0.2958959639072418
0.2952125668525696
0.296835720539093
0.3229358494281769
0.25886794924736023
0.25818777084350586
0.29276904463768005
0.2743670642375946
0.2854961156845093
0.299584299325943
0.26256194710731506
0.3085891008377075
0.2956967353820801
0.26176124811172485
0.27229318022727966
0.2701229751110077
0.28418004512786865
0.25151634216308594
0.2703233063220978
0.33548521995544434
0.28295162320137024
0.29277074337005615
0.27279430627822876
0.2735520303249359
0.27158123254776
0.27033984661102295
0.264268696308136
0.2885376811027527
0.2585766911506653
0.2854137420654297
0.2623213827610016
0.2744089365005493
0.28393250703811646
0.2788223624229431
0.24672479927539825
0.27747008204460144
0.2841494381427765
0.2833954989910126
0.28771278262138367
0.31092914938926697
0.28067171573638916
0.2648613452911377
0.25791284441947937
0.28458747267723083
0.24557504057884216
0.28608715534210205
0.2992855906486511
0.2880559265613556
0.2531721293926239
0.2858034670352936
0.2644202709197998
0.2929198145866394
0.25193947553634644
0.2917548716068268
0.2575662434101105
0.2866610586643219
0.25805261731147766
0.2865748405456543
0.2949120104312897
0.28703901171684265
0.27442824840545654
0.23939983546733856
0.2772153317928314
0.2851943075656891
0.24859505891799927
0.2877350151538849
0.27403903007507324
0.2686091661453247
0.32425668835639954
0.2861289978027344
0.29038670659065247
0.2757396996021271
0.2973746359348297
0.27204346656799316
0.2520987391471863
0.2847374677658081
0.30604320764541626
0.2638601064682007
0.27355173230171204
0.2738841474056244
0.2682619094848633
0.2334516942501068
0.28066444396972656
0.293453574180603
0.3045962154865265
0.2770511209964752
0.28998449444770813
0.2880725860595703
0.28847557306289673
0.2649216055870056
0.3106079399585724
0.2819926142692566
0.2558949887752533
0.2931089997291565
0.2930925786495209
0.2930911183357239
0.27683025598526
0.2790251076221466
0.2349143922328949
0.2986855208873749
0.27668070793151855
0.2697688639163971
0.2942960858345032
0.2861977815628052
0.28167375922203064
0.30912524461746216
0.2915394902229309
0.28662821650505066
0.2780659794807434
0.26849812269210815
0.27869564294815063
0.3020212948322296
0.29825320839881897
0.27565842866897583
0.26580360531806946
0.27289652824401855
0.2623148560523987
0.2581212520599365
0.26228365302085876
0.257004976272583
0.2762543261051178
0.31264129281044006
0.2557888627052307
0.26401394605636597
0.30849191546440125
0.30625003576278687
0.24337060749530792
0.26532047986984253
0.26451677083969116
0.28193143010139465
0.27070435881614685
0.25823619961738586
0.2722081243991852
0.30487918853759766
0.2497909665107727
0.27146637439727783
0.27810850739479065
0.26059749722480774
0.2755274474620819
0.27100101113319397
0.265900582075119
0.28556591272354126
0.2839740514755249
0.2924964725971222
0.2606467306613922
0.28064537048339844
0.2859047055244446
0.28194427490234375
0.2710933983325958
0.26242831349372864
0.27005091309547424
0.2921563386917114
0.2730987071990967
0.290278822183609
0.2879195809364319
0.2820805609226227
0.30132248997688293
0.30617430806159973
0.29859277606010437
0.2610701620578766
0.30635765194892883
0.28293949365615845
0.2693061828613281
0.27061665058135986
0.30953332781791687
0.28604423999786377
0.2559394836425781
0.26706376671791077
0.25248953700065613
0.2944082021713257
0.3008102476596832
0.27425774931907654
0.21448397636413574
0.24313141405582428
0.2441730946302414
0.3171648383140564
0.2777043282985687
0.30500364303588867
0.2507209777832031
0.2593010663986206
0.26419103145599365
0.28070420026779175
0.26692742109298706
0.2669246196746826
0.25966256856918335
0.2835146486759186
0.2580123543739319
0.26138362288475037
0.26782506704330444
0.2959003448486328
0.2614586055278778
0.28219330310821533
0.2702704071998596
0.2673248052597046
0.2515288293361664
0.2905728816986084
0.2246520221233368
0.27650436758995056
0.2791782021522522
0.2705644369125366
0.29822373390197754
0.28910574316978455
0.2603391110897064
0.24165883660316467
0.25666841864585876
0.2937019467353821
0.24373631179332733
0.2962140440940857
0.2883659899234772
0.2733011245727539
0.262220174074173
0.28685471415519714
0.31832560896873474
0.26012298464775085
0.28141123056411743
0.25787386298179626
0.2958313226699829
0.2733134329319
0.2996580898761749
0.2639455497264862
0.2850860059261322
0.2816927134990692
0.26904207468032837
0.2905067205429077
0.2743036150932312
0.3028135299682617
0.3090938925743103
0.28821003437042236
0.2768990397453308
0.2647639513015747
0.2685074508190155
0.23906631767749786
0.2774808406829834
0.30612999200820923
0.2884931266307831
0.302115797996521
0.2664889395236969
0.29179027676582336
0.28786489367485046
0.31670209765434265
0.2808961868286133
0.29447928071022034
0.2836894690990448
0.24784468114376068
0.28006431460380554
0.24755831062793732
0.29083651304244995
0.2937467396259308
0.29316917061805725
0.2850092947483063
0.31900554895401
0.3325132429599762
0.2665907144546509
0.2755812704563141
0.27029821276664734
0.24486680328845978
0.24981151521205902
0.30108869075775146
0.2948429584503174
0.268322229385376
0.30624836683273315
0.2634841501712799
0.3040916919708252
0.26522040367126465
0.2816350758075714
0.2581923305988312
0.3110314905643463
0.29168766736984253
0.2441660612821579
0.2726535201072693
0.252439945936203
0.2673777937889099
0.25938934087753296
0.2872646450996399
0.2946125864982605
0.26153725385665894
0.27823418378829956
0.28368207812309265
0.2835542857646942
0.27165383100509644
0.2523593008518219
0.302246630191803
0.26466208696365356
0.2888035774230957
0.23460642993450165
0.25430968403816223
0.29526036977767944
0.29040810465812683
0.2569098472595215
0.3026316463947296
0.25949952006340027
0.2825082242488861
0.3143014907836914
0.2952798902988434
0.2716636061668396
0.3280700445175171
0.2624662220478058
0.28694576025009155
0.262596994638443
0.2445107400417328
0.29612603783607483
0.3110072910785675
0.27086010575294495
0.26482561230659485
0.29043179750442505
0.27492010593414307
0.31532028317451477
0.24608388543128967
0.2759736478328705
0.26998355984687805
0.2846423387527466
0.26687219738960266
0.28545334935188293
0.28952476382255554
0.24890947341918945
0.2698385417461395
0.2835909426212311
0.24860458076000214
0.2642022967338562
0.33654066920280457
0.24203574657440186
0.26939085125923157
0.2791696786880493
0.27934929728507996
0.2702787220478058
0.29350411891937256
0.27065718173980713
0.25743594765663147
0.31592443585395813
0.26980334520339966
0.2828991413116455
0.30725565552711487
0.27580949664115906
0.27299225330352783
0.2849422097206116
0.2629283368587494
0.29746395349502563
0.23460924625396729
0.3068073093891144
0.26654794812202454
0.279276579618454
0.2754829227924347
0.2526112496852875
0.2804393768310547
0.2853917181491852
0.3119562864303589
0.26483353972435
0.28885138034820557
0.2568122446537018
0.24743907153606415
0.2919118106365204
0.2744705379009247
0.31489887833595276
0.24773329496383667
0.2686275839805603
0.2741006910800934
0.2859356999397278
0.3041914701461792
0.3275626599788666
0.2954050302505493
0.3094554543495178
0.2469249665737152
0.2916691303253174
0.26761746406555176
0.3086727261543274
0.27308136224746704
0.26359987258911133
0.29040247201919556
0.2755533754825592
0.30134955048561096
0.275255411863327
0.26669761538505554
0.2984566390514374
0.2506008446216583
0.25310349464416504
0.26994091272354126
0.31079697608947754
0.2768890857696533
0.2844509482383728
0.2825390100479126
0.26715773344039917
0.2938360869884491
0.26975300908088684
0.2699110209941864
0.27048978209495544
0.2928851544857025
0.25821977853775024
0.24041077494621277
0.2776850759983063
0.290914922952652
0.34353071451187134
0.2885395586490631
0.26956236362457275
0.28096070885658264
0.25828614830970764
0.27040228247642517
0.28989261388778687
0.27513447403907776
0.2830428183078766
0.28739485144615173
0.2439495027065277
0.29419469833374023
0.2682422399520874
0.25465917587280273
0.29833588004112244
0.2736206352710724
0.2642413377761841
0.25609561800956726
0.2657197117805481
0.30987560749053955
0.24143436551094055
0.2858169376850128
0.2734711170196533
0.28984513878822327
0.2779090106487274
0.2815421223640442
0.29593074321746826
0.26826363801956177
0.25539112091064453
0.2834336757659912
0.27182742953300476
0.24597762525081635
0.3006824851036072
0.2737317681312561
0.26771554350852966
0.28993797302246094
0.2754071056842804
0.2892588675022125
0.2542414665222168
0.253262996673584
0.31250032782554626
0.2937168478965759
0.28278598189353943
0.2751748561859131
0.27772268652915955
0.27780982851982117
0.28641435503959656
0.27621299028396606
0.2995830774307251
0.26557403802871704
0.29174771904945374
0.2683519721031189
0.2983280420303345
0.2725021243095398
0.27159303426742554
0.25818106532096863
0.309721440076828
0.2741868793964386
0.2753905951976776
0.2945709824562073
0.3057425916194916
0.2634020447731018
0.29735466837882996
0.273468941450119
0.28969916701316833
0.2895636558532715
0.26631224155426025
0.3079075217247009
0.2796030342578888
0.2954712212085724
0.2853083610534668
0.27830082178115845
0.2861853837966919
0.26903149485588074
0.26897406578063965
0.2451726347208023
0.28566160798072815
0.2924872636795044
0.29683005809783936
0.25026842951774597
0.321453720331192
0.2678792178630829
0.27224135398864746
0.30628350377082825
0.26040560007095337
0.3048490583896637
0.25137290358543396
0.27986255288124084
0.28583604097366333
0.2549590468406677
0.2799273133277893
0.27099913358688354
0.2911606729030609
0.29476338624954224
0.270561158657074
0.2706277370452881
0.26534855365753174
0.25027287006378174
0.2571932077407837
0.2495562732219696
0.2680010497570038
0.2570331394672394
0.2805456221103668
0.2865632474422455
0.2855869233608246
0.2797379791736603
0.3038417100906372
0.2597479522228241
0.3169378340244293
0.2664770185947418
0.26433658599853516
0.270645409822464
0.26684942841529846
0.29106563329696655
0.2868494987487793
0.28045767545700073
0.2724195122718811
0.2945147156715393
0.2689277231693268
0.307748407125473
0.2575071156024933
0.27006083726882935
0.32340988516807556
0.29701167345046997
0.29124751687049866
0.2700643837451935
0.2975682020187378
0.29327255487442017
0.27996423840522766
0.24956956505775452
0.2699102759361267
0.2789158821105957
0.2949279248714447
0.28897735476493835
0.2642703652381897
0.277410626411438
0.28860971331596375
0.25987115502357483
0.2794143259525299
0.290975958108902
0.24857643246650696
0.27404922246932983
0.2817590534687042
0.29018741846084595
0.2768591642379761
0.2718428671360016
0.2708171606063843
0.28986841440200806
0.25542062520980835
0.29138222336769104
0.26490718126296997
0.3007655739784241
0.2816796898841858
0.2487061321735382
0.2753547728061676
0.2958165407180786
0.265532910823822
0.24926961958408356
0.2877437174320221
0.2862466871738434
0.26518216729164124
0.30651918053627014
0.3076053559780121
0.23603756725788116
0.273053377866745
0.2410314679145813
0.2787769138813019
0.27541419863700867
0.3065588176250458
0.24233542382717133
0.273234099149704
0.27444693446159363
0.28889280557632446
0.26720547676086426
0.28860101103782654
0.2959875464439392
0.28695806860923767
0.2779214680194855
0.2841140031814575
0.2718943953514099
0.2760455310344696
0.291738361120224
0.280988484621048
0.2505614161491394
0.3243831396102905
0.31144067645072937
0.25494471192359924
0.29715463519096375
0.23933270573616028
0.2838992774486542
0.3258526027202606
0.2727333605289459
0.3001701235771179
0.28097906708717346
0.31902623176574707
0.2927079498767853
0.3156132400035858
0.27972713112831116
0.2595757842063904
0.28977060317993164
0.2847704589366913
0.3051345944404602
0.2898736894130707
0.2802925407886505
0.2568151354789734
0.2637609839439392
0.28039661049842834
0.26362162828445435
0.249959796667099
0.27628642320632935
0.27044445276260376
0.27711793780326843
0.27068912982940674
0.26774683594703674
0.24933531880378723
0.24226580560207367
0.2651749849319458
0.2955940067768097
0.2809995114803314
0.23739132285118103
0.27778446674346924
0.27382519841194153
0.27803856134414673
0.2898746132850647
0.27272722125053406
0.2530137002468109
0.2650591731071472
0.28129497170448303
0.30459174513816833
0.29476532340049744
0.2933522164821625
0.2704005539417267
0.26531219482421875
0.25961947441101074
0.26100417971611023
0.24502995610237122
0.2784796357154846
0.2738214135169983
0.27733975648880005
0.26094314455986023
0.24165096879005432
0.3041389584541321
0.29908159375190735
0.29032212495803833
0.25259679555892944
0.267309308052063
0.2701011598110199
0.2671656012535095
0.253943532705307
0.2794623374938965
0.2818785607814789
0.250407874584198
0.24152898788452148
0.282336950302124
0.2711547315120697
0.2924569547176361
0.28925973176956177
0.2588280737400055
0.2702840268611908
0.26468905806541443
0.26751506328582764
0.25434941053390503
0.2798297107219696
0.27212297916412354
0.250016987323761
0.27554163336753845
0.2980605959892273
0.2631297707557678
0.26504892110824585
0.26070812344551086
0.28423407673835754
0.28965577483177185
0.251280277967453
0.2769140303134918
0.2630661427974701
0.31041809916496277
0.2701641023159027
0.2694612741470337
0.24455083906650543
0.26312050223350525
0.2891627252101898
0.27811408042907715
0.29127493500709534
0.2917613387107849
0.25946760177612305
0.26979944109916687
0.2858789265155792
0.28603994846343994
0.29930052161216736
0.2495386153459549
0.25432088971138
0.2484726756811142
0.2579707205295563
0.25575193762779236
0.29556986689567566
0.2735308110713959
0.23953460156917572
0.2656049132347107
0.2825995087623596
0.3010067343711853
0.30043354630470276
0.3303445279598236
0.2654050290584564
0.2563283443450928
0.2777906656265259
0.3189140856266022
0.2821893095970154
0.23408733308315277
0.27567169070243835
0.25626257061958313
0.3171781003475189
0.2812868356704712
0.2723527252674103
0.26737871766090393
0.27363988757133484
0.2919734716415405
0.310557097196579
0.26807257533073425
0.2635098695755005
0.24565710127353668
0.24184606969356537
0.2608998119831085
0.2813524305820465
0.3001331686973572
0.3108333647251129
0.2968665659427643
0.30216553807258606
0.2980796992778778
0.28537076711654663
0.2619619369506836
0.2699645459651947
0.27379512786865234
0.3036125898361206
0.2919995188713074
0.27626943588256836
0.30299702286720276
0.28903263807296753
0.2753307819366455
0.2682042717933655
0.2507757842540741
0.28809571266174316
0.2644820809364319
0.28813663125038147
0.24949686229228973
0.27549389004707336
0.26205697655677795
0.2454683631658554
0.28440698981285095
0.2912859320640564
0.25276026129722595
0.2962615191936493
0.2731388509273529
0.27731022238731384
0.2774283289909363
0.28140977025032043
0.2562370002269745
0.2747320532798767
0.27765074372291565
0.28987064957618713
0.25955572724342346
0.2787920832633972
0.2617867887020111
0.26723530888557434
0.27537474036216736
0.25018513202667236
0.292929470539093
0.2739151120185852
0.260921835899353
0.2660783529281616
0.2692076563835144
0.25366127490997314
0.2597953975200653
0.2532607316970825
0.28217849135398865
0.2584710419178009
0.26493358612060547
0.2723167836666107
0.2720155417919159
0.27969446778297424
0.28167226910591125
0.2489210069179535
0.28991469740867615
0.29666808247566223
0.3068377673625946
0.2930641770362854
0.2777438759803772
0.2877596616744995
0.25375062227249146
0.2412419319152832
0.28447625041007996
0.27108362317085266
0.26004981994628906
0.27155935764312744
0.2871943712234497
0.2693500816822052
0.2617969214916229
0.29457226395606995
0.2508968710899353
0.27715885639190674
0.2679310739040375
0.27864882349967957
0.28654730319976807
0.27806124091148376
0.2742086350917816
0.270591139793396
0.3109723925590515
0.27288809418678284
0.27228274941444397
0.25320884585380554
0.2926079332828522
0.281826913356781
0.28809261322021484
0.29106003046035767
0.2736049294471741
0.2791025936603546
0.274994432926178
0.26275795698165894
0.2561841607093811
0.2604270875453949
0.2700316309928894
0.27148428559303284
0.28385087847709656
0.2647591531276703
0.26183998584747314
0.2657817006111145
0.23891109228134155
0.26869213581085205
0.3000587821006775
0.2839243710041046
0.2822593152523041
0.2749614119529724
0.29206839203834534
0.23098300397396088
0.23152680695056915
0.2612449824810028
0.3118271231651306
0.2828252613544464
0.27737462520599365
0.27023687958717346
0.2997097373008728
0.28243744373321533
0.23370005190372467
0.25313472747802734
0.26167839765548706
0.28448447585105896
0.2644529342651367
0.2705826759338379
0.30154430866241455
0.31515663862228394
0.2661796510219574
0.2772314250469208
0.2781077027320862
0.32849398255348206
0.30337193608283997
0.25928694009780884
0.26194000244140625
0.26918885111808777
0.298818439245224
0.2510909140110016
0.3207207918167114
0.272137314081192
0.2611085772514343
0.28687089681625366
0.2652948200702667
0.306243360042572
0.3180619180202484
0.2802395522594452
0.23599712550640106
0.2810235917568207
0.2780494689941406
0.29893720149993896
0.2500961422920227
0.2784964442253113
0.26698216795921326
0.2902434766292572
0.24769441783428192
0.28927862644195557
0.2828204929828644
0.2782430648803711
0.2838958501815796
0.28933101892471313
0.29798468947410583
0.3019205629825592
0.3072242736816406
0.31861963868141174
0.2627847194671631
0.27600061893463135
0.27640441060066223
0.28820091485977173
0.27385178208351135
0.2756756842136383
0.2870023548603058
0.2617226243019104
0.23683591187000275
0.2512994110584259
0.30280041694641113
0.2547655701637268
