0.1906268298625946
0.2134678214788437
0.21693280339241028
0.20283937454223633
0.22709114849567413
0.23321384191513062
0.21610863506793976
0.2136339694261551
0.2236238718032837
0.1896975338459015
0.21124185621738434
0.209742933511734
0.21637199819087982
0.20445522665977478
0.19635450839996338
0.21836689114570618
0.2079332321882248
0.2026524394750595
0.22214218974113464
0.19596225023269653
0.21775822341442108
0.21962164342403412
0.19015555083751678
0.18115338683128357
0.23474761843681335
0.2105288952589035
0.2310107797384262
0.2016792744398117
0.19914114475250244
0.20409387350082397
0.20974810421466827
0.19309914112091064
0.22128470242023468
0.2154465615749359
0.2032061070203781
0.20681199431419373
0.19924665987491608
0.20623038709163666
0.20792430639266968
0.20455248653888702
0.21138669550418854
0.19250550866127014
0.19561803340911865
0.2039094716310501
0.20525693893432617
0.20129333436489105
0.2251919060945511
0.22570084035396576
0.20687353610992432
0.21131712198257446
0.243001326918602
0.2425585389137268
0.2298516482114792
0.2357822209596634
0.24778491258621216
0.20664137601852417
0.25904861092567444
0.2236321121454239
0.23455451428890228
0.25915271043777466
0.21865509450435638
0.27739816904067993
0.32648834586143494
0.28823140263557434
0.2258416712284088
0.2300836145877838
0.24417531490325928
0.2019340693950653
0.2609824240207672
0.25512224435806274
0.2667750120162964
0.2123049944639206
0.2561056911945343
0.2175903171300888
0.2033132165670395
0.21857072412967682
0.2658803462982178
0.20845523476600647
0.2301425337791443
0.20349150896072388
0.23515789210796356
0.2697940766811371
0.2056887447834015
0.2083507627248764
0.23867745697498322
0.23599639534950256
0.25710329413414
0.25931549072265625
0.23452088236808777
0.26173436641693115
0.26968204975128174
0.238406240940094
0.23524245619773865
0.2098301202058792
0.22201146185398102
0.26036953926086426
0.24828940629959106
0.21762065589427948
0.25985753536224365
0.254398375749588
0.22536234557628632
0.25414201617240906
0.22084954380989075
0.32302698493003845
0.21684511005878448
0.2579854130744934
0.2763437330722809
0.24242916703224182
0.2514846622943878
0.24519212543964386
0.2402345985174179
0.28408291935920715
0.2852643132209778
0.26375725865364075
0.2747132182121277
0.2948462665081024
0.19662907719612122
0.2095649391412735
0.24990896880626678
0.24378882348537445
0.2457793951034546
0.2058684527873993
0.23616306483745575
0.18696245551109314
0.24595528841018677
0.2692108154296875
0.2567596435546875
0.25990256667137146
0.24940620362758636
0.265741765499115
0.2619166970252991
0.25736212730407715
0.24324128031730652
0.2219592183828354
0.2511182427406311
0.24800686538219452
0.23854734003543854
0.2454909086227417
0.24728059768676758
0.24305638670921326
0.255568265914917
0.3031294643878937
0.2875400483608246
0.22321434319019318
0.25166046619415283
0.2971395254135132
0.24386698007583618
0.27219825983047485
0.2751469016075134
0.2740134596824646
0.2881782352924347
0.2450777292251587
0.21236370503902435
0.28344443440437317
0.2759963274002075
0.2302839308977127
0.30910980701446533
0.27849075198173523
0.30680716037750244
0.26057618856430054
0.30812758207321167
0.21873652935028076
0.22803740203380585
0.26878368854522705
0.24758368730545044
0.2721664607524872
0.27148380875587463
0.32312679290771484
0.27400317788124084
0.273284912109375
0.2337939292192459
0.2463161051273346
0.26699963212013245
0.29801082611083984
0.28839513659477234
0.2359309196472168
0.28008878231048584
0.22409766912460327
0.31282639503479004
0.27511733770370483
0.2685617506504059
0.26312562823295593
0.32053691148757935
0.26853126287460327
0.26693713665008545
0.2780921757221222
0.29380565881729126
0.2694568932056427
0.3004712164402008
0.285349577665329
0.2579190731048584
0.26167118549346924
0.29533714056015015
0.2748189866542816
0.28077220916748047
0.302141398191452
0.26085951924324036
0.29464808106422424
0.29018786549568176
0.28908389806747437
0.29979661107063293
0.3260023593902588
0.2902856469154358
0.2479666918516159
0.2887074649333954
0.2334669977426529
0.30995869636535645
0.26051604747772217
0.27310964465141296
0.307304322719574
0.26697838306427
0.24049529433250427
0.3462393283843994
0.2936302721500397
0.24488034844398499
0.2778685390949249
0.22124628722667694
0.28697818517684937
0.2775615453720093
0.3119673728942871
0.27882838249206543
0.2783990204334259
0.2942734956741333
0.20381206274032593
0.2894401252269745
0.2497982233762741
0.2725752294063568
0.25543197989463806
0.24797312915325165
0.2500806152820587
0.23344165086746216
0.28106364607810974
0.3233906328678131
0.2625752389431
0.28085896372795105
0.2750568389892578
0.24522385001182556
0.2769489288330078
0.23762664198875427
0.24928759038448334
0.2528237998485565
0.278853178024292
0.3039954900741577
0.3043900728225708
0.2985799312591553
0.30501577258110046
0.34205561876296997
0.24055801331996918
0.26494765281677246
0.30090993642807007
0.35545486211776733
0.27733781933784485
0.26627805829048157
0.2844608426094055
0.2995612323284149
0.292254239320755
0.3109876215457916
0.26185092329978943
0.2763754725456238
0.30856412649154663
0.2686660885810852
0.2611336410045624
0.2372267097234726
0.2774781882762909
0.2468509078025818
0.28895705938339233
0.3026007413864136
0.27987396717071533
0.3011476695537567
0.2780929207801819
0.2919495105743408
0.2769800126552582
0.2728443145751953
0.24728170037269592
0.34406545758247375
0.2730664312839508
0.28820082545280457
0.2514170706272125
0.24477297067642212
0.2880595624446869
0.25771039724349976
0.29155340790748596
0.28566774725914
0.29376718401908875
0.34039124846458435
0.2791665494441986
0.28755122423171997
0.2879733145236969
0.3058708906173706
0.27916163206100464
0.32329651713371277
0.31933891773223877
0.25204741954803467
0.30077987909317017
0.2400992065668106
0.2701123356819153
0.2903633117675781
0.3105872571468353
0.2709655463695526
0.3036975860595703
0.2118581384420395
0.2846108675003052
0.2681424021720886
0.3005279004573822
0.24709342420101166
0.3076324760913849
0.29891422390937805
0.3091954290866852
0.30349868535995483
0.24006974697113037
0.294650137424469
0.23486164212226868
0.2943817377090454
0.2879258394241333
0.31076332926750183
0.27079519629478455
0.3038846552371979
0.3209168016910553
0.295372873544693
0.3335048258304596
0.3297617435455322
0.2736787796020508
0.2827804684638977
0.2937279939651489
0.3264503479003906
0.33150309324264526
0.3229445219039917
0.29268205165863037
0.3015231490135193
0.27231884002685547
0.3364950716495514
0.24455587565898895
0.3086625039577484
0.26163509488105774
0.3222387135028839
0.2928236424922943
0.29625973105430603
0.28016483783721924
0.3139345347881317
0.28204816579818726
0.3129863142967224
0.2713783085346222
0.2749846875667572
0.26322439312934875
0.2054881900548935
0.3123759329319
0.309484601020813
0.27486321330070496
0.2733207643032074
0.28726086020469666
0.2761562168598175
0.2715317904949188
0.3192967474460602
0.2898387908935547
0.29158103466033936
0.28645700216293335
0.30783623456954956
0.2840668559074402
0.3038662075996399
0.25992292165756226
0.30766215920448303
0.31453824043273926
0.3248288929462433
0.293552964925766
0.2430707812309265
0.2973881661891937
0.2901003956794739
0.26530516147613525
0.29393696784973145
0.27416563034057617
0.29273104667663574
0.33200961351394653
0.2646281123161316
0.3071290850639343
0.29525378346443176
0.29569974541664124
0.28626537322998047
0.3213076591491699
0.2755504250526428
0.3043005168437958
0.2932964265346527
0.2756282091140747
0.23691092431545258
0.2858617603778839
0.2512166500091553
0.28021949529647827
0.3439788818359375
0.32247331738471985
0.28744640946388245
0.24904994666576385
0.3450721502304077
0.27067387104034424
0.3009920120239258
0.2763620913028717
0.2710804343223572
0.3343454599380493
0.31142371892929077
0.2861141264438629
0.29984763264656067
0.25278109312057495
0.32535412907600403
0.28918784856796265
0.3343387246131897
0.32371097803115845
0.2704579830169678
0.2636435925960541
0.2621983289718628
0.2402500957250595
0.30096498131752014
0.3066771924495697
0.33754879236221313
0.35069921612739563
0.28131750226020813
0.3366085886955261
0.33141061663627625
0.28468847274780273
0.26286250352859497
0.29320040345191956
0.30301907658576965
0.31369009613990784
0.3183109760284424
0.2945781350135803
0.3121265769004822
0.3422130346298218
0.29456648230552673
0.33006709814071655
0.3114090859889984
0.3097623884677887
0.3057767450809479
0.3287773132324219
0.3085440397262573
0.30429375171661377
0.28746628761291504
0.33445796370506287
0.32048118114471436
0.278878778219223
0.2991240918636322
0.30468520522117615
0.3268721401691437
0.30282655358314514
0.2594977617263794
0.32337501645088196
0.3124845325946808
0.29220250248908997
0.33911341428756714
0.3364335000514984
0.277299702167511
0.2797209918498993
0.2919899523258209
0.32170137763023376
0.3215399980545044
0.2998863458633423
0.2647135555744171
0.24400600790977478
0.3038986921310425
0.2889277935028076
0.27624526619911194
0.28495970368385315
0.25808218121528625
0.3183614909648895
0.31679534912109375
0.30249345302581787
0.3374082148075104
0.31314438581466675
0.29220739006996155
0.29664015769958496
0.23750537633895874
0.28655561804771423
0.3634132742881775
0.2788522243499756
0.3937320113182068
0.32052701711654663
0.3019924759864807
0.3461149036884308
0.3380827009677887
0.34038013219833374
0.3151674270629883
0.29597586393356323
0.3059645891189575
0.31258752942085266
0.3386465609073639
0.35433417558670044
0.3239429295063019
0.3376986086368561
0.36618348956108093
0.3006324768066406
0.2859240174293518
0.3654037117958069
0.34240180253982544
0.2747780382633209
0.25496864318847656
0.3139131963253021
0.26106056571006775
0.33533406257629395
0.2810501754283905
0.3383137285709381
0.3064023554325104
0.31159645318984985
0.2798907160758972
0.31016528606414795
0.3285447359085083
0.31674903631210327
0.3117924928665161
0.3543996810913086
0.28486666083335876
0.2839716374874115
0.2637636959552765
0.3297981321811676
0.3015846312046051
0.30820560455322266
0.393311083316803
0.245649516582489
0.31331735849380493
0.3190837800502777
0.31373149156570435
0.2668898403644562
0.28189343214035034
0.34478241205215454
0.3397800624370575
0.2179831862449646
0.35562217235565186
0.277177095413208
0.3255413770675659
0.2975756824016571
0.36946046352386475
0.34574413299560547
0.32753536105155945
0.3066989481449127
0.3049182593822479
0.3159925043582916
0.2983609437942505
0.3083454668521881
0.3575614094734192
0.3209013044834137
0.3512985408306122
0.3333342969417572
0.3363221287727356
0.33953604102134705
0.31889376044273376
0.3143400549888611
0.35562068223953247
0.29705652594566345
0.3160950541496277
0.32458022236824036
0.31368374824523926
0.268020361661911
0.32559794187545776
0.3387952148914337
0.23232373595237732
0.36248475313186646
0.36889222264289856
0.3009132742881775
0.34442567825317383
0.3347870111465454
0.3180714249610901
0.30641037225723267
0.3271827697753906
0.3376721143722534
0.335565447807312
0.29686030745506287
0.2732657790184021
0.3182486891746521
0.32892248034477234
0.337176114320755
0.29018545150756836
0.2656572759151459
0.32200661301612854
0.2784799039363861
0.3171555697917938
0.27634814381599426
0.29070302844047546
0.30223730206489563
0.34352248907089233
0.2832464277744293
0.2669537365436554
0.37174689769744873
0.3072724938392639
0.30088934302330017
0.3564815819263458
0.3080017566680908
0.3201175630092621
0.2929486930370331
0.27269500494003296
0.2556093633174896
0.3306846618652344
0.3495219349861145
0.22647395730018616
0.35218340158462524
0.3298283815383911
0.318062424659729
0.30511748790740967
0.3136894702911377
0.3177691698074341
0.3512902855873108
0.3110412359237671
0.3330898582935333
0.37637799978256226
0.3131276071071625
0.35131388902664185
0.31723552942276
0.29066401720046997
0.31488049030303955
0.3214420676231384
0.28645059466362
0.3965034484863281
0.3200446665287018
0.32062026858329773
0.32773980498313904
0.3376005291938782
0.25624340772628784
0.3341938555240631
0.3396429419517517
0.27620774507522583
0.32294389605522156
0.35459351539611816
0.26183900237083435
0.3098370134830475
0.2908839285373688
0.325655996799469
0.35023948550224304
0.28723379969596863
0.28105324506759644
0.3611339330673218
0.34848663210868835
0.3654433786869049
0.3000190556049347
0.24127812683582306
0.2863410413265228
0.34552329778671265
0.30230990052223206
0.3027666211128235
0.2955094575881958
0.30524444580078125
0.2802765369415283
0.2579170763492584
0.31500503420829773
0.3229256868362427
0.3076402544975281
0.39007124304771423
0.31088781356811523
0.31399020552635193
0.320489764213562
0.30428212881088257
0.34489789605140686
0.35191836953163147
0.32952016592025757
0.3220256268978119
0.32143986225128174
0.3182636797428131
0.37053072452545166
0.3237362205982208
0.32139989733695984
0.37844201922416687
0.3442312777042389
0.29171299934387207
0.3449622690677643
0.25337040424346924
0.36090341210365295
0.34034523367881775
0.3316219449043274
0.31148895621299744
0.30039480328559875
0.38537129759788513
0.2600080072879791
0.28463709354400635
0.29669898748397827
0.3060649633407593
0.3400387167930603
0.31558090448379517
0.31482112407684326
0.3242090940475464
0.35212111473083496
0.35834911465644836
0.36218759417533875
0.3165667951107025
0.39319074153900146
0.23151825368404388
0.31596848368644714
0.3230082094669342
0.345712810754776
0.2542702853679657
0.3153356909751892
0.3248134255409241
0.3540085256099701
0.3135118782520294
0.31633949279785156
0.3481515645980835
0.3024018108844757
0.2961224317550659
0.3272362947463989
0.34417903423309326
0.33773329854011536
0.34837913513183594
0.3275112509727478
0.3518725335597992
0.2991088628768921
0.33135274052619934
0.34492239356040955
0.3497806787490845
0.3052712380886078
0.31855103373527527
0.29249250888824463
0.3643149137496948
0.3182521462440491
0.3307105600833893
0.3637436628341675
0.3333272635936737
0.32989364862442017
0.26929083466529846
0.32085779309272766
0.3274652659893036
0.35059255361557007
0.40557795763015747
0.37816548347473145
0.30154240131378174
0.31435319781303406
0.3456621766090393
0.3669310510158539
0.32792574167251587
0.24935702979564667
0.3072217106819153
0.34876883029937744
0.2818984091281891
0.369832843542099
0.33705246448516846
0.332044392824173
0.2929632067680359
0.33695539832115173
0.3474676012992859
0.33954036235809326
0.3344612121582031
0.31323331594467163
0.34927046298980713
0.3455905318260193
0.37177804112434387
0.32232388854026794
0.3700769245624542
0.39370110630989075
0.4155304431915283
0.3484972417354584
0.33354049921035767
0.3603513836860657
0.3157489597797394
0.30503082275390625
0.34738442301750183
0.4023646116256714
0.34990593791007996
0.291159063577652
0.3572549521923065
0.4034092426300049
0.31894999742507935
0.3078365623950958
0.33985328674316406
0.30948224663734436
0.3690603971481323
0.32966381311416626
0.3524901270866394
0.36299827694892883
0.38499560952186584
0.3359900414943695
0.28026098012924194
0.3872801661491394
0.35635364055633545
0.3988988399505615
0.3653063178062439
0.3535783588886261
0.3926495611667633
0.36209094524383545
0.41932183504104614
0.3562270998954773
0.3517753481864929
0.31985071301460266
0.32958829402923584
0.34027260541915894
0.40269553661346436
0.31720465421676636
0.30966562032699585
0.3079191744327545
0.31663060188293457
0.33322998881340027
0.343199759721756
0.35322731733322144
0.33510568737983704
0.3099912106990814
0.3286810517311096
0.3951200544834137
0.28999215364456177
0.350541353225708
0.280985951423645
0.3608551323413849
0.3533380925655365
0.3795229196548462
0.3487309515476227
0.2845640778541565
0.3839755356311798
0.30479493737220764
0.37942972779273987
0.24360662698745728
0.4063248932361603
0.39406490325927734
0.38522493839263916
0.37597736716270447
0.34093186259269714
0.3291797637939453
0.3219018280506134
0.36789795756340027
0.30925804376602173
0.3854055404663086
0.28337156772613525
0.27552616596221924
0.30253803730010986
0.35959964990615845
0.3502896726131439
0.32921385765075684
0.30421167612075806
0.3072815239429474
0.3128872215747833
0.3338657319545746
0.3490109145641327
0.3355364203453064
0.34567204117774963
0.2803608775138855
0.23243781924247742
0.3478833734989166
0.3204713463783264
0.30237728357315063
0.4135626256465912
0.3808997869491577
0.3108396530151367
0.30526310205459595
0.34500786662101746
0.41997674107551575
0.2751712203025818
0.35245680809020996
0.32325366139411926
0.3497714698314667
0.3261391520500183
0.38947173953056335
0.33329978585243225
0.3427483141422272
0.3592623472213745
0.3452647030353546
0.3213564455509186
0.40493419766426086
0.32720285654067993
0.2914120852947235
0.3261726200580597
0.2787858247756958
0.34820884466171265
0.3758251667022705
0.3113328814506531
0.3966085612773895
0.3143012821674347
0.2966006398200989
0.3650595247745514
0.3051658272743225
0.20559991896152496
0.40253308415412903
0.3544198274612427
0.3505387008190155
0.29776352643966675
0.200162872672081
0.352437824010849
0.2807822823524475
0.33642926812171936
0.34290316700935364
0.2517193555831909
0.3136358857154846
0.340881884098053
0.3434304893016815
0.3566153645515442
0.33763429522514343
0.37963902950286865
0.34741050004959106
0.3459748923778534
0.33956050872802734
0.35340145230293274
0.3194863200187683
0.29040563106536865
0.37488073110580444
0.31901174783706665
0.2615055739879608
0.3699924349784851
0.27435603737831116
0.37446340918540955
0.3727860152721405
0.32820072770118713
0.34099599719047546
0.34833621978759766
0.356060266494751
0.24430476129055023
0.30187609791755676
0.3759710490703583
0.22903986275196075
0.34574761986732483
0.3878740668296814
0.35472533106803894
0.37287214398384094
0.3369097411632538
0.32885563373565674
0.391534686088562
0.3351714313030243
0.34433937072753906
0.3448244035243988
0.3724598288536072
0.3272038400173187
0.2554164528846741
0.38584914803504944
0.36146479845046997
0.29105716943740845
0.34686025977134705
0.25747203826904297
0.3378787636756897
0.3760623037815094
0.2549359202384949
0.33827880024909973
0.26129525899887085
0.23483312129974365
0.30361080169677734
0.3005240857601166
0.36301979422569275
0.27559152245521545
0.270232617855072
0.3385283052921295
0.3667615056037903
0.21847112476825714
0.3823015093803406
0.3602392375469208
0.3478611707687378
0.32412946224212646
0.40019261837005615
0.3378877341747284
0.32245373725891113
0.2670690715312958
0.3699888586997986
0.27897876501083374
0.34040334820747375
0.30528661608695984
0.30073338747024536
0.3544963598251343
0.2664612829685211
0.36962762475013733
0.35806095600128174
0.3535725176334381
0.31903234124183655
0.354292631149292
0.34973007440567017
0.395526647567749
0.3443201184272766
0.3749864399433136
0.31368306279182434
0.29765287041664124
0.3502652943134308
0.3391916751861572
0.26983222365379333
0.35965728759765625
0.35936614871025085
0.3314211368560791
0.208314910531044
0.36588096618652344
0.33558908104896545
0.286325067281723
0.20526336133480072
0.37904128432273865
0.31895437836647034
0.2976493835449219
0.3174043893814087
0.32363513112068176
0.37636587023735046
0.3751220405101776
0.33098340034484863
0.35849305987358093
0.25279295444488525
0.2648414969444275
0.3837625980377197
0.2854802906513214
0.2639215886592865
0.37737080454826355
0.26073017716407776
0.3497482240200043
0.3551155626773834
0.2283797562122345
0.2721637487411499
0.39957207441329956
0.3874538838863373
0.20514631271362305
0.3470187783241272
0.34663254022598267
0.3360399305820465
0.3552447557449341
0.32538095116615295
0.3056079149246216
0.3301469087600708
0.30800861120224
0.2520189881324768
0.41638973355293274
0.2663915157318115
0.2510462999343872
0.3260757625102997
0.36276787519454956
0.3512556254863739
0.3793157637119293
0.32176673412323
0.34142544865608215
0.34433841705322266
0.4530737102031708
0.3351229131221771
0.37109723687171936
0.36381101608276367
0.3354419469833374
0.33754947781562805
0.33575886487960815
0.3117595613002777
0.25945135951042175
0.2617567479610443
0.288991779088974
0.3161037266254425
0.257593035697937
0.3474561870098114
0.3092080056667328
0.38197651505470276
0.3718353807926178
0.25123387575149536
0.3131941556930542
0.27157869935035706
0.2957371771335602
0.31042465567588806
0.31983616948127747
0.21198837459087372
0.3157060742378235
0.29283079504966736
0.2930004596710205
0.24784128367900848
0.22046521306037903
0.2895100712776184
0.23426023125648499
0.35966309905052185
0.3695968985557556
0.2775111794471741
0.2839329242706299
0.358935683965683
0.2383563071489334
0.368457555770874
0.24093666672706604
0.33471542596817017
0.32767534255981445
0.3503984808921814
0.41534897685050964
0.2559147775173187
0.3564038872718811
0.2603738009929657
0.3272877633571625
0.4173150360584259
0.38195833563804626
0.3165075480937958
0.24394012987613678
0.24598756432533264
0.32941776514053345
0.36231178045272827
0.3894417881965637
0.3213199973106384
0.3338784873485565
0.38938236236572266
0.3323962390422821
0.3788841962814331
0.32696035504341125
0.35507187247276306
0.35014405846595764
0.20040850341320038
0.21288326382637024
0.28057265281677246
0.33320868015289307
0.2936014235019684
0.30415767431259155
0.3494543135166168
0.2906225919723511
0.2903188169002533
0.3702663779258728
0.37573787569999695
0.3817373216152191
0.3673804998397827
0.406277060508728
0.27647119760513306
0.318558007478714
0.35618725419044495
0.3638162612915039
0.2646760046482086
0.28042876720428467
0.2147185504436493
0.34172335267066956
0.3803052008152008
0.3125399947166443
0.270844042301178
0.34519121050834656
0.21286572515964508
0.21672838926315308
0.30778768658638
0.3827313482761383
0.2320326268672943
0.2598588764667511
0.3095816969871521
0.3675493597984314
0.2192254364490509
0.3563831150531769
0.3623424172401428
0.35544297099113464
0.22312745451927185
0.36554768681526184
0.2931405007839203
0.23497234284877777
0.3361954092979431
0.2398749440908432
0.3111611008644104
0.23438066244125366
0.2646750807762146
0.37213757634162903
0.2911742627620697
0.3226633667945862
0.3079982399940491
0.33769816160202026
0.18644601106643677
0.3317752182483673
0.31340283155441284
0.24796955287456512
0.23370085656642914
0.29292213916778564
0.2938620150089264
0.34309786558151245
0.20899102091789246
0.31800025701522827
0.3531542122364044
0.21051187813282013
0.3380028307437897
0.242462620139122
0.2683246433734894
0.37482407689094543
0.23308385908603668
0.21843744814395905
0.19170819222927094
0.2059251219034195
0.21379409730434418
0.42458128929138184
0.33191531896591187
0.2367783933877945
0.22642552852630615
0.2877296209335327
0.28214219212532043
0.29966214299201965
0.2556054890155792
0.26291224360466003
0.38993769884109497
0.3379158079624176
0.2554437518119812
0.31290358304977417
0.31755900382995605
0.358919233083725
0.2578889727592468
0.20647871494293213
0.24095125496387482
0.2636006474494934
0.3208147883415222
0.3417550027370453
0.30990156531333923
0.29907459020614624
0.2349993735551834
0.35416245460510254
0.3674953579902649
0.29513612389564514
0.34244590997695923
0.2222960740327835
0.34467509388923645
0.18450504541397095
0.29964688420295715
0.3025842010974884
0.35409215092658997
0.39654242992401123
0.2584964334964752
0.28288036584854126
0.23836658895015717
0.2175230085849762
0.25382041931152344
0.24842233955860138
0.3238319754600525
0.34482914209365845
0.1647559255361557
0.2943960726261139
0.3182143568992615
0.32709938287734985
0.20335020124912262
0.19045142829418182
0.3660348951816559
0.24330952763557434
0.3183399438858032
0.294869065284729
0.2461552917957306
0.2788349986076355
0.2603401839733124
0.22397369146347046
0.2667637765407562
0.2517874538898468
0.38970947265625
0.3043324649333954
0.3744005560874939
0.28849849104881287
0.31593430042266846
0.35680675506591797
0.2939167022705078
0.3010733127593994
0.3545021712779999
0.3221222460269928
0.31602269411087036
0.31211912631988525
0.31039294600486755
0.32876458764076233
0.235213503241539
0.23686373233795166
0.33307209610939026
0.37835443019866943
0.3452070653438568
0.19379834830760956
0.3202946186065674
0.36630868911743164
0.3322847783565521
0.24111905694007874
0.21445024013519287
0.4052819013595581
0.30791518092155457
0.1810462772846222
0.20740310847759247
0.3912665843963623
0.3159506320953369
0.23560895025730133
0.20531722903251648
0.2748441994190216
0.3187805414199829
0.36655837297439575
0.26920637488365173
0.3782290518283844
0.38349679112434387
0.36960968375205994
0.3599313795566559
0.2105797976255417
0.31027233600616455
0.1928425133228302
0.2638971209526062
0.20808972418308258
0.23815517127513885
0.20227362215518951
0.2848457098007202
0.20039790868759155
0.20822998881340027
0.26444950699806213
0.33286044001579285
0.30952730774879456
0.29030144214630127
0.2204064279794693
0.24967335164546967
0.3140886127948761
0.2593519985675812
0.21789519488811493
0.33240842819213867
0.27491748332977295
0.1947500854730606
0.3111802637577057
0.24078154563903809
0.22112007439136505
0.2798500657081604
0.3037411570549011
0.3455929160118103
0.20282982289791107
0.3628310561180115
0.19114449620246887
0.20606523752212524
0.3149329721927643
0.21032549440860748
0.17515458166599274
0.25297409296035767
0.3896172046661377
0.47827067971229553
0.28874778747558594
0.30712148547172546
0.18613047897815704
0.37896451354026794
0.3052035868167877
0.36560797691345215
0.2525862753391266
0.29743459820747375
0.2763206660747528
0.19717897474765778
0.2734188735485077
0.26832836866378784
0.32336607575416565
0.23437106609344482
0.20011340081691742
0.31290531158447266
0.34868133068084717
0.30531570315361023
0.33944207429885864
0.2278965264558792
0.19099688529968262
0.36988699436187744
0.1782405525445938
0.22545139491558075
0.3419140577316284
0.40750008821487427
0.20866535604000092
0.22751565277576447
0.2225765734910965
0.2994329631328583
0.2908909320831299
0.18884976208209991
0.3038688004016876
0.20842014253139496
0.2564215362071991
0.2748105227947235
0.19544251263141632
0.32920515537261963
0.31381791830062866
0.30726325511932373
0.20464147627353668
0.3727727234363556
0.28080931305885315
0.22168311476707458
0.4107675552368164
0.33659055829048157
0.35063984990119934
0.3098703920841217
0.2245388925075531
0.22453998029232025
0.328411340713501
0.23635031282901764
0.19945722818374634
0.32949715852737427
0.21839639544487
0.22652263939380646
0.32785430550575256
0.29613739252090454
0.2042163610458374
0.384093701839447
0.3709576725959778
0.21643614768981934
0.2428375780582428
0.20174123346805573
0.3502517640590668
0.37478190660476685
0.19622112810611725
0.21335121989250183
0.32240206003189087
0.3180910646915436
0.1795448362827301
0.2736790180206299
0.2883608043193817
0.19247984886169434
0.20473331212997437
0.3347025513648987
0.21721626818180084
0.3615516126155853
0.2878435552120209
0.29673609137535095
0.27670660614967346
0.2298101931810379
0.3179747462272644
0.18789762258529663
0.17797774076461792
0.30415621399879456
0.2697084844112396
0.2457146942615509
0.24954576790332794
0.3295825123786926
0.32455888390541077
0.3305116891860962
0.26436352729797363
0.23056098818778992
0.2104676514863968
0.3705899119377136
0.27354177832603455
0.2026020586490631
0.2897731065750122
0.2222553938627243
0.2655176818370819
0.22318978607654572
0.22950562834739685
0.21962516009807587
0.2839851677417755
0.21791911125183105
0.29047566652297974
0.24721214175224304
0.24993067979812622
0.22503629326820374
0.2870304584503174
0.250184029340744
0.2662086486816406
0.24846506118774414
0.24497820436954498
0.23439522087574005
0.28724968433380127
0.2752496600151062
0.23522433638572693
0.19148564338684082
0.3111741542816162
0.292852520942688
0.2117902636528015
0.2476968914270401
0.33362025022506714
0.3194274604320526
0.3275652825832367
0.200222909450531
0.19422906637191772
0.35119691491127014
0.1954180747270584
0.3201490640640259
0.32881051301956177
0.3390519618988037
0.2706744372844696
0.31932947039604187
0.19860728085041046
0.2056175023317337
0.295873761177063
0.3446353077888489
0.21444743871688843
0.22312982380390167
0.36278849840164185
0.2313206046819687
0.19649502635002136
0.30816277861595154
0.3398193120956421
0.25393354892730713
0.3108426332473755
0.3092874586582184
0.25080499053001404
0.3473011553287506
0.3440145254135132
0.20513246953487396
0.24814964830875397
0.29514259099960327
0.2297765612602234
0.2842634618282318
0.33499133586883545
0.2900334298610687
0.27619871497154236
0.34716954827308655
0.3497410714626312
0.40661385655403137
0.3678557276725769
0.20513682067394257
0.32078784704208374
0.2854929566383362
0.3065607249736786
0.21893560886383057
0.20907661318778992
0.3452240228652954
0.2114059031009674
0.3510385751724243
0.2585904598236084
0.34782472252845764
0.3491051197052002
0.29952219128608704
0.19980324804782867
0.24230188131332397
0.29001057147979736
0.24747949838638306
0.28721535205841064
0.2644079327583313
0.20470529794692993
0.2649339735507965
0.3415880501270294
0.19178098440170288
0.34981557726860046
0.4146909713745117
0.30325064063072205
0.22987449169158936
0.204435333609581
0.3469347357749939
0.2824461758136749
0.18609076738357544
0.32119810581207275
0.20954389870166779
0.35479745268821716
0.20479808747768402
0.3554728627204895
0.23804059624671936
0.35883721709251404
0.38596245646476746
0.2221488207578659
0.33869558572769165
0.279156893491745
0.3126699924468994
0.3502456843852997
0.3990395963191986
0.31613805890083313
0.23047874867916107
0.36892277002334595
0.23299211263656616
0.26504939794540405
0.3269082009792328
0.3557419180870056
0.36758390069007874
0.25541314482688904
0.27002933621406555
0.34637451171875
0.34990257024765015
0.36521413922309875
0.23380336165428162
0.3124420642852783
0.2387121617794037
0.18262243270874023
0.3404066264629364
0.3185614049434662
0.3698689639568329
0.3039495646953583
0.34981587529182434
0.38289323449134827
0.29296761751174927
0.3250555992126465
0.26877495646476746
0.3653946816921234
0.1885155886411667
0.29702019691467285
0.31804555654525757
0.26904138922691345
0.3204662799835205
0.26633527874946594
0.33743590116500854
0.18477340042591095
0.19342677295207977
0.36509978771209717
0.363672137260437
0.33084407448768616
0.2319457232952118
0.34858471155166626
0.2200414091348648
0.3197367191314697
0.21950407326221466
0.23402206599712372
0.3490749001502991
0.3929688334465027
0.27725204825401306
0.2335757613182068
0.30255019664764404
0.32564058899879456
0.3593161404132843
0.3302914500236511
0.23892220854759216
0.3951036334037781
0.3066745400428772
0.3463793098926544
0.3206435441970825
0.3722279965877533
0.19282139837741852
0.38690701127052307
0.282514363527298
0.24608303606510162
0.2740646004676819
0.20112504065036774
0.34176909923553467
0.4243820309638977
0.20657959580421448
0.3722297251224518
0.37640541791915894
0.3784601390361786
0.3233892619609833
0.3693753778934479
0.315151572227478
0.4068996012210846
0.3526058495044708
0.2309167981147766
0.25118961930274963
0.2787633538246155
0.3308730721473694
0.36362919211387634
0.2986859083175659
0.4074898660182953
0.39171943068504333
0.35092097520828247
0.3275001347064972
0.3151668310165405
0.23834702372550964
0.20884667336940765
0.35411331057548523
0.36115747690200806
0.3305806815624237
0.33619868755340576
0.3306209444999695
0.26315945386886597
0.20333220064640045
0.2807841897010803
0.20635901391506195
0.3247946500778198
0.2943386435508728
0.28177082538604736
0.2296195924282074
0.2331160306930542
0.3639377951622009
0.33631494641304016
0.40668243169784546
0.21193887293338776
0.2674061357975006
0.22570255398750305
0.23567961156368256
0.37287965416908264
0.25444135069847107
0.19756242632865906
0.2543526887893677
0.319107323884964
0.28911569714546204
0.3278491199016571
0.3366408050060272
0.3669729232788086
0.3655652701854706
0.30451786518096924
0.3814203441143036
0.300650030374527
0.3551326096057892
0.36788830161094666
0.3259422779083252
0.3412543833255768
0.3454839885234833
0.33747899532318115
0.3604923486709595
0.19113102555274963
0.40742602944374084
0.3337664306163788
0.3169688880443573
0.3580697178840637
0.3759651780128479
0.392175555229187
0.33162903785705566
0.2407732605934143
0.31652888655662537
0.2977546155452728
0.29716503620147705
0.3044222593307495
0.19169382750988007
0.3622410297393799
0.3539808690547943
0.3034459054470062
0.34147390723228455
0.19880524277687073
0.24686217308044434
0.2988607883453369
0.38153010606765747
0.38613244891166687
0.3197394907474518
0.2996824085712433
0.3810455799102783
0.26802879571914673
0.332753986120224
0.3137969970703125
0.2744995355606079
0.37772291898727417
0.37752678990364075
0.42738601565361023
0.2521503269672394
0.3453831076622009
0.34576138854026794
0.4050345718860626
0.3948058485984802
0.3436731696128845
0.3426780700683594
0.32220348715782166
0.3613322675228119
0.33446004986763
0.32313427329063416
0.2139332890510559
0.3812774121761322
0.3641238510608673
0.3660314977169037
0.390128493309021
0.25360679626464844
0.34153103828430176
0.44507819414138794
0.36368152499198914
0.35389086604118347
0.2011285126209259
0.3630968928337097
0.3019911050796509
0.18297332525253296
0.3151393532752991
0.38163915276527405
0.33814525604248047
0.3608323037624359
0.2755564749240875
0.2512264847755432
0.39651286602020264
0.3117430806159973
0.1907055526971817
0.2737705409526825
0.40220212936401367
0.22343619167804718
0.33654874563217163
0.2920432984828949
0.22739796340465546
0.31569358706474304
0.32870012521743774
0.20310601592063904
0.2574007213115692
0.345461905002594
0.3845362365245819
0.2364613562822342
0.32642173767089844
0.3366151452064514
0.316165030002594
0.3546408414840698
0.36828839778900146
0.25239574909210205
0.3396203815937042
0.38263025879859924
0.23054338991641998
0.2970872223377228
0.3234674334526062
0.2808992564678192
0.2067781686782837
0.2093457132577896
0.3422946035861969
0.309043824672699
0.38447657227516174
0.3848003149032593
0.1781999170780182
0.3681659698486328
0.3266252875328064
0.37594935297966003
0.36777305603027344
0.24137793481349945
0.4094955623149872
0.19701217114925385
0.30050599575042725
0.2973046600818634
0.32838883996009827
0.3304580748081207
0.42474624514579773
0.3072373867034912
0.4107919931411743
0.35277217626571655
0.3631560504436493
0.2672910690307617
0.4129505455493927
0.301017701625824
0.32779330015182495
0.3225296139717102
0.3240762948989868
0.3951825201511383
0.3588639497756958
0.30967679619789124
0.3825536072254181
0.2367703914642334
0.3306453824043274
0.2776792347431183
0.24663542211055756
0.28206878900527954
0.3244304358959198
0.20142866671085358
0.3378949761390686
0.30962133407592773
0.35866791009902954
0.3292069137096405
0.2446093112230301
0.37579450011253357
0.21038372814655304
0.26410335302352905
0.3383949398994446
0.21914301812648773
0.34911519289016724
0.25387468934059143
0.4138430953025818
0.27478086948394775
0.2724003493785858
0.3777550160884857
0.24489343166351318
0.26747241616249084
0.31216397881507874
0.3073671758174896
0.39323893189430237
0.3407571315765381
0.25513458251953125
0.28752845525741577
0.36958441138267517
0.23893515765666962
0.3230641782283783
0.32998788356781006
0.3630388379096985
0.2776053845882416
0.37242797017097473
0.300846129655838
0.33985501527786255
0.22825442254543304
0.2583966553211212
0.3698263168334961
0.28339526057243347
0.3451569974422455
0.3169762194156647
0.39671826362609863
0.3216175436973572
0.2599756121635437
0.34416496753692627
0.19777539372444153
0.3409542143344879
0.2321753054857254
0.3008734881877899
0.3485425114631653
0.2731319069862366
0.30109864473342896
0.3576250672340393
0.26328611373901367
0.35676243901252747
0.3583012521266937
0.31002935767173767
0.35221558809280396
0.29547208547592163
0.35100215673446655
0.30314314365386963
0.2993387281894684
0.2972455322742462
0.34558191895484924
0.38600534200668335
0.21988916397094727
0.3213193714618683
0.343012273311615
0.3569260537624359
0.41130465269088745
0.37761667370796204
0.3770183026790619
0.32410770654678345
0.36042699217796326
0.2442125827074051
0.1990465670824051
0.26386213302612305
0.3380085229873657
0.2105364203453064
0.3526448607444763
0.2568316161632538
0.33589673042297363
0.31569087505340576
0.23542435467243195
0.3374084234237671
0.2588246464729309
0.305061936378479
0.3439792990684509
0.39034566283226013
0.2133694738149643
0.388904333114624
0.33886009454727173
0.32886242866516113
0.3474847972393036
0.2029905766248703
0.26365846395492554
0.33916282653808594
0.1899951547384262
0.3612401485443115
0.35237917304039
0.24711784720420837
0.35650014877319336
0.3476770520210266
0.31213927268981934
0.3593052923679352
0.2862496078014374
0.368840754032135
0.31275203824043274
0.3907358944416046
0.21720817685127258
0.37091585993766785
0.24391452968120575
0.3404720723628998
0.29372528195381165
0.28714340925216675
0.3128681182861328
0.23336553573608398
0.3892621695995331
0.28679358959198
0.3718632161617279
0.19718793034553528
0.23972806334495544
0.3618604838848114
0.27723032236099243
0.32003000378608704
0.3648625612258911
0.30051103234291077
0.20627574622631073
0.26846811175346375
0.4146091639995575
0.29102081060409546
0.353266179561615
0.41407105326652527
0.3713391423225403
0.30033862590789795
0.4092446267604828
0.3706972002983093
0.3310539722442627
0.32926082611083984
0.3571806848049164
0.2652096152305603
0.3990965783596039
0.38113000988960266
0.4106595814228058
0.3242068290710449
0.3161371648311615
0.23326988518238068
0.32166072726249695
0.36742499470710754
0.3647722601890564
0.3404853045940399
0.31123650074005127
0.2892146110534668
0.37527814507484436
0.39167970418930054
0.3801197111606598
0.26834797859191895
0.3546696603298187
0.4062277376651764
0.37530675530433655
0.38664132356643677
0.3985951542854309
0.30464881658554077
0.38275378942489624
0.22752633690834045
0.3399432301521301
0.19214583933353424
0.3205806016921997
0.20055332779884338
0.41770264506340027
0.2937430441379547
0.333007276058197
0.3216627836227417
0.34604713320732117
0.38429635763168335
0.32850152254104614
0.26637494564056396
0.2533095180988312
0.22060272097587585
0.3628663122653961
0.35940074920654297
0.3829784691333771
0.38482245802879333
0.3882105052471161
0.2494189292192459
0.4106517732143402
0.34714770317077637
0.37224453687667847
0.25481876730918884
0.3462418019771576
0.43099740147590637
0.35811847448349
0.2478455752134323
0.293306440114975
0.3816983997821808
0.39499735832214355
0.2962242662906647
0.3596389591693878
0.3262236416339874
0.32418426871299744
0.38725703954696655
0.34523773193359375
0.4053764045238495
0.4188411831855774
0.3553624451160431
0.36675527691841125
0.25085026025772095
0.35243892669677734
0.3300282955169678
0.3754386603832245
0.24745412170886993
0.3877476453781128
0.32917580008506775
0.38927945494651794
0.39441558718681335
0.38079530000686646
0.26441124081611633
0.3840565085411072
0.3184722363948822
0.2955235242843628
0.344274640083313
0.3893248438835144
0.36353057622909546
0.3616902530193329
0.36093392968177795
0.368948757648468
0.24002934992313385
0.3901801109313965
0.29467228055000305
0.33690059185028076
0.30424797534942627
0.3699609041213989
0.2423802763223648
0.24896466732025146
0.37194180488586426
0.38523629307746887
0.37558698654174805
0.35758230090141296
0.260942667722702
0.31855079531669617
0.30919149518013
0.30007338523864746
0.3489778935909271
0.36291810870170593
0.4033193290233612
0.3124879002571106
0.32585608959198
0.31100985407829285
0.35443997383117676
0.3293728232383728
0.37645423412323
