11020.05020960034
9269.15855611283
9261.05020960034
9435.834341399126
9353.299740146898
9519.236591996296
10206.05020960034
10240.05020960034
10272.05020960034
9448.524135560836
10026.55020960034
10642.55020960034
9166.024135560836
9506.19860088099
10235.586505102543
9127.62224328151
9850.05020960034
9637.128573484219
9555.024135560836
9554.623686437602
9485.05020960034
9366.52782049458
9192.744981035861
9373.60844470575
10274.236591996296
10208.05020960034
9332.058872256493
9570.337859915759
8866.55020960034
9780.331874621615
9267.88134447798
9930.327458994836
9831.55020960034
9154.03585141347
10096.55020960034
9711.91843798383
9063.85922322026
9959.55020960034
9325.736591996296
9915.827458994836
9260.806594877644
9688.05020960034
9419.128573484219
9571.264121937971
10082.55020960034
9100.0682412981
10410.55020960034
8963.661959784004
9425.524135560836
9863.128573484219
10010.05020960034
10349.91843798383
10269.05020960034
9784.05020960034
9157.161959784004
9345.610327856919
9789.567526060688
10250.941826761864
9800.736591996296
9370.55020960034
9137.524135560836
9528.551140585998
10105.41843798383
9666.049289467894
9383.88534884203
9496.88534884203
8915.206978091685
9814.05020960034
9671.420469982122
10154.236591996296
9801.128573484219
9222.05020960034
10178.55020960034
9125.661959784004
9168.68674245195
9227.770354923205
9733.610327856919
9812.003637913376
9817.05020960034
10410.55020960034
9635.902354124863
9287.711281007028
9466.736591996296
9808.334341399126
9838.05020960034
9343.941826761864
9664.05020960034
9919.55020960034
9876.902354124863
10189.612274047011
9830.736989967085
9993.05020960034
9429.128573484219
10184.55020960034
9534.55020960034
9968.128573484219
9948.551140585998
9735.55020960034
9210.745563602804
9642.372048116034
11309.02269022988
12486.91843798383
13080.697706671883
12236.55020960034
13875.05020960034
11919.54074777599
12090.55020960034
12382.110327856919
12064.110327856919
12361.110327856919
12728.05020960034
10823.091339369843
13857.236591996296
11740.648376543937
13371.236591996296
12129.425125022812
13795.334341399126
12163.05020960034
12234.546870282998
11468.024135560836
11610.736591996296
12272.236591996289
14365.941826761864
13588.628573484219
13973.236591996296
12431.05020960034
11867.05020960034
11197.613621801805
11973.110327856919
12082.128573484219
13587.91843798383
11272.024135560836
10973.524135560836
11500.685878117
13932.56048907607
11609.112270471154
13985.91843798383
12819.016802046852
11754.05020960034
10825.524135560836
11026.736591996296
11898.05020960034
12060.529072517615
13799.185878117
11802.55020960034
12890.05020960034
12773.547935735163
10808.140033875783
11951.55020960034
12617.529072517615
13477.91843798383
12238.05020960034
10889.204262815392
11459.142108673494
11528.236989967085
12969.446348847607
11641.612270471154
10980.024135560836
12210.612270471154
11212.656135232059
11374.41843798383
11903.05020960034
11160.685878117
13793.41843798383
11662.781085416773
12610.110327856919
13417.736591996296
11855.236591996289
12656.936556338369
12147.593737209314
12196.441826761864
11943.706516912685
10553.911920580615
10831.863598004564
11759.852243215559
11557.610327856919
11093.88534884203
12836.236591996296
11607.127004778604
13024.05020960034
10656.110327856919
13993.391267528159
12590.83594864505
10854.04554041631
12149.860339594612
12585.628573484219
13399.206689504816
12020.55020960034
11879.91271188953
11179.55020960034
11367.41843798383
11881.128573484219
11356.628573484219
11631.026432199295
11628.685878117
13075.55020960034
11564.05020960034
11508.334341399126
13372.55020960034
11064.024135560836
11974.55020960034
12750.941826761864
12198.77454168052
12091.29359118239
11037.05020960034
12310.386826027723
11350.55020960034
11047.110327856919
11946.05020960034
12103.91843798383
12906.194804703668
13480.110327856919
10736.05020960034
11159.215157351062
11924.05020960034
11453.41843798383
13869.55020960034
10536.502867696101
13417.236989967085
11631.941826761864
12165.91843798383
13180.92092736497
12986.05020960034
13735.55020960034
11808.05020960034
11851.55020960034
11075.610327856919
12744.110327856919
12549.55020960034
12927.55020960034
11112.236591996296
12628.236989967085
12383.15855611283
12863.55020960034
12045.612270471154
10896.902354124863
12359.540747776
11283.706689504816
11680.05020960034
11546.628573484219
11282.55020960034
11635.128573484219
10845.55020960034
12082.05020960034
11825.110327856919
13015.91843798383
11961.55020960034
11343.402354124863
11313.236989967085
10875.639464412681
11666.612274047011
11258.55020960034
11656.736591996296
13167.612270471154
12188.334341399126
12402.540747776
14111.55020960034
12034.427803420132
10669.02269022988
12518.610327856919
12263.736591996296
11145.05020960034
12664.55020960034
11091.549672655841
11217.941826761864
12709.736591996296
12422.91843798383
11259.158639230514
12651.91843798383
12911.185878117
11086.042334969507
10791.110327856919
10810.242000020009
12565.05020960034
11669.05020960034
11101.370940684908
11624.110327856919
11547.55020960034
12419.736591996296
10848.05020960034
12434.941826761864
10442.689989994227
12296.05020960034
11670.839252936144
11873.548294634898
11649.927803420132
12386.542334969507
11633.05020960034
11253.196165023386
11901.05020960034
11329.736591996296
12701.41843798383
11470.228557638144
13522.55020960034
10771.620100580974
12679.128573484219
11108.612274047011
12131.05020960034
10980.197706671883
11668.128573484219
13199.05020960034
12071.81995525544
10996.038849653922
11565.697706671883
13201.05020960034
10965.05020960034
10623.55020960034
12608.55020960034
13457.34436143496
12025.55020960034
11272.236591996296
11351.628573484219
11985.628573484219
11385.902537560727
11391.70299094517
12106.542334969507
12077.05020960034
12461.55020960034
11932.85243461567
11181.041275142146
10963.867280324679
11124.610327856919
14113.05020960034
12867.05020960034
12546.55020960034
11003.05020960034
11190.716369564632
11521.112274047011
11582.55020960034
12108.623686437602
12325.827324117832
9781.817255784887
10858.606084644447
11636.112270471154
11292.50468228824
12319.05020960034
10958.612270471154
11979.236591996296
13429.05020960034
11702.628573484219
10665.514501796066
11222.128573484219
12699.334341399126
12295.206689504816
11590.55020960034
12036.623686437606
11481.236989967085
11670.112270471154
12229.197706671883
12605.736591996296
11097.55020960034
13712.55020960034
11713.427803420132
10946.55020960034
10624.05020960034
10018.558233949463
11752.140035287883
11941.736591996296
11611.401972193937
11812.05020960034
13070.736989967085
11339.110327856919
10890.660277196468
11073.110327856919
10007.55020960034
11189.236591996296
11603.05020960034
12255.236591996296
10487.236591996296
11645.128573484219
12117.55020960034
12226.05020960034
11084.236591996296
13041.91843798383
11326.55020960034
11860.736591996296
12750.05020960034
11802.610327856919
11122.236591996296
11644.628573484219
11217.05020960034
11401.55020960034
10194.24562590188
10853.881063108736
10925.55020960034
13956.628573484219
10574.110327856919
12685.91843798383
11371.55020960034
11539.05020960034
11027.232622849211
13227.55020960034
10827.834341399126
12001.05020960034
10929.612270471154
10951.55020960034
12448.35133744956
12319.05020960034
10742.123686437602
11376.115773012783
12397.200738537482
11669.685878117
10986.441826761864
11050.55020960034
14466.736591996296
12715.921534398618
10996.388950305434
12548.789914474894
12916.41843798383
11482.610327856919
11268.859067178675
12317.110327856919
12934.41843798383
12342.042343354637
11970.05020960034
12535.628573484219
11880.112270471154
10882.623686437602
11197.55020960034
12417.55020960034
10413.197706671883
12180.420464117804
13614.736591996296
11468.116027649536
10842.91843798383
10363.594969459125
12219.736591996296
11690.789914474894
13226.540747776
13546.110327856919
14504.941826761864
11365.327458994836
10647.199027266057
12375.628573484219
12074.612270471154
10070.128573484219
11356.114224513813
11897.05020960034
11086.206689504816
11411.736591996296
12077.55020960034
10822.55020960034
11023.0477759153
15769.41843798383
10464.043577161541
9723.051140585998
12473.000834424149
11849.55020960034
11639.685878117
11792.236591996296
11084.195869010528
12393.91843798383
11737.02269022988
10885.736591996296
10231.943658947921
12335.628573484219
11154.736591996296
11650.05020960034
11437.610327856919
11378.736591996296
13745.55020960034
13621.612270471154
11593.91843798383
12641.05020960034
10971.05020960034
11085.968741964842
12826.170351890087
12343.05020960034
12135.05020960034
11400.610327856919
13137.05020960034
12036.736591996296
13426.05020960034
12277.55020960034
11306.819256638673
11659.55020960034
11297.612274047011
11061.05020960034
12038.542343354637
12067.736989967085
10669.55020960034
12387.128573484219
10272.01120329548
10700.12224328151
11224.55020960034
10611.69356871674
10370.024135560836
10396.610327856919
11069.217225577593
11235.809139154291
11118.901972193937
12463.236591996296
11410.628573484219
12754.923632387998
10855.736989967085
13771.968741964842
13621.206689504816
12281.41843798383
10936.736591996296
14630.41843798383
