-10893.421173169814
-12635.55020960034
-12360.697706671883
-12004.128573484219
-13802.101928533202
-15787.55020960034
-14078.043751830168
-12240.05020960034
-11322.89967610577
-13192.236591996296
-16921.05020960034
-13914.185878117
-13174.05020960034
-13501.110327856919
-16262.736591996296
-13211.35133744956
-14624.05020960034
-14851.197706671883
-12430.110327856919
-13707.610327856919
-14878.185878117
-12616.014501796066
-14315.612270471154
-14109.91843798383
-13020.236591996296
-14446.05020960034
-10979.910517133521
-11926.610327856919
-10640.524036615814
-13219.612274047011
-17000.41843798383
-17048.236591996287
-12696.236591996296
-12858.236591996296
-15762.259442873356
-13476.110327856919
-13771.112274047011
-12780.128573484219
-13429.05020960034
-11589.090284843553
-10663.110327856919
-11272.040747776
-14394.236591996296
-18682.543751830162
-14720.33594864505
-11605.05020960034
-13594.468741964842
-12684.723819554181
-11716.170283487472
-11521.891800903188
-11349.024830212134
-11976.521514186816
-15347.05020960034
-12933.541275142146
-11370.524135560836
-12566.610327856919
-14773.610327856919
-13897.009232075865
-12896.736591996296
-12962.55020960034
-15305.610327856919
-13294.704664052648
-13549.05020960034
-15604.05020960034
-13927.110327856919
-12638.91843798383
-11655.05020960034
-13910.128573484219
-15105.891267528159
-11116.128573484219
-13355.190423832468
-12771.05020960034
-12863.55020960034
-14177.612270471154
-17064.505027989737
-12403.754486541988
-11121.55020960034
-12739.05020960034
-11352.128573484219
-14235.91843798383
-12412.05020960034
-14184.03816903795
-16539.854766185123
-14213.406266024353
-11221.128573484219
-11807.110327856919
-11996.546870282998
-12835.969115619831
-12150.65855611283
-15580.55020960034
-12607.05020960034
-13848.628573484219
-11289.184161252668
-14504.128573484219
-11905.594969459125
-13823.043753505728
-13640.736989967085
-15919.55020960034
-14413.834341399126
-13405.436617074642
-11431.705257188982
-15022.05020960034
-13228.05020960034
-15673.05020960034
-11648.31965613155
-11744.321851606994
-13647.110327856919
-12327.029072517615
-11453.657969273776
-12730.55020960034
-12518.610327856919
-13396.550956497851
-13482.695869010528
-10670.628573484219
-13622.05020960034
-11334.55020960034
-11039.55020960034
-11180.623686437602
-13800.05020960034
-12457.47961797796
-12847.05020960034
-12902.56285809425
-14651.55020960034
-14527.55020960034
-14043.685878117
-11140.128573484219
-14806.818770826429
-13877.236591996296
-15037.292523040041
-14460.236591996296
-14147.91843798383
-10208.55759372388
-15950.05020960034
-13884.507736905156
-14234.05020960034
-14522.610327856919
-14260.128573484219
-15067.65682503344
-11486.013365392973
-12848.559204228965
-11600.024135560836
-13360.128573484219
-14821.05020960034
-12349.55020960034
-12777.185878117
-12211.05020960034
-12232.901972193937
-12079.569806707113
-12458.441826761864
-11743.927803420132
-14387.040747776
-12738.09413312402
-14110.55020960034
-13356.91843798383
-15846.736591996296
-13752.540747776
-11750.014501796066
-14582.55020960034
-11706.610327856919
-13958.027256408603
-12145.55020960034
-13336.55020960034
-12145.610327856919
-12825.112274047011
-15906.628573484219
-12914.941826761864
-19381.559204228884
-14081.834341399126
-14346.05020960034
-15313.05020960034
-11377.623686437602
-11073.628573484219
-12500.3399286435
-13952.236989967085
-11495.236989967085
-11655.861251044587
-14971.423310312059
-15128.436910448827
-13087.628573484219
-13396.610327856919
-10535.05020960034
-12651.05020960034
-13760.736591996296
-12006.542334969507
-13697.374999065465
-13190.05020960034
-12698.55020960034
-14773.185878117
-12051.110327856919
-11410.05020960034
-10110.051140585998
-12089.69986472842
-12004.401972193937
-12360.123686437602
-11536.524403887268
-11769.901972193937
-14831.128573484219
-12189.628573484219
-13165.206689504816
-13701.112270471154
-12458.128573484219
-11024.55020960034
-12185.07012645202
-12236.518393441123
-13272.55020960034
-12779.110327856919
-12784.41843798383
-12119.110327856919
-17210.628573484217
-11569.628573484219
-14252.11779124099
-12776.628573484219
-17813.542334969483
-13024.628573484219
-10968.512046200261
-14281.41843798383
-15033.612270471154
-13232.610327856919
-14479.05020960034
-12011.55020960034
-12700.921173169814
-10395.051140585998
-11213.190916247944
-12825.110327856919
-16731.612270471152
-10249.15974724423
-14454.05020960034
-14026.610327856919
-11241.55020960034
-12475.014501796066
-12291.936556338369
-13732.55020960034
-11310.55020960034
-17227.685878116994
-15667.032619215657
-12793.55020960034
-15791.02907413761
-14782.05020960034
-11350.128573484219
-13900.05020960034
-15673.610327856919
-13086.029072517615
-10929.628573484219
-11418.542334969507
-15151.05020960034
-10630.736591996296
-13311.044835644505
-13343.55020960034
-13651.38534884203
-15162.38534884203
-15905.05020960034
-13247.086505102543
-15403.537042330385
-13398.852243215559
-16705.55020960034
-13074.270686094478
-13031.55020960034
-14180.58759352749
-12615.434395024306
-10659.55020960034
-15071.05020960034
-12327.417037426132
-14046.628573484219
-12697.628573484219
-12773.38534884203
-14367.55020960034
-11122.911920580615
-13190.340279394648
-14613.91843798383
-17954.28036846252
-12051.112270471154
-14172.537042330385
-13917.736591996296
-13133.628573484219
-14534.610327856919
-14608.05020960034
-14020.334341399126
-10401.05020960034
-16321.628573484219
-17375.55020960034
-14807.612270471154
-12390.178892176424
-15674.736591996296
-11257.77454168052
-14517.706689504816
-18251.546413226144
-14062.332644481576
-12964.736591996296
-14163.09413312402
-12716.818770826429
-16184.334341399126
-12020.91843798383
-15453.206689504816
-12558.110327856919
-12687.55020960034
-16612.05095649785
-14540.234089493886
-13804.628573484219
-13553.685878117
-11499.55020960034
-12018.697706671883
-14167.498623664897
-11660.764121937971
-13589.89970498273
-14572.236591996296
-14329.55020960034
-17754.036697113377
-15329.842523252551
-12623.628573484219
-14819.91843798383
-12493.884320618763
-12173.20299094517
-16542.428859984495
-10597.123686437602
-12427.55020960034
-10523.05020960034
-12913.610327856919
-13953.8482935095
-13803.831836645819
-10726.05020960034
-16786.612270471145
-12909.38551928672
-13522.05020960034
-13904.736591996296
-13395.685878117
-12730.91843798383
-13558.056519391625
-14686.327324117832
-14117.706689504816
-16135.09413312402
-13033.55020960034
-11744.500832428273
-14074.042343354637
-15009.05020960034
-14124.05020960034
-12887.41843798383
-13958.628573484219
-11739.381063108736
-12784.55020960034
-13193.075034264575
-12897.51691534481
-11505.110327856919
-13607.066207239599
-12281.05020960034
-13420.55020960034
-10543.024135560836
-13449.38534884203
-11852.236591996296
-12835.610327856919
-13398.52907413761
-14413.236591996289
-13179.736591996296
-14144.185878117
-15983.298903491768
-15426.05020960034
-14330.55020960034
-13332.128573484219
-13105.441826761864
-13931.236591996296
-12497.88883815766
-13065.55020960034
-16253.61333333626
-12281.128573484219
-14858.706689504816
-16109.612270471154
-11843.427843851525
-12539.612270471154
-13838.020395185638
-13514.112270471154
-12058.05020960034
-15453.000832428273
-14402.622039740365
-12857.927803420132
-13795.237820384125
-11483.334341399126
-15199.112270471154
-13215.77454168052
-16135.542334969507
-12740.736591996296
-13332.41843798383
-14216.236591996296
-15870.736591996296
-12868.770686094478
-10592.612270471154
-10752.024135560836
-14720.55020960034
-15585.289914474894
-13852.434395024306
-10652.610327856919
-11875.55020960034
-11335.185878117
-11479.55020960034
-14590.55020960034
-12519.05020960034
-14658.236591996296
-11568.05020960034
-10822.402354124863
-12448.05020960034
-12257.112270471154
-13314.736989967085
-10198.127868770121
-14997.628573484219
-13394.610327856919
-14909.318770826429
-13609.610327856919
-16662.628573484217
-11762.628573484219
-10120.946151549639
-11950.734001488107
-12004.38534884203
-14017.152291276092
-13362.628573484219
-12336.236591996296
-15377.736591996296
-11034.834341399126
-12427.9170105664
-12733.05020960034
-14946.41843798383
-14131.834341399126
-12596.110327856919
-14510.05020960034
-11580.55020960034
-12785.05020960034
-11488.401972193937
-11576.610327856919
-12877.65855611283
-12549.110327856919
-20197.313330268153
-16110.252616025786
-12618.441826761864
-16562.55020960034
-12207.736591996296
-11723.685878117
-13325.128573484219
-12519.110327856919
-17242.419729111883
-11204.05020960034
-16413.93336086424
-15123.685878117
-15515.648376543937
-15827.236591996296
-13149.968741964842
-15057.236591996296
-15201.05020960034
-10939.360962626622
-11861.110327856919
-11999.334341399126
-14010.628573484219
-14687.195869010528
-13221.042343354637
-15797.112274047011
-10938.55020960034
-12892.110327856919
-11048.640036900111
-12528.758662546294
-12714.421173169814
-11662.610327856919
-13574.110327856919
-12273.01793537793
-15176.55020960034
-11580.628573484219
-11413.112274047011
-14842.55020960034
-14827.110327856919
-13378.05020960034
-12254.736591996296
-16983.55020960034
-11091.65855611283
-12044.55020960034
-11045.128573484219
-15972.41843798383
-13099.55020960034
-11846.066207239599
-12100.941826761864
-12373.112274047011
-12748.236591996296
-12708.640035287883
-13364.55020960034
-13345.252616025786
-16673.860339594616
-15324.128573484219
-13064.057494759203
-13296.55020960034
-13849.55020960034
-14923.185878117
-12002.185878117
-11963.41843798383
-12967.236591996296
-10841.29406064699
-13015.610327856919
-12915.05020960034
-13860.941826761864
-11009.982952392953
-12740.032837761448
-13255.335993699264
-12899.55020960034
-11106.128573484219
-13147.110327856919
-12724.91843798383
-13349.05020960034
-12262.074755612819
-11486.236989967085
-17053.54273001561
-13625.420469982122
-14764.140035287883
-10965.873147861934
-10824.41843798383
-13008.63509201759
-13744.736591996296
-14568.110327856919
-10896.05020960034
-13926.77454168052
-14577.042334969507
-13294.236989967085
-13782.441826761864
-12982.699027266057
-11172.047367078992
-13517.610327856919
-15885.540747776
-13337.696223664594
-16083.29359118239
-14940.897694706724
-12859.427803420132
-12280.798903491768
-11756.211980363869
-13656.110327856919
-11191.233938013202
-11678.508947681225
-10849.236591996296
-11668.55020960034
-17533.05020960034
-13226.05020960034
-13096.500832428273
-11748.736989967085
-14641.236591996296
-14680.41843798383
-12451.869490182775
-12427.551140585998
-13178.40622382852
-13890.612274047011
-12389.05020960034
-13709.29406064699
-14689.41843798383
-11665.38534884203
-14258.128573484219
-14514.628573484219
-15485.91843798383
-19905.736591996287
-15909.0528728996
-13225.55020960034
-15677.05020960034
-13409.500832428273
-14053.55020960034
-14973.628573484219
-11333.615773012783
-15526.05020960034
-14428.360339594612
-15968.41843798383
-11967.736591996296
-15395.270474837878
-16228.628573484219
-15114.542334969507
-12929.05020960034
-13252.05020960034
-13638.55020960034
-11124.844504252134
-12584.509438550625
-12417.875825302559
-14485.55020960034
-12187.05020960034
-15094.612270471154
-14284.55020960034
-13997.05020960034
-12275.55020960034
-14167.05020960034
-11410.41843798383
-12527.988758652433
-13384.33594864505
-10453.929835425753
-15226.91843798383
-14096.41843798383
-13423.694804703668
-12303.736591996296
-16374.984610616268
-14370.05020960034
-10834.763815095997
-12899.685878117
-10769.206689504816
-10822.55020960034
-12940.05020960034
-19823.05020960034
-13851.540747776
-11254.024135560836
-12096.736591996296
-13028.979161317799
-13286.55020960034
-11628.640035287883
-12000.823299639113
-12304.014501796066
-11359.05020960034
-13360.55020960034
-11342.96089815586
-12670.55020960034
-13026.236591996296
-16345.472635808508
-10624.236591996296
-14786.236591996289
-14930.91843798383
-11578.925120489277
-14454.41843798383
-11819.745519376
-13009.55020960034
-12966.91843798383
-16127.05020960034
-11869.672615528669
-15672.05020960034
-12492.110327856919
-12040.540747776
-14767.628573484219
-15574.236591996289
-10320.736591996296
-10946.53668959748
-14946.55020960034
-15589.55020960034
-11094.632343722069
-10254.827458994836
-13889.736591996296
-13046.05020960034
-12260.197706671883
-11098.838874915431
-18595.752616025628
-11488.796994778855
-14216.110327856919
-13556.55020960034
-11187.91843798383
-10938.432004693494
-12056.427803420132
-12902.38534884203
-14247.736989967085
-11337.066452575365
-13014.51645239041
-11352.575770439842
-15031.05020960034
-12669.05020960034
-11300.541275142146
-12222.41843798383
-14454.170351890087
-11876.55020960034
-12882.91843798383
-10625.55020960034
-11507.749367808688
-14163.05020960034
-12524.042334969507
-11421.334341399126
-10530.11333333626
-12690.55020960034
-12161.685878117
-11922.05020960034
-11895.112274047011
-14454.292523040041
-13721.20823759319
-13422.05020960034
-15831.236591996296
-11376.41843798383
-15175.110327856919
-12568.420469982122
-14133.566497234391
-13247.206689504816
-11556.046870282998
-12765.110327856919
-14028.612270471154
-12297.04074777599
-11629.327458994836
-16093.422845329247
-13508.941826761864
-10833.110327856919
-14708.55020960034
-12740.236591996296
-13429.112274047011
-12246.15242465628
-12673.61333333626
-11811.834341399126
-11971.91843798383
-13501.55020960034
-15558.697706671883
-16696.55020960034
-13018.441826761864
-12719.110327856919
-13450.128573484219
-10802.592924382036
-13418.55020960034
-12065.628573484219
-12455.000832428273
-11741.88534884203
-12610.110327856919
-13780.128573484219
-12612.55020960034
-13648.55020960034
-13972.55020960034
-12608.785104120387
-15764.112270471154
-14095.925120489277
-12657.91843798383
-11383.02269022988
-12302.441826761864
-12110.732659807056
-15396.98681198956
-12092.736591996296
-10818.537042330385
-13442.05020960034
-16804.411920580616
-13931.393819957575
-11960.040747776
-10559.812901615469
-14802.128573484219
-12653.178441755577
-14696.334341399126
-11360.05020960034
-12431.252616025786
-13353.55020960034
-16606.0244589219
-10593.112270471154
-13055.610327856919
-13308.83594864505
-10799.628573484219
-13690.05020960034
-13761.758847260997
-11273.05020960034
-11234.901972193937
-13610.55020960034
-12782.542343354637
-13218.05020960034
-13787.128573484219
-10823.128573484219
-12046.05020960034
-12070.128573484219
-11347.128573484219
-11340.014501796066
-10468.524135560836
-12938.15855611283
-12614.236591996296
-12040.05020960034
-18004.901972193933
-12241.236591996296
-12254.827458994836
-12397.112270471154
-14224.41843798383
-18485.05020960034
-12072.05020960034
-12463.736989967085
-12150.91843798383
-10779.140035287883
-13006.420469982122
-15268.066207239599
-11953.110327856919
-16134.55020960034
-12810.823693126631
-14672.05020960034
-11873.549268635597
-11885.110327856919
-14333.610327856919
-11273.222841508168
-14060.110327856919
-11312.334341399126
-13410.55020960034
-14346.040747776
-13434.55020960034
-11310.628573484219
-12759.55020960034
-13563.05020960034
-12801.05020960034
-15950.112270471154
-12740.05020960034
-12222.236591996296
-12257.41843798383
-11125.55020960034
-14303.706689504816
-16791.05020960034
-13790.736591996296
-11307.128573484219
-12514.110327856919
-12364.41843798383
-12389.610327856919
-15061.361916523376
-14369.41843798383
-14713.685878117
-12609.128573484219
-13155.727500513145
-10609.110327856919
-11474.782111913659
-14796.05020960034
-12019.05020960034
-11302.128573484219
-11378.38551928672
-12786.05020960034
-13662.610327856919
-11416.123686437602
-11089.610327856919
-11771.55020960034
-10786.066129088422
-15103.112270471154
-12469.170283487472
-14467.730557924273
-10688.685878117
-14149.290339440598
-14174.4244936834
-10080.524135560836
-12099.05020960034
-12027.611232735424
-14512.110327856919
-14737.415377271784
-14974.41843798383
-11168.112270471154
-10766.620793301698
-12302.05020960034
-11079.372171914376
-14204.11333333626
-15327.05020960034
-12170.128573484219
-12783.05020960034
-12239.401972193937
-12669.334341399126
-11797.05020960034
-12681.197706671883
-15673.112270471154
-14704.185878117
-13438.026282498673
-13897.628573484219
-12840.128573484219
-12505.913595109465
-10623.628573484219
-12407.91843798383
-13934.05020960034
-13393.628573484219
-14954.128573484219
-13622.55020960034
-11536.86865589455
-15686.042334969507
-12500.05020960034
-12002.112274047011
-13793.236989967085
-17858.05020960034
-10969.199027266057
-12387.706689504816
-13070.55020960034
-11516.610327856919
-12798.079138660289
-13154.540747776
-12153.05020960034
-9873.178395600022
-14103.050956497851
-11984.79406064699
-13255.549672655841
-11343.402354124863
-11502.685878117
-12268.55020960034
-13256.809381171717
-13723.030348146793
-11670.543751830168
-13387.436556338369
-15324.453714870942
-10952.504821106093
-10575.610327856919
-16786.05020960034
-16090.55020960034
-10204.576228249041
-11202.236591996296
-13511.05020960034
-12117.91843798383
-12354.610327856919
-10551.168190762815
-13515.236989967085
-13849.206689504816
-12942.628573484219
-12332.41843798383
-12513.185878117
-11589.074802978379
-12346.55020960034
-14617.55020960034
-14901.628573484219
-13786.612270471154
-14019.05358065226
-13653.901972193937
-9954.441630882713
-11698.91843798383
-10777.941826761864
-13513.91843798383
-13077.901972193937
-12244.206689504816
-11612.736591996296
-12801.401972193937
-16839.05020960034
-12409.05020960034
-11387.05020960034
-13533.125079235924
-12506.05020960034
-14370.924791547934
-15325.05020960034
-13635.236591996296
-13545.55020960034
-12325.236989967085
-11708.236989967085
-17696.628573484217
-14137.05020960034
-11370.38551928672
-13255.670283487472
-13573.334341399126
-10930.41843798383
-14853.612270471154
-14863.05020960034
-12426.05020960034
-12004.55020960034
-11837.128573484219
-13279.574802978379
-11645.206689504816
-12927.850921682428
-11547.112270471154
-12601.628573484219
-15536.185878117
-12646.41843798383
-13313.55020960034
-11147.610327856919
-13460.55020960034
-13010.128573484219
-12755.55020960034
-11222.05020960034
-13633.628573484219
-12717.563168488163
-12169.612270471154
-14253.55020960034
-12974.171955526423
-11820.628573484219
-12636.128573484219
-12771.610327856919
-10640.05020960034
-13813.411920580615
-14483.128573484219
-13964.05020960034
-12188.562914042814
-13144.55020960034
-13129.05020960034
-11615.236591996296
-13593.699027266057
-10627.528682001892
-12611.236591996296
-12295.55020960034
-12018.05020960034
-13198.05020960034
-13755.05020960034
-11385.55020960034
-14348.039810891652
-15295.736591996296
-13786.736591996296
-14358.736591996296
-12073.55020960034
-13361.91843798383
-11171.685878117
-14175.752616025786
-14127.298903491768
-13321.610327856919
-12890.236989967085
-12654.55020960034
-16293.928060088874
-12835.685878117
-11023.55020960034
-12459.706689504816
-13303.420469982122
-12380.05020960034
-13158.236591996296
-11626.112274047011
-14073.05020960034
-16167.752616025786
-13425.507016631014
-13609.789914474894
-12994.38534884203
-12356.199027266057
-15557.55020960034
-11757.41843798383
-12391.05020960034
-11021.514917935008
-12338.04957702013
-11565.05020960034
-12674.941826761864
-11891.110327856919
-10551.05020960034
-13156.55020960034
-12849.128573484219
-12325.941826761864
-14802.110327856919
-13403.551140585998
-12783.441826761864
-11683.112270471154
-11253.65855611283
-12613.05020960034
-11146.736591996296
-16394.628573484217
-12457.05020960034
-11480.41843798383
-16559.55020960034
-13326.55020960034
-11183.640035287883
-11018.628573484219
-13359.529072517615
-11578.412635438528
-14840.318770826429
-13273.043751830168
-12224.610327856919
-12859.628573484219
-12442.566207239599
-15416.91843798383
-14043.128573484219
-12792.128573484219
-10909.736989967085
-11370.911920580615
-11270.41843798383
-12702.55020960034
-13517.412621555604
-12083.15855611283
-13095.55020960034
-12879.610327856919
-12247.52269022988
-11366.685878117
-10904.360962626622
-13559.148376543937
-13310.29359118239
-12374.015264248772
-12459.628573484219
-12092.610327856919
-11740.05020960034
-12092.55020960034
-12517.05020960034
-15717.661744264049
-11942.934395024306
-12706.05020960034
-11896.334341399126
-13876.513365392973
-12137.110327856919
-12900.736591996296
-13781.05020960034
-10862.834341399126
-13586.91843798383
-13617.628573484219
-16381.55020960034
-13407.05020960034
-15367.05020960034
-12654.197706671883
-12831.236591996296
-12117.05020960034
-13833.112270471154
-11264.086505102543
-15187.334341399126
-14868.55020960034
-11473.640033875783
-14386.05020960034
-11169.285104120387
-11544.55020960034
-12679.040747776
-16189.55020960034
-12530.634767448017
-13218.698341127072
-10322.628573484219
-13941.05020960034
-13822.112270471154
-15869.91843798383
-12738.628573484219
-14206.55020960034
-15231.334341399126
-12528.927803420132
-11811.55020960034
-11501.237168723485
-12536.376230731525
-10963.584646525835
-10958.920047928092
-13147.02269022988
-13150.170283487472
-13207.514501796066
-12498.736591996296
-12238.283391680801
-13389.342523252551
-13039.55020960034
-10118.128573484219
-12143.736591996296
-13132.391267528159
-17475.112270471145
-11889.55020960034
-11818.075286933381
-12089.999248974123
-12425.170351890087
-12879.55020960034
-10673.05020960034
-13568.029841710613
-12784.112270471154
-13445.860962626622
-12805.024830212134
-11121.00742966995
-11893.204688405403
-14667.628573484219
-13331.652526239062
-15116.55020960034
-13306.05020960034
-13065.05020960034
-15126.170283487472
-12856.550956497851
-10392.55020960034
-11554.110327856919
-16044.05020960034
-11373.040747776
-12526.736591996289
-11817.714727030752
-13907.736591996296
-13415.236989967085
-12027.610327856919
-12557.610327856919
-12821.911920580615
-16384.236591996298
-13099.206689504816
-13410.05020960034
-11583.05020960034
-12185.441826761864
-10295.128573484219
-12835.614799584562
-11032.508069750507
-16305.736591996296
-14944.112270471154
-12260.391267528159
-12712.685878117
-12442.55020960034
-12487.128573484219
-10649.05020960034
-11575.55020960034
-15260.128573484219
-15098.704688405403
-12647.55020960034
-11157.55020960034
-11509.610327856919
-13917.05020960034
-14168.95037902933
-14688.236989967085
-13257.350921682428
-13162.185878117
-12586.612270471154
-13197.745522869338
-10740.468741964842
-10715.296243964078
-14662.540747776
-12118.628573484219
-11182.55020960034
-10948.110327856919
-12238.628573484219
-11280.110327856919
-12736.91843798383
-11229.55020960034
-11431.789914474894
-14162.84580361603
-11603.252444519878
-10973.363609305614
-11639.52269022988
-12275.610327856919
-12551.736989967085
-12851.543751830168
-13465.401972193937
-10900.610327856919
-14868.715175040155
-10642.88534884203
-14087.55020960034
-15217.812901615469
-11376.259442873356
-13693.05020960034
-12442.834341399126
-13445.05020960034
-15064.422845329247
-11779.112270471154
-12366.050228986664
-11222.736591996296
-13280.543751830168
-12153.550956497851
-14291.55020960034
-12360.049336952485
-12683.542343354637
-11922.298903491768
-11519.540747776
-13406.143067147837
-11220.110327856919
-13630.55020960034
-11145.888238396792
-12783.128573484219
-10899.293342307008
-11987.860339594612
-11657.141391405334
-12376.41843798383
-10400.123686437602
-12974.41843798383
-12329.610327856919
-11738.128573484219
-11364.042334969507
-13778.014501796066
-12966.05020960034
-12028.158557760546
-13113.059802328838
-12519.236591996296
-12039.185878117
-10960.110327856919
-12121.550956497851
-13199.236591996296
-13837.91843798383
-13395.040747776
-13935.05020960034
-16290.941826761864
-12181.55020960034
-11993.628573484219
-13499.194804703668
-13090.941826761864
-15599.029072517615
-14102.182774256387
-15713.112270471154
-11933.91843798383
-13938.815966337866
-15572.236591996296
-13262.736591996296
-12039.91843798383
-10191.094969459125
-11668.290173288644
-14282.610327856919
-12982.91843798383
-11436.113298013019
-13673.494118402676
-15688.736591996296
-13338.55020960034
-13710.334341399126
-14715.236591996289
-14275.042334969507
-12249.670283487472
-13714.236591996296
-11550.363598004564
-14859.112270471154
-12629.694804703668
-11849.05020960034
-13582.55020960034
-14483.736591996296
-11238.05020960034
-11254.128573484219
-14016.83594864505
-10626.764121937971
-11669.05020960034
-10806.014501796066
-11867.41843798383
-10641.628573484219
-15369.530909314322
-12103.55020960034
-12910.91843798383
-12460.531538318657
-13490.41843798383
-12998.05020960034
-14545.05020960034
-15082.651321639423
-12513.110327856919
-15072.199027266057
-13466.15855611283
-15496.610327856919
-10297.685878117
-12662.236591996296
-13542.05020960034
-11784.602887042864
-12828.736591996296
-15627.540747776
-13856.514510820873
-13560.612270471154
-11945.972846673752
-11879.185878117
-11861.112270471154
-10926.55020960034
-13928.41843798383
-11826.014501796066
-11675.057494759203
-13871.128573484219
-11801.628573484219
-12699.55020960034
-13581.715168311783
-14288.54074777599
-12733.55020960034
-11433.55358065226
-13412.55020960034
-10703.623686437602
-13735.112270471154
-11358.630459797203
-11732.128573484219
-13025.003410291205
-14441.236591996296
-10436.110327856919
-12989.05020960034
-12730.05020960034
-14666.91843798383
-14417.334341399126
-13469.334341399126
-13353.670283487472
-12803.110327856919
-15071.438207219328
-11020.610327856919
-12069.612274047011
-12487.05020960034
-13600.436556338369
-12990.334341399126
-13430.91843798383
-11296.128573484219
-15071.236591996296
-13070.55020960034
-12862.128573484219
-10607.050956497851
-13313.628573484219
-13729.050956497851
-14291.360339594612
-11003.05020960034
-11208.91843798383
-14018.02907413761
-17114.94182676186
-16259.401972193937
-13752.55020960034
-10508.736989967085
-12071.236989967085
-13348.236591996296
-13487.55020960034
-12607.55020960034
-10844.055041039628
-11510.941826761864
-13507.194804703668
-15480.05020960034
-13986.087830233855
-13882.05020960034
-11700.628573484219
-13094.41843798383
-10663.05020960034
-14825.610327856919
-13776.05020960034
-13400.05020960034
-12090.206689504816
-11779.55020960034
-13701.402537560727
-14023.110327856919
-10358.05020960034
-12115.024135560836
-10823.55020960034
-15343.245912695305
-11529.612270471154
-12840.05020960034
-12647.736591996296
-11357.521340246329
-15228.236591996296
-13551.91843798383
-10561.106290081665
-11230.143795541413
-14455.05020960034
-14972.736591996296
-12408.235744183261
-13477.441826761864
-12399.122374053126
-11174.849019038058
-11670.610327856919
-14752.401972193937
-13207.05020960034
-16698.55095649786
-16016.685878117
-12026.05020960034
-12463.128573484219
-13155.486747360254
-11811.901972193937
-13711.236591996296
-13665.901972193937
-10850.56285809425
-12077.569165607367
-13301.54957702013
-11265.837382935419
-12849.55020960034
-11762.110327856919
-12337.834341399126
-14299.289914474894
-14448.55020960034
-10835.640036900111
-12413.05020960034
-11259.112274047011
-10238.05020960034
-11606.91843798383
-12336.610327856919
-17096.05020960034
-14228.91843798383
-11282.441826761864
-11559.671918825861
-11353.488230654562
-12360.55020960034
-13572.941826761864
-13495.128573484219
-11638.009799482783
-11431.54957702013
-11031.41843798383
-10713.128573484219
-11882.05020960034
-12700.110327856919
-13149.05020960034
-11931.743887607145
-14162.798903491768
-12204.91843798383
-11560.64137649787
-10786.170283487472
-13012.706689504816
-13439.112270471154
-11286.628573484219
-12454.05020960034
-12217.610327856919
-11253.628573484219
-11248.425120489277
-14877.628573484219
-13107.128573484219
-11673.54099448886
-12805.54957702013
-12325.059204228965
-13532.236591996296
-13693.540747776
-11904.363598004564
-10407.051142047185
-10123.158110424496
-14192.610327856919
-12226.05020960034
-12589.941826761864
-11680.05020960034
-13691.670283487472
-13391.562497474453
-15398.736591996296
-13254.706689504816
-10984.91843798383
-14200.694804703668
-11620.05020960034
-16048.798903491768
-11308.612270471154
-9981.524135560836
-13114.236989967085
-11504.09501255269
-15077.05020960034
-13222.55020960034
-11035.236591996296
-11546.91843798383
-16294.55020960034
-15927.69770667186
-13651.55020960034
-14385.236591996296
-15163.300266383125
-15445.074802978379
-13608.85133744956
-13737.433360864243
-12571.706689504816
-16856.55020960034
-13694.421173169814
-11188.110327856919
-12910.812222232697
-14962.05020960034
-12072.05020960034
-14044.453712530809
-11363.934395024306
-15198.170283487472
-11770.524135560836
-13131.236591996296
-14189.46712207357
-16946.05020960034
-13632.628573484219
-14594.666003803319
-12967.05020960034
-10917.112270471154
-12643.610327856919
-13649.197706671883
-11203.236591996296
-10446.55020960034
-10246.612270471154
-15408.41843798383
-17554.05020960034
-14124.685878117
-12741.185878117
-11244.736591996296
-12632.128573484219
-11054.628573484219
-14348.185878117
-11690.736591996296
-12457.05020960034
-10139.05020960034
-11498.41843798383
-14199.525502789695
-14762.05020960034
-11114.112274047011
-10215.024135560836
-13732.612270471154
-15798.55020960034
-17247.05020960034
-15518.610327856919
-13059.421173169814
-13008.170351890087
-13490.060411801447
-10709.024135560836
-14909.112270471154
-15406.128573484219
-13145.236989967085
-15729.236591996289
-13714.628573484219
-14795.236591996296
-13807.612270471154
-12096.941826761864
-13791.05020960034
-14226.236591996296
-14874.236591996289
-14408.236591996296
-11955.003430194698
-12037.612270471154
-12210.170283487472
-10417.736591996296
-12694.610327856919
-10669.025436863032
-11935.05020960034
-11806.628573484219
-10595.112270471154
-12647.993542347702
-10358.551142047185
-10676.338059616377
-13296.05020960034
-9752.55020960034
-12334.885348842026
-13829.050956497851
-11629.05020960034
-10736.736591996296
-10718.47550648281
-12293.427803420132
-12639.91843798383
-14077.55020960034
-11305.919940995067
-12503.55020960034
-12005.501466186462
-11537.610327856919
-16110.55020960034
-11247.000515848282
-13390.88534884203
-11076.628573484219
-15373.112270471154
-13440.55020960034
-15456.379037430503
-15640.70823759319
-12631.911920580615
-10720.264121937971
-9876.766780028163
-16001.197706671883
-11390.540747776
-10993.05020960034
-13788.41843798383
-12011.736591996296
-13387.91843798383
-11396.886435171533
-18530.967122073234
-11702.128573484219
-14404.610327856919
-13874.55020960034
-13903.52745984289
-11190.612274047011
-12564.694804703668
-14020.012141272415
-11439.05020960034
-10972.860962626622
-12001.128573484219
-13948.05020960034
-12367.366973206736
-11025.697706671883
-15883.610327856919
-11980.91843798383
-11243.05953901514
-12041.880029823142
-10781.206689504816
-11864.112274047011
-14664.55020960034
-14440.110327856919
-13166.05020960034
-11524.612270471154
-12890.628573484219
-12395.128573484219
-12451.236989967085
-12986.55020960034
-15078.500832428273
-11117.401972193937
-15930.185878117
-12201.736591996296
-12016.736591996296
-14754.236989967085
-12366.131431593876
-12000.610327856919
-11539.539072976344
-12131.834341399126
-14013.55020960034
-12421.110327856919
-13546.736591996296
-16794.112270471145
-13060.55020960034
-10987.91843798383
-12113.142723382476
-13171.704688405403
-11655.05020960034
-11777.780368462534
-12441.110327856919
-16025.046817250144
-14096.41843798383
-12690.55020960034
-13465.891267528159
-12711.441826761864
-14170.559204228965
-12759.55020960034
-11589.185878117
-14027.628573484219
-13798.628573484219
-12651.612270471154
-12246.112270471154
-12280.334341399126
-13288.612270471154
-11715.112270471154
-11089.110327856919
-13681.55020960034
-13162.957961582311
-12249.628573484219
-12976.128573484219
-11176.238795874871
-10409.110327856919
-11725.042334969507
-11864.05020960034
-11249.05020960034
-14926.185878117
-12645.170283487472
-15321.834341399126
-11361.05020960034
-12567.2826611566
-12331.05020960034
-11611.05020960034
-13570.91843798383
-15440.197706671883
-12874.145427286241
-13473.736591996296
-16288.55020960034
-12629.441826761864
-17044.05020960034
-12949.41843798383
-11992.55020960034
-12482.628573484219
-12246.016802046852
-13767.05020960034
-11917.612270471154
-12688.170351890087
-15349.185878117
-12979.574802978379
-12433.41843798383
-11120.110327856919
-12872.440397131835
-12544.55020960034
-13690.55020960034
-13276.05020960034
-11429.628573484219
-12224.185878117
-11675.736591996296
-14920.05020960034
-13226.05020960034
-16795.112270471145
-12716.41843798383
-13661.236591996296
-13201.55020960034
-13148.91843798383
-14314.541275142146
-19444.94182676186
-12504.170283487472
-13026.05020960034
-11701.628573484219
-11452.737168723485
-13486.52599505025
-11277.128573484219
-12051.842523252551
-15109.05020960034
-12435.55020960034
-14268.9244936834
-14123.05020960034
-12995.110327856919
-12071.640036900111
-12117.099160875872
-13910.55020960034
-14204.610327856919
-16562.736591996287
-14258.736591996296
-11732.426559977663
-14081.110327856919
-15050.91843798383
-15331.612274047011
-12737.349999754844
-13970.91843798383
-12342.031584935741
-13373.05020960034
-16306.05020960034
-14780.05020960034
-14604.613289163903
-12963.289914474894
-11375.354766185119
-15795.05020960034
-10634.736591996296
-10224.542334969507
-11272.91843798383
-14818.610327856919
-12335.91843798383
-11926.151391329977
-12318.360339594612
-11416.05020960034
-12558.736591996296
-13481.012141272415
-10539.736591996296
-13711.55020960034
-12765.05020960034
-11873.678591656684
-15652.55020960034
-12458.18445894519
-11428.434395024306
-11940.685878117
-14231.685878117
-12157.542334969507
-12756.04551724246
-11472.110327856919
-12766.112274047011
-12769.524135560836
-14342.91843798383
-10415.610327856919
-12189.656135232059
-14709.402537560727
-11959.318770826429
-14280.41843798383
-11530.55020960034
-13288.628573484219
-17635.112270471145
-12071.441826761864
-16420.236591996294
-10696.41843798383
-11979.236591996296
-12287.040747776
-12778.468741964842
-12790.131234869436
-15686.05020960034
-13422.05020960034
-12248.05020960034
-11418.524135560836
-12488.408726730193
-13370.128573484219
-17212.9247915479
-14412.610327856919
-14030.563166024038
-13500.789914474894
-14646.114647580325
-11531.110327856919
-10805.110327856919
-13830.425125022812
-11041.05020960034
-13636.610327856919
-13112.128573484219
-14043.543751830168
-15947.05020960034
-13051.05020960034
-12744.206689504816
-13221.610327856919
-12230.670283487472
-11826.610327856919
-10540.225833382317
-12661.540747776
-13705.236591996296
-12358.170530256266
-13948.55020960034
-15770.110327856919
-12140.263815095997
-12375.360339594612
-11916.236989967085
-13813.496797246455
-14018.185878117
-15816.41843798383
-16956.94182676186
-12963.334341399126
-10485.05020960034
-14149.55020960034
-12606.610327856919
-12946.628573484219
-13443.55020960034
-13067.112274047011
-11365.05020960034
-13893.112270471154
-14472.152536506228
-11669.736591996296
-10110.236591996296
-10122.128573484219
-12389.35133744956
-12199.05020960034
-12898.21965902578
-10751.524135560836
-11522.613289163903
-17340.901972193933
-12332.05020960034
-12342.610327856919
-14879.88551928672
-13127.334341399126
-11200.05020960034
-11562.55020960034
-10700.123167236228
-13595.236591996296
-12988.112274047011
-11473.236989967085
-16062.55020960034
-13079.55020960034
-14697.05020960034
-11045.55020960034
-13929.128573484219
-11667.860962626622
-12088.834341399126
-10898.524135560836
-14786.110327856919
-11241.110327856919
-13363.441826761864
-11729.685878117
-12065.848410512923
-12930.05020960034
-12430.55020960034
-11042.57211497099
-11164.029072517615
-11695.357509190431
-14851.05020960034
-12359.925125022812
-15756.41843798383
-13271.610327856919
-12590.68078087659
-12466.55020960034
-11354.901972193937
-10817.612270471154
-13351.41843798383
-11758.90624919852
-12434.862270038751
-11243.685878117
-11965.55020960034
-12375.401972193937
-16832.236591996287
-13005.610327856919
-12539.610327856919
-11442.128573484219
-13124.334341399126
-15195.342523252551
-12237.128573484219
-11001.55020960034
-15202.252616025786
-11604.112270471154
-13730.110327856919
-13257.21396715499
-11562.112274047011
-13612.05020960034
-12037.91843798383
-14810.112274047011
-12589.05020960034
-10640.236591996296
-11345.110327856919
-12243.736591996296
-14440.736591996296
-13026.901972193937
-13454.543751830168
-16110.79359118239
-11269.610327856919
-12197.612270471154
-11462.236591996296
-12497.112270471154
-11947.128573484219
-11114.088400534347
-11613.542334969507
-12093.88534884203
-11008.55020960034
-13939.31900501353
-11020.55020960034
-16693.41843798383
-14817.55020960034
-11996.628573484219
-12762.685878117
-11494.112270471154
-13755.043751830168
-15069.55020960034
-10880.4244936834
-14107.901972193937
-16073.112274047011
-15709.38534884203
-12254.523585020592
-12414.736591996289
-11644.571559256621
-10953.88551928672
-13678.043751830168
-12293.141407440005
-11817.112270471154
-10277.691864183858
-12324.610327856919
-13648.550956497851
-13222.543751830168
-11229.141424485917
-13892.112270471154
-11722.55020960034
-12462.152251289524
-14306.55020960034
-12403.540747776
-12698.55020960034
-13737.55020960034
-14780.55020960034
-12944.185878117
-11157.289393908428
-12561.170351890087
-11656.112270471154
-11267.110327856919
-10599.55020960034
-11365.612270471154
-14917.55020960034
-12442.030709451166
-13449.91843798383
-13464.077804483271
-18073.55020960034
-11627.91843798383
-12022.55020960034
-12145.91843798383
-11717.55020960034
-12694.05020960034
-11759.618272847167
-12377.05020960034
-14212.52907413761
-11856.792523040041
-14696.72712699386
-12762.15855611283
-12150.55020960034
-11459.88534884203
-12212.610327856919
-12322.549423909124
-11754.05020960034
-11565.401972193937
-14113.441826761864
-13195.415961336843
-14463.612274047011
-11459.610327856919
-11858.55020960034
-11168.236591996296
-10870.628573484219
-12941.206689504816
-14273.05020960034
-12059.55020960034
-13998.15999933311
-12935.363598004564
-13230.55020960034
-15260.91843798383
-12355.55020960034
-11361.05020960034
-11866.685878117
-12785.872655630774
-11912.206689504816
-11792.514501796066
-13748.128573484219
-11860.110327856919
-12299.191142983536
-10789.764121937971
-10943.55020960034
-12254.54957702013
-12360.112274047011
-11596.056683887142
-12516.75440221609
-10144.919458951797
-13577.22901451126
-10350.610327856919
-14377.55020960034
-10392.439448728046
-13579.128573484219
-12256.185878117
-13374.41843798383
-13487.740542488538
-11013.052653712482
-10950.04957702013
-12163.41530560769
-12505.05020960034
-13629.110327856919
-11975.236591996296
-12178.05020960034
-13788.529841710613
-12338.434395024306
-13079.736591996289
-11190.05020960034
-12765.610327856919
-11952.110327856919
-11650.541751535011
-15173.436556338369
-12953.736989967085
-13778.736591996296
-13503.41843798383
-11937.524135560836
-15562.55020960034
-13309.610327856919
-10746.05020960034
-13652.041275142146
-11583.610327856919
-13971.628573484219
-10806.55020960034
-13659.770817944776
-11240.736591996296
-15767.05020960034
-13347.524830212134
-11505.866574300688
-14772.91843798383
