-1962.1465401700405
-1969.7932507517025
-1910.5899573682816
-1912.3818691117858
-1945.586005459474
-2091.114654083924
-1846.913018475777
-1946.865765325442
-1879.0424759898922
-1952.3336920115707
-2027.750980805596
-1967.952796162208
-1891.7759143404096
-1955.0940056143527
-1958.1759537097644
-1963.3435531855332
-1927.9493697458756
-1898.4100171037915
-1927.5393010784503
-1971.0445979216845
-1888.4311033571637
-1983.1747316770397
-1939.334004124913
-1998.5021751446548
-1918.8373066027034
-2006.7644868919901
-1970.9356774116088
-1991.3054160342201
-1984.8032603642544
-1910.136990858448
-1922.7208862634607
-1912.2288550359715
-1948.0567184857648
-1961.4874526811623
-1870.385282984223
-2013.9453376950053
-1943.6632073628043
-1909.6046348519287
-2007.1534600867255
-2045.8147995255601
-1935.3696817145017
-1905.1578828954748
-1974.590322065455
-1966.2622836005635
-2046.4681495308062
-2039.1862615889752
-2026.304121931498
-1985.7371980256767
-1983.7323359684424
-1951.8255455152514
-1939.7102960546283
-1979.308620013058
-2016.419955836797
-1916.3048650599715
-1961.9407275252413
-1957.9313755043586
-1979.7651197682642
-1940.7997558063892
-2007.7452481108053
-1950.1606955056152
-1967.91917504697
-1867.7913093458571
-2003.1392142699913
-1946.2102197339707
-1950.8260936977822
-1949.627738907954
-1905.6363220314856
-1873.1151905074503
-1838.5073573138666
-1928.036135670599
-1928.8561557002847
-2030.2976349668907
-1922.5044278574856
-1958.5759496038404
-1986.1720205465163
-1846.028306797735
-1894.5532313704955
-1979.067741665491
-2044.6521368843908
-1970.0389274892875
-1815.3882677251088
-1916.1895282687058
-1867.4578908853355
-1983.3059784507777
-1886.5375845202511
-1842.8309620494229
-2064.3754960541833
-1984.4499001744764
-2004.5648046129547
-1842.0829824641503
-1958.0951404943328
-1996.3770551901127
-1910.7266045886813
-1819.4036479772465
-1946.4393076061517
-1979.0083243195372
-1949.847995487751
-2013.403285723753
-1917.9441227993966
-2021.2583793836438
-1952.5675982418202
-1951.680903844406
-1984.3953292375343
-1954.5845083145653
-1940.4324552071812
-1920.3889160183896
-1985.652956434434
-1953.759175454348
-2032.1257279524207
-2031.4948697606828
-1954.2112344170098
-1987.24989782016
-1931.6243312351555
-1999.4187484507092
-1973.45112209855
-1957.1580122229493
-1970.5443765756597
-1996.83371587478
-2028.326003295973
-1943.9612406077129
-1962.8480084788312
-1900.1288997735217
-2051.1225175668974
-1908.584543101887
-1987.1398978999046
-1923.4375822624436
-1920.495848677353
-1935.310653756163
-1911.6411294573415
-2019.0545092370448
-1940.8685890099393
-1937.3044965871109
-2018.5416714804012
-1957.5440665399951
-2015.3245413730995
-1952.9568993211294
-1939.767965785802
-1991.364858105911
-2077.194782388001
-1984.7238433746347
-2007.4604769299058
-1959.6868840776146
-2014.5879221410676
-1913.1427067645868
-2013.4641526374273
-1983.8172374548524
-1986.0151710101002
-2028.7287668745598
-1908.9616940474195
-1983.4914393741246
-1959.173749775111
-1893.5666456610606
-2115.4087036792234
-1980.4944828771688
-1944.985061469878
-1904.5103015770087
-1956.4319590598877
-1929.7192298834066
-1933.0018562458192
-1936.6940800641303
-1973.5357099308098
-1855.9192550963846
-2046.192587557514
-1978.3810465372117
-2009.2263368047988
-1990.4087382929456
-1979.5237670312667
-1955.4682912042333
-2010.64777838097
-1960.4409956906181
-1884.1460105167446
-1973.0809943281204
-1946.0307735790957
-1966.965013188821
-1955.930145372881
-2004.1490653458898
-1990.5163947590322
-1969.468512684537
-2050.852430962762
-1998.038249394554
-1871.6518705107922
-1979.4102907153435
-1994.9500232714695
-1886.6248924345368
-1931.6125305123664
-1890.5246629152584
-1896.4462210656022
-1883.76636662676
-1837.892655052587
-2018.61580120183
-1974.2090088346401
-1942.1755394411696
-1919.8557785677037
-2006.121424747711
-1873.1670921549692
-1909.8132389492303
-2012.2002744722083
-1988.1809606314187
-1944.654126771939
-1948.543351277708
-1892.7737410944628
-1924.202675815284
-1887.8390614926661
-1925.4157804999734
-1939.101366222797
-1886.2638609417772
-1943.9455581550494
-1934.3928784867671
-1913.6711953418824
-1987.35288434314
-2025.9127617157912
-1986.0056022544607
-1955.3855723894442
-1963.2001016157403
-1977.8765188874613
-2023.1221816009893
-1906.429241678773
-1852.9276739995485
-1873.116890540975
-1822.1875087760413
-1926.8684781017296
-1897.3148932513864
-1877.4124938322927
-1896.5754954068457
-1934.7569465443123
-1972.1509064764048
-1905.2536455246052
-2028.2632785904884
-1927.0671132779048
-1936.0435879994602
-1882.1921568221815
-1982.6042051848776
-1919.4327925116365
-1930.0381849034313
-1888.2529581707518
-1968.521494306861
-1923.2905251654079
-2000.5904818633824
-1926.1405552115868
-1942.9465134470668
-1893.3920324256399
-1921.4247237923985
-1849.2296180624917
-1883.9068458515128
-1875.271106891394
-2026.5481615876936
-1946.310689851662
-1895.1750049108468
-1891.7792018217513
-2117.0282571648704
-1990.7305281567114
-1969.2540385822952
-1868.3715603622104
-2036.661379741383
-1914.062490051931
-1903.3754096081789
-1881.537279117562
-2057.865255277343
-1959.31580427015
-2056.512560663083
-1913.1726788969993
-1911.210839628172
-1960.8833338084341
-1942.728785369293
-1967.6300456692989
-1874.644398322746
-1932.3833220267304
-1953.756718091158
-1934.1929424373377
-1974.1791111209968
-1958.8478274548147
-1944.53752835238
-1858.9461680810248
-2075.4410439408666
-2040.3118117250629
-1997.0785130683914
-1830.3756240936002
-1998.9571264469018
-1943.6140804683857
-2001.3344636625843
-1921.2025708836481
-2021.2621612636406
-1955.4958597938432
-1979.7005983507097
-2072.2020314784454
-2051.498640037519
-1987.517363308592
-1800.8463495722729
-1963.1570724211676
-1983.2603048965054
-2008.195074649593
-1947.3398982615781
-1941.439661607726
-1828.6176963281644
-1973.3615364718141
-1964.007063958924
-1898.1475341798575
-2001.7518996965025
-1966.5769229863793
-1841.6484110679532
-1979.9309168697985
-1903.8084739508424
-2002.8849481973002
-1980.2817271120566
-1897.3551838840779
-1951.0387552076072
-1902.8986029128941
-1920.8714378286102
-1913.4686012808363
-1967.1800591406732
-1975.1846181559658
-1936.5197902486238
-1965.401008169571
-1975.3376588252906
-1842.5885915739298
-2005.738354410076
-1891.1747777294854
-1993.1370354937346
-2007.205327071356
-1939.0420206532456
-2024.677109145825
-2005.7280768737673
-2014.4650742839847
-1837.1339683841684
-1897.8009723702687
-1914.0736530370648
-1924.748707511887
-1945.6484453631374
-1922.3612730245438
-2039.2238133604912
-1959.5625578131962
-1927.787432200781
-1968.8080013727738
-1922.4652150854802
-2021.1901682061603
-1855.0116148662694
-1931.2251290585898
-1947.8789141391696
-2018.2873451516928
-1974.1293130939307
-1947.6785263064749
-1963.1632048593067
-1973.3616032341024
-2028.0116203369316
-1912.697202110361
-1905.110341413105
-1957.2542682727278
-1890.219885302464
-2017.1909244419967
-1899.3463453047648
-1871.2888442308274
-1978.6467411494796
-1852.1660376914474
-1991.2392174369713
-1915.7109693127118
-1984.5783448026457
-2054.154142172785
-1971.1326297410053
-1960.8439798671586
-1959.038921076338
-1991.3800197937178
-2038.796070545349
-2047.8891829308125
-1875.1704735622272
-1938.4327835614545
-1858.1316396466718
-1865.203834652911
-1960.0975645495805
-1924.1465636814135
-1937.247993702356
-1912.433762301102
-1931.9021129837433
-1946.1722498528811
-1951.1347728518904
-1942.7895280025148
-1887.6406394486175
-1862.8672277749736
-1967.9513389319623
-1825.0893376133067
-1950.1861020911686
-1983.490176648514
-1931.0395248124075
-2015.245204156971
-1941.8181814225823
-2001.007768904988
-1950.2999318286288
-1960.830431257513
-1992.3515381561053
-1933.1252163220063
-1948.3503175727262
-1935.0016086644043
-1882.2111311352164
-1955.2174795532662
-1883.8992502471776
-1847.037248441926
-1833.015344191621
-1958.4965012620482
-1891.355548375425
-1951.8800211843502
-1913.130015757667
-1936.427830271227
-1932.988766164869
-1943.222744260129
-2054.8283428600935
-1918.1342917262655
-1967.0128221615826
-1918.6138370195895
-1894.6694755020576
-1899.0362791313532
-2063.74026243401
-1891.1084014963758
-1994.3169430317769
-1987.016524603637
-1927.8503296101437
-1832.5715190159844
-1881.23369729206
-1931.21196450046
-1929.409070819806
-1943.3576570851644
-1929.912620832822
-1978.798200630456
-1982.977972669805
-1889.7674824113406
-1888.0370806861567
-1936.5609177959468
-1929.8951738052347
-1983.1947634358796
-1976.499714822301
-1931.0607036871952
-1912.3035000671546
-1900.2620976047947
-2014.9482275228972
-1970.0579898036744
-1901.1957318211403
-1994.3306183897685
-1992.5146131277818
-1869.3258899139214
-2056.8754978888614
-1863.6861644663045
-1849.5650972457338
-2060.7583655669373
-2052.4121736025922
-1914.3563134941182
-1858.8163810573208
-2033.446544166541
-2092.885184214059
-1995.1037376068514
-1919.2361354552797
-1988.3612851118596
-1918.141570986057
-1942.073209698276
-1883.7014876205722
-1918.2346066857128
-1895.4755031432667
-2035.7506598927737
-1939.8289202263668
-1813.3881065948483
-1954.6505805952636
-1899.9589105573364
-1874.3828936792181
-1892.6583335089565
-1908.1789837083543
-1961.4677256590726
-1945.4541196494974
-1914.4480752480342
-1890.6270823727405
-1909.6313426521897
-1883.8660796874542
-1875.8982185967473
-1866.5718900167653
-1857.5073986853306
-1979.7110709337894
-1914.7373213008034
-1976.3457036391667
-1961.2889163481157
-1916.119769928117
-1874.9434034665567
-1933.5088844831068
-1936.2985694281501
-1943.8890229635442
-1947.613580732652
-1867.4462542797858
-1986.7910615811722
-1935.5568369930186
-1908.4340548609634
-1964.6806234371593
-1929.4709574217698
-1897.6942062778053
-1898.8439623553334
-1918.799122223459
-1869.3653885631375
-1963.6175681543516
-1938.3207652893443
-1842.210247720851
-1928.8344183206748
-1984.7096868112583
-1921.795012325058
-1881.2770443200368
-1950.4158081281057
-2010.6328591909732
-1947.6221643857898
-1961.601011124101
-1887.0209741293297
-1973.6432325417275
-1932.2320516306474
-1924.1393075505584
-1924.6838893777249
-1913.6084447962814
-1885.6564667857037
-1907.6160817973212
-1926.145308833915
-1850.856987462352
-1953.1987431250413
-1944.7315116513573
-1860.5506971836883
-2008.4322302289795
-1847.5139132329975
-1916.9669270292763
-1925.93549708584
-1962.3699790008325
-1935.4531242788908
-1859.9050439393834
-1931.6825630352105
-1959.4607693273983
-1897.291269692603
-1919.6386873680885
-1934.6265269079597
-1947.0600782402257
-1926.8712265888767
-1900.1687344120844
-1867.140005182607
-1816.4619088276586
-1979.3754097744566
-1991.7061332848978
-1927.5359594903591
-1907.3891651763252
-1976.2179171144494
-1898.0512289050785
-1939.0055307771177
-1955.3799725267122
-1887.0064515197191
-1889.3957205206023
-1982.4888014186333
-1901.5695513500623
-1838.12264194051
-1875.7268796211472
-1910.1947482255173
-2065.09834265544
-1986.8072979561914
-1960.1136249916922
-1962.4066644336215
-1909.3417373429118
-1924.1093838629517
-1982.7715465427507
-1995.3642854865789
-1937.8341737019468
-1925.7068947381874
-1990.7298544250111
-1881.4588915412337
-1877.5495307447404
-1927.2270083759772
-1914.8212770961202
-1911.2044262330357
-1919.5804392273494
-1937.9008763621475
-1949.6577382452906
-1966.8130906748684
-1818.6519777007297
-1969.8078156212703
-1956.1110056111913
-1885.582370330684
-1953.2191045874483
-1952.031980230175
-2008.0440425555983
-1924.4963036163958
-1915.2451138340662
-1842.9632611736142
-1893.0280793418026
-1929.4159200400254
-2008.5621132136118
-1952.401611850117
-1872.909891846161
-2017.9717124588085
-1898.2829718203843
-1915.7925919880745
-1958.4112395459786
-1862.8840652366036
-1903.9120319790713
-2000.1991371796657
-1924.2944416475777
-1854.5424584492912
-1895.5608516532106
-1966.6328988813023
-1899.370965805867
-1998.994154626572
-1936.2324105067894
-1894.514659199261
-1891.2611981124537
-1886.0270170914116
-2013.828034820292
-1935.7823692771856
-1931.2169522797908
-1850.9091244291549
-1933.4908168576767
-1948.1277576629523
-1956.183294757948
-1950.9499718130578
-1989.6152686214486
-1945.1474827052255
-1919.5809379399916
-1995.2768364299718
-1923.204611758658
-1924.7148336384905
-1864.0801719597002
-2007.4100391401328
-2005.633735408562
-1953.9734144778477
-1929.9976631535778
-1925.1223136212122
-2002.4114124273842
-1847.3860979136448
-1975.7991503293586
-1899.1115784457663
-1967.752625087331
-1918.7093651428645
-1896.3702539282558
-1952.9094463352935
-1854.7081612320012
-1956.0953363764502
-1898.2527579809525
-1989.6215789336497
-1880.0601400142732
-1899.0821393592619
-1890.3508852753964
-1957.0851738948927
-1890.7422263141846
-1967.3597519336045
-1855.2093791276263
-1976.6506723032776
-1911.653846526881
-1967.5072534444391
-1898.0034904203335
-1983.9360427933132
-1974.928831014965
-1884.4513283519475
-1964.990141227143
-1938.183204117953
-2021.9132126830295
-2031.7068617767234
-1905.5699787778076
-1934.7668627048406
-1906.522379753778
-1990.0866920370156
-1918.5991864115197
-1857.8443617191554
-1886.686540833051
-1903.4152846851612
-1957.337473130986
-1954.2157298558411
-1969.3728728439723
-1890.6286494798337
-2004.7947292620768
-1941.8993702528796
-1999.7944328038673
-1933.2424750664886
-1943.5164745574266
-1866.538690363029
-1901.3271831322766
-1975.8504537208514
-1933.622100850624
-1940.3336663756193
-1936.0475492420846
-1946.0194269661415
-1877.035040289492
-1906.4805802350502
-1976.6309106219344
-2017.9325802338838
-1894.9537519910639
-1950.691054678274
-1951.4202548016012
-2009.2285205359958
-1862.6323915955109
-1940.6251286012384
-1877.8466872323525
-1936.1854783025628
-1874.537285533795
-1930.7154816520847
-2040.396010998883
-1887.4565635728418
-1880.1221942064578
-1963.9288469264302
-1933.0312066735507
-1953.362814391525
-1916.7108007480444
-1987.1075743072502
-1895.0446398017184
-1967.2492873223696
-2029.4952752657932
-1907.065281096977
-1983.356339607256
-1900.5949712489185
-1942.7781573341867
-1871.4158890013905
-1867.6592915669125
-2037.4461446570924
-2036.163636177464
-1979.5549198980882
-2004.51994534589
-1885.0122410817296
-1966.0650626987108
-1913.095009409707
-2032.708004878817
-1931.792463929879
-1928.105468869389
-1851.7872628543166
-1999.6943817153272
-2012.394000998193
-1920.727902120198
-1878.4558609199978
-1913.7730566769894
-1864.840602366791
-1963.0616195472578
-1902.6386599184134
-1894.739362342432
-1912.139014510151
-1980.728609148828
-1888.0715745416105
-2000.874577399241
-1877.5891379162554
-1942.6506991874016
-1931.7720627050855
-2049.274423737125
-1939.3469402861467
-1942.770359228688
-1951.7577329321305
-1894.5642418859518
-2012.4252927688285
-1914.4311512605334
-1852.0603717556612
-1861.1607547130845
-1795.6059897048633
-1934.671793144381
-1908.4430748588168
-1916.0185042527542
-1979.6263843365607
-1884.4163907461061
-2005.551496257961
-1994.0609631674001
-2027.3474332551198
-1935.9161881014606
-1847.071925765545
-1919.6752190767188
-1975.8647093915808
-1952.427055942988
-2062.2400225067045
-1830.675673495566
-1994.3167853462007
-1870.5828598705143
-1944.4110615292625
-1908.8205586081249
-1999.876366306304
-1885.7386644282396
-1912.7752461442155
-1893.474416622664
-1978.6461913277806
-1945.9211466730233
-1929.2165584551108
-1930.214411624897
-1936.8776761641154
-1901.5762039561362
-1899.96125069108
-1992.8633668748794
-1827.8583732314003
-1942.1088020473676
-1951.17162749631
-1978.1704377384258
-1836.6909484466298
-1992.1276923123814
-1991.607800111387
-1997.7256824296314
-1917.3962256640764
-2057.172784346024
-1917.9318557419988
-1996.1339020162181
-1889.3304601379086
-1954.12618107909
-2024.056976523439
-1948.6914819829915
-1971.5928540761138
-1959.7885036321413
-1943.167317193189
-1993.095359296797
-1944.5089788599919
-1942.80072684554
-1889.9249362467672
-1843.1303954454718
-1877.8237894290173
-1906.051678720139
-1903.962165693425
-1892.792526043168
-1825.0242097631226
-1938.521811596072
-1888.7976707914706
-1963.5984793384696
-1946.2419971648224
-1906.1139046503108
-2029.482503907057
-2004.9082459297874
-1996.3564201089084
-1931.4021689191973
-2010.4514948425624
-1968.0454789858284
-1901.491902217228
-1903.3916723410537
-1944.4674797229995
-1859.489634993432
-1888.1494353417145
-1923.5187819042076
-1920.2719253112796
-1877.0836230888383
-1957.8673987033865
-1986.0949544582788
-1936.9923553752126
-2005.857995264861
-1998.29891586538
-2019.256861335161
-1898.8185504488524
-1931.9904637651064
-1939.3727970777977
-1920.1781654405954
-2036.725304698767
-1898.778516818075
-1980.269453933966
-1957.3289528626647
-1946.1184552127281
-1933.700593931645
-1975.9587547730684
-1950.5183481678105
-1968.0343428434007
-1956.2526210789424
-1936.4502611780551
-1970.7471234245122
-1921.2699832795563
-1950.2451784521677
-1808.2335461928212
-1948.3649917405496
-1972.8196891891037
-1970.4693932391176
-1958.2569026279134
-1980.8238328721145
-1981.314714936874
-1999.8618380975752
-1847.350207296121
-1966.0905964013498
-1936.5662602011257
-1953.7740731721435
-1941.6104304563326
-1924.6804619331224
-1936.3573337583364
-1996.3671197776741
-1872.0222234246946
-1958.4679014838334
-1927.4507192801552
-1911.2837974157605
-1922.3826818276416
-1981.2435916938437
-2024.1360266412648
-1850.6368768682833
-1899.8568844745896
-1912.2587971906241
-1994.235052469579
-2070.463549451749
-1920.395730058105
-2126.023926441162
-1981.897486091344
-1966.096906420302
-1942.2967420134992
-1975.5258113152927
-1941.9148365562871
-1919.2127041994704
-2005.2591737738776
-1972.7725955800727
-1997.9377074818096
-1974.3927285290997
-1935.1643387858944
-2071.963527272733
-1972.4495109831837
-1973.7157423657943
-1946.6016275490313
-1878.9376555092704
-2020.9281571273045
-2010.2688216387571
-1913.9925746547078
-1858.6454139837454
-2035.1040525840272
-1987.4513162490841
-1897.3170045325292
-1952.8643613250815
-1857.4382876573916
-2017.9381853808873
-1897.1417769923787
-1885.0895585133749
-1991.490551968558
-1962.198057270691
-1997.2436562868459
-1864.9895357299513
-1874.100047492707
-1915.5481851057825
-1976.6221966374792
-1932.063116338571
-1839.9797858042311
-2030.0132189338344
-1883.5618520539122
-1939.2232310084507
-1997.2909212769857
-1959.765952635446
-1889.3093174571802
-1883.2699285621454
-1861.921807138548
-2020.778545322465
-1939.47764048999
-1948.8635608700472
-1889.5480133283393
-1922.9139192727503
-1903.4895128987287
-1896.4117842507928
-2013.005070971295
-1944.6782335725993
-1852.5406938287404
-1941.753220686252
-1992.9977578246157
-1881.452535198822
-1915.0527797420145
-1875.009352237248
-1905.9008318130714
-1864.2996347656065
-1872.956603236123
-2026.0565099086284
-1929.8772659367596
-1938.8955111171226
-1907.511609499465
-1934.3045662230002
-1892.2637159967483
-1953.38215061338
-1906.8583653242088
-1970.2631186826736
-2034.2575957458803
-1887.0589607440124
-1901.2320857946333
-1872.170288093479
-1849.3655720845977
-1969.3051543314864
-1870.8155891615
-2034.5808608209322
-1985.5886537917972
-1961.0354090740084
-1863.450133572893
-1885.6416917682843
-1955.3223431129172
-1985.8710902546604
-1969.3402663216436
-1842.3388489378742
-1877.3270050579551
-1914.4531726771095
-1988.8393843319723
-1944.1057931981247
-2034.900012514128
-1919.9300657275987
-1868.36941336871
-1842.5434297838262
-1970.141890781684
-1937.6264040940619
-1946.023030541903
-1983.2970176983206
-1891.4830648112948
-1951.5388464297137
-1980.6206481531733
-1926.0608841593014
-2000.861122008641
-1931.7353118648166
-1920.4038682536573
-1975.1236998840825
-1982.368285149183
-1957.0480307087444
-1977.1142682351149
-1932.4941587378437
-1867.555070332069
-1886.398954213325
-1879.219171221723
-1857.0557050331395
-1871.487422874621
-1989.493126004571
-1980.1366113494917
-1948.8825559768638
-1926.8863187454763
-1841.1856008472434
-1939.7492313713892
-1895.9291190110325
-1982.9944062629959
-1954.5059131497999
-2017.8304337786417
-1952.6180329902907
-1878.3348861383283
-1905.860956248748
-1950.7054097127264
-1995.0917825704794
-1865.7438797807308
-1899.2717549362324
-2002.7942376424485
-1899.85749327336
-2027.305445368734
-1864.5786932049364
-1951.4093021404315
-2019.6243137020797
-2006.263144628191
-1922.974305644908
-1971.950002845896
-1905.3470349514303
-1953.8500789672087
-1888.872151612141
-1904.3910234691211
-1933.5662734475543
-1964.56481089696
-1954.7269562617466
-2008.707191749873
-2046.1124970193075
-1946.2940944285842
-1998.111006939902
-1972.5251873548477
-1940.5046135397663
-1984.8498501767785
-1962.7967316315246
-1983.0951980570073
-1877.4789483595466
-1897.5404232553392
-1903.6039313997821
-2023.4313493089394
-1946.4516544129353
-1835.1166237038597
-1925.213978627951
-1934.3452757977916
-1975.42860030311
-1907.9701852137723
-1968.6319778582733
-2029.0998668571413
-2012.1646966636144
-1883.891396657525
-1876.2161605452113
-1908.882500438989
-1990.5299854848531
-1972.3858037744608
-1910.9752613253336
-1911.872174955987
-1893.835901360877
-1994.187505303123
-1917.5256514618657
-1918.8988742203755
-1973.5090061878338
-1929.1062746922332
-2025.3312323396658
-1903.8992086566236
-1890.6272491994373
-1870.431045013178
-1923.7914343481846
-1890.0854407745271
-1882.1070409589138
-1885.9353368363356
-1898.3143639016025
-1969.4208745931144
-1995.1985645904085
-1882.8669662490192
-1994.9480297539376
-1897.4066613706602
-1951.1500499854992
-1967.1704930369524
-1949.8279794824143
-1850.0764402776458
-1953.1726364771896
-1935.7096288453658
-1890.3656069561337
-1924.584756218804
-1946.9114429993324
-1872.1968351017047
-1863.8259206453301
-1964.4538510737557
-1869.2956085933752
-1939.5728654932989
-1968.528628558668
-1884.7190842957455
-1971.7858447297588
-1904.558185373443
-1935.2308266131897
-2009.390824383356
-2011.1887048853398
-1808.1689069898227
-1970.5462856347879
-1874.3135963044836
-1925.674040652692
-1904.7477895710826
-1957.9772565084218
-1924.1575009654964
-1985.328728841782
-1851.76229939131
-1880.624880199063
-1987.7752941792821
-1918.4278022336998
-2011.285392942309
-1934.3253041153216
-1810.8483579016633
-1936.720415100369
-1977.617768340034
-1980.865253170282
-1941.7319385770804
-1981.2514741086418
-1901.6102427739077
-1964.422272962486
-1913.9199312912901
-1915.5410917844615
-1790.6518400773268
-1922.3430149716926
-1979.4948729748105
-1939.2756548346083
-1909.5057316790103
-1940.3907945642786
-1973.562336633849
-1995.4057348324868
-1921.8675977441899
-1993.123581785701
-1933.239099662546
-1890.2763006265352
-1930.9055382671752
-1968.470111809414
-2040.6734182682465
-1898.8450896747556
-1931.2010712296092
-1861.4456168767936
-1830.9079465408322
-1988.5305157938064
-2013.0887088537527
-1853.611606608133
-1857.3633266779357
-1915.9344840713773
-1892.2478664950033
-2055.735464068289
-1951.8418266389733
-1897.8120011034484
-1929.9219206869952
-1936.2099375914072
-1942.346476667573
-1956.4482778810825
-1989.9513242667592
-1972.1328493385763
-1933.5266289998528
-1923.3672119829846
-1920.013310584949
-2023.8347961898196
-1954.676214324489
-1939.6138908079347
-1932.8268527066048
-1990.190631594226
-1968.4155138609285
-1980.8174663438779
-1947.727133839954
-1926.0452984555968
-1927.2496116547336
-2003.9195812095006
-1814.0381046475052
-1909.191518493972
-1924.4572716949751
-1900.694512973181
-1909.4037205697903
-1921.0754077346855
-1945.620352044222
-1791.7429061459604
-1959.2922109053402
-1921.3348245952927
-1894.1849604035665
-1946.3161544696984
-1886.1541965692002
-1915.4027471424258
-1878.271782236601
-1930.194673674308
-1916.3364307463462
-1884.4523576811312
-2066.2455563812027
-2022.4568318433985
-2018.6641074364309
-1942.224593629612
-1847.4134802191766
-1879.130830649751
-1939.2991478086897
-1906.66970415249
-1922.0408406693355
-1927.1027513339316
-1912.7016745898056
-1934.9315613806193
-1851.9201835116073
-1897.2663129696064
-1896.134757998342
-1997.9804574019543
-1916.2429796970243
-1854.3415835118021
-2070.2051431622976
-2010.7398377785244
-1905.4453451068034
-1960.4728708295847
-1975.8650599185894
-1943.0340334504551
-2016.5842547737957
-1932.5363515802906
-1933.1695607774486
-1920.2911606027822
-1862.3364306846315
-1873.920712060711
-1986.7811346536353
-1999.1598673449917
-1924.5380129719053
-1888.7063938507072
-2019.1499685399504
-1952.863786599887
-1888.8772535706144
-1954.498584569948
-1903.7040885915806
-1907.487217293316
-1979.3954191823868
-1893.3586100691068
-1887.9136342825325
-1886.6589934514527
-2012.428004493186
-1961.681155304347
-1950.287687469039
-1942.1349226517657
-1870.945784737542
-2016.20317351942
-1933.0677523805396
-1928.5405371247487
-1989.701037763922
-1897.1080050408227
-1898.6346599938588
-1944.6757410599257
-1980.6503789733197
-1896.1780444035564
-1944.242200384977
-1964.1450917893328
-1935.9264753190973
-1908.2901018561704
-1977.355481863875
-1980.0440887858388
-1954.2013841938337
-1929.2785738992013
-1859.2088640724955
-1971.2695300430767
-2030.577205724817
-1998.6957875862363
-1954.865746070139
-1937.0503875454594
-1921.6282591733313
-2004.0782286699216
-1858.3564317871685
-1910.3179199661367
-1952.7028595860916
-1981.506694200121
-1967.9292908944885
-1978.7498243797668
-1907.3462935788166
-1993.1310693284756
-1981.1901883211856
-1935.8451811940884
-1949.283476802941
-1944.4960663602872
-1873.209786011856
-2026.3197207538533
-1924.0290242832
-1924.8431264163999
-1856.5624362062179
-1918.9250729610344
-1981.4568456066531
-1891.5560612760487
-2001.334253233777
-1955.4803505808213
-1902.0683713433075
-1869.7581260723064
-1923.874044728098
-1867.7917605985874
-2012.0773035113323
-1925.2672461114878
-1964.7850942778628
-1938.7984137475412
-1915.068921141152
-1932.2116328210968
-1963.4211855227197
-1923.3121694776914
-1870.4998515491795
-1942.5926678703556
-1882.9221737611313
-1883.4286869376135
-1915.0091595133106
-1963.1692810219859
-1945.330171970095
-1952.6045170211721
-1969.396066590476
-1938.539556241172
-1908.7656311156247
-1894.8048235187666
-1943.440568653796
-1933.98728173063
-1991.2727406321333
-1873.6741099292526
-1913.2485123959393
-1960.11852103516
-2005.8280389121405
-1945.8236798278158
-2012.1565778593606
-1977.381028163888
-1932.867145138516
-2030.3110845504698
-1884.8618004049015
-1960.558324600725
-1954.9421695986048
-1874.3019915766456
-2031.1286715341428
-2009.2870105465734
-1974.8033611282183
-2001.9170345685257
-2048.91849255882
-1963.442901268757
-2006.5755755089892
-2066.1804682100624
-2042.781479761073
-2061.8705646743647
-1956.8920618998682
-2006.774921517883
-1970.6953540998395
-1938.3293293706924
-1984.1755547666971
-2011.5809193848079
-1966.937664534438
-1993.3195394153022
-1909.1850104972068
-2026.4744932460965
-2085.883225953053
-2016.036183784786
-1900.8628266042458
-2005.9991412242914
-2061.630116683424
-2008.4014975338755
-2011.2020148956562
-2037.7319380120107
-1880.654805256196
-1904.9906513082217
-1874.1691700791596
-1964.04286552887
-1971.4585336644207
-1981.9946202175906
-1887.9141988660372
-1914.2751023297665
-1886.4589817495214
-1866.2321606984488
-1982.538338464065
-1901.4919849564997
-1884.3454066984334
-1974.2644870994077
-2027.944032260725
-2008.0253579314415
-2082.917499568827
-1953.0836722391882
-1978.529723428326
-1933.249437255673
-2004.4813265542273
-2053.6213462648784
-1919.73059345593
-1953.6770320394482
-1862.6381329098165
-1922.802006858806
-2130.0715423039715
-1938.063283838832
-2058.8076755459747
-1898.8084661831158
-2046.746600589685
-2015.3762360175351
-1927.5815259004326
-1971.0573748200113
-2086.6365023608805
-1984.1562660379925
-1964.4814896295125
-2058.0476764159794
-2001.2892250284929
-1991.9550445804653
-1980.4117015100726
-1895.0387522349133
-1931.4343395939047
-1941.0280405461945
-2092.3766378304126
-2123.951201482317
-1947.564224777086
-1963.330447147572
-1960.750560996605
-1940.5771890526282
-2060.972748322337
-1891.322953985785
-1951.5015263798985
-2002.066233416961
-1964.4971062770585
-1955.5319186447746
-1998.2169649956359
-1955.1326891864794
-1945.2311405911735
-2069.6660794914555
-2044.1561298435233
-1915.6175343355792
-1984.3610736404653
-2069.189668082988
-1885.2744252953416
-1969.6651685875815
-2090.2643557358224
-2053.334496933356
-1954.1520989844958
-1947.912081343305
-2065.7636255573707
-1992.3756232946614
-1985.572287687094
-1986.719803994502
-1933.3450897945486
-2002.6109371396053
-2007.854077280275
-2027.0307274312295
-1948.7034168560995
-2014.2687509437576
-1966.9211120916582
-1975.8284841510801
-1990.9391438988634
-1895.9813808206334
-2027.9151668926534
-1930.0090621233926
-1889.6168900215234
-1921.972203165399
-1903.6225165487404
-1928.5280568569415
-1974.429959050898
-1917.8405594630096
-2036.2377893507473
-1956.263844118222
-1950.815883265743
-1997.1816091002886
-1940.6680496612319
-1987.2729036590717
-1999.457836921322
-1994.496464426788
-1958.449349320031
-1934.0677203176358
-1952.064429687021
-1966.6514479953096
-1937.3057748587532
-1967.5731732362824
-1946.1031488526655
-1912.6447731865935
-1922.8003284330273
-1938.4860198107838
-1953.3214847906083
-2031.9031541322954
-2046.4337873693132
-1999.2200448625265
-1931.549964754598
-2007.3115255410685
-1959.6350659385917
-2020.4220070384179
-1964.4753004180538
-1901.6887296975997
-1909.6123998550872
-1869.336557054791
-1920.1451836017827
-2022.539431259728
-2054.4649172014756
-1958.3700444295287
-1907.827312200571
-1973.7958312436067
-1938.69730145504
-1977.8083159796424
-1932.29875619453
-1961.8678931929871
-1883.2519564041504
-1913.0403719835765
-1929.9645120920782
-1984.3504644937384
-1990.5484345829982
-1980.6824571074098
-1936.3555800538718
-1893.1403651063436
-2028.055734644342
-1940.576581580078
-1850.213567915589
-1911.6836136975562
-1908.4242890805633
-1934.243079827534
-1913.0270221264582
-1949.5080276708982
-1939.2197952932013
-1893.877935984661
-2046.188060042384
-1941.1022107994602
-1945.7374696351058
-1836.0343890982751
-1928.0751183977654
-1916.4768930558685
-1871.6133495042811
-1886.115246180243
-2019.2931256841084
-1883.4782438365378
-1894.2485701756418
-1899.7226882152336
-1890.5034837573326
-1861.6624994315448
-1964.8175279533361
-2039.9914889185445
-2073.038849564706
-1927.323521802064
-1996.7304131067638
-1885.121020526366
-2053.0589738857293
-1936.3636472864978
-1886.9035479588792
-2008.398414907508
-1994.5498774334021
-1988.8911751283886
-1908.3668002093204
-1863.6558489795834
-1831.3172942917686
-1866.981616750662
-1946.530722148891
-1888.0090878649817
-1901.3027570870906
-1961.9150565128539
-1886.267037064463
-1956.3734203473016
-1881.9757603794594
-2006.6665268249687
-2015.3995870588174
-1966.7376503473936
-2002.6466351832808
-1928.045700558592
-1977.0458855842828
-1994.9028317121074
-1929.1114641775114
-1957.884392455529
-2002.4364592317497
-1913.1899530742667
-2023.4932145502814
-2006.929740917763
-1940.0427557474184
-1972.9025324821353
-1941.764621476793
-1934.7858128264436
-1968.5297537320712
-1864.3629929066708
-1962.7540992999725
-1971.1857544380655
-2050.9286675919006
-1868.1780139011344
-1913.0758332233659
-1942.9916191161449
-2035.3429058794527
-1958.261661309996
-1922.3712964027125
-1858.2850105063098
-1896.845604570551
-1853.874923242392
-2070.240030631453
-1970.3834227123339
-1952.0722796122218
-1969.5725307651228
-1962.0299835410108
-2037.3499700060938
-2088.2715265349625
-1851.7693306831884
-1965.499006401031
-2047.8064487180472
-2008.4018655803927
-1941.390509043061
-2002.5604086077574
-1968.101992622415
-1971.0697011041957
-2003.587491384092
-1903.2663365583126
-2008.4820337223302
-2028.1156699304615
-1944.1500442394845
-2021.5880922070503
-1990.9695379401423
-1963.054998944995
-1968.7373242161095
-2012.6564478008797
-2009.2924474060208
-2080.2344844113372
-2039.5011632010037
-1931.338349249099
-2011.969420790969
-2034.5306440071865
-1990.1983414014753
-1983.2082061599012
-2038.8240054237706
-2035.5795232050116
-2107.608080818369
-2070.529295711457
-2073.930644919287
-2018.8201042510748
-1955.6190241413112
-2112.8915618142305
-1955.9664211841823
-2069.956067677615
-1954.530847701783
-1890.564476585997
-2018.5511208285889
-1890.662458690479
-1974.9318086751284
-1907.5442056323946
-1973.1392221107908
-1942.1873851872567
-2105.9727872991934
-1997.8507758173466
-2006.10708008281
-1943.5148513780446
-1977.1452095233476
-1887.0635704936276
-1994.7287475603437
-1992.6436442387137
-1901.591575317554
-1966.8457962852851
-1916.79651714
-1988.1994294966728
-1988.3984747912457
-1983.4696984275843
-1958.11929396623
-1913.1825379203417
-1963.3941983726818
-1960.7324170380919
-1957.7864819712543
-1930.1491250340143
-1993.9447756237728
-1976.0823216012557
-2011.2043837443516
-1942.8450179190045
-2012.1761082592043
-1883.2133434776679
-1961.3471019480671
-1950.711552916462
-1924.7495543812863
-1914.1068520848341
-1935.2596986078543
-1986.5616838587832
-1913.1442648490104
-2005.9268244272432
-1972.5843273183234
-1928.7896060343865
-1943.6558154857196
-2049.0375323026874
-2047.5346128613378
-2021.201811451931
-1839.9979695509094
-1986.5808120513036
-1989.5384253187951
-1926.611497424906
-1908.9014367817651
-1935.1676815062733
-2013.2965965321616
-1868.5533812156646
-1894.0305589689385
-1991.4044704423238
-1976.6152121688674
-1916.4867807206342
-1959.2261730117773
-1992.4299897406893
-1989.8565985724808
-1982.486541434442
-1982.0877587787568
-1896.3460433792452
-1895.5140427165984
-1912.886865744983
-1885.561878405131
-1942.7872866089585
-1869.9105612115295
-1930.9715412012845
-1824.6596048581628
-1955.7242569862383
-1882.133637033947
-1927.4347984457854
-2034.5477433294216
-1941.102748188194
-1996.2225998132296
-1964.244080956181
-1911.3383566153627
-1889.5110847064893
-1983.3496679211419
-1990.5605748063567
-2007.2889668244597
-2030.1236779697174
-1928.766666006834
-2012.6630151196257
-1874.6906612855362
-1901.6019367975841
-2025.8229927805444
-2044.4624722830226
-1925.5479853124407
-2034.156744333323
-2007.4988626816962
-2072.392651657913
-2013.016993809881
-2074.609551101589
-1949.321191152845
-2108.0061832352194
-2045.2890031817055
-2070.6104668430203
-2012.9143180455687
-1886.2615510301143
-1932.7373514454805
-1982.6504154923634
-1970.8524651348916
-1968.6514158453272
-2087.4167403929487
-2018.4388882462715
-1950.6444956303692
-1929.748253676056
-1952.5417438644747
-1898.6407900664417
-1933.1997607857265
-1995.7671466087736
-2000.170281159805
-1970.8898458620301
-1900.8300388887992
-1936.1811341564755
-1852.4004582368939
-1933.9435640663708
-1943.7518256992598
-1956.2995497505524
-1883.005786660567
-1945.8579698262542
-2022.9893519004902
-1881.180416794177
-1875.0717244391083
-1932.822768186643
-1949.6189493589407
-1867.291060942876
-1889.2436680739304
-1859.7763864385365
-1992.9667018033667
-1893.01535577015
-1968.0013656064489
-1992.8398450215982
-1909.8997208894875
-1918.3719326808368
-1998.0432765344108
-1958.1067901813922
-1959.3028010852508
-1923.5677145293485
-1979.6331131617678
-1842.629871467366
-1947.365523952508
-1958.597568705351
-1899.9977186619658
-1920.8931506076276
-1953.9713496705365
-1922.736001421538
-2032.2706416938504
-1924.652744854596
-2019.713621734098
-1955.4274626202798
-1946.7396034557241
-1945.4303699065717
-1917.2041969208992
-1911.096071526568
-1888.5188887714285
-1971.021483371158
-1907.120735171011
-2088.6159961856542
-2017.2100614136534
-2025.345563627873
-1986.197225515512
-1968.7314331563553
-1965.189671965879
-1847.5392034287124
-1929.4084775557071
-1853.6262433125423
-1904.0232129016274
-1929.086671618293
-1981.6023789092042
-1871.3527245311654
-1957.162090455929
-1877.073175592783
-1842.9152503090745
-1902.8054926414627
-1958.1588752609273
-2033.20610899107
-1918.9334715477398
-1919.695026957749
-1952.1018501483975
-1996.836172748794
-2020.094999234955
-1971.1549025705035
-2111.2701139179953
-2008.0539846345353
-2005.7195660748525
-2022.4712475785118
-1973.2804953911766
-1964.254969649867
-1960.0754594937705
-1923.7433933234602
-1945.7174381599632
-1943.2103551247735
-2087.13736158613
-2004.372604205053
-2053.6885385283717
-2047.1578324860252
-2006.82712103502
-1989.127895291135
-1912.2146423485767
-1968.949188056738
-1969.1399171648502
-1948.137173770663
-1920.951763651431
-1911.0502351000466
-2011.0287852436823
-1923.8020254825274
-1914.329378006477
-2100.883406209013
-2002.782873006293
-1971.955981703526
-1986.3502678016282
-1882.4739491035602
-1998.4927497897481
-1827.1353773339545
-1890.3120005127148
-1953.9107756280664
-1964.5610169948459
-1966.0479414373476
-1898.367171873565
-1992.4628009077992
-2037.856073581197
-1985.5016168676086
-1920.4216389713424
-1982.3567024844688
-1982.788211199334
-1967.10300474188
-1978.0048033927558
-1942.178942901182
-1886.4093168064824
-1908.7868157483945
-2036.035798653467
-2051.892257451957
-1982.8106431533968
-1918.2238735634137
-1972.1448110848708
-1956.2639201897687
-1989.0905105398217
-1936.7378785396663
-1920.0702729115035
-1982.255403529336
-1966.1721645737532
-1813.7563029026007
-1992.7307956593881
-1919.8739273601311
-1882.1146438510418
-1870.674290954692
-2032.0006227538624
-1987.0394862785943
-1878.2987459739743
-1927.922238175845
-1989.1927817467945
-1916.0607530460281
-1938.8140083957542
-1968.0139413039276
-1980.304007891751
-1981.851654461494
-2026.1228691663098
-1984.5026160662073
-1952.0616103898567
-1941.5180049166572
-1938.1032889000749
-2017.97898505064
-1909.3268779059451
-1977.483747786965
-1980.659448076051
-1955.282815474397
-1982.1736630164298
-1980.029520898017
-1809.5592006599713
-1945.9168857954257
-1942.2413454555092
-1887.855930598028
-1947.299366544807
-1978.9155390657945
-1879.9367729360101
-1951.822669969393
-2005.4883573879783
-1912.924779305923
-2039.4864235658056
-2054.1089643515897
-1950.6365231639973
-2028.1522752648623
-2038.7210965966797
-2003.0152449922623
-1943.4222301782202
-1851.3942312921765
-2017.676489077337
-2028.7666161012498
-1991.3192498559827
-1948.064027549626
-1977.938005542019
-1875.0472796917486
-1962.7006798880898
-1946.3491839009585
-1950.1633528041343
-2000.3028610985662
-1926.6439055810022
-2013.2331370666209
-2249.744146755297
-1955.1548992307798
-1935.3642861732615
-1969.082379520934
-1945.4551371670477
-1869.8626094909093
-1933.626259117452
-1836.9786293219192
-1869.3178899251313
-1929.4407980186254
-1944.0809705436811
-1963.175419736049
-2009.4713449276323
-1968.2358605387228
-2036.2500720406445
-1988.495169174421
-1919.8647148055795
-1964.5019061056514
-2012.1728452497064
-1918.6885128829672
-1971.344427562399
-2016.342256413836
-1937.1057763073882
-2078.6808113517577
-1980.6990746884076
-1952.7312900703791
-2048.513747865628
-1924.2658429860558
-2042.7870381634962
-1892.225710471584
-2017.26969281463
-2082.7884610634933
-1977.2737202286364
-2010.9052783703478
-1906.5612454774857
-2029.870781147632
-1998.3955043595756
-1977.9415542689949
-1956.676020265872
-2007.5942376858877
-1934.582233914723
-1931.465410933417
-1980.5302112075965
-1939.6489258098702
-1979.8879414296086
-1906.762718114994
-2016.0502549557502
-2054.405816069653
-2005.1240161122612
-2067.0058146827632
-2063.864755943318
-2057.521609134941
-2128.098712697639
-1949.963005484583
-1949.291083326538
-1984.4671860392216
-1958.377687469195
-2018.0199847122667
-2012.9733801180291
-1951.8780909244572
-2029.4666668333948
-2018.4534016553957
-2043.2348037626773
-1922.5211756744484
-1884.71954403828
-1955.8807703195566
-1970.4022021957717
-1987.7678823198162
-2063.1441606738176
-2019.4179292990439
-1952.8264516530758
-2009.2687305374411
-1954.1295291963334
-2005.8264610088524
-2000.1889891530243
-1944.321330773916
-1934.083031433804
-2008.2451847463215
-2000.282820476117
-1927.97587888334
-2027.2073872784815
-1893.5768889618091
-1917.8815794815457
-2001.3607695954295
-2078.6035313713396
-2007.806504310628
-1968.7384726455002
