13646.631613333522
14773.704483403884
14155.094105642815
14709.139489639694
13980.94514068925
14744.978942922367
14663.011263653487
14566.140104218288
14006.447770300983
14400.01937207104
14770.81984928292
13978.013829495518
13940.493672966575
13756.073086044245
14466.322816199838
14155.478083337011
14258.930085964499
14089.794806578466
14151.795157536593
13655.0996978245
14006.098904765788
13651.62467341878
14060.52063076638
14614.708904803443
14666.055695872104
14563.9456445941
14009.129468666652
13850.42471360778
14843.328941057473
14225.122779637588
14361.530327631555
14415.241877790711
13758.591331671545
14387.04964248744
14311.12266844228
13894.42471360778
14438.771702027852
14501.848908570226
14085.836691975219
14194.430085964499
13359.3387500136
14211.685826847834
13780.091438421086
14640.758675414447
14075.580187126683
13970.673155259761
14304.255922815768
14460.045791058144
14634.3766829025
14592.483031158314
14122.518713118383
14127.927571512337
14841.84078314491
13982.328277198552
14248.066003549115
14648.663578371066
14397.57168269315
13574.9559864254
14405.352866049405
14527.346769030793
14612.4201477829
14552.93036282392
14824.378011945575
14234.872563245555
14430.910304504972
13976.405270999223
13858.940989295983
14697.17060444232
14574.519033368857
14246.86876034374
14067.66340148233
14279.4118403372
13797.045025373487
13926.513063763165
14014.435195361795
14240.854034450964
14404.373581995724
15242.552634407555
14465.067019830163
14087.962026683688
14465.8474912897
14458.43147137641
13905.73834674585
13962.923599684582
14260.408160006622
14232.458472374346
14310.192195563024
13761.006420838394
13628.005077276139
14257.301475225695
13977.146583324542
14084.728132024895
14415.984600695256
14864.806078829733
13946.615260243936
14144.890818305726
14243.132284086625
15048.873187871715
14623.043932965931
14380.24548046816
14272.0119847559
14581.295879094265
13809.968713529697
14182.004202060378
14440.852826503358
14402.742784022023
13956.10426198345
14647.438068902013
14756.038709323111
14207.697782228426
14250.435750229773
13924.13579745138
13608.984650294693
13903.276620145318
13930.22079094672
13944.722740311021
14089.772930907531
14658.717373442023
14175.864441854965
14157.520068870104
14463.02356053757
14483.515173434744
14185.708831453823
14113.657485020805
14571.806429399652
14504.212633652136
14757.994315596623
14077.624769176577
14419.807855164003
14376.152940424194
14127.319286386943
14417.848646077033
13974.692624744866
14530.90015288798
14845.33439372512
14020.387509779937
14203.554043628104
14145.537789652797
14131.26953840456
14415.820548228949
14476.23504007616
14414.273768712095
14138.037419249727
13830.378891210634
14375.733672201366
14094.783486446266
14341.741877790711
13927.002442297318
14204.756033525377
14233.735751779745
13921.841948001045
14088.151683944949
13759.590642297733
14523.71898425379
14346.265034266156
14429.592219680999
13837.287469906862
13864.257666791254
13794.002859233804
13668.25495326199
14586.912637054806
14572.900265444277
14350.634822008084
14197.996863988647
14300.854298397833
13714.901382437938
14494.212633652136
14481.025675608247
15096.773102943962
13908.434697288621
14103.372172003074
13978.171585223185
13771.637363914346
14127.170239751376
14193.171672190236
14292.220569744308
13634.155573916345
14581.756334650208
14580.117871875209
13623.829753769221
13483.812259583563
14076.4118403372
14146.684776765846
14081.793552753257
14038.57550411539
13966.207770081079
13925.890087038266
14708.28427482096
14175.972767480804
13790.464173485076
14035.40708092566
14264.53742528972
13690.841371726927
14036.875515997075
14586.41304187049
13922.311160739855
13959.056316322563
14511.47028951403
13587.794628749496
13851.213213060551
14055.172647794747
13962.868283344673
14026.222010569105
14434.060121103119
14094.396328628696
14334.152337937578
13882.668836908511
14573.430692888176
14416.680683775161
14373.523696172453
13894.344161935367
14127.978083337011
14232.456634329526
14212.445865337257
14331.981864167847
14372.289461868695
14112.696681783887
13653.77044276539
14419.037784680113
13511.96547033173
13865.510259850822
14389.94481219104
13668.476615766715
14511.316495432979
14134.631819053768
14556.002702651278
14496.715555733144
13969.329217801178
14397.922230559621
14371.13567804903
14360.685139908202
14025.533260603668
13707.836409853922
14218.70003033594
14195.957432253379
13765.587945130743
14062.033260603668
14048.609905669202
14329.505647071115
13822.71702317345
14466.166025000923
14067.707191762438
13878.393843866486
13467.979385946608
14531.118227851535
14155.58111788911
13990.326894672391
14409.43870033892
14180.680892981629
13446.87036280716
13754.310374978455
13905.338731225656
13677.391705113941
14200.839171521193
14311.584602416728
14042.448600659518
14382.034047063615
14678.373061069467
14333.8816036901
14227.604054350235
13658.1720885408
14868.675626445007
14387.680042875281
14092.251082593046
14021.020394590394
13790.21295164042
14270.313571033366
14104.359123203614
14675.725681935777
13897.884992572386
13694.617513723006
14124.271497847296
14134.683297675558
14258.760034301326
14142.28242234012
14375.108534499786
14367.661357417091
14267.687883117052
14235.056650443832
13300.294141780072
14120.550630357875
14390.223815578405
14316.328901770203
14094.903935055012
14446.127319207313
14310.33882610735
14045.353413003188
13837.240657393413
14228.605128681409
14185.686854866432
13920.452801022206
14343.499746783036
14166.115272628744
14967.407538565763
14194.923477628272
14366.77125902271
14080.525534746268
14524.388320563452
14023.966666897044
14573.824175400365
13769.680100652804
14063.599304427958
14692.537932209501
14492.672120563126
14471.835259876283
13863.785025772993
14327.33628565086
14435.42075667838
14143.978083337011
14368.824994171517
14306.9423058321
13965.77101562142
14093.651427769435
14137.9118403372
14217.383450458741
14158.433579586488
14549.66277056573
14358.634377448225
14116.946621552717
14309.893946070233
13692.130093822045
14227.516752586105
14016.039128202121
14358.606839817516
13744.38327261358
14900.310695430173
14552.906887287372
14562.427704579935
14570.002170494674
14074.974704620046
14123.677215469128
14507.510722525914
14214.855708440899
13990.842672059915
14127.787539594108
14210.407962443054
14558.141380443965
14461.479447266485
14149.583207889696
14393.854298397833
13715.27746754407
14483.103804961742
13489.226605718848
13858.997553595382
13858.896187371449
14848.503774623972
13388.560090541689
14691.609230375445
14238.340648947484
13872.117281242146
14335.513986193953
14941.256350780222
14660.91206633038
14120.425291928348
14521.888834157213
13798.862009174925
13908.52166396512
13976.091425284454
13541.54973547615
14169.066003549115
14382.833886968674
13991.0034294769
13994.801927948723
13979.95381175524
14411.556313415536
13941.477355437395
13888.434946610463
14050.215147138098
13797.436616146128
13796.85617028129
14093.38615007589
14391.652337937578
14270.640336292285
14099.678676148995
15152.122788443967
14041.517027113025
13908.326349261908
14259.64486587677
14479.804044845525
13578.37356814556
13896.27798533323
14432.618128738366
14244.589076731989
14064.409306320922
14153.650607150408
13903.985418124492
14051.353695766316
14215.776766724346
14189.67677965239
14124.249279254636
14347.8266189465
13925.10426198345
14433.930348767366
13792.138787018182
13254.636195033645
14346.029743651847
13896.971305822719
13864.301602269828
14362.288586624332
14179.457759852605
13462.757973290667
14420.809811564495
13971.599304427958
13749.002026717617
14015.016175182993
14239.160735700541
13862.977783139553
14469.680196722742
14241.232178850158
13446.487824775044
14274.395472277747
14684.043400968234
14928.348898162078
14192.755149542318
14009.425090072009
14177.031249101385
14596.326159583808
13935.740422888972
14779.002764848445
14029.41878708364
13710.829753769221
14802.111460117927
14493.174921819582
14110.888758425475
14666.00205540977
14641.453289081626
14409.295141387167
15003.626409005876
13860.93439002792
14591.321278274332
14746.008813868559
14033.158181623643
14667.076954001468
14550.601886921595
13796.084375908478
13980.488971919973
14713.241609750092
14573.337557489054
14008.841546081512
13800.991165947396
14467.189845323688
13519.83187035236
13915.831109197785
13748.52798510422
14215.839992794503
13962.079796521868
14189.60185446036
13929.829217801178
14123.701347298025
14247.275336906652
14273.012114096258
14517.101165259293
14373.232812733155
14202.98265304532
14998.884338535116
14194.404791035187
14139.98993507599
14403.996050608905
13910.611918537908
13911.501752008215
13888.74298893149
13950.948510241054
14161.686047179779
13890.79839987016
14185.763713020784
14227.857736776707
14268.046378801519
14466.770582685567
14267.016810234636
14107.786901832482
14119.289598942274
13469.245690837994
13991.249463840637
14115.787539594108
13852.042671041672
13733.28765020504
14163.376590611895
14092.305744724154
13548.345525671153
14281.48376576142
14357.858324997296
14492.110655339902
14212.706672415648
14643.0295086689
14660.390865453246
14332.545791058144
14056.003771111093
14681.730557443389
13946.062265376513
14030.308935696894
14260.637663971847
14016.456446885275
13795.726880125298
14831.966283727605
14032.465120301045
14233.171672190236
14144.426782340703
14395.088416321223
14074.445373152925
14441.814698155838
14662.496359695935
13942.391292571694
14198.591898353747
14128.44133367516
14173.126905611653
14349.254130124957
13767.939036073638
14042.294806578466
14361.186217237788
14048.469287279251
13903.54823223848
14578.153575864206
14026.007006176014
14301.620239359698
14079.761589780095
14441.103586478646
14124.329656661139
14641.800928404975
13903.512919278784
13725.334696595086
14637.035362054048
14417.388590884204
14112.320398652724
13896.04823223848
13801.507849155194
13898.013063763165
14941.660474378432
14756.693970658684
14507.627498704367
13846.298818742975
14011.974387538003
14420.785746970709
13856.452801022206
14158.953401193086
14257.37967824871
14516.77806797712
14052.269805922617
13973.442115410706
14542.298745006805
14327.566145641495
13770.378540852025
14440.275266061995
13704.266330032811
14660.592402359061
14248.792894780137
14352.76566069398
14172.792827471665
13859.387316349123
14626.07238291099
13967.44254313988
14122.907836679991
13715.401019044113
14314.847370155632
13697.269840764611
13873.154851601883
14621.456361827348
14282.440226747047
14058.84500770196
14421.87814573709
13755.093507745001
14108.275551471075
14124.428248724931
14309.226739616235
14236.347201755683
14205.17840236789
13967.363023174566
14189.716380812873
13940.950841546428
14397.302183702659
14946.126214373626
13898.575094627486
14189.697782228426
14372.439123375929
13952.57895656184
14513.748086740956
13832.48935239105
14326.303110424866
14382.014131812815
13586.361269219413
14189.873805893456
13809.439036073638
14140.197782228426
14643.87257878015
14037.854832362957
13719.175266594164
13996.521820694226
13785.826049954327
14224.158294405048
14270.231770363918
14375.746694533129
14236.57477789106
14271.025250398494
14006.97590621809
14319.809543980396
14099.689191469517
13936.554199451832
14122.163086958553
14273.311000737911
14167.164172606814
13929.713791459413
13959.200984347442
14041.328277198552
13738.09283015469
14629.118476398566
14561.141380443965
14545.000633684209
14540.933922795075
14132.55751969344
14381.152337937578
14341.344300987877
14109.917655352167
14415.555716013932
14438.408095759281
14121.096705598084
14429.581262187387
13731.2328948705
14383.791434405217
14187.453872114009
14244.443598876196
13972.245119811083
14553.986190614907
14268.530982684793
13996.880273719664
14194.85172208062
14060.116262776084
14405.877829555042
13698.00641476964
14339.565429590759
13859.259079971453
14717.080297033439
13586.37356814556
13862.198363751928
14148.836691975219
14243.287539594108
14644.912469495499
14529.27417433658
14161.664172606814
13970.710110403616
14490.035233414777
14146.26862514263
13719.112169249831
14727.670574264284
13726.977400235586
14691.591113304794
13837.043007980741
14884.78536811284
13848.933562814958
14200.805421284962
13675.308540553253
14087.350194022552
13912.718032787569
14025.457455581745
14493.435507639831
14017.523812577088
13606.326425037165
14469.689845323688
14302.708860738363
14124.745976401955
13907.636384009556
14409.580730100057
14244.516752586105
14118.602130367291
14634.618476398566
14474.617106027286
13888.829105564238
14283.987764441956
14496.586338278992
14443.120239359698
13639.718271301956
13774.118805483375
14110.628457525394
14112.76701979888
14381.26735658439
14438.120239359698
14202.35172208062
14130.473455701267
14517.03741348169
14474.909383791437
13749.439713663949
13932.249749731882
13985.635840649853
14011.428714315462
14416.834144782899
14555.248546746678
13556.380276988033
14308.38016594859
14347.87750403153
14722.675933257751
14929.703417030656
13727.669485940452
14401.756036356657
14695.782708818595
14499.022280324409
14270.323529097985
14310.21474769049
14620.788621021607
14076.76979443157
14154.325648041116
14773.389318135549
14564.18768805135
14041.159855976202
14398.218709224599
14343.53096630261
14599.623446806429
13814.038138404836
14320.77201479872
13964.885645778822
13947.92471360778
14265.265647949447
13415.597679774497
13844.025126190147
14157.486900597281
14371.241877790711
13969.53247705536
14804.178010087282
13819.66926567843
14838.764663872988
14056.808935696894
14672.430956434075
14128.189949787742
14711.178762057545
14393.652337937578
14519.437792765013
14412.977909069212
14233.569766158647
13827.485321463793
14418.120239359698
13511.511759887413
14132.812053746495
14326.679472386859
14096.226864605125
14484.62969782359
14087.103757491659
14296.744816716182
14041.145193090626
14275.227987419288
14637.316189400526
13546.072634728
14268.516752586105
13822.409930325353
14146.40196691233
14532.236001177913
14768.877219489632
13614.412808620515
13994.539354557759
13867.93952217694
14600.717238211831
14679.618643800966
13667.427285047923
14089.118557892416
14332.988165983641
14994.607681297382
13961.10957135733
13990.169823283473
14266.09098273039
13911.444718318091
14151.903073335689
13732.035201760378
13882.059389253069
13688.853521367866
14069.9939948306
14344.298756334585
14189.35172208062
13570.43673693432
14036.179100318732
14853.534340304353
14276.669542513437
14031.957333709677
14406.061073263942
13833.51300776817
14013.115260243936
14179.11212182062
14647.938068902013
14692.149741863403
13642.60574405222
14208.291734733484
14355.705480833281
14379.566145641495
14355.05651507636
14570.735835633199
14095.417965080433
14401.865250501078
13963.07034323288
14206.765700643296
13673.643469804285
13803.496734402706
13971.730987897152
14350.248288055785
13962.00085436854
13924.154648449592
14238.874384498453
13907.453199437687
14575.964478475831
13901.76728632605
14140.978083337011
14227.664804658052
14214.626293262638
14267.52424619298
13991.994809932316
14412.79264333445
14040.725549435238
14582.814695061112
14050.177617580537
13687.031644497269
14383.280266425983
14330.417790812633
14160.251206265635
14340.092219680999
13909.685840659577
14633.258675414447
14081.150343687292
14731.240810148396
14382.43794781162
14010.81595361338
14246.611589932343
14029.684478721547
13907.331109197785
14225.787539594108
13649.02737972396
13944.937620281005
13624.83002086862
14535.179749113682
14154.836691975219
14029.16582820243
14121.805785221408
14157.178676148995
14728.048993022292
13901.062265376513
14198.441817041074
14341.782675121325
14305.80012481064
14000.78209104859
14462.976442341665
14341.652994128766
14933.10133783446
13928.78808651752
15030.169815321957
13996.411902537388
13695.382381344276
14445.64794345089
14088.625854412652
14707.423611870385
14580.304855872226
14447.23504007616
13629.775746480054
14197.421731852364
14126.182897894167
14360.671239756066
14409.929060143048
14127.271497847296
13997.033260603668
14757.951002423077
14322.153973787967
13913.210110403616
14229.885259140481
14420.531405802665
14576.96948859117
14308.550998656678
14326.505794417624
13911.662159532329
14093.240552525993
14309.855492666238
14045.142362992434
14721.34960709081
14476.502087380473
14327.670583564877
13992.78209104859
14021.202091290152
14448.32841619117
14284.996154696511
14688.592402359061
13912.081358765801
14291.614989432572
13779.103343913383
13795.777325598752
13723.939713663949
13596.420486190198
14409.270616180875
14229.496019902512
14282.516752586105
14241.098306392341
14512.515567730119
14005.209728684247
14669.810307341531
14076.352666333463
14573.740132360044
13920.829172581567
13837.732238320918
14224.86047144876
14421.270616180875
14340.328070086794
13718.752558175322
14155.332569948278
14251.49523080328
14271.742870813041
14592.784644270187
14275.967365114418
14155.182418234113
14569.569764895488
14258.448055835237
13880.212586050555
13942.51909999584
14792.408735350626
14109.817966687866
14262.440226747047
14014.098110889958
14852.53736315859
14020.251554005843
14247.323641740662
13818.823059759483
14448.967422315014
14542.618249701769
13787.141197385554
14358.477909069212
14125.030982684793
14541.595351671356
14531.018571483686
14107.823343800492
13676.303347630674
14111.815979699739
14340.489531629386
14878.633071382967
14387.620239359698
13643.78812984585
14443.76735658439
13990.051506230968
14324.253452776788
14095.957413954455
14461.060121103119
14153.184776765846
14445.812455032325
14828.918831283503
13843.566335639043
14231.305785221408
14518.578935566042
13788.443698640034
14193.85172208062
14008.387509779937
14607.456361827348
14402.022057062408
14306.62853242804
14081.30619632817
13933.16614186749
13619.002385633185
14474.308144724777
13934.2962470838
13811.177712604234
14429.303011502378
14272.014659634482
13978.380657639367
14049.43272561478
13938.60426198345
14315.333002297375
14543.994041051654
14327.282675121325
14133.417965080433
14145.239224918896
14593.1127617551
14494.180104413183
14200.08780093322
14171.456634329526
14547.012286678953
14347.008092478885
14378.82841619117
14724.624860167021
13910.833835817713
14255.06838451319
14089.685005402347
14604.702629967906
13830.932737567791
13479.068139848296
13908.580511003813
14455.402121340047
14350.091741892673
14112.978083337011
13718.983814949672
14602.13722280052
13644.329753769221
14418.362301959238
14353.524857132046
13931.081793360778
14476.14794345089
14058.967647184983
14076.963303131497
14001.371457722262
14327.525315672012
13778.12059526768
13969.025173163021
13675.964149370748
14570.662287266987
14221.065634418252
13756.514980030006
14032.115260243936
14482.712633652136
14025.601017927813
13765.62471797133
14112.534420810292
14683.172483118364
14575.002411540137
14366.420764961784
13929.07661300121
13880.839596006332
14415.171871286782
14338.534786690749
14160.660735700541
14416.620239359698
14262.872667248925
14319.649180287883
14037.285220535117
14573.222665774918
14562.47028951403
14292.460614319794
14380.32841619117
14323.203969864662
13975.5034294769
14674.198082524877
14161.957759852605
14427.233115190613
13900.432737567791
13891.412874052505
14227.303654749443
13866.897981681375
13801.833727591977
13852.85817707128
14279.496019902512
14161.957759852605
14473.308144724777
13847.098520603737
14064.404844022047
14251.199313071727
14237.274266988361
14314.092219680999
14406.490540715648
14063.435900979466
14055.16399944417
14137.946621552717
14205.694698739337
14247.677164980554
13944.709728684247
14056.753734847352
14111.50438338244
14445.775266061995
13766.213865540623
14016.278931533729
14259.956634329526
14611.218663576143
14491.562383095032
14482.980816468245
14108.692135779012
14153.196921776294
14055.16399944417
14514.836746634595
14098.741568241445
14074.896328628696
13846.280809025291
14294.44305286199
14012.522077425725
13794.54823223848
14993.6425801701
14251.089076731989
14282.589076731989
14442.796790770035
14694.944960291026
14050.209221199688
13913.952801022206
14093.926782340703
14269.878968775236
14309.520851866522
14269.967365114418
14252.896530340327
14128.276851474044
14186.28628334829
14515.806741189253
13922.575967236246
14641.78427482096
13992.34633923804
14155.719797630167
14368.152337937578
14285.58780093322
14106.986900597281
14098.879999636887
14393.44574062909
14183.670546667157
14319.652337937578
14392.566145641495
14218.126736609853
14402.577754085463
14257.762431898738
14397.169210360673
13891.012919278784
14338.45619343892
14353.267910299237
14395.671186051493
13861.189913543003
14297.715232917639
13912.03015484831
14261.89853861289
13822.525966723742
14495.994041051654
14037.285220535117
13965.10204127575
14763.95959010891
14092.525966084126
14507.652515395557
14016.278931533729
13945.726115044585
14703.116375596272
14279.88469393446
14609.147835132706
14102.912984820694
13975.007006176014
14107.811073098965
14298.385926644742
14245.381698784495
14171.4118403372
13814.936616146128
14172.066003549115
14403.42095618332
14214.930085964499
14450.552517673948
13675.172679381856
14347.152994128766
14383.30613201863
14602.354555251164
14001.219229974742
14050.269805922617
14374.775266061995
13972.886900454601
14060.177215469128
14153.044547025173
14774.02782656809
14132.196921776294
14669.44446978102
14491.212633652136
14083.749279254636
14311.306788209818
14613.281038919069
14002.835395175776
14772.472153876477
15138.045290820643
14394.93874068703
14187.933440549896
14587.923611870385
14411.23596665556
13926.78209104859
14129.412964601954
14322.452309811146
14518.753790982184
14138.496328964311
14209.773640476726
14596.866331027268
14139.750728258574
14548.209294897968
14343.253452776788
14149.478593632602
14737.817633964167
13982.375865894901
14107.142362992434
14711.775419609818
14974.3625194798
14201.668569152478
14528.283491904642
13998.354778428495
14202.619024587642
13971.497750149607
14262.276815516607
14026.812053746495
13706.500973916756
13791.109298669933
13660.87959540737
14217.937656451591
14518.729748374919
14424.26275203051
13970.601639320203
13873.964173485076
14193.87277097359
14852.626870807278
14184.520068870104
13727.080735460826
14695.19409660445
14164.603205491645
14047.025469128474
14499.104583906292
14276.440226747047
14009.03918617138
14464.504084086848
13384.41335336409
14360.699585139197
14324.962297702414
14244.085206679792
14165.395362322497
14433.910304504972
13440.008067541321
14589.3766829025
14075.755022711493
14434.436115391707
14344.60855547571
13665.353521367866
14137.287539594108
14352.704097064006
14198.999892317477
14646.18699561344
14435.388834157213
14867.217600950124
14588.926339483782
14479.818893023978
14391.585641997937
13985.036865096909
13977.145581549152
14169.111589932343
13739.583978143855
14393.737259724358
14056.041667015375
13989.412779665474
14161.575763152685
13789.548043865254
14410.63567804903
14042.041021242878
14111.836691975219
14749.54899065992
14352.77403344075
14572.841276065741
14376.262475500365
13818.291385193379
14160.080187126683
14681.16624993563
14422.961182169154
14063.950196020962
13583.554216002289
14113.70589298224
14145.48555301788
14407.983935439503
14094.877368830914
13775.267426985054
13997.380054205121
14366.077754085463
14237.155375945362
14291.481883140734
14138.528178579505
13727.110720951332
14871.399145388676
14257.107322359288
14598.336108311138
13728.206906633537
14792.516528896536
14420.902519334484
14594.130125262014
14448.288849493383
14327.358043344238
14717.07152926784
14650.57061891626
14321.158745807124
14487.621280285095
14683.61629609338
14660.262748224484
14283.617910586352
14795.85018005233
13494.869794129318
14640.250155215506
13907.357795628375
14698.912469495499
14973.075476781056
13919.443962552226
14391.368381907394
13897.760972372762
14591.14980888183
13545.900804297939
14752.71461116694
14554.433922795075
14599.118476398566
14303.900679994187
14430.23504007616
14844.809735090976
14573.592402359061
14069.07060645944
13670.243561473138
14334.611201290805
14145.317966687866
14456.118128738366
14430.226217738946
14503.34340132545
14435.86197355116
14278.233672201366
14186.788523580874
14225.658226355865
14296.209298544461
14051.313999286183
14051.468275445028
14108.814324320978
13907.873758517899
14103.40708092566
14454.99142976845
13905.228281854506
14303.3686720074
14020.427877126243
14292.241076319695
13910.625350691467
14211.46811840203
14546.449001757124
13765.397243671387
14340.351852990063
14134.941817041074
14460.736655885607
13929.171351709654
14916.788779905499
14243.468999260926
14497.469988802593
14305.62680110301
14089.4720603316
14502.281038919069
14240.698461427692
14458.490320914254
14296.614989432572
14022.208195415042
14326.039339912875
14142.631819053768
14212.23557996317
14251.739926185299
14253.383480619617
14836.808791969748
14593.494041051654
14039.671564625489
14149.441817041074
14109.392630125752
14401.21500228019
14767.564741910443
14345.328298533597
15080.969268838366
14005.14728902796
13876.791229182121
14130.369470911583
15426.229532136133
14554.888594248156
14355.67510768915
14765.637816587754
14463.231022478707
14162.821997239573
14973.42209456869
14208.056285786535
14644.37453330317
14481.38563180205
14026.51435111355
14256.034998213405
14100.21881327715
14518.679749113682
14193.61212182062
14646.108424857342
14239.002884435906
14381.981864167847
14451.669937756955
14126.467647184983
14090.78171598247
14388.778204401859
13687.036051401255
14253.328901770203
13825.202026319532
13688.248504299003
14155.003661516528
13793.364316390342
14290.286279741076
13867.259079971453
14285.1389823981
13717.766330032811
13817.114313908498
13901.777048001299
15100.904727378587
14224.623726296448
14310.749089194656
14599.93680115908
13813.48566363387
14261.049341917305
14339.62266844228
14558.958519214457
14071.956056926414
14557.478127328717
13907.36085274907
14530.830109392822
14540.664863767563
14694.636634927741
14560.466034790135
13988.717116855638
14525.77442283387
14478.248645484433
14586.70168755142
13818.291132129269
13738.025999718997
14380.086216857162
14155.567496292575
13948.437620281005
14367.781857645783
14514.053946969032
14494.524598042752
14069.913749405172
14114.416954436809
13858.529842845584
14638.7932042646
14529.85648779931
15013.796336820731
14060.466410392553
14249.034998213405
14260.114135961605
14018.502886880886
14182.987149145303
14312.327205754254
15090.646021992305
13936.234921610452
14427.573309816138
13760.03990959242
13958.045023760358
13785.990668000723
14223.678676148995
14471.063487521194
14637.558890090497
14644.178594655144
14302.472216503487
13994.655547850785
14330.772201671392
14694.464316830934
14422.262412124479
13647.207580900464
13763.419741391563
14256.782241049134
14067.763947579111
14260.508900985322
14940.752839685843
14033.373850303733
13852.724054511995
14768.984464232404
14312.09183443953
14058.624887145768
14181.071552759542
14077.962086401347
14759.299113672008
14161.201143521466
14298.252658500702
14325.423884648328
14313.354034450964
14808.252210414805
13943.562265376513
14747.454722486027
14389.03447956292
14436.731673554059
14376.720569744308
14450.215622481132
14473.674921819582
14141.01518621411
14902.939162193892
14481.415836997721
14479.74718707456
14089.926782340703
13668.294628749496
14595.30346941691
14259.944289035187
14434.75041641321
14171.497488016534
14418.879089474214
13988.033260603668
14360.351755515538
14151.457413954455
14138.271497847296
14205.817966687866
13729.393127113768
14565.72092066249
14641.730226582229
14144.226822658768
13926.497686566516
14281.958472374346
14131.494076755494
14306.265393532773
14449.080886716858
14016.685070586991
14305.882934605412
14553.297007379768
14667.951918144241
14592.894104378924
14216.900128218174
14496.055188147882
14524.036212617664
13859.083073382348
14525.810072860348
14589.744737615647
14373.559009541323
14628.983803024155
14251.838420356311
13947.247556674181
14518.596330874243
14125.11212182062
14153.000240428137
14422.534152693514
14227.3601813798
14221.697782228426
14541.251347621976
14639.392258218524
13795.351825557513
14616.201063673328
13979.51822371551
14598.092402359061
13821.39279288411
13824.781141510153
13984.353212094962
14280.06838451319
14523.54708833451
13974.91811548536
14097.464269226924
13794.182381434413
14324.170636479881
14367.013986193953
13941.381577719116
14409.80613201863
14312.481864167847
13938.774042125802
14086.379232622348
14105.67446480889
13945.753061581185
14042.548262219294
14845.417446108984
14634.810440610448
14119.050724638531
13883.259037452039
14447.21796132219
13782.319427432354
14895.699175816757
14079.26845618152
14393.04204462965
14053.830563460813
14488.542333690573
14380.707792042658
14736.15829903814
13856.024666465693
14430.964857676196
14308.430560290022
13652.299237302992
13813.817632440829
13873.804973321578
14499.943965830269
13876.143719442956
14223.164804658052
14520.006259397607
14122.080187126683
14310.358296004038
13999.999048022568
14737.710341465716
14104.505104414156
14457.567019830163
14185.72904021016
14070.181449984866
14488.64422911016
13932.85817707128
13844.907889472604
14167.72742133753
13920.617499323958
14379.661912437157
13862.771518972517
14379.215147805417
14317.514659634482
14512.423611870385
14656.19551871841
14636.590595240132
14467.007032253658
14422.613649608818
14050.100902979197
14473.136374365666
13845.74561514191
14430.782070685273
15106.083270499385
14343.19042927862
14173.4118403372
14980.375817827635
14086.978083337011
14136.99833310017
14052.345201427108
14125.596705598084
14092.096705598084
13870.37440354595
14781.22036232061
14478.774956828993
14331.40446218171
14095.832122733347
14255.90224198063
13834.501779768501
14018.403387859466
14261.094149504339
14622.444463775766
14172.4118403372
13849.537234695925
14780.178762057545
14578.619027145913
14847.306734336624
14205.534284972404
14348.930348767366
14520.568907400173
14383.366381422738
14356.592219680999
14243.15346502271
14430.04975048424
14411.812221871336
14638.224156564382
13861.950467902398
13599.76618471934
14574.813960591897
13924.542361254995
14054.607673876531
14465.890275807307
14385.702457170608
14249.208806862023
14520.888255394286
14677.012868825275
14279.580593010252
14331.35106828517
14329.9307723829
14094.175828472795
13583.298687150014
14580.659895943465
14609.738549473394
14233.117580978114
14386.503724215052
14802.53736315859
14251.136447126371
14281.898682106721
14175.7522457572
13570.57468203602
13636.680100652804
14386.685802436261
14087.517343886255
14050.178676148995
14217.06722928479
14633.206630482815
14279.04362906478
14160.219797630167
14477.297683416664
14069.316435565876
14452.354992261895
14392.297658053943
14974.99796336269
14224.36247463422
14689.7126549029
14890.364685936289
13925.502332002117
14345.437700882225
14118.722331661002
14350.67510768915
13594.246600375358
14788.875908825836
14719.611141369249
14133.182678934429
13931.148748956648
14148.673134260023
13970.311160739855
14001.108912162681
14736.175749989497
14477.35792804974
14300.801194576274
14312.370125266683
13909.749749731882
14500.35422497754
14443.212051402134
15178.540438518843
14538.173492965265
13887.964180463936
13922.807863871965
14378.852157926889
14543.851907026858
14704.258675414447
14080.040280019042
14047.407635503478
13671.83002086862
14138.870921509506
14419.27403344075
14107.891891040928
14275.065634418252
14223.832402488215
14394.693663539269
14200.359123203614
13519.85820259965
14144.767921545614
14846.77070735041
14625.839559261967
14599.89003428465
14216.889847045526
13991.850348791748
13997.18773680997
14262.607322359288
14177.134934491618
13950.25331178328
13790.45878052285
14077.482749992638
14146.45982146274
14883.497522929214
14070.375621705083
13775.58210552376
14596.070007005435
14492.73504007616
14299.188835843006
14433.11450385354
13973.631746591049
14283.36102379631
14614.943414551666
14681.10588042225
14732.766002037082
13930.484015289785
14771.547443488587
13840.187747983267
14821.78023258067
14357.248611170307
14281.022236621659
14777.566747959489
15031.13460332113
14506.584082501158
13842.442799283332
14464.697378481049
14036.358862783474
13726.328371350326
14308.242746996388
14315.724693794795
14469.395354277522
14658.207077721592
14043.103281213807
13515.05461267273
14332.326631830383
14129.473443290346
14913.980305993118
14391.455195673425
14208.700236899793
14107.336691975219
14398.82841619117
13913.818650366831
14791.006919848887
14739.88086390625
14299.127761037458
14422.68538374195
14476.386773819584
14303.884637648409
13375.859547587028
14356.129532821496
14796.315901972037
14184.818237225943
14447.27095340106
14659.197040752106
14027.4338501494
14042.250587720959
14474.378593186932
14327.236318279532
14137.974441206658
14415.058882475148
14191.73938069379
14264.851576309478
14775.252577928397
14843.75641411583
14071.139118005056
14265.880108490468
14525.8968802516
14511.394252082951
14717.85018005233
14021.4242363423
14765.686891149198
14214.9118403372
14249.249089194656
14405.289472130082
13741.552827212428
14802.889265633206
14073.766103233842
14445.29076475131
14118.871206705076
13766.075430537445
14146.766773472526
14256.35190940522
14095.978083337011
14356.885634594559
14356.476797204816
13884.1142628505
14123.996285756451
14388.006654749552
14268.420515151161
14729.269360721164
14177.009958609582
14495.759091425532
14096.521161493794
14298.37251896407
14268.338420356311
14102.207440128643
14180.128948334883
13876.817650983934
14857.036138503418
14480.772068917868
14105.107673876531
14783.687691393936
14251.613134311596
14333.096846943043
14185.795157536593
14363.879702013879
13893.548572918009
14234.664804658052
14324.727987419288
14560.004084086848
14156.948951617645
14311.098606272091
14137.613452042891
13979.73365934371
13840.477038299767
14331.129739482805
13875.127507853238
13978.933955203764
14492.960535270306
14595.47798415236
14744.639179746964
14805.984464232404
13619.108165040105
13981.186770475699
14057.748708000297
14607.931484264127
14613.451255155182
14180.566003549115
14234.733026951943
14429.302525964578
14074.340833582512
14352.82841619117
13921.38898053366
13824.78128733327
14333.18470019897
14124.184416768894
14520.22092066249
14313.243420321483
14263.738638078006
14250.160451487729
13995.403073335689
14330.316690269003
14333.641514506255
14370.60042308667
13822.783214055697
14237.226739616235
14800.712216285983
14349.860255604173
14534.786672003245
14716.361387999326
14311.078005963152
14285.044472413998
13794.448055553152
14317.005559892057
14891.607283040545
13846.245629766048
14376.062008276142
14268.312346316807
14548.581262187387
14301.640084068235
14214.827513461654
14518.196138068262
14062.067807110077
14517.452798855471
13548.336563785397
13928.16136000761
13736.723545907556
13983.50246417104
14195.076589672974
13656.148918717465
14047.734529821251
14285.186854866432
14654.314695061112
13662.125448456116
14674.336662403257
13976.101228630441
13782.507721096443
13861.357885506692
14101.797924531746
14435.010364585109
14032.955273087748
14541.669503802294
14672.901793948091
14310.194879459044
14378.560121103119
13989.750391741585
14676.529464697243
14237.136913141501
14180.622779637588
14674.197007684845
13910.332896185166
14607.165842844022
13799.997535670533
14415.47688278263
14077.284757238644
15255.4512922311
14809.548293121961
14383.063592832503
14436.806619510066
14476.994766090751
14075.43823574641
13649.149402442159
14559.29584569049
14478.398723592896
14645.812129495587
13894.362712687069
14241.985635590701
13945.666713359837
14119.38615007589
14058.084150131675
14763.44954697266
14288.164172606814
14268.463472264284
13728.180100652804
14395.066145641495
14121.728132024895
14796.202362580203
14949.707048176342
14004.511937716383
14331.660451487729
13682.407359167686
14082.923803930158
14334.42915597821
14258.458327739569
13730.582683712235
14116.137289037004
14622.481303522132
14407.454151261569
14019.867367412742
14052.024232560396
14707.379503301232
14869.020257187007
14103.814324320978
15172.514771727669
14088.465284034148
14220.571552759542
14327.60855547571
14274.696628073038
14343.062288776622
14573.582127876782
13983.21571726977
14246.012114096258
14266.866013955341
13866.424319083468
14273.101776237552
14580.2563771764
14536.9387605652
14268.088915393068
13869.652605204537
14603.118476398566
14402.522329714147
14308.645876895325
14813.692273166209
14263.838254044736
13970.6256836687
14021.921211275287
13729.803347630674
14083.180302683186
14559.213668327251
13736.51598934396
14060.417655352167
13583.254012122215
14340.065388029445
14205.927965499142
14471.562383095032
14210.839433360075
13747.512967787667
14369.43794781162
14205.21944815124
14049.689949787742
14267.812346316807
14058.279338611057
14329.582666728384
14168.646818675732
14441.658998579116
14234.226739616235
13903.802904917988
14341.487681049726
14425.275266061995
14788.698442336003
13997.042058204388
14001.166718415887
14456.76735658439
13688.872930771808
14205.682897894167
14665.379020625356
14067.771497847296
13691.560238060385
14817.748883375047
14041.529715264096
14084.43584209566
14083.226978700353
14398.511064218106
14322.013466884991
14414.816327038401
14083.900029032084
14170.80262888122
14264.351576309478
14067.019995987404
14006.298029770525
14597.593486831267
14571.500973891722
14460.867024101708
13919.309591251724
14430.76394831549
14855.595619904112
14589.029816883742
13594.722885285104
14097.325742357372
14327.352125596884
14138.201143521466
14054.933088205824
13569.951229683888
14480.278155804652
13997.558717656686
14460.63350323628
