-12723.05020960034
-10489.243732666415
-10517.05020960034
-10430.737168723485
-11267.610327856919
-10836.024135560836
-10659.05020960034
-11754.628573484219
-12046.516802046852
-10837.534633826323
-11685.360339594612
-10632.941826761864
-10965.55020960034
-10258.05020960034
-11202.736591996296
-10231.657087913965
-11840.05020960034
-9884.771700267484
-10288.090295408821
-11082.55020960034
-12397.112270471154
-11179.923455507305
-10159.38534884203
-11708.41843798383
-10394.05020960034
-9561.12315292773
-12728.043751830168
-10101.55020960034
-10795.236591996296
-10226.05020960034
-10757.55020960034
-10500.327458994836
-9962.91843798383
-11685.128573484219
-9946.191864183858
-10786.524135560836
-10317.610327856919
-10723.236989967085
-10244.939110123752
-11558.850921682428
-11489.215157351062
-10339.774001734417
-9555.200732233623
-10981.901972193937
-11427.05020960034
-11780.478933858418
-12769.736591996296
-10733.110327856919
-11048.236989967085
-10202.550956497851
-15152.012266051986
-16570.610327856917
-14406.55020960034
-15860.53492072256
-19754.55020960034
-14788.55020960034
-18563.040747775987
-17757.628573484217
-14028.610327856919
-17085.023387975216
-11498.874999065465
-20500.55020960034
-20771.110327856917
-20397.05020960034
-16130.41843798383
-16036.981058269514
-16782.05020960034
-11747.024135560836
-19442.05020960034
-16112.55020960034
-15939.628573484219
-13033.696223664594
-18311.236591996287
-12338.91843798383
-13346.542334969507
-14412.706689504816
-19013.318763547257
-15936.28819698123
-16488.91843798383
-12843.236591996296
-16842.55020960034
-18699.112270471145
-14544.55020960034
-14896.05020960034
-16595.236591996287
-15331.128573484219
-16680.857457658563
-20049.540747775987
-17051.55020960034
-17766.41843798383
-19012.401972193933
-18375.05020960034
-15876.05020960034
-15567.41843798383
-15208.628573484219
-16779.05020960034
-17288.9247915479
-14958.526745945761
-18972.05020960034
-20072.610327856917
-16356.542334969507
-18829.685878116994
-16076.834341399126
-23176.112270471145
-16422.529072517613
-20294.01450179606
-18968.05020960034
-18040.543753505724
-20373.05020960034
-15611.512619434723
-18655.06530107347
-18189.41843798383
-23030.236591996287
-21013.05020960034
-18924.110327856917
-20992.41843798383
-12564.499150686863
-16024.112270471154
-18576.03704233038
-18341.128573484217
-19198.401972193933
-14244.55020960034
-17613.612274047002
-11635.05020960034
-17485.05020960034
-21512.05020960034
-19734.05020960034
-19414.41843798383
-18516.91843798383
-17614.363598004533
-21248.128573484217
-18802.628573484217
-18579.000832428268
-16344.05107885668
-19872.885348842028
-19277.736591996287
-17746.610327856917
-18860.05020960034
-21515.612270471145
-16599.54233496951
-17910.792523039956
-22620.944029199534
-20324.112274047002
-16004.610327856919
-18125.040747775987
-20036.053580652093
-18960.05020960034
-20894.54687028296
-21093.41843798383
-23041.55020960034
-23171.41843798383
-16539.05020960034
-13791.88534884203
-25255.55020960034
-22414.05020960034
-17261.51450179606
-25095.55020960034
-20295.170283487467
-23149.41359510942
-17457.635092017543
-19409.401972193933
-16529.05020960034
-16402.04375183017
-22361.236591996287
-21610.610327856917
-19478.05020960034
-20205.05020960034
-28267.043751830162
-23112.542334969483
-22950.55020960034
-19310.55020960034
-18422.128573484217
-21050.05275004023
-24548.05020960034
-25550.885348842028
-19379.75884726098
-23185.112270471145
-15454.91843798383
-26016.670283487467
-23911.628573484217
-20223.040747775987
-21171.05020960034
-24735.55020960034
-20065.000832428268
-22741.02668979503
-22263.040747775987
-23870.55020960034
-23616.610327856917
-27770.55020960034
-21568.835948644984
-20521.55020960034
-22156.170283487467
-23576.41843798383
-23714.55020960034
-22326.042334969483
-26127.215168311763
-22443.728557637936
-23170.042334969483
-22043.05020960034
-22065.05020960034
-25384.91843798383
-27233.05020960034
-25023.83434139906
-17902.708243560755
-25296.41843798383
-18551.110327856917
-25329.83434139906
-21163.07124124692
-22786.05020960034
-23486.55020960034
-19190.885348842028
-18776.6522512895
-28114.05020960034
-23346.110327856917
-19201.05020960034
-23273.628573484217
-16772.65126426551
-23606.529072517613
-23108.55020960034
-25719.736591996287
-24098.419729111883
-21580.41843798383
-21685.91843798383
-17133.736591996287
-26211.55020960034
-18984.91843798383
-23146.236591996287
-20415.05020960034
-17847.901972193933
-19561.55020960034
-19010.013230244465
-23020.91843798383
-27430.55020960034
-22130.83434139906
-25515.236989967085
-21790.612270471145
-20022.41843798383
-23338.901972193933
-20022.55020960034
-19518.41843798383
-16807.158556112827
-23744.51040610202
-25317.5720947725
-25779.41843798383
-25714.236591996287
-25548.55020960034
-25155.042334969483
-20889.542334969483
-22930.236989967085
-25526.4153056075
-29935.55020960034
-22496.05020960034
-23806.021514186774
-22750.612270471145
-26813.128573484217
-22901.91843798383
-26605.91843798383
-23467.697706671854
-23139.128573484217
-24236.040747775987
-22251.55020960034
-21255.236591996287
-20807.628573484217
-22880.05002252726
-19168.05020960034
-23062.110327856917
-26800.140035287877
-24142.04127514215
-25520.540747775987
-24330.05020960034
-24052.27454168016
-22183.795512775065
-22130.91843798383
-20526.685878116994
-30053.05020960034
-24418.566207239248
-24045.91843798383
-20615.77606087975
-20635.835948644984
-26391.236591996287
-20915.41843798383
-22317.15253650622
-22885.41843798383
-24690.6797999031
-31591.05020960034
-24548.360339594597
-25194.05020960034
-23106.637096643324
-26422.401972193933
-23651.848410511928
-28243.706689504812
-27115.05020960034
-18957.91843798383
-26254.970448897977
-19531.128573484217
-22895.543751830162
-23676.628573484217
-23647.0088369356
-25094.040747775987
-25541.000943775347
-15542.391267528159
-24443.05020960034
-24596.05020960034
-25802.236591996287
-21938.771627383925
-25313.91843798383
-26282.05020960034
-25861.826580909208
-28024.401972193933
-21891.112270471145
-26039.77454168016
-20838.927803420116
-22648.736591996287
-24651.112274047002
-25371.05020960034
-23945.550956497813
-27760.697706671854
-26479.55020960034
-27276.068004458986
-29397.91843798383
-27621.91843798383
-23841.05020960034
-24627.55020960034
-27007.05020960034
-26929.901972193933
-28387.05020960034
-27129.91843798383
-26634.197706671854
-25424.550956497813
-24448.55020960034
-31086.050956497813
-22978.710718211092
-26474.298903491665
-22468.885348842028
-26942.612270471145
-25684.159080206016
-24995.41843798383
-26596.610327856917
-27568.55020960034
-24096.05020960034
-27775.540747775987
-23157.91843798383
-25578.91843798383
-22713.128573484217
-15890.05020960034
-27350.55020960034
-26315.529072517613
-25668.042334969483
-23916.542334969483
-24093.074802978357
-24223.542343354617
-23308.236591996287
-27303.41843798383
-25743.110327856917
-25905.41843798383
-25318.128573484217
-24563.891267528157
-23205.2547993602
-25271.05020960034
-23371.03704233038
-24449.128573484217
-28125.55020960034
-28502.9153056075
-24201.040747775987
-20796.042343354617
-26855.05020960034
-25991.628573484217
-23307.697706671854
-24232.401972193933
-23938.401972193933
-24543.55020960034
-29851.41843798383
-22644.83434139906
-28120.342523252508
-26531.364415271386
-27328.401972193933
-25023.236591996287
-27739.697706671854
-24234.05020960034
-27433.612274047002
-27038.901972193933
-22431.422845329245
-21150.55020960034
-26100.529072517613
-23670.683710615955
-25591.901972193933
-29440.55020960034
-28133.05020960034
-24672.55020960034
-22242.91843798383
-29054.736591996287
-22961.05020960034
-26766.736591996287
-25177.55020960034
-25536.736591996287
-29509.55020960034
-26590.335948644984
-25301.042334969483
-23986.412621555362
-23696.17423658494
-26453.967124490668
-25280.027256408426
-28024.41843798383
-29105.901972193933
-23248.612270471145
-23113.55020960034
-22807.236591996287
-19913.062858094047
-23628.88551928672
-27088.44182676186
-30111.401972193933
-31263.236591996287
-22629.697881426895
-30669.94182676186
-29292.41843798383
-26074.610327856917
-23843.736989967085
-25707.042334969483
-25794.128573484217
-27712.55020960034
-29278.55020960034
-28176.604871601805
-26061.55020960034
-28125.41843798383
-27485.70466405258
-27818.91843798383
-26823.70466405258
-27426.112270471145
-26818.697706671854
-29067.736591996287
-27436.41843798383
-27527.401972193933
-25746.20466405258
-28088.41843798383
-28436.91843798383
-22683.91843798383
-26252.41843798383
-27003.851183652703
-30311.901972193933
-27183.87119222443
-22267.05020960034
-29781.628573484217
-28753.542334969483
-25882.736989967085
-30732.91843798383
-30892.05020960034
-23990.41843798383
-25543.05020960034
-26220.236591996287
-28729.060489075975
-28915.05020960034
-26222.19480470354
-22385.44182676186
-19478.51450179606
-26956.41843798383
-25501.55020960034
-22379.500832428268
-24354.236591996287
-23709.518166595786
-27354.55020960034
-28321.927803420116
-27086.736591996287
-30977.401972193933
-28263.907904854397
-25469.54273001561
-26830.69902726606
-17169.042343354617
-21587.05020960034
-31616.835948644984
-26263.55020960034
-36318.02907251762
-29478.210718211092
-26924.77454168016
-31718.91843798383
-30062.41843798383
-30305.91843798383
-29341.842523252508
-27225.542334969483
-27255.55020960034
-26595.55020960034
-27571.55020960034
-31658.401972193933
-30154.612270471145
-31603.05020960034
-31990.05020960034
-26213.901972193933
-26717.927803420116
-30604.05020960034
-32453.05020960034
-25552.128573484217
-21679.401972193933
-29035.170283487467
-23534.206689504812
-28981.724353879254
-24218.042334969483
-31388.128573484217
-26400.91843798383
-29507.360339594597
-26292.55020960034
-27911.128573484217
-30790.41843798383
-26905.042334969483
-26435.05020960034
-32382.55020960034
-26920.83434139906
-25275.042334969483
-23272.55020960034
-31163.91843798383
-22300.391267528157
-25567.91843798383
-36516.77454168104
-23639.91843798383
-30053.55020960034
-29531.612270471145
-29275.831559019174
-23076.55020960034
-25195.55020960034
-32053.040747775987
-30416.41843798383
-18519.842523252508
-32131.236591996287
-25482.128573484217
-28898.91843798383
-26653.110327856917
-33119.55020960034
-32080.83434139906
-30861.05020960034
-28687.901972193933
-26355.901972193933
-28202.91843798383
-26742.04273001561
-28145.05020960034
-30265.91843798383
-29703.27454168016
-31464.401972193933
-29364.540747775987
-31159.401972193933
-28874.574802978357
-28462.55020960034
-28784.41843798383
-33292.90197219395
-29081.901972193933
-29843.55020960034
-30375.41843798383
-29159.439438622754
-24959.41843798383
-27788.91843798383
-31546.112270471145
-18071.927803420116
-33638.55020960034
-32279.736591996287
-28737.065567550126
-31759.05020960034
-29113.92331031204
-29308.05020960034
-27099.05020960034
-30864.206689504812
-29298.77454168016
-31132.91843798383
-27614.695869010528
-24810.210998402188
-29312.042334969483
-30939.693553985566
-30648.41843798383
-25968.504780472096
-24739.236591996287
-28741.55020960034
-26040.112270471145
-29456.236591996287
-24433.521514186774
-25673.728557637936
-26534.41843798383
-31084.612270471145
-26262.610327856917
-23484.112270471145
-34604.90197219395
-28639.05020960034
-27647.55020960034
-32751.042334969483
-27124.669236697086
-28347.91843798383
-26350.621582147018
-26236.177155985548
-22079.140035287877
-31158.549577019963
-30463.83434139906
-20030.110327856917
-31933.91843798383
-29294.55020960034
-30412.63226304735
-28743.83434139906
-27650.901972193933
-28579.91843798383
-31452.542334969483
-29613.612270471145
-31931.41843798383
-32868.141391405195
-28724.41843798383
-33277.90197219395
-29572.112270471145
-27387.05020960034
-27900.05020960034
-31245.060489075975
-25042.610327856917
-33620.41843798383
-29639.55020960034
-27650.05020960034
-27935.91843798383
-30946.05020960034
-24534.55020960034
-29628.628573484217
-30802.319005013527
-24438.610327856917
-29179.91843798383
-30082.798903491665
-23125.542334969483
-29816.55020960034
-26988.55020960034
-30856.153512541176
-32825.112270471145
-28959.77454168016
-26825.3389308706
-34155.59735922188
-30957.891267528157
-32217.901972193933
-27154.736989967085
-20040.369627653803
-23290.41843798383
-32127.944029199534
-27031.55020960034
-30115.612270471145
-24910.05020960034
-28034.55020960034
-24707.401972193933
-22477.91843798383
-28333.55020960034
-30816.236591996287
-30074.385348842028
-32893.05020960034
-29868.901972193933
-28868.33434139906
-30901.55020960034
-28199.542334969483
-31577.55020960034
-31788.05020960034
-30506.401972193933
-30751.77235434894
-29795.540747775987
-30069.112270471145
-31005.963884105633
-29893.55020960034
-31741.658556112827
-32950.91843798383
-30840.91843798383
-28755.55020960034
-30578.41843798383
-22605.05020960034
-33932.83434139906
-32337.19480470354
-32196.542334969483
-28837.110327856917
-28146.610327856917
-35496.90197219395
-20339.628573484217
-24214.05020960034
-25474.021514186774
-28992.057566936288
-30472.391267528157
-29916.112274047002
-28998.042334969483
-27742.55020960034
-33342.91843798383
-32344.55020960034
-33288.55020960034
-30007.05020960034
-34760.55020960034
-17144.339365135886
-30338.41843798383
-31559.197706671854
-31396.000832428268
-23141.697706671854
-30601.645427286236
-30054.612270471145
-33493.40197219395
-30490.610327856917
-30374.83434139906
-32977.55095649781
-24988.901972193933
-28031.41843798383
-30811.55020960034
-32447.542334969483
-32661.197706671854
-30200.565051483336
-32608.529072517613
-31164.55020960034
-27662.043751830162
-29620.11972028613
-31945.901972193933
-31512.41843798383
-29214.206689504812
-29290.55020960034
-28491.91843798383
-33889.41843798383
-30067.875161298973
-31808.55020960034
-32986.93825225027
-30974.05020960034
-31594.901972193933
-25087.05020960034
-32898.40197219393
-30904.27454168016
-31332.05020960034
-37793.40197219395
-34734.040747775995
-29474.110327856917
-29707.33434139906
-32368.55020960034
-32313.112270471145
-31446.41843798383
-23070.41843798383
-30208.385348842028
-32590.401972193933
-24913.206689504812
-33220.41843798383
-33506.060489076175
-30677.901972193933
-24762.05020960034
-31393.901972193933
-31631.55020960034
-31511.55020960034
-33975.61227047117
-29598.401972193933
-31706.042334969483
-33152.05020960034
-34447.05020960034
-29475.536855975904
-33493.41843798383
-35981.40197219395
-36029.41843798383
-32089.736989967085
-31809.112274047002
-33735.040747775995
-30125.042334969483
-29763.901972193933
-33316.73659199629
-35440.040747775995
-33042.335948645006
-26845.021514186774
-32886.41843798383
-38089.40197219395
-29188.981720942367
-30562.252616025628
-30635.69902726606
-28456.55020960034
-32168.64137649682
-30482.19902726606
-31609.05020960034
-32416.197881426895
-35005.05020960034
-30800.41843798383
-25018.736591996287
-34761.33434139906
-34398.91843798383
-35697.05020960034
-32137.798903491665
-35293.11227047117
-37212.04233496954
-34978.55020960034
-37194.54233496954
-34229.04233496954
-34065.55020960034
-31440.41843798383
-30641.91843798383
-32348.158556112827
-37187.05020960034
-30100.91843798383
-26879.885348842028
-28052.110327856917
-30247.040747775987
-31065.51450179606
-31049.042334969483
-35069.55020960034
-31181.540747775987
-27734.91843798383
-32706.901972193933
-35860.54233496954
-28376.41843798383
-32355.851337449552
-24525.401972193933
-33450.7899144749
-32847.05020960034
-32579.05020960034
-33008.51816501559
-26814.236591996287
-36040.77454168104
-28828.292523039956
-35075.40197219395
-23342.41843798383
-35239.423632387945
-37346.91843798383
-34678.40197219395
-35933.40197219395
-31489.55020960034
-31270.901972193933
-30310.042334969483
-32926.12857348422
-29878.05020960034
-33710.11227047117
-26766.08406516055
-25696.05020960034
-25914.901972193933
-31115.41843798383
-33231.83434139906
-29508.05020960034
-30029.05020960034
-29686.170283487467
-29429.55020960034
-31936.48169966099
-33971.05020960034
-30409.91843798383
-32990.91843798383
-28219.55020960034
-21314.55020960034
-32616.55020960034
-30136.77454168016
-27094.891267528157
-36541.05020960034
-35569.91843798383
-30368.082727780187
-28730.391267528157
-34483.54233496954
-36439.21647078731
-26396.959058127657
-33537.83434139906
-31470.236591996287
-33789.54127514214
-30116.860339594597
-34065.05020960034
-32007.05020960034
-31477.41843798383
-34104.77454168104
-31979.060489075975
-29656.336312392865
-36809.55020960034
-29495.41843798383
-28765.901972193933
-32991.54233496949
-22668.27454168016
-33285.2107182111
-34025.40197219395
-30725.94182676186
-37456.23659199629
-29346.160425718266
-28621.021514186774
-34376.54233496954
-28372.15221802579
-17728.128573484217
-35878.540747775995
-33597.52151418679
-32180.69480470354
-27101.901972193933
-16730.128573484217
-33021.55020960034
-25144.55020960034
-32157.427803420116
-32266.55020960034
-16624.040747775998
-25369.885348842028
-32030.77454168016
-30918.91843798383
-33676.19770667187
-32140.05020960034
-35137.05020960034
-32410.236591996287
-32903.91843798383
-33845.91843798383
-32849.541275142146
-30323.54127514215
-26368.41843798383
-36557.55020960034
-30037.475170950936
-23866.61501548398
-34951.73659199629
-26523.91843798383
-35350.71071821114
-34694.55020960034
-31718.401972193933
-32961.612270471145
-32569.78205023237
-32768.55095649781
-22995.05020960034
-29038.112270471145
-35684.92780342012
-20076.55020960034
-32213.55020960034
-36766.540747775995
-33977.55020960034
-35084.40197219395
-31274.91843798383
-32246.236591996287
-36512.91843798383
-33429.7899144749
-34032.54233496954
-33725.05020960034
-32974.23659199629
-31104.236591996287
-24056.685878116994
-34094.54233496954
-35129.55020960034
-26546.401972193933
-33453.85133744959
-23047.612270471145
-32296.41843798383
-35807.11227404701
-21387.354766185115
-33673.54233496954
-24658.050956497813
-19638.27454168016
-27496.901972193933
-28594.91843798383
-34303.55020960034
-24453.085706715494
-26314.41843798383
-33128.789914474866
-34242.61227047117
-21529.55020960034
-32766.612270471145
-34114.91843798383
-34943.92874746254
-30625.307278082142
-37018.54233496954
-31692.55020960034
-29199.05020960034
-21025.05020960034
-34846.91843798383
-26666.55020960034
-31848.55020960034
-28141.55020960034
-25062.51450179606
-33450.91843798383
-25303.401972193933
-34362.41843798383
-32541.27454168016
-34447.91843798383
-31506.11802941949
-35198.55020960034
-32711.0947924091
-37664.40197219395
-32217.401972193933
-35798.46712207324
-29746.05020960034
-27852.77454168016
-34696.23659199629
-31226.55020960034
-25297.91843798383
-31752.05020960034
-33461.40197219395
-30222.55020960034
-13716.41843798383
-36119.41843798383
-31837.41843798383
-24723.91843798383
-16556.628573484217
-36090.55020960034
-30408.401972193933
-25867.594133123483
-29674.41843798383
-31583.05020960034
-36304.23659199629
-34481.32627691097
-33308.05020960034
-33280.05020960034
-24042.27454168016
-25115.33434139906
-36112.92575740609
-25994.401972193933
-21202.91843798383
-35746.91843798383
-24510.009799482763
-34001.91843798383
-36255.90197219395
-18468.960971598597
-24774.047575370292
-37032.55020960034
-35461.05020960034
-19398.610327856917
-31577.736591996287
-32893.91843798383
-31743.236591996287
-32804.91843798383
-30679.711813447837
-30458.375161298973
-32058.540747775987
-29713.112270471145
-22968.05020960034
-39234.29893630378
-25097.885348842028
-23558.112270471145
-31578.401972193933
-33931.27454168104
-32002.736591996287
-36242.27454168104
-31184.70466405258
-31966.55275004023
-30310.042334969483
-39056.77454168104
-30705.105936496915
-34720.27454168104
-35043.540747775995
-30935.05020960034
-32378.042334969483
-31959.41843798383
-29497.91843798383
-22964.610327856917
-24037.874526328993
-27729.16174426405
-30733.41843798383
-23647.628573484217
-32356.05020960034
-30757.354766185115
-34444.05020960034
-35140.05020960034
-23505.040747775987
-30195.736591996287
-22401.652526239053
-29492.504602947793
-28001.613333336198
-28623.5298417106
-16294.05020960034
-31211.76402292161
-28824.19480470354
-27965.19902726606
-22251.05020960034
-17550.628573484217
-28792.69480470354
-21210.110327856917
-34296.55020960034
-33376.91843798383
-25730.529072517613
-26180.55020960034
-32319.41843798383
-22270.05020960034
-34882.55020960034
-22246.05020960034
-30524.19480470354
-30952.55020960034
-33745.41843798383
-38130.540747775995
-20126.351337449552
-33254.94182676186
-24924.542334969483
-30856.05020960034
-37256.55020960034
-37535.05020960034
-30603.05020960034
-24464.41843798383
-23593.55020960034
-31239.401972193933
-33184.57480297836
-36729.61501548409
-31421.94182676186
-32434.112270471145
-36103.41843798383
-31954.401972193933
-36616.90197219395
-29358.354766185115
-32989.40197219393
-33558.60510286958
-16764.83434139906
-18403.05020960034
-28186.292523039956
-31528.901972193933
-27138.542334969483
-30403.628573484217
-34427.2899144749
-28497.94182676186
-28877.500832428268
-34468.59373720921
-32951.91843798383
-36829.40197219395
-33788.55020960034
-36949.90197219395
-24513.91843798383
-30452.27454168016
-32758.060489075975
-35434.55020960034
-24641.901972193933
-28632.41843798383
-14456.236665652428
-32365.77454168016
-35419.40197219395
-30224.41843798383
-25345.419729111883
-32410.925120489268
-20351.05020960034
-19966.236591996287
-28589.542334969483
-36035.23659199629
-20786.542334969483
-23814.073712955145
-28602.91843798383
-35265.55020960034
-17194.123686437593
-34516.05020960034
-33179.05020960034
-33257.41843798383
-20464.55020960034
-35557.40197219395
-27317.83434139906
-21586.628573484217
-32243.55020960034
-19705.77454168016
-29808.986321174943
-22379.41843798383
-23580.062538879472
-32955.54074777599
-27948.05020960034
-30795.55020960034
-29488.236591996287
-33367.04233496954
-16651.263559722607
-31070.901972193933
-30459.41843798383
-23734.062858094047
-19440.19902726606
-28547.05020960034
-27614.41994099499
-34845.05020960034
-16729.41843798383
-32683.41843798383
-33514.23659199629
-19425.112274047002
-32090.28036846252
-21121.835948644984
-24070.05020960034
-37615.55020960034
-21828.05020960034
-20165.41843798383
-13062.185878117
-18388.55020960034
-17411.342523252508
-40245.540747775995
-32101.55020960034
-21124.44736870511
-19977.391267528157
-28170.4247915479
-28468.697706671854
-30689.05020960034
-22208.51450179606
-25903.112270471145
-35225.21517504015
-32619.401972193933
-18216.91843798383
-29375.401972193933
-28637.05020960034
-34911.91843798383
-26273.05020960034
-18645.289914474866
-21870.55020960034
-24539.41843798383
-30897.19902726606
-32887.90197219393
-29964.986321174943
-29191.54127514215
-21160.55020960034
-34447.41843798383
-35236.54233496954
-25966.41843798383
-32618.042343354617
-20353.79540838462
-32692.901972193933
-12558.540747776
-30682.55020960034
-28464.70481328885
-33555.41843798383
-35421.55020960034
-22336.236591996287
-28012.77454168016
-17966.05020960034
-19244.55020960034
-21359.128573484217
-21665.027256408426
-32243.41843798383
-34119.91843798383
-13756.681256784332
-28547.521514186774
-30073.91843798383
-32227.41843798383
-16950.170283487467
-15336.441826761864
-35951.91843798383
-22228.612270471145
-32099.901972193933
-25544.736591996287
-22132.318770826416
-26603.040747775987
-22695.110327856917
-23630.610327856917
-24987.55020960034
-23654.41843798383
-38656.040747775995
-29583.05020960034
-38046.00083242828
-26980.236989967085
-30063.05020960034
-35075.33434139906
-28287.685878116994
-30440.628573484217
-34230.40197219395
-32413.023513179884
-29126.41843798383
-28803.585706715494
-31643.05020960034
-33297.73659199629
-19111.44439126624
-21285.91843798383
-34318.05020960034
-36568.47086520162
-35006.55020960034
-16232.834341399126
-31825.03704233038
-35186.40197219395
-32667.411920580616
-22070.298903491665
-19190.464057575882
-37354.90197219395
-30078.901972193933
-15132.110327856919
-17723.648376543915
-34958.90197219395
-30903.05020960034
-20563.05020960034
-19207.736591996287
-27517.54687028296
-30549.042334969483
-34717.05020960034
-27792.41843798383
-35127.90197219395
-36407.54233496954
-35744.90197219395
-34878.21515735108
-16939.94182676186
-28773.542334969483
-17591.612270471145
-21938.540747775987
-17272.05020960034
-22075.41843798383
-14356.734050460042
-28315.540747775987
-15867.685878117
-18191.924807550997
-23736.43121120591
-29729.901972193933
-31260.478933858358
-28804.731664691237
-17346.41843798383
-25195.545937969615
-31128.029072517613
-24234.05020960034
-16589.236591996287
-33062.05020960034
-25393.41843798383
-16476.8651114292
-28875.542334969483
-21160.05020960034
-16132.759442873356
-29415.91843798383
-28534.610327856917
-33773.55020960034
-17830.112270471145
-35380.40197219395
-17936.128573484217
-17656.513230244465
-31116.901972193933
-17480.866649727617
-13360.02907413761
-20260.55020960034
-36459.91843798383
-41339.55020960034
-29800.05020960034
-28063.540747775987
-14510.628573484219
-36218.41843798383
-31693.20466405258
-34913.90197219395
-23503.420469982102
-29177.560489075975
-27552.027256408426
-17172.623686437593
-26767.706689504812
-26091.236989967085
-30686.00773690505
-23591.542334969483
-17288.545860196587
-31142.27454168016
-34797.41843798383
-29987.69818374864
-33692.55020960034
-20252.789914474866
-17841.468741964833
-33741.40197219395
-14538.360339594612
-20167.55020960034
-34300.44182676186
-38556.41843798383
-15738.236591996296
-17795.05020960034
-21100.41843798383
-28413.55020960034
-26010.560647867995
-18120.110327856917
-30510.891267528157
-18694.736591996287
-25658.628573484217
-27061.91843798383
-18692.863598004533
-32268.55020960034
-31730.05020960034
-31119.778704543547
-19961.83434139906
-36985.90197219395
-27984.042334969483
-19829.736989967085
-37975.55020960034
-33663.04829463488
-31958.05020960034
-32155.41843798383
-19805.44182676186
-22108.05020960034
-32305.05020960034
-21469.55020960034
-16812.292523040007
-31573.736591996287
-21352.05020960034
-23336.901972193933
-31237.401972193933
-29160.17339072328
-18708.901972193933
-37001.91843798383
-35902.11227047117
-20152.236989967085
-23898.354766185115
-17468.33434139906
-33937.91843798383
-36892.060489076175
-17520.628573484217
-17399.02827146074
-29746.110327856917
-32050.401972193933
-16181.05020960034
-26675.112274047002
-27537.560489075975
-17316.612270471145
-19346.55647347217
-33139.851337449545
-19372.05020960034
-35565.91843798383
-29001.185878116994
-30245.05020960034
-27927.468741964833
-23401.901972193933
-31751.901972193933
-17362.05020960034
-17129.128573484217
-30151.13003044564
-26935.128573484217
-25239.41843798383
-24010.91843798383
-31949.05020960034
-30112.542334969483
-30827.77454168016
-25930.41843798383
-22313.912792528008
-17667.41843798383
-37399.83434139906
-25254.55020960034
-17054.040747775987
-29545.41843798383
-21178.891267528157
-26485.19902726606
-18334.55020960034
-22441.042334969483
-18878.83434139906
-28468.27454168016
-16375.70823759319
-27413.41843798383
-20573.91843798383
-23600.542334969483
-19856.670283487467
-27709.042334969483
-23849.658556112827
-25978.94182676186
-20962.41843798383
-19697.236591996287
-22159.901972193933
-29767.91843798383
-25725.128573484217
-20599.348410511928
-16490.91843798383
-29755.978933858358
-28555.53704233038
-18439.159080206016
-23906.042334969483
-33918.90197219395
-31456.401972193933
-33166.90197219395
-15644.123686437602
-18784.355577341466
-31607.27454168016
-17621.22514339837
-31164.042334969483
-32696.560489075975
-33565.40197219395
-28450.55020960034
-32182.77454168016
-14654.538690658388
-20159.110327856917
-31452.19480470354
-34123.04233496954
-18408.128573484217
-19594.236591996287
-35816.04233496954
-21105.540747775987
-15966.628573484219
-31329.41843798383
-34610.11227047117
-24961.292523039956
-29365.112270471145
-29711.41843798383
-24266.594133123483
-35572.91843798383
-32806.92780342012
-17774.88551928672
-21306.040747775987
-27416.702992111186
-21300.128573484217
-27587.55020960034
-33165.23659199629
-26812.236591996287
-27054.05020960034
-35417.23659199629
-35195.55020960034
-37258.91843798383
-36855.542409350106
-20435.736591996287
-32267.736591996287
-30141.83434139906
-30441.91843798383
-19712.05020960034
-14914.41843798383
-33171.0132438915
-19814.789914474866
-33234.83434139906
-24908.042334969483
-34249.91843798383
-34946.93655633855
-28304.351337449552
-20685.901972193933
-22558.112274047002
-30511.91843798383
-22911.05020960034
-28836.33434139906
-25979.697706671854
-19844.736591996287
-25681.540747775987
-32195.41843798383
-17665.91843798383
-34225.57577043978
-37456.55020960034
-30904.300266383136
-21306.112270471145
-18969.012343920193
-31460.77454168016
-28132.91843798383
-14689.110327856919
-31843.27454168016
-18874.41843798383
-35944.55020960034
-15501.694804703668
-33497.52151418679
-24294.542334969483
-34757.73698996708
-36428.05020960034
-18239.112270471145
-34496.05020960034
-27151.685878116994
-31441.954202298555
-34716.27454168104
-37953.91843798383
-29539.401972193933
-18662.706689504812
-36209.55020960034
-21431.05020960034
-28198.851337449552
-31019.401972193933
-34560.04233496954
-35882.54233496954
-25572.185878116994
-28263.112270471145
-35954.91843798383
-35223.23659199629
-35895.40197219395
-23769.41843798383
-29975.401972193933
-23475.923747022192
-15834.41843798383
-34173.45921001369
-30268.042334969483
-36028.55020960034
-30653.05020960034
-36120.052750040224
-38373.62857348422
-29751.04127514215
-32625.401972193933
-25350.91843798383
-36278.55020960034
-17141.82021492619
-26753.03704233038
-32462.74658028925
-26751.685878116994
-31806.289914474866
-26817.05020960034
-33199.40197219395
-18867.55020960034
-16958.764121937973
-36213.91843798383
-35180.41843798383
-34202.040747775995
-22670.91843798383
-32825.41843798383
-20854.901972193933
-31763.41843798383
-22541.798936303847
-23361.27454168016
-33501.90197219395
-38620.540747775995
-28143.83434139906
-20384.55020960034
-29907.83434139906
-33162.75261602563
-34152.90197219395
-33821.19480470354
-20156.33434139906
-38180.74525760769
-30140.05020960034
-34763.11227047117
-32416.05020960034
-36736.141376496795
-19923.540747775987
-38445.05020960034
-27331.128573484217
-22714.481451769927
-23147.363598004533
-17777.085706715494
-33246.91843798383
-39353.41843798383
-17802.623178691334
-37097.05020960034
-34608.05020960034
-36497.35133744959
-32560.360962626622
-35010.040747775995
-32577.91843798383
-36945.40197219395
-34769.05020960034
-20578.009232075852
-23934.55020960034
-24710.83434139906
-33156.90197219395
-35628.55020960034
-31889.854766185115
-38870.94182676186
-36207.978933858496
-33417.55020960034
-32383.55020960034
-33020.05020960034
-24705.55020960034
-20274.710718211092
-32309.042334969483
-34329.04233496954
-29982.55020960034
-31774.91843798383
-33626.90197219395
-25282.927803420116
-19806.55020960034
-28687.05020960034
-19130.05020960034
-33160.90197219395
-26311.05020960034
-28023.19902726606
-22605.05020960034
-22999.521514186774
-38288.38551928672
-33672.25261602572
-39900.40197219395
-20319.55020960034
-24838.769111091286
-20349.91843798383
-21463.798903491665
-36886.90197219395
-24550.050956497813
-20383.185878116994
-24728.628573484217
-32008.54127514215
-29160.901972193933
-32412.401972193933
-34288.05020960034
-35890.41843798383
-35036.90197219395
-30415.05020960034
-34489.54234335463
-30634.05020960034
-35398.923632387945
-38245.18758475716
-33121.55020960034
-35225.860339594605
-35104.05020960034
-33168.199027266055
-36797.05020960034
-17194.628573484217
-37056.91843798383
-32741.042334969483
-33720.41843798383
-36178.848410511906
-35705.540747775995
-37346.05020960034
-32866.90626602413
-22957.69902726606
-29705.27454168016
-28173.212901742525
-29473.042334969483
-30200.05020960034
-19124.41843798383
-34637.90197219395
-34452.05020960034
-29366.41843798383
-32091.05020960034
-17918.401972193933
-23868.91843798383
-29723.901972193933
-36676.585706715494
-38623.27454168104
-31800.360339594597
-31557.197706671854
-36837.73659199629
-26275.401972193933
-35086.91843798383
-31441.978933858358
-28374.05020960034
-38152.85133744959
-37652.84252325253
-42004.040747775995
-25067.92000253574
-35259.62284521297
-34287.90197219395
-37279.72257371984
-37808.27454168104
-34201.91843798383
-33761.540747775995
-33051.41843798383
-34542.90197219395
-32287.33434139906
-33975.77454168104
-20703.920927364954
-36750.55020960034
-35311.41843798383
-35345.359804770545
-37751.41843798383
-24263.55107885667
-33984.05020960034
-42022.55020960034
-36903.55020960034
-33049.41843798383
-19293.560489075975
-35652.77454168104
-29443.901972193933
-16569.110327856917
-32465.891991629112
-38589.05020960034
-32108.77454168016
-34318.55020960034
-27396.360339594597
-25316.195869010528
-37584.90197219395
-32507.736591996287
-17043.55020960034
-25751.05020960034
-38180.55020960034
-22523.91843798383
-33911.54233496954
-27581.55020960034
-17642.69902726606
-30976.05020960034
-32922.05020960034
-20056.05020960034
-25374.55020960034
-33943.90197219395
-37892.04233496954
-23759.08759352747
-32826.112274047
-34535.05020960034
-31207.05020960034
-35298.90197219395
-35111.91843798383
-26313.901972193933
-33764.54233496954
-37665.29890349167
-21975.55020960034
-28157.060489075975
-32299.542334969483
-28586.021514186774
-18430.685878116994
-19872.927803420116
-34135.08655117063
-31019.341825728243
-37567.05020960034
-38919.66602297936
-16516.05020960034
-35819.05020960034
-34000.41843798383
-37556.55020960034
-35495.05020960034
-24781.391267528157
-37465.83434139906
-19272.91843798383
-29894.55020960034
-29273.13226304735
-30981.736591996287
-32835.274541680155
-41514.55020960034
-31036.145427286236
-37588.11227047117
-35413.91843798383
-36754.507736905114
-26568.901972193933
-40678.91843798383
-29148.542334969483
-32456.612270471145
-33098.874526329
-32224.05020960034
-37305.05020960034
-35298.90197219395
-32645.901972193933
-36766.540747775995
-23924.112270471145
-34330.27454168104
-28659.33434139906
-27440.901972193933
-24826.41843798383
-32126.901972193933
-17719.55020960034
-35373.44182676186
-30239.05020960034
-36161.55020960034
-31802.63003044564
-23616.798903491665
-37606.204664052726
-19185.043753505724
-25558.41843798383
-34121.73659199629
-21265.91843798383
-34096.79890349167
-24495.128573484217
-41075.77454168104
-23665.050956497813
-28100.542334969483
-37089.77454168104
-25608.063168488152
-26654.55020960034
-32615.529072517613
-32741.112270471145
-39948.77876869567
-34634.44580804862
-24523.21515735104
-28387.05020960034
-36218.77454168104
-22577.610327856917
-31740.117791240944
-32917.40197219393
-36008.05020960034
-28111.64259128171
-36425.40197219395
-28473.55020960034
-36228.41843798383
-21832.05020960034
-24252.185878116994
-36230.91843798383
-25899.901972193933
-34517.03095756316
-33134.23659199629
-39130.40197219395
-32548.298903491665
-26064.968741964833
-35329.04233496954
-20834.05020960034
-33935.41972911191
-22001.91843798383
-29682.55020960034
-34186.04233496954
-26074.19902726606
-31757.77454168016
-33935.90197219395
-26569.697706671854
-35859.860339594605
-35527.52907251762
-31610.752616025628
-34648.40197219395
-30268.628573484217
-35366.41843798383
-30638.901972193933
-31365.891267528157
-29825.236989967085
-31819.05020960034
-37285.61227047117
-20181.697706671854
-31997.88551928672
-35193.05535713999
-35809.41843798383
-38096.25726133236
-38302.77454168104
-37356.55020960034
-32204.560489075975
-36184.40197219395
-24865.83434139906
-17892.07546024722
-27339.91843798383
-34572.56249747436
-19702.110327856917
-36162.41843798383
-26294.05020960034
-32940.55020960034
-32131.55020960034
-20650.885348842028
-34088.41972911191
-25008.05002252726
-30724.901972193933
-33199.91843798383
-39150.33434139906
-18210.247109248365
-37682.41843798383
-34233.22364528213
-33058.40197219392
-34574.059204228884
-18679.042334969483
-28699.110327856917
-33113.05020960034
-17414.180355480396
-36496.83434139906
-35613.91843798383
-20744.169236697086
-35161.90197219395
-34630.91843798383
-31827.91843798383
-35331.41843798383
-28472.55020960034
-36338.77454168104
-31730.05107885667
-37445.77454168104
-19313.354766185115
-37104.90197219395
-25047.401972193933
-32629.77454168016
-30452.110559461635
-29021.55020960034
-31903.736989967085
-22648.058668748774
-38404.90197219395
-28568.05020960034
-35751.44182676186
-18407.05020960034
-23418.55020960034
-35508.40197219395
-26985.7695180412
-32009.55002252726
-35708.69586901053
-28769.851337449552
-19503.236591996287
-24395.91843798383
-40502.05020960034
-30444.236989967085
-34929.04233496954
-40265.41843798383
-37360.32962899679
-30775.05020960034
-37008.05020960034
-37137.90197219395
-33438.91843798383
-33353.040747775995
-34972.11227047117
-25188.685878116994
-38446.61227047117
-36913.91843798383
-39897.90197219395
-32524.185878116994
-33579.97893385834
-22115.610327856917
-32355.05020960034
-35936.40197219395
-35984.05020960034
-35587.44182676186
-31895.236989967085
-29945.427803420116
-36757.55020960034
-39460.90197219395
-38301.40197219395
-27266.112270471145
-37321.05020960034
-39889.04233496954
-36962.33434139906
-37540.348410511906
-36910.77454168104
-32437.110327856917
-36839.05020960034
-22579.51450179606
-33479.348410511906
-20294.593745009086
-31438.38551928672
-21791.8402793946
-40927.11227047117
-29589.550956497813
-32045.401972193933
-32430.05020960034
-35489.77454168104
-37320.27454168104
-34680.3635980046
-28024.41843798383
-24411.91843798383
-22750.55020960034
-35756.90197219395
-35607.54233496954
-38382.90197219395
-36246.23659199629
-37781.540747775995
-24779.560489075975
-38450.91843798383
-33658.11464758029
-38034.90197219395
-25559.427803420116
-34307.05020960034
-40111.05020960034
-35895.40197219395
-25002.91843798383
-28463.97284667374
-38147.77454168104
-38923.040747775995
-29677.060489075975
-33457.41843798383
-33341.05020960034
-30900.55020960034
-36748.27454168104
-34488.540747775995
-40030.90197219395
-40038.23659199629
-35152.90197219395
-34250.05020960034
-22117.41843798383
-37135.90197219395
-33391.79322635974
-38204.77454168104
-25483.91843798383
-37669.54233496954
-34788.65200312004
-39050.060489076175
-38448.90197219395
-36379.91843798383
-25340.401972193933
-37176.55020960034
-33205.56048907598
-30826.401972193933
-34804.54233496954
-38510.54233496954
-34936.05020960034
-35963.05020960034
-35649.83434139906
-36223.40197219395
-24578.901972193933
-38426.55020960034
-31230.798903491665
-34507.77454168104
-30301.83434139906
-37206.05020960034
-23066.401972193933
-25521.391267528157
-35720.55020960034
-38586.04233496954
-36956.40197219395
-34139.27454168104
-25383.640035287877
-29176.91843798383
-29353.060489075975
-30945.20466405258
-34718.91843798383
-36820.22257371984
-39356.90197219395
-31758.27454168016
-34090.540747775995
-32271.236591996287
-35721.91972911191
-32358.042334969483
-38631.61227047117
