14051.882338139567
12815.095486448934
14485.535368192355
13306.528505520553
12817.718200587351
14316.307939426642
14424.34606353114
12489.65875962064
15666.907761476703
15388.987791975862
13601.210419422665
13973.682138950966
13878.704026061205
14722.595486448934
13912.983952118248
11911.507976607581
15293.521332055867
13122.178206544637
12559.678206544637
13315.623434126337
14002.178206544637
14008.007976607581
15607.035368192355
16247.035368192355
12877.124743180035
14417.994592309788
15586.77293891981
14128.303350852406
13600.035368192355
14526.48460861581
13663.095486448934
15579.577229302537
13228.00552047078
15159.947653284198
14326.095486448934
13564.595486448934
12429.077229302537
12868.595486448934
13099.095486448934
14861.947653284198
13237.535368192355
12775.377781250201
15761.077229302537
12236.558470964643
14518.614609246966
12743.178206544637
13632.595486448934
13414.918828960344
12333.844381812276
13209.178206544637
12055.095486448934
14270.095486448934
14162.86412614398
13987.114609246966
12939.394413681264
15678.535368192355
13478.234408092409
15195.614333515778
13401.026362275434
14152.595486448934
14891.035368192355
15903.060405877159
13086.460545058193
12802.621343684516
12944.419209598796
15006.407761476703
14461.897925303223
13513.989896182196
13127.925264287036
14312.289320620062
13511.401531706719
15409.98460861581
13495.248626574063
13206.04190437605
14308.580873482213
12923.790813158836
16225.947653284198
15227.289320620062
14389.289320620062
14348.638485829719
13798.34606353114
14201.02143197682
12654.590237845776
14169.178206544637
14362.035368192355
13783.535368192355
14448.907761476703
14193.026362275434
13399.595486448934
14053.027464949208
12890.792246161669
14144.269200786412
13502.127785072833
13401.042121582052
13516.218200587351
13920.093260696869
13341.720599168428
13113.633168950615
14787.405123971597
12221.595486448934
12263.62637490826
12970.640774656946
12992.535368192355
12494.535368192355
15008.668042169622
13694.026362275434
13251.094393998992
13674.535368192355
13408.535368192355
14260.526362275434
13968.789320620062
13908.993347452337
13180.793358878678
13406.244105608079
13339.178206544637
13390.535368192355
15757.220599168428
12528.035368192355
15562.771492500462
16502.947653284198
14440.156099493193
13588.22740025317
15780.535368192355
12471.374756657215
14192.890229466213
16628.03344518821
12240.93351946819
13710.907761476703
13927.595486448934
12553.086289324345
13325.708932591944
13349.595486448934
14311.007976607581
15162.535368192355
13907.076133775994
14710.095486448934
16752.114609246975
14035.225819206953
19559.046216299543
13898.188147231644
14748.535368192355
17519.165570376663
15033.662929330088
17023.28932062006
14614.640499105206
17822.364126143984
15410.039238653128
14620.356662920534
14430.00179264642
19188.165570376663
15443.035368192355
13263.038025590393
13424.434429132709
12520.55909994785
15589.545530883495
14601.007976607581
12562.90831525635
14502.99748182311
13890.678206544637
17139.67820654463
15494.026362275434
16468.947653284198
14043.487220248364
13988.095486448934
16103.458361461775
14105.289320620062
14911.36412614398
11924.095486448934
14844.029558732984
11866.665908223225
14748.013937667887
12332.095486448934
18529.17820654463
15344.178206544637
15128.682138950966
14985.665570376676
12987.083111440228
12558.526362275434
15473.317536628105
13577.566319776446
13507.008008240724
15114.095486448934
12810.94673522867
14534.095486448934
14512.16446643955
12872.261081845234
16545.347087702503
18842.560318521
14871.36412614398
13969.095486448934
15409.727452289393
15920.218428955886
14528.089621584628
15211.22740025317
14145.720240006578
15508.907761476703
14309.678206544637
12549.986401194845
14168.457354860555
14736.3641241886
14154.595486448934
12115.030695071206
12698.593725223145
15641.521332054657
14216.341286535999
14868.48460861581
14451.501353730639
14031.823729591582
13917.303350852406
14229.577229302537
15742.095486448934
13814.705969443592
17035.595486448932
12949.304113178347
12339.036709645261
14085.535368192355
16008.535368192355
14113.290155934179
12991.118622404872
13354.526362275434
15744.402272260413
15170.535368192355
14577.521332054657
14404.5656567562
16213.595486448934
16127.001285524297
14239.162988694841
14317.099269796945
14074.535368192355
13314.035368192355
15666.907761476703
12440.132866828617
12830.511981805455
15785.095486448934
13625.035368192355
13313.224379677744
13602.099173098552
15450.535368192355
14414.488324851021
14224.595486448934
15499.526362275434
16007.178206544637
14290.595486448934
14591.178206544637
12831.282873031396
14907.595486448934
13604.178206544637
14470.595486448934
14903.817536628105
14456.001353730639
13295.19820011631
16576.095486448932
14431.035368192355
13772.509294152851
14416.270884930855
12252.035368192355
15095.447653284198
12517.095486448934
16479.026362275436
14133.035368192355
13448.535368192355
15725.507976607581
15357.991977230293
15681.095486448934
13615.095486448934
14470.521332054657
13567.595486448934
16936.17820654463
14380.782873031396
17503.42006379624
13163.625887033113
14940.678206544637
14831.526362275434
15473.407761476703
13003.035368192355
12681.021332054657
17890.56631977643
13258.178206544637
17048.026362275432
15131.90227434577
13310.919045159288
12275.403627585194
14237.095486448934
15563.532857981661
15423.114609246966
18029.447653284173
12220.73509398293
14234.089601851743
15396.92096111148
15331.535368192355
13888.48460861581
13839.53205037518
15824.577229302537
16174.035368192355
14515.535368192355
14482.035368192355
12529.281402556093
11372.535368192355
13379.084796303847
14785.719006486672
14177.509294152851
13810.392969750868
14460.817536628105
14419.244180616342
12374.725819206953
14762.535368192355
15847.797811569575
13554.095486448934
13235.89707917263
13533.640774656946
14693.789320620062
12565.086289324345
12943.243762831016
13639.48460861581
18170.447653284173
13938.46659541482
15073.458361461775
14297.489171331705
12634.595486448934
14747.890096742443
13717.689470621868
16905.140691443597
12623.403861356259
14492.92630025406
14409.592703448625
14087.677567809706
14486.09163417638
18744.073215874017
15964.035368192355
16012.095486448934
15694.105789859372
13192.289320620062
15169.035368192355
14672.595486448934
12576.789320620062
14502.907761476703
14223.865279862259
15490.185406948398
12851.522814714055
14146.595486448934
13283.321912075462
12915.970375982575
17157.44765328419
13469.343312073184
16746.902272260413
14472.026362275434
19200.112149703764
16900.035368192355
14820.001353730639
15022.182366862333
12632.221976041945
15008.501353730639
19186.18345460724
13545.021332054657
15089.678206544637
13195.070304702907
14030.595486448934
13900.035368192355
15524.635335383111
16731.390229466215
14050.862150776424
14539.749280529986
12768.905642399694
16713.092703448623
15291.227452289393
13836.116278345311
14225.178206544637
17523.501353730637
16339.119528669056
14784.014684650287
15921.035368192355
15409.18852029771
14321.552498804585
13728.490840591858
13824.595486448934
12698.178206544637
15055.014684650287
16891.595486448932
14512.59463717551
16804.90776147671
14040.517660587502
13501.46239796671
14177.233566904926
13782.291310738561
14669.595486448934
13012.095486448934
15248.035368192355
16544.364126143977
14513.039238653128
17824.908397510495
12861.405642399694
15082.535368192355
16943.466595414822
14343.705765537814
13445.007976607581
12051.035368192355
13793.549957635909
14116.564876429115
15225.535368192355
14403.526362275434
14787.095486448934
13518.026362275434
13348.77993763399
14382.678206544637
12579.303350852406
18068.99084059185
13100.530547694734
13018.664375594659
13456.832742910876
12959.905642399694
12838.535368192355
14169.590275294184
14214.47930129857
11589.545195665662
14243.007976607581
13440.325422811724
12856.907761476703
16352.678206544637
13737.089810329076
13472.233976061547
14137.535368192355
15145.78877665367
14336.458361461775
13029.012876274835
13267.855816673873
14458.595486448934
12093.577875471188
14442.56140775736
14425.407761476703
13312.095486448934
14553.958361461775
12232.586289324345
13825.20780159063
13812.067375096818
14546.035368192355
15850.070328472944
13824.720599168428
15588.289320620062
14714.032857981661
15257.035368192355
15626.535368192355
16075.782869384193
14124.376104184204
14197.678206544637
12918.218200587351
13726.693183590594
14099.039238653128
15261.021332054657
12952.803350852406
12899.001353730639
12832.035368192355
16177.095486448934
16201.095486448934
16971.67820654463
14247.937290068043
12919.289320620062
14759.220644090601
14615.595486448934
12399.210098336627
17102.0844156801
14054.678206544637
14716.595486448934
13156.547586413293
15607.595486448934
14563.308871648169
14631.047384017023
14652.035368192355
13228.095486448934
15083.614609246966
13838.665570376676
16217.178206544637
16631.803350852406
12845.942744881475
15263.289320620062
12654.535368192355
13297.095486448934
14530.592624429355
13728.535368192355
13332.789320620062
15790.817536628105
12533.035368192355
12660.033100881046
13728.605365022555
15917.907761476703
15823.526362275434
13799.678206544637
15478.87927932555
13277.004032233453
15935.49932997324
13523.766067685665
13691.035368192355
16694.67820654464
14008.789320620062
12127.576992093085
15852.067640881693
15411.244167669778
14326.001351282837
13624.095486448934
14944.095486448934
14336.946169005998
15812.344326747714
14288.046130047522
15435.178206544637
12446.095486448934
14671.035368192355
13321.794312033304
12939.02143197682
13011.095486448934
15519.089621584628
14735.560405877159
16525.28435370185
16081.407761476703
14507.823767553446
14008.015753973537
14670.926488758438
14450.96290016998
16405.976868797803
18353.282869384184
14770.178206544637
12820.387184332996
14244.36412614398
13083.507976607581
11745.528754858586
13902.168063159304
14207.178206544637
13571.035368192355
12866.652209852035
14158.543118716147
16435.846973480322
15117.495297730615
17247.406798815617
14591.455110596364
14205.19820011631
12648.092964801075
14451.24379694621
12203.180768168868
18246.408397510495
14443.001353730639
14320.776228872252
13906.507976607581
13098.595486448934
15054.526362275434
11506.15692438815
14279.789181531441
14483.007976607581
13922.530138602384
15448.260155999289
12675.437975866635
13649.40227434577
12931.535368192355
16625.614609246964
14574.947653284198
12822.511981805455
12823.521320530388
15642.737527778836
15362.535368192355
14545.161082012706
16395.770884930855
13893.535368192355
15096.002543494735
13742.178206544637
13764.007976607581
15444.220599168428
13041.035368192355
15253.269297384271
14495.678206544637
12790.306703512784
17524.026362275432
13055.874775158554
14203.595486448934
15265.595486448934
13394.595486448934
13508.678206544637
16346.092703448625
13876.019319304267
14515.007976607581
15359.678206544637
17070.364126143984
13311.095486448934
16250.234359342132
18271.720599167747
15840.678206544637
17713.595486448932
15255.645529626798
15212.958361461775
13705.095486448934
13554.161082012706
13764.039238653128
15039.035368192355
14082.82133963517
17221.526362275432
14424.789320620062
12862.595486448934
15477.459983211273
13483.95416889992
16366.23221203671
15482.701406016971
16580.165570376674
18552.407761476697
14478.595486448934
17161.94765328419
15293.001353730639
12657.218200587351
13080.535368192355
12832.058658402573
16146.678206544637
12084.94264778909
14460.526362275434
14750.035368192355
14026.719006486672
12660.595486448934
15620.501353730639
14945.958361461775
12124.184133326005
15356.178206544637
13293.064516030701
14413.680768168868
14194.402272260413
12414.535368192355
15317.803350852406
15387.08976994168
16435.907761476705
15601.24505429605
13991.784933855824
13751.09262659837
13532.595486448934
15158.535368192355
15808.095486448934
13649.905642399694
15668.770884930855
11853.19390512561
17170.989743406655
13975.611757249668
18334.026362275432
14596.317536628105
12482.789320620062
13945.595486448934
13228.035368192355
14977.303350852406
14330.595486448934
13034.595703867706
13078.095486448934
14657.72740025317
13390.814635853736
13543.25633820068
15558.303333949943
14270.837335232922
13610.595486448934
17342.864126143984
14769.026362275434
15071.472610801555
14308.959959965765
14128.035368192355
15121.987104195197
14125.592641347952
12952.945907973855
14805.678206544637
14036.230033675516
13002.535368192355
13300.59163417638
12200.556379452079
16316.947653284198
12808.595486448934
15880.317536628105
12809.035368192355
16562.095486448932
14019.282869384193
13839.535368192355
14261.727452289393
14810.01087822491
13943.006795260064
13635.035368192355
14543.535368192355
14148.114609246966
14940.791904163007
15406.178206544637
14754.749280529986
16277.092703448625
17708.375074152318
13070.989171331705
15712.507976607581
17893.720599167747
14385.678206544637
14476.344381812276
13228.140774656946
14583.501353730639
13205.095486448934
13202.114609246966
14636.001353730639
15289.200692548797
12583.643106056466
13897.509305558062
14154.535368192355
16282.178206544637
13961.521332054657
13980.77336349696
14440.457354860555
13981.009294152851
14589.507976607581
16391.595486448936
15218.115340888302
16099.317536628105
17312.947653284184
13849.991330709065
12369.009294152851
15031.178206544637
14160.026362275434
13433.53270853576
15383.41566906614
15363.61825494433
14155.817536628105
15215.76720632303
13355.060405877159
13147.921737851748
14654.035368192355
14450.501353730639
12320.035368192355
18024.577229302537
13992.595486448934
14528.313092669528
16358.035368192355
16646.001353730637
13911.187597951663
14152.092703448625
12857.595486448934
15504.785174673094
16212.026362275434
15118.678206544637
13037.104715220423
14247.678206544637
13395.514125153926
13270.095486448934
13945.319546698907
15098.178206544637
16055.007976607581
17510.03923865311
15414.095486448934
15009.128241540297
15226.520102813854
14030.665570376676
14830.595486448934
11876.526699061464
16563.661722676767
11864.975860867293
13831.48460861581
14631.114609246966
13894.80209860193
14795.96659541482
14218.035368192355
12309.017660587502
14220.289320620062
18075.28932062006
14975.407761476703
15349.535368192355
13384.282869384193
15659.278548829348
14308.319119495904
14052.007976607581
13229.844381812276
14019.178206544637
14493.218200587351
16731.589621584626
17657.535368192355
15468.095486448934
12886.595486448934
13523.035368192355
12923.030640604376
15119.535368192355
16368.035368192355
13843.178206544637
13445.566962284112
15874.678206544637
14986.803339628967
17035.577229302537
16246.678206544637
13855.007617709884
15512.035368192355
12927.595486448934
13831.044409650327
14686.237200059326
14162.535368192355
13462.035368192355
16213.035368192355
13526.595486448934
14676.268926707982
13331.289320620062
14528.764946209249
15036.501353730639
13501.542621420813
14123.509294152851
16110.595486448934
14673.627989311963
13609.289320620062
12742.521350865618
15196.556212978538
15304.678206544637
13236.595486448934
14458.25635480713
14573.0186535913
11747.448850394705
14145.248626574063
14119.507976607581
13263.059399797095
15023.595486448934
14726.491498864296
17094.476868797774
14717.595486448934
13333.095486448934
14006.345099495933
17649.418828960304
13988.317536628105
13110.706749062
13351.147118376019
15007.23221203671
13973.040976257484
14666.196716306817
15087.317536628105
14986.595486448934
14069.535368192355
12970.595486448934
15111.727883254407
13183.086289324345
16462.228517892436
14693.577229302537
14588.447653284198
15807.957354860555
13832.535368192355
14016.905123971597
15028.990840591858
14647.095486448934
15325.095486448934
16265.77293891981
15433.407761476703
13092.035368192355
14032.312617586851
13135.08126678754
15837.035368192355
13786.095486448934
19382.447653284173
18362.661076039098
14480.789320620062
13919.495265779875
13565.40317892768
12919.20376267492
13435.01704849233
16797.535368192355
13075.47035046114
14536.486039942693
16579.605789859368
16158.535368192355
13129.17656426773
13994.289320620062
14841.053210152018
14637.289320620062
13919.509294152851
13456.158816655434
15499.589601851743
15048.035368192355
13021.081779901393
14624.947653284198
15215.595486448934
13502.001353730639
14047.595486448934
15847.86412614398
14399.748626574063
16121.846050160406
18213.67820654463
17925.983371491482
12547.654719354863
14110.762048871511
14245.907761476703
15478.801413839961
15894.527415040855
15548.789320620062
16101.303350852406
13551.035368192355
12797.130078251674
13270.160211346647
12621.719839018466
16936.17820654463
16017.458361461775
12866.75836106732
12966.289320620062
14172.178206544637
13562.947653284198
14838.665570376676
14855.568779314808
12632.095486448934
14177.403366900482
17326.668073773282
13632.22740025317
14805.095486448934
13137.178206544637
13966.095486448934
13283.089761832429
11860.535368192355
14588.526362275434
14787.678206544637
15670.178206544637
13763.181207728525
13800.289181531441
13154.539534531315
14237.34606353114
12579.534947202103
13983.48460861581
14988.16323798852
15321.36412614398
15198.595486448934
13993.095486448934
15694.219006486672
16684.67820654464
14637.035368192355
13196.650723786504
14221.095486448934
15742.035368192355
11953.095486448934
14245.678206544637
14834.991498864296
12996.590275294184
12679.007976607581
14071.595486448934
13213.535368192355
14960.678206544637
14079.192784880328
15680.052498804585
17483.682138950946
15318.947653284198
13439.48460861581
17887.874011315555
13663.535368192355
13707.13174047058
14517.782869384193
12995.001353730639
16118.595486448934
17166.28932062006
14848.035368192355
18349.72745228935
12513.407112169421
12656.07211648998
17635.218428955737
13179.156153306274
15957.25857445324
15115.495475961008
14122.755368181788
13706.595486448934
14443.689069759304
14512.48460861581
15828.526362275434
13181.631058910396
12827.991087218375
16823.67820654464
14386.130909178233
13329.609993416936
13370.19390512561
14200.526362275434
14335.98460861581
14581.535368192355
13462.035368192355
15885.007976607581
14850.604715220423
12476.507976607581
15337.115295693726
15115.77293891981
13991.98879742855
20042.035368192355
16283.095486448934
15502.595486448934
15180.490840591858
15077.048384179387
13327.289320620062
17277.67820654463
14531.026362275434
13914.118520278163
17320.095486448932
14217.638485829719
15274.178206544637
13355.226276329584
12991.595486448934
14190.596955617539
16374.535368192355
15780.008545770712
12737.860304394013
14279.335086360208
14424.178206544637
17654.577229302537
15210.535368192355
15220.095486448934
14573.320858704254
16390.987791975862
18553.033445188154
15014.095486448934
16937.095486448932
13891.789320620062
14356.878372276915
14945.220599168428
11108.681340448142
16443.595486448936
13023.035368192355
13383.23065195293
12425.752807199431
15897.007976607581
13363.035368192355
14596.036955299622
16202.035368192355
14149.107517255788
16609.461180667004
12434.535368192355
13477.526362275434
14785.075862435608
13133.281402556093
14364.589621584628
16531.22740025317
13495.289320620062
14912.096312436634
14075.030907638937
16170.282873031396
15661.678206544637
14513.580873482213
15085.507976607581
14026.289181531441
13130.317536628105
16136.178206544637
14338.299242359335
14612.535368192355
13582.560405877159
13053.289181531441
13838.095486448934
14509.007976607581
12464.508002418625
12511.535368192355
15093.407761476703
14177.447653284198
14691.180768168868
14134.220599168428
14556.026362275434
17653.640061138758
14996.530640604376
14840.407761476703
12874.332421598816
13116.007976607581
12753.24693012604
15098.595486448934
18609.035368192355
17233.447653284184
17869.595486448932
12967.289885699269
14318.095486448934
13760.902272260413
13474.535368192355
14032.989912411762
12860.249280529986
15439.947653284198
15166.517845688828
13118.113732076234
14749.85836768254
12061.539534531315
17253.035368192355
15078.17353312808
13937.535368192355
15531.220599168428
14640.09163417638
14114.681371808714
18618.001353730637
12929.114609246966
14250.095486448934
12878.726613653454
14775.83672481923
13182.501353730639
13045.789320620062
15019.535368192355
13302.035368192355
15598.035368192355
15373.789320620062
15389.227883254407
13731.447653284198
14115.178206544637
14352.621796917965
13384.289320620062
12399.595486448934
15393.96659541482
15522.095486448934
14724.458361461775
14015.737185769189
13858.492938253792
14016.441131644764
12846.772096878183
13819.947653284198
15854.526362275434
15472.407761476703
15402.577229302537
15335.47930129857
14245.095486448934
14431.095486448934
16891.178206544642
15006.178206544637
13401.132992541414
14642.718428955886
14154.026362275434
13447.677253034713
17513.035368192355
15961.595486448934
14348.84692315473
13107.85328610219
12247.053799667707
14238.445814593575
12865.789320620062
13940.942374561924
15020.843202765716
12924.071538372322
16381.227452289393
15719.047121144818
15549.535368192355
14561.762868633192
12961.095486448934
17065.095486448932
14191.544433098425
13736.86412614398
16521.98460861581
13553.095486448934
14279.016963025806
12727.389297833633
15524.007976607581
17187.026362275432
15580.026362275434
15002.178206544637
14582.18908599897
13665.605789859372
14761.678206544637
13313.225819206953
15533.535368192355
12924.285028759508
17127.535368192355
13167.574691276282
14522.595486448934
14357.035368192355
16154.957354860555
17469.458361461686
15066.678206544637
17452.988699780173
17582.720599167747
15494.457354860555
14049.647118376019
13136.47035046114
15006.98460861581
14489.282869384193
15479.220599168428
13559.40227434577
15087.418828960344
13811.095486448934
12010.320426603408
16087.535368192355
14925.095486448934
14859.121309935426
14800.095486448934
13989.595486448934
14233.510648466076
12522.935976526254
15239.178206544637
12592.509294152851
14773.535368192355
14294.666191816545
15664.007976607581
13617.535368192355
13033.289320620062
14968.518827373753
17941.17820654463
13711.907761476703
16806.666346038193
13129.025418932359
13923.178206544637
13594.72740025317
13781.344381812276
15340.678206544637
13004.678206544637
16187.678206544637
17693.947653284173
14126.616849180215
15238.496148619595
15982.09163417638
13883.253214193008
18489.49091772627
14522.98460861581
14400.178206544637
14496.535368192355
14676.256424943906
13407.727480144235
12815.907761476703
15128.717547498396
15850.595486448934
13856.292590417428
15970.063028159111
14808.958361461775
13992.969594768658
13438.48460861581
14454.039385910994
16224.491087218375
13734.595486448934
16069.678206544637
14908.095486448934
14480.01211016676
14137.282873031396
15675.310511495169
12259.787967447446
14385.407761476703
13028.095486448934
16694.48460861581
15378.678206544637
14690.844326747714
14325.026362275434
14277.186183470269
14642.577229302537
13096.095486448934
12396.926488758438
13826.948750060566
14997.0213333158
15610.925264287036
19277.029868175054
15023.026362275434
13882.86943836657
12317.678206544637
13276.178206544637
13987.299521845247
12880.46659541482
14561.035368192355
12820.915147968823
13417.595486448934
12314.426488758438
12899.027118632728
14611.240139558186
17337.517845688817
12234.648730035013
14760.817536628105
15386.101100207447
14552.026362275434
14966.535368192355
14214.554308041841
12081.289320620062
16472.67820654464
14136.092624429355
13495.996450354864
12144.566897094703
16101.720599168428
13742.0186535913
16036.007976607581
15557.98460861581
14300.039238653128
13484.060405877159
19030.317536628063
15859.927079042694
15186.614609246966
11706.344381812276
14276.521332054657
14878.001353730639
15224.595486448934
12805.044075253943
13989.661076039118
16456.095486448932
13688.026362275434
16059.678206544637
15292.035368192355
18582.595486448932
14979.127697596854
14989.035368192355
14251.381790662323
15015.678206544637
14943.678206544637
14432.82133963517
17077.67820654463
15470.789320620062
17441.026362275432
16765.535368192355
14550.218428955886
15422.535368192355
14121.678206544637
18346.07160810994
15685.62342622323
15541.606063595507
14718.035368192355
13065.14607937036
15179.874011316313
15747.035368192355
15765.330314357085
15492.271492500462
14574.309229976681
13322.680768168868
13387.678206544637
16442.36412614398
14714.035368192355
13013.11714479187
12284.595486448934
16970.44765328419
13591.789595208122
14369.665570376676
14647.526362275434
20779.420063796162
15814.535368192355
13893.844381812276
14582.824514455917
14437.095486448934
16068.678206544637
13852.36412614398
17612.114609246888
15243.331080293037
15011.0213333158
13589.907761476703
13526.765589506282
16642.64310605647
12862.640774656946
15360.595486448934
12387.98460861581
12750.844381812276
16298.035368192355
15752.27293891981
13340.526362275434
13341.240181919615
13455.09883419194
14980.178206544637
13135.745837801325
13938.595486448934
15304.007976607581
13693.526362275434
15121.947653284198
15443.720599168428
16280.128386457445
14806.458361461775
14728.48460861581
13466.267672806687
15639.947653284198
14669.035368192355
17307.317536628063
15405.535368192355
11909.595486448934
15632.22740025317
13269.180510100381
13584.086289324345
13102.501353730639
13440.845163864467
14139.095486448934
13542.36412614398
13578.501353730639
16804.458361461773
14319.035368192355
15976.487104195197
15316.178206544637
18398.007976607576
14403.90905677325
16354.007976607581
14093.035368192355
13079.941983615481
16566.595486448932
14057.595486448934
14619.595486448934
18418.727400253163
13195.380615589538
19238.139258639214
14630.958361461775
14076.526362275434
12715.752807199431
18065.595486448932
14216.33916996973
14899.035368192355
13073.143106056466
12468.804233223444
13054.34360327236
14040.031663734233
13206.614609246966
14754.507976607581
13006.035368192355
15326.054658584626
14152.899758671398
14129.289320620062
12602.46659541482
13918.595486448934
13339.86412614398
13458.640774656946
14558.535368192355
15436.66375682429
13093.095486448934
16498.70599942779
18737.095486448932
13014.077229302537
13693.40679881562
16539.17820654464
18288.595486448932
14602.122075770312
16586.535368192355
13872.147118376019
14002.035368192355
13461.535368192355
12381.197994773296
15265.095486448934
17342.09223805022
14542.035368192355
13091.511015187367
16665.501353730637
13535.17353312808
13955.864714461686
15994.678206544637
13388.536663128323
13646.501353730639
14200.095486448934
12687.332133731845
15091.535368192355
14944.035368192355
12531.530547694734
17488.49084059185
15374.035368192355
13965.026362275434
13040.173600548162
13851.035368192355
14368.24558304208
16584.166346038193
13720.289320620062
13669.289320620062
13514.178206544637
14730.209804022836
11950.238915072403
13153.595486448934
16291.521332054657
16378.127697596854
12798.592703448625
17961.095486448932
15932.90227434577
13475.595486448934
15771.789320620062
13697.595486448934
13949.614612771222
16188.095486448934
14924.501353730639
12286.019831948819
13567.095486448934
13124.188147231644
14615.178206544637
15671.105789859372
13727.623962698655
12761.715223552703
14521.535368192355
14941.095486448934
12445.789320620062
19382.026362275432
14226.535368192355
14293.563236019223
13141.178206544637
13132.179612171629
15040.535368192355
14676.592703448625
13506.907761476703
12675.22109068599
14065.092641347952
15889.46659541482
14253.095486448934
16061.178206544637
13483.095486448934
13841.188147231644
14633.53234196424
13026.218200587351
16328.823535839132
14120.768926707982
14551.535368192355
14274.080873482213
17502.67820654463
13069.535368192355
16360.958361461775
17107.17820654463
14740.035368192355
13139.567522070747
14244.595486448934
12899.02143197682
13312.535368192355
13170.248626574063
15618.526362275434
15173.36412614398
14728.584880118025
12929.022361824947
15847.095486448934
14852.988699780442
15348.086289324345
17924.095486448932
13145.111578132384
14311.035368192355
14015.178206544637
16021.987791975862
15082.682377251787
15808.026362275434
16591.095486448932
17195.447653284184
17207.24846227509
16379.532857981661
15844.526362275434
13520.526699061464
14657.416673502194
14651.773031108538
15650.095486448934
16037.178206544637
13063.789320620062
14295.457354860555
13113.154260067915
13934.153387734812
15566.614609246966
13416.771492500462
15600.40516203322
15966.526362275434
13667.595486448934
12411.19820011631
15456.577229302537
13876.296346586603
13030.907237812931
14518.530907638937
13617.820265447832
14687.535368192355
13831.98001246153
12873.095486448934
13427.038109534951
13580.178206544637
16456.28932062006
13498.632817165913
16958.81241815649
14461.782873031396
14012.472610801555
16501.535368192355
13204.035368192355
17470.035368192355
13227.567640881693
13312.50219577032
14884.784933855824
13886.972610801555
13568.742180431407
14786.303350852406
12847.095486448934
15018.498379497176
14335.566325891932
13250.591494463026
16795.74862657406
15470.526362275434
13566.586289324345
13780.508064080463
14944.803339628967
16011.40516203322
14971.178206544637
14749.584415680098
14059.178206544637
15514.480899368515
13681.362238487978
16993.595486448932
15150.016709910555
13805.595486448934
13491.074701990605
13521.595486448934
15372.507976607581
18756.595486448932
12235.320733147833
13530.595486448934
13557.411411872237
14400.488398661058
13922.86412614398
14506.595486448934
13631.823955540613
13998.826190737602
17084.007976607576
13305.115295693726
15545.461187461564
14674.178206544637
16025.095486448934
14774.035368192355
12663.095486448934
12948.557576087906
16903.007976607576
13633.035368192355
17968.595486448932
13829.026362275434
15268.490840591858
14312.509294152851
14377.905123971597
14686.599132846679
15799.095486448934
14437.535368192355
16003.976868797801
13115.009294152851
15602.540976257484
14931.48460861581
12457.001353730639
14017.678206544637
12832.535368192355
14580.943116283916
15288.344326747714
13037.095486448934
15349.178206544637
13515.507976607581
14126.586289324345
15064.095486448934
14604.039238653128
13426.785028759508
13356.957354860555
13381.640774656946
12367.595486448934
15129.039238653128
14398.78808936317
13582.510942178576
19658.182377251662
15368.706168449411
15184.947653284198
16142.490840591858
12930.595486448934
13617.823471496782
14529.447653284198
15017.271492500462
13368.487104195197
14097.434906874609
14172.011386817037
14615.124580214024
15493.990840591858
15527.920063796242
13138.011833379122
17411.595486448932
13290.095486448934
14323.092240610555
14604.077229302537
15518.520102813854
13001.252807199431
16493.535368192355
14502.077229302537
13826.573583474266
15298.501353730639
18272.282873031374
13219.513604984051
13587.027464949208
14064.289320620062
14628.095486448934
15373.178206544637
15516.178206544637
13844.595486448934
13721.222986346009
14104.312617586851
16297.09163417638
16361.095486448934
17354.46659541452
17359.517845688817
17421.317536628063
14562.026362275434
16766.535368192355
14009.526362275434
15391.095486448934
19127.987791975833
14848.526362275434
15458.289320620062
12760.86412614398
14694.595486448934
14040.095486448934
15444.5213333158
13446.095486448934
17399.769297384253
13732.595486448934
13702.095486448934
15564.591255846508
14222.095486448934
15221.234036071659
15934.546216299612
15782.469594768658
12699.035368192355
15599.416178956573
13139.44846611585
14823.614609246966
14701.035368192355
12807.509294152851
14342.16741387864
12905.589621584628
14859.595486448934
15728.958361461775
15647.095486448934
15456.535368192355
15565.48460861581
14670.507976607581
14954.165570376676
13531.026362275434
13423.974008353407
17211.46659541452
13610.678206544637
16280.282873031396
16750.035368192355
17308.17820654463
14349.595486448934
14065.047603400906
14790.578744419689
14028.526362275434
15035.083975994343
14513.035368192355
12963.026362275434
15730.947653284198
20181.28932062006
12764.630078251674
17355.507976607576
15253.407761476703
15402.69058496239
13022.960545058193
15239.8641241886
17762.521719908942
15899.48460861581
15321.539238653128
13906.66969524688
15930.458361461775
16191.007976607581
14672.077229302537
16776.67820654464
15427.535368192355
15746.001353730639
16013.092703448625
13226.569738128715
15246.875069471542
12517.41772951392
14689.289320620062
13135.539534531315
12613.178206544637
13147.02143197682
13439.22740025317
13399.095486448934
15272.469594768658
14262.458757635357
15316.991977230293
13183.688147231644
14553.035368192355
16025.507976607581
14399.577666617592
17658.28932062006
13641.121302069567
14216.726672436962
13713.035368192355
16844.032857981667
14990.095486448934
14194.761527605198
14027.845099495933
13728.050435570207
15334.095486448934
14896.48460861581
20076.487104195137
12768.07410269019
15679.178206544637
13486.582600733935
14851.095486448934
15519.595486448934
17206.117488195807
13652.035368192355
17348.77088493078
17748.17820654463
14541.16491654459
16335.678206544637
15869.178206544637
15057.947653284198
15031.035368192355
17123.03471754389
13866.178206544637
14872.447653284198
14768.193828265223
15404.934906874609
15839.907761476703
13487.125375556085
15094.219006486672
13238.509294152851
14513.310110227807
16378.114609246966
16248.095486448934
17042.595486448932
14399.035368192355
14712.535368192355
13214.035368192355
14038.334708789287
14088.026362275434
15096.457354860555
12216.789320620062
15179.595486448934
12764.984147765255
13129.084415680098
14804.50805677989
14420.46659541482
15189.032857981661
14556.947653284198
14491.532857981661
15452.595486448934
15167.923260960275
12426.95100708713
12693.627862916164
13344.844381812276
16419.17820654464
16761.67820654464
15300.907761476703
18026.5213333158
15696.535368192355
15779.179457719678
14360.360173355319
16434.248626574063
12562.196203250362
13209.779209929715
15069.289320620062
14382.907761476703
13179.69843320943
13436.060405877159
14348.095486448934
14667.77293891981
16895.864126143984
14537.095486448934
13927.035368192355
13166.355315408973
16207.535368192355
14479.007976607581
19236.546216299543
14391.400204349695
14829.612050259648
15211.001353730639
12798.750412377698
15658.227452289393
13929.486039942693
13690.678206544637
14588.021332054657
15275.526362275434
13833.595486448934
17235.24862657406
13666.532987334278
14083.035368192355
15404.545791861066
13254.052498804585
14048.526362275434
14564.86412614398
16043.627697596854
14499.17656426773
16731.595486448932
14311.035368192355
14691.595486448934
13632.27293891981
16032.59163417638
14856.095486448934
14647.592703448625
13689.535368192355
18785.035368192355
14193.507976607581
14122.48460861581
12924.567522070747
15777.678206544637
13104.552498804585
13491.921737851748
14608.678206544637
15696.985594064123
15288.169566187034
14625.178206544637
13990.095486448934
18871.097629315915
17970.007976607576
15282.095486448934
14689.010648466076
14190.009294152851
13162.535368192355
14899.595486448934
14299.750735661462
15923.990840591858
17226.605076213225
13980.832133731845
13002.577229302537
16109.789320620062
13733.425225934541
14779.026362275434
13321.252807199431
15619.768926707982
13894.599132846679
13969.178206544637
14765.896534796224
14587.617342321628
16137.178206544637
12123.53457530685
15087.491087218375
13005.535368192355
16992.94765328419
12877.167969701753
13459.241368375833
15425.678206544637
13245.612375503493
12125.819563489798
13626.161076039118
16668.48460861581
12667.13480836326
12426.095486448934
14212.32756206163
12690.678206544637
13465.095486448934
15359.595486448934
12624.95100708713
14315.244105608079
14181.59262659837
14784.774678388772
14030.035368192355
13715.188147231644
12024.833221853387
15175.678206544637
15421.220599168428
15427.178206544637
14333.001353730639
12655.218428955886
15682.348865474125
13441.544409650327
14403.035368192355
14169.095486448934
13916.020267191892
17005.614609246957
13341.586289324345
16583.67820654464
14759.766838676429
14668.535368192355
13979.535368192355
14459.48460861581
14706.112067261105
16391.526362275436
15117.289320620062
12502.230203567071
12182.985550510459
12875.325596858374
15232.261025340864
13556.935151683372
16015.074737726904
15131.04021884033
16260.59163417638
14078.545254519717
12657.727808593736
19227.035368192355
15347.576992093085
14503.997705743875
13751.178206544637
14606.5213333158
14415.595486448934
14263.447653284198
12086.104574596558
13035.656736577028
16700.47261080155
16321.817536628105
15340.165570376676
13578.3706375154
15645.8641241886
15857.98448317632
13477.188147231644
13346.095486448934
13658.022727083478
14159.817536628105
14540.001353730639
14845.053799667707
16550.803350852406
13747.035368192355
12346.026362275434
12403.577229302537
17360.66801624054
15925.96659541482
15653.789320620062
13392.535368192355
14325.385691128024
16833.459983211276
18698.580873482188
13877.086289324345
13533.156196891088
12711.528062014619
15820.447653284198
18780.267206323013
13375.697210115588
14138.535368192355
15176.269297384271
14622.490840591858
15820.458361461775
14084.025270777747
15311.72943542373
14422.614609246966
15386.678206544637
17549.99084059185
16102.230033675516
13895.535368192355
13837.213071119544
15128.476868797801
14614.748626574063
13957.035368192355
14924.678206544637
13953.719006486672
12549.521332054657
14630.165570376676
14868.535368192355
17077.03013860237
13832.895950228998
15410.095486448934
13879.026362275434
12642.007976607581
13838.095486448934
13039.564076709506
13850.095486448934
14217.178206544637
13937.535368192355
12638.80190610375
15253.289320620062
14683.289320620062
15501.526362275434
13838.535368192355
13296.289320620062
15089.34606353114
13745.289320620062
13246.209204261586
14226.86412614398
13537.678206544637
15761.595486448934
18554.907761476697
14955.035368192355
19438.67820654463
15014.252807199431
13200.035368192355
14819.407761476703
13319.038870080587
16017.230033675516
15223.789320620062
13378.535368192355
14776.22427771617
14201.487898254813
12948.524790823705
19597.62591050666
17477.17820654463
16845.0213333158
15434.178206544637
