3238.8415214815623
3228.5339371311643
2704.157436726359
3634.5463725204754
3133.0008874624696
2786.4854035895264
3815.5846710923092
2847.1450270473138
3608.917755808472
4303.968598132421
2946.088155153876
3427.0710321698693
2680.617296531109
3174.187962211652
3192.110327856919
3432.564179890765
2986.610327856919
3255.0357778671073
3639.0502096003397
4205.610327856919
3782.9430658200718
2999.6711363274953
2827.1522500329274
4133.256245909411
2841.5008874624696
3101.833721445507
3935.0624046762796
3171.0008874624696
2711.917794077049
3582.917755808472
3061.0008874624696
3359.628573484218
4042.5502096003397
3730.8522093892802
2891.3939125147253
3901.8181644448177
3143.5463725204754
3471.2437116752335
2923.5008874624696
3282.749974862853
5363.736750101798
3414.385537160636
3356.128573484218
3144.530495400932
3990.5008874624696
3839.73659199629
3076.610327856919
3800.453944893983
3767.5008874624696
3452.0008874624696
2834.5454162281435
3131.182573725514
2895.0004434357575
2802.5008874624696
3558.9114388891626
3057.480158102923
3365.8522093892802
2668.556258958051
2768.6066870103027
3463.639246173032
3246.564179890765
3451.3577481179154
4484.610327856919
3286.4430658200718
4591.124131982433
3522.128573484218
2723.3181644448177
2770.604415047389
3397.453944893983
2901.624131982433
3161.8415214815623
3382.417755808472
2860.543667743189
3518.110327856919
3281.0463725204754
2750.209274965016
3173.686806547993
2823.0008874624696
3583.502897113035
2877.453944893983
2889.0881351249054
3704.4432535158194
2639.9479073898883
3216.3698391438325
4441.500887462469
3269.0008874624696
3048.110327856919
2874.8853488420277
3293.4514255501895
2824.3853488420277
3436.5008874624696
3441.8522093892802
3105.0040174607743
2935.953944893983
3261.5805028203836
2648.0008874624696
3156.624131982433
3175.5008874624696
2842.0004434357575
3296.5008874624696
3223.8853488420277
4230.917755808472
3146.5008874624696
3907.417755808472
3272.5008874624696
3329.0008874624696
2855.110327856919
3301.636105866432
3576.0008874624696
2870.8766507751625
3196.5463725204754
3694.3522093892802
3189.4430658200718
2815.5008874624696
3144.859223220262
3542.0008874624696
3351.8825159490993
3110.623179189181
2999.1858781170004
3276.128573484218
3363.417755808472
3287.917755808472
2751.110327856919
3745.5008874624696
2765.322093943019
2941.0008874624696
3214.2021906061464
3864.5463725204754
2512.6321385477568
3296.5502096003397
5585.616079940915
3259.0463725204754
2662.514501796066
3067.417755808472
2696.833721445507
3251.5463725204754
3026.0008874624696
3572.8758493107234
3434.7621181058025
3704.917755808472
4478.500887462469
2890.0008874624696
3183.0147385724017
3134.5008874624696
2796.0008874624696
2940.0008874624696
2716.3698391438325
3059.802924767028
2880.0231636504113
3308.0008874624696
3889.090430809897
2959.333721445507
3937.610327856919
3082.9081180372605
2944.2016574140894
3186.021030888047
3454.0463725204754
3862.0008874624696
3712.615622277467
2929.5463725204754
3017.1863076318746
3000.980158102923
3498.610327856919
3322.453944893983
3517.5008874624696
3517.860339594604
3264.503880846702
4191.993799597447
3288.7499908785344
3508.5502096003397
3387.624131982433
3028.196380389076
3376.8698391438325
3846.4998385373738
3676.2142888318176
3353.953944893983
3429.7021906061464
3072.6522194774534
3387.8415214815623
2759.8522093892802
3429.330777844821
2699.7021906061464
2943.5008874624696
3775.7163253224303
3143.110327856919
3156.610327856919
4100.051376807462
3004.0420204492816
3044.610327856919
3052.624131982433
3575.3072497184735
3228.8853488420277
3507.5208182467472
4620.953944893984
2836.953944893983
2668.0008874624696
2549.524135560835
3518.5008874624696
2686.1561352320577
3614.624131982433
3196.4081180372605
3883.0796782805523
3304.0463725204754
3256.9532416069746
2915.917755808472
4257.81887403495
2668.610327856919
2548.861265591184
3270.583846799514
3174.34369824795
2935.5220996946505
3706.5008874624696
2760.110327856919
3677.5671575336614
3594.110327856919
3838.917755808472
3129.5008874624696
2606.7284230052373
3167.628573484218
3528.8522093892802
3913.953944893983
3108.8698391438325
3377.5463725204754
3070.3072497184735
2854.0008874624696
3064.5008874624696
2815.0008874624696
2924.564179890765
5537.500887462469
3100.04727276819
3156.5357778671073
3430.909387132548
3253.980158102922
3070.110327856919
3917.525173978895
3077.128573484218
2708.8181644448177
2889.628573484218
2865.9370081657303
3604.5381713217303
3726.0463725204754
3316.002897113035
3305.0008874624696
2912.0348505737716
2820.0008874624696
3109.2750910875425
2702.9184379838293
3118.5463725204754
3027.0502096003397
3152.206689504814
2939.23659199629
3973.104978560676
3016.564179890765
3120.8415214815623
2889.5463725204754
2922.514501796066
2611.5463725204754
3706.5008874624696
3682.4052735110363
3232.5220996946505
2953.5463725204754
3366.8522093892802
3102.4119205806155
3228.680523553183
2954.6561352320577
3353.110327856919
3895.0463725204754
2970.128573484218
2988.330777844821
3616.5008874624696
2920.002581248948
3429.0008874624696
3147.3082049305262
2978.5008874624696
2820.6561352320577
3208.917755808472
3820.088155153876
3427.5130623580044
3095.749918038944
3335.5805028203836
2975.304980697218
2845.5463725204754
2765.8181644448177
3507.4081180372605
3207.953944893983
2950.610327856919
2832.3307706537344
2967.325655684464
3496.0202122889723
4088.417755808472
2920.088155153876
3161.9430658200718
2925.5008874624696
2901.5008874624696
3895.292523040053
3062.5048550163688
3867.7562459094106
2677.0220996946505
3597.0008874624696
3660.5008874624696
2997.610327856919
2857.5463725204754
3296.5055124955825
3399.616079940916
2767.8522093892802
2932.973439279793
3275.0463725204754
2745.681688535738
3511.128573484218
3153.0805028203836
3052.5463725204754
3564.927803420126
3158.9829751166135
3382.717988269189
2509.5008874624696
2943.4833394443754
4287.000887462469
3110.8758493107234
3027.5008874624696
3190.0008874624696
2835.532918429831
3113.2199758423994
2988.610327856919
3709.576405515827
3845.8181644448177
3297.564179890765
3120.8415214815623
3277.453944893983
2982.724890704469
3201.247062959668
2959.3698391438325
2693.0008874624696
2949.077649773259
3157.2021906061464
3255.0463725204754
3946.9254073726725
3433.417755808472
3209.5639857445453
3425.0904192257995
3148.624131982433
3135.66327528744
4308.500887462469
3437.025173978895
3381.0008874624696
3412.410993126784
3370.124131982433
3643.23659199629
3146.0463725204754
4284.953944893983
3277.5008874624696
3062.5008874624696
3250.8415214815623
3314.128573484218
4088.110327856919
2650.5008874624696
2867.0837345324626
3122.624131982433
3554.8698391438325
3476.680905015406
3477.628573484218
3152.3415214815623
2831.914402582561
3123.610327856919
3213.110327856919
3467.3415214815623
3891.8853488420277
3274.7437469475453
3290.779650840883
3121.0137397924027
3236.5420204492816
3068.9430658200718
3013.1303945324694
2611.7218518579593
3784.110327856919
3160.0008874624696
3400.5008874624696
2376.418028836567
3472.0008874624696
3754.8698391438325
2906.191142983537
3204.2021906061464
3709.6030847011916
3653.5463725204754
2581.898066648389
2874.3184912274196
3224.813603590877
3569.0008874624696
3195.2758016560997
2763.78341544156
2470.1412998369697
3019.6343410186723
3640.3698391438325
5582.860934600786
2754.1321385477568
3800.624131982433
2886.624131982433
3324.060664593711
3091.583846799514
3045.5463725204754
4011.083846799514
3322.616079940916
3707.23747270271
2965.9878836117305
3251.798387478748
3291.774062055599
3686.5008874624696
2333.624131982433
3673.5420204492816
3574.0183916571227
2809.0008874624696
2682.0463725204754
3461.624131982433
3380.9742258934134
3421.5463725204754
3431.0008874624696
3179.268809933422
3825.2443804912537
3418.5463725204754
3315.5463725204754
3323.5502096003397
3055.5904192257995
3466.417755808472
3535.0008874624696
3251.23659199629
3347.3415214815623
4079.355491989776
3230.5463725204754
3567.624131982433
2817.7016574140894
3457.9430658200718
4279.500887462469
3434.503913424708
2704.9237564058394
3272.3912675281567
2651.917755808472
4330.911438889173
3334.1858781170004
2983.110327856919
3044.6858781170004
3662.453944893983
3796.7499180389405
3380.9211731698024
3255.0463725204754
2647.5008874624696
2777.340439814902
4645.500887462469
3475.502454695756
2794.36865589455
4650.079678280552
4307.046372520475
3403.417755808472
2793.9189624989535
2956.7267312467943
3072.5008874624696
2499.2142155231595
3008.3749783468274
3323.0008874624696
3004.616079940916
3095.417755808472
3082.612274047012
3027.0502096003397
3205.0463725204754
3167.8698391438325
2952.5008874624696
3404.252550994154
3462.244623179
3532.564179890765
3105.9537309344523
3006.8686558945496
3065.189989124592
2989.556395502257
3545.624131982433
2637.8177432015354
3421.417755808472
3674.5463725204754
2919.5008874624696
3135.917755808472
3136.0904192257995
3313.0008874624696
3779.980158102923
3426.3415214815623
2686.4119205806155
3408.5008874624696
3077.0463725204754
3910.417755808472
3607.769851950176
3528.0008874624696
2679.0008874624696
2829.400183157846
2655.1573722995904
3174.124131982433
2624.124131982433
2649.399001345561
2925.822093943019
4220.869788977987
3067.2453819660604
2605.564179890765
4197.535777867108
3209.5008874624696
3858.9687419648394
2944.7641219379716
3476.8361734286327
3508.5731701050654
2634.2182443579045
4094.5008874624696
3105.0008874624696
2758.0008874624696
2861.4081180372605
3785.0008874624696
3660.8853488420277
3090.5008874624696
3661.3361734286327
3415.064179890765
3554.5008874624696
3284.768300948344
3316.417755808472
3756.2786827918553
3214.917755808472
3223.104415047389
2945.303508476278
4106.000887462469
3973.5008874624696
3029.6797286287288
3507.714084133995
2995.041427418726
2873.0008874624696
2730.124131982433
3607.822093943019
3194.6585577605465
4297.046372520475
2802.3536445992568
3200.0463725204754
3060.5008874624696
4204.24991803894
2675.0008874624696
3376.316077283387
3174.5805028203836
3061.917755808472
3774.0463725204754
2601.110327856919
3567.5841995659166
4633.000887462469
2855.418015207486
3809.417755808472
3246.088155153876
3260.9430658200718
3070.0357778671073
2932.5463725204754
2513.128573484218
2763.478498604021
2988.1438109320925
2998.778629684574
3051.0463725204754
3378.8596752503113
3507.0463725204754
3537.5008874624696
3509.0008874624696
3202.0008874624696
2841.5847767543714
3060.5008874624696
3942.3972573642045
3225.5463725204754
3278.5008874624696
2939.1450270473138
2844.0008874624696
2738.4484171315366
3184.053307922997
3020.7021906061464
3077.5463725204754
3088.291638269344
3433.4467725764716
2960.610327856919
4388.624131982433
3781.0463725204754
2888.5008874624696
3527.6809377580516
3045.506118468813
2818.480158102922
4206.46874196484
3237.7513065058733
3003.610327856919
2897.166258840316
3568.8081568101848
3008.1344866695886
3528.128573484218
3256.8415214815623
3345.2016574140894
2804.191142983537
3344.453944893983
3353.417755808472
3348.9432535158194
3068.0008874624696
2829.0008874624696
3112.110327856919
3527.066557182077
3104.5008874624696
4105.546372520475
3805.2975333134705
2949.6680986575975
3215.5463725204754
3233.5008874624696
2973.2869968859627
2700.599257088083
3018.0008874624696
2749.5008874624696
4134.110327856919
2994.588155153876
2989.628033743872
3935.21549719179
2791.417755808472
3300.000911808266
2896.331247052664
3061.9528092470077
2931.1321385477568
3415.0008874624696
3248.5008874624696
3276.7672876293454
3457.34317474645
5991.500887462469
3770.5502096003397
3314.2054236907625
3141.2021906061464
3700.124131982433
3411.0420204492816
3257.388792171796
3343.665139722516
2976.4104489521624
3387.0463725204754
3184.23659199629
4012.5463725204754
2881.5008874624696
3696.3335134303234
3028.9430658200718
3511.088155153876
3068.1239383119964
3683.453944893983
2433.0008874624696
3417.610327856919
3463.124131982433
3025.0008874624696
3444.953944893983
3104.628573484218
3161.0502096003397
4275.624131982433
3143.657631779463
3357.088155153876
3566.3522093892802
3467.628573484218
3250.0463725204754
2509.636199222776
3702.5332862794417
3632.0502096003397
3436.73659199629
3597.0008874624696
2973.0008874624696
2924.5008874624696
3751.1160265174026
3267.917755808472
4282.502897113035
3595.5008874624696
3361.683259952301
2874.088155153876
3276.4479051850276
3570.5463725204754
2727.110327856919
2671.0463725204754
3026.2142888318176
3010.5008874624696
2950.5008874624696
3245.408118037261
3873.0463725204754
3490.116079940916
3714.5007668585004
4279.888792171796
3449.446423435892
3499.0004434357575
3108.628573484218
3110.1561352320577
3353.5008874624696
3159.0008874624696
4140.96874196484
3037.917755808472
2900.903183109117
3170.453944893983
3389.3406764924407
2871.5008874624696
2894.5008874624696
2714.0008874624696
3291.5008874624696
3164.628573484218
2935.628573484218
3579.56521686221
3415.5008874624696
3257.9556551781116
3413.0130816072865
3550.0463725204754
2768.3415214815623
3003.9251250228035
4043.5008874624696
2600.5955073503364
3633.524135560835
3422.3188740349506
3515.5008874624696
3359.917755808472
3477.4184379838293
3670.8997993497537
3168.110327856919
3239.628573484218
3169.1818962914354
2870.1321385477568
3649.8415214815623
3000.453944893983
3163.8653957094302
3553.3698391438325
3001.8082049305262
2814.470845611819
3497.453944893983
3174.9211731698024
3033.39806664839
4358.8425261348075
3210.8188740349506
3169.23645069576
3022.0004434357575
3597.921896451534
3564.7840471995823
3965.4211731698024
3066.417755808472
2605.610327856919
3969.417755808472
3722.7337584431875
3086.4119205806155
2856.0906309795014
3335.0008874624696
2979.0008874624696
3057.5008874624696
2554.0965220695266
3575.9081180372605
3451.1321385477568
3384.537722553675
3081.1066200039377
3344.2369899670825
3281.6117946304926
3045.0357778671073
2426.66327528744
3226.6321385477568
3231.5008874624696
3009.5463725204754
4727.500887462469
2735.0502096003397
3418.8853488420277
2788.7862884529395
3175.2267312467943
2948.187962211652
3457.564179890765
3589.5463725204754
3232.0421489586874
3430.0145108208726
3950.5008874624696
3383.124131982433
3247.0008874624696
2563.5463725204754
3195.5008874624696
3627.604415047389
3855.150895840324
3120.5463725204754
3290.5463725204754
2828.7038014361306
4007.035297432382
4368.500887462469
4284.080502820385
3128.2057401919747
3296.6858781170004
2945.116895753833
2786.6918641838606
3015.5008874624696
3247.5463725204754
3474.453944893983
3207.0833237744796
3298.0008874624696
3771.0008874624696
2727.0008874624696
3145.8415214815623
2719.8415214815623
4072.8415214815623
2704.5881351249054
2832.610327856919
2966.469608945351
3490.6692698584006
3617.5711381498295
2729.610327856919
2916.0008874624696
2979.196223664596
3884.043667743189
3356.0463725204754
3582.616079940916
3500.0008874624696
3641.610327856919
2995.588155153876
2748.5008874624696
3757.5008874624696
3182.5008874624696
3568.3415214815623
4391.953944893984
2655.9010678448303
2713.9119205806155
2976.8415214815623
2836.5420204492816
3197.273496782267
3054.5806069422033
3632.7750910875425
2935.128573484218
2999.873151240648
3799.7021906061464
3441.0008874624696
2840.3522093892802
2670.3274589948364
2891.691142983537
2927.5008874624696
2896.628573484218
2904.980158102922
3200.1879581390217
2835.5463725204754
3038.0008874624696
3639.0463725204754
3228.453944893983
3661.480158102922
3698.0008874624696
3413.3184912274196
2665.7805092739836
2426.136641116141
3010.0008874624696
3071.5502096003397
2411.0008874624696
3607.0463725204754
3617.476633414228
3215.446776989647
3261.9923532357616
3398.7219206995483
3795.6321385477568
3394.1948944306628
2782.2683014815616
3415.116079940916
3219.0564679768977
2607.001881329029
2963.672701148185
2776.052945165052
3382.1585561128295
4087.0008874624696
2927.5008874624696
3542.3522093892802
2909.2805092739836
3475.128573484218
3093.0463725204754
2711.0463725204754
3358.5008874624696
3276.5463725204754
3234.8270294181902
3397.0008874624696
3252.63646832633
3187.5805028203836
3273.9430658200718
3337.9923927631844
2846.5008259356955
2573.030495400932
3520.020708992801
3144.0008874624696
2675.5008874624696
2602.564179890765
3286.17528857231
3181.3415214815623
3417.5463725204754
3482.680523553183
3904.0008874624696
3749.0502096003397
2902.8415214815623
3632.6863076318746
2472.187962211652
2915.128573484218
2698.4167053902547
3588.564179890765
2818.417755808472
3081.3855192867195
3172.417755808472
2700.0008874624696
2837.610327856919
3222.0502096003397
3770.0463725204754
3114.4081180372605
2866.5463725204754
2894.417755808472
3064.1918641838606
2882.417755808472
3191.442102545475
3782.124131982433
3510.6858781170004
5888.500887462469
3247.5008874624696
2877.5128565278787
3599.3173668391237
2697.0008874624696
2977.8522093892802
2885.5008874624696
3679.5463725204754
2963.9081180372605
2926.8698391438325
3300.824508321885
3264.17868935909
3289.814643346039
2792.110327856919
3111.681673693473
3589.133096975062
2811.088155153876
3145.917755808472
3230.5008874624696
3098.8021001237767
2934.110327856919
3191.8415214815623
3010.0008874624696
2948.5008874624696
3248.0008874624696
2980.610327856919
2837.3415214815623
3548.302100123771
3081.0008874624696
2728.0008874624696
3590.5307021904123
3611.917755808472
4017.5463725204754
3627.5008874624696
3104.917755808472
3085.0463725204754
3777.0008874624696
3263.0008874624696
2655.0213025278904
3602.953944893983
2892.4054996467676
3512.088155153876
3319.5008874624696
3921.8375511087
3111.0220996946505
3744.0008874624696
3572.604415047389
3185.371865921098
3455.5889915889925
3137.3415214815623
3107.953944893983
3218.5463725204754
3525.953944893983
3327.5502096003397
3027.110327856919
3199.128573484218
2880.661801785192
3300.0805028203836
2814.110327856919
2839.002342430696
2771.66327528744
3270.293287885985
3076.5463725204754
3720.5463725204754
3208.5008874624696
2940.917755808472
3625.116079940916
3487.5008874624696
3328.043667743189
3194.656286860964
2907.0463725204754
3303.3903198989356
2917.0008874624696
3308.8415214815623
3326.0463725204754
2979.0008874624696
2952.610327856919
2567.1797286287288
3074.588155153876
3904.0008874624696
3562.604252891307
3567.417755808472
3791.5902439289694
3250.0463725204754
6142.336173428633
2987.339606888006
3078.604415047389
3302.7850125969826
3309.5008874624696
3016.5463725204754
2933.3188740349506
4017.391469603378
2641.7862884529395
2878.4114388891626
3002.0463725204754
3649.583846799514
3465.588155153876
3438.0008874624696
3089.088155153876
3419.5463725204754
3455.0008874624696
3808.1321385477568
4171.500887462469
3697.515253794166
2755.687962211652
3966.0008874624696
3363.953944893983
3316.8522093892802
3184.342111636135
3271.3698391438325
3136.8966432251486
2826.0463725204754
3062.687962211652
3225.0805028203836
3643.046291898741
3072.5008874624696
3141.8853488420277
4202.000887462469
3022.0436957869924
3218.0008874624696
3553.5463725204754
3026.524830212128
3771.9081180372605
3938.610327856919
3525.5008874624696
4476.500887462469
3530.917755808472
3168.0008874624696
3290.5320376145405
4426.610327856919
3617.417755808472
3079.128573484218
4645.182985915983
3599.7470480583065
3987.0463725204754
3414.5008874624696
3148.1321385477568
3374.3698391438325
3051.917755808472
3920.5008874624696
3283.839606888006
2830.8853488420277
3858.0008874624696
4331.686307631875
2981.942102545475
3080.1391584419953
3115.080021020163
3367.0463725204754
3544.0463725204754
3578.669411752193
2879.116079940916
2891.5008874624696
3342.5463725204754
3174.588155153876
3143.953944893983
2966.088155153876
3123.014501796066
2840.762486857803
3269.0463725204754
3498.8522093892802
2899.610327856919
3920.5371778951367
3127.0463725204754
3255.980158102923
2762.0463725204754
3236.453944893983
2990.4739331878577
2785.683259952301
2888.7367217783344
3281.3415214815623
2973.0008874624696
2796.077361913038
3050.9430658200718
2975.0008874624696
2797.561122902797
3416.5721437392526
4097.610327856919
3279.110327856919
2886.0463725204754
3307.706689504814
3765.216690058524
3024.602298731782
2998.001935172122
3430.6585577605465
3072.973439279793
3230.610327856919
3215.8737679700007
3188.417755808472
3991.5008874624696
3394.5008874624696
3329.0480332890684
2862.0736542889913
3241.5463725204754
3154.917755808472
3153.110327856919
3360.5008874624696
2925.0004434357575
3837.110327856919
3242.076228249043
3401.5865051025426
4036.564179890765
3596.159614660519
3068.1740892417724
3432.0098618273773
3516.5463725204754
3247.0008874624696
3574.630744178705
3040.8415214815623
3373.400183157846
3848.0008874624696
2685.917755808472
3443.4803564529816
3290.816455862341
3835.9998385373738
3741.628573484218
2747.0514255324765
3136.8133699394725
3089.116079940916
2817.8188740349506
3742.845634220731
3237.674570231232
3956.5463725204754
2765.588155153876
2993.407710482865
2924.5463725204754
3016.417755808472
3432.0220996946505
2934.5008874624696
3024.024720192513
2781.0008874624696
2812.5008874624696
3115.1681998319827
3239.5008874624696
3146.0008874624696
3394.0463725204754
3927.8522093892802
3225.0008874624696
3112.480158102923
3624.453944893983
3278.417755808472
3837.516803059398
3062.0008874624696
3096.812697681986
3059.66498355403
2979.4081180372605
3781.983769880728
3139.5463725204754
3022.706689504814
3807.5463725204754
3547.953944893983
3209.610327856919
3002.5008874624696
3161.222402918631
3596.0008874624696
3455.5463725204754
3227.9211731698024
3971.6863076318746
2911.128573484218
2745.917755808472
2768.5463725204754
3386.0008874624696
2795.0220996946505
2459.0463725204754
3658.0008874624696
3505.616079940916
2535.7520416319353
3258.6585561128295
3058.5463725204754
3222.7368929722015
3590.5502096003397
3543.8237978804223
3242.5008874624696
4117.546372520475
3658.025173978895
2800.417755808472
3135.0463725204754
3424.0008874624696
3121.144706990402
2879.5463725204754
2880.5463725204754
3524.1585577605465
3447.0463725204754
3240.083846799514
3247.0463725204754
3163.5008874624696
2848.5008874624696
3253.405881519079
2968.624131982433
2907.3415214815623
3145.7021906061464
3305.0463725204754
3228.917755808472
3206.110327856919
2728.5008874624696
3761.4730121824687
4029.3907159698297
3498.616079940916
3111.110327856919
2692.8181644448177
2795.0008874624696
3341.0008874624696
3332.434873251483
3015.128573484218
3795.206689504814
3272.4739331878577
2775.5463725204754
3000.624131982433
3365.5008874624696
3366.501161222883
3375.0463725204754
3069.3855192867195
3321.852668553063
3449.417755808472
3528.706689504814
2921.5008874624696
2825.5008874624696
3175.382606360921
3466.0008874624696
3820.0463725204754
3601.0463725204754
3471.453944893983
3314.527393139026
3407.610327856919
2857.8361734286327
2794.646757762056
2902.2805092739836
2820.088155153876
3171.0008874624696
3346.1692698584006
2672.4081180372605
2873.7021906061464
3551.064179890765
3772.110327856919
3482.0008874624696
3022.34332850232
3057.588155153876
3250.583872622293
2771.470275630789
2821.624131982433
3505.78341544156
3503.2588843433086
3306.0463725204754
3033.980158102922
2821.170018183909
3480.3111409075277
3073.610327856919
3730.104415047389
2911.5008874624696
3554.8415214815623
3336.3398589718045
3568.0008874624696
3196.0463725204754
2786.0463725204754
2615.0008874624696
3537.110327856919
3422.453944893983
2682.0463725204754
3764.0008874624696
3607.4105171335177
3176.3230404824494
4427.546372520475
3748.3855192867195
3301.624131982433
2891.0004434357575
2986.0008874624696
3271.5502096003397
3866.624131982433
3142.0463725204754
3526.0008874624696
3137.5004434357575
3093.5008874624696
3427.5463725204754
3327.5008874624696
3314.917755808472
2941.0008874624696
3005.3415214815623
3268.5008874624696
3551.917755808472
2630.624131982433
2598.278573041223
3440.0463725204754
3369.6585561128295
3737.0306623937563
2926.0008874624696
3064.302100123771
3621.8697889779874
3310.5463725204754
3210.8415214815623
3367.128573484218
3662.110327856919
3341.610327856919
3039.610327856919
3182.5008874624696
3250.5008874624696
3956.099905709581
3873.9081180372605
3839.2021906061464
3508.453944893984
3651.0008874624696
2755.6254186092556
3627.110327856919
3080.860339594604
3319.180523553183
2964.006814047731
3449.5348858836237
3139.0008874624696
2520.70903425323
3475.610327856919
2851.362616096947
2531.8737679700007
3330.0008874624696
4018.7087558310886
3488.0463725204754
3090.411375851845
3501.116079940916
2868.898066648389
3397.5463725204754
3476.0420204492816
3505.9305418671916
3209.116079940916
3418.5008874624696
3486.0463725204754
3291.421515443763
3107.3523966516173
3055.7644036384063
3115.808798795457
3762.401658686927
2788.4984476629406
3742.5008874624696
3407.1968191955216
4629.000887462469
3194.861890015252
2816.583846799514
2782.4054106040503
3517.3737679700007
3100.917755808472
3245.0236608676946
3131.351219148104
3259.860339594604
3189.088155153876
3656.5920151240407
3355.6664273267747
3396.0420204492816
3193.5008874624696
3266.0008874624696
2945.610327856919
2934.737315341339
3258.0008874624696
4338.110327856919
3365.124131982433
4753.560969959075
2801.5008874624696
2832.0008874624696
2958.0502096003397
3766.110327856919
3379.4915691619053
6435.000887462469
2853.5463725204754
3313.668831795542
2602.3522093892802
2853.7568895169657
2744.6321385477568
3055.8415214815623
4132.236721778334
2782.6010445711217
2692.0008874624696
3243.917755808472
3686.430183094083
4177.7625782657615
3216.6321177507566
3167.5463725204754
3048.0463725204754
5898.546372520475
3444.6264172341707
3168.7099304993094
3151.3237978804223
2873.026829349928
3462.0008874624696
3152.3737679700007
3590.1648251672414
3212.2142888318176
4572.429786847686
3216.0008874624696
3292.0463725204754
3190.116895753833
3722.128573484218
4126.632138547757
3553.0463725204754
3082.0008874624696
3047.5463725204754
3161.3415214815623
2403.182963303382
3137.453944893983
2948.524135560835
3163.4430658200718
3574.5463725204754
4337.110327856919
3112.0463725204754
2947.0463725204754
3327.110327856919
3293.628573484218
2954.0008874624696
3223.610327856919
3138.0463725204754
3014.5008874624696
2928.111962638967
3469.136847788112
2668.0414128329353
3453.0008874624696
3708.8853488420277
3241.5008874624696
2641.2850125969826
2870.8502076990717
4509.500887462469
3178.23659199629
2963.2267312467943
3122.0463725204754
5768.110327856919
3167.417755808472
3500.372696674666
2923.8507376132197
3242.953944893983
3415.5008874624696
2921.604978560676
3219.034912252287
3187.0502096003397
2656.610327856919
4039.7392371055385
2776.2843534334097
3208.0008874624696
3342.6858781170004
3115.513227694281
2751.5463725204754
2636.8522093892802
2846.588155153876
3898.0463725204754
2723.2829703923007
2810.0008874624696
3147.478498604021
3284.953944893983
3359.3619588273696
3029.657645936304
3194.0463725204754
3290.564179890765
4370.088155153876
2469.1585577605465
2708.183259952301
3175.610327856919
3089.6678865834665
2872.0008874624696
3440.610327856919
4317.546372520475
3783.5008874624696
2998.16327528744
3127.0463725204754
3882.6930046838415
3250.017268846688
3440.0370423303843
3709.73659199629
3159.3099145932183
3525.842111636135
3356.0008874624696
3173.4915691619053
2939.088155153876
3679.0008874624696
2745.6721489489614
3336.5008874624696
3682.624131982433
3860.871970547737
2643.9687419648403
3324.5502096003397
2801.610327856919
2740.5463725204754
3398.5463725204754
3702.7588843433086
3102.021030888047
2782.5463725204754
3259.154882800547
3574.610327856919
2702.588155153876
3497.014501796066
4422.042020449281
2923.5008874624696
3496.66327528744
3284.0008874624696
3520.4430658200718
3155.7758016560997
3784.3415214815623
3990.128573484218
3904.116895753833
3159.628573484218
3388.953944893983
3204.0805028203836
3227.4147537115023
3518.0904192257995
3518.9430658200718
3757.610327856919
2623.784054296625
3445.686482937248
3533.9430658200718
3005.322093943019
3384.110327856919
2992.110327856919
3146.767071187611
2401.7021906061464
3663.0397985971717
3203.116079940916
2896.0357778671073
2883.719035651298
3547.110327856919
2996.187962211652
3334.0008874624696
3711.1692698584006
3046.581999336486
3919.3853488420277
3168.3415214815623
4070.5008874624696
2567.5008874624696
4026.110327856919
3410.0008874624696
2622.5008874624696
3120.6650561792203
3395.583846799514
2983.4184379838293
3287.5008874624696
3398.256877646935
3002.0463725204754
3013.5463725204754
3352.0463725204754
3262.0008874624696
3592.206689504814
3341.0008874624696
2717.187962211652
3373.0463725204754
3426.417755808472
3420.279331500476
2801.7561660533515
3313.3181644448177
3585.0038650500614
2851.480204627404
2937.246490650819
3041.2750910875425
2851.408118037261
2876.831883117227
2889.616079940916
3231.0463725204754
3479.3522093892802
2913.0008874624696
3244.139246173032
3168.5008874624696
3784.0463725204754
2783.5463725204754
3120.8415214815623
3216.8415214815623
3385.2850125969826
2882.5008874624696
3318.5463725204754
3585.8853488420277
3614.0008874624696
4076.5008874624696
3640.0463725204754
2902.5008874624696
3679.0008874624696
3116.3407717009172
3949.302100123771
3881.610327856919
4223.588155153876
2831.6692698584006
3719.417755808472
3460.610327856919
3303.3188740349506
3473.0463725204754
2821.0008874624696
3557.249872660006
3063.628573484218
3693.720378296508
3761.0805028203836
2560.5008874624696
3530.0008874624696
3249.0463725204754
2442.5463725204754
3177.5463725204754
3092.0008874624696
3116.127624766191
2875.6321385477568
3244.7499180389405
2709.7339506628355
3285.0008874624696
3509.610327856919
3602.453944893983
3590.318901456679
3636.552006118036
3155.647412450178
3230.5717740479467
2929.1335460577075
2982.617296531109
3276.7778140760415
2943.7021906061464
3300.0008874624696
3204.0792552849434
3419.767214674735
2780.5008874624696
3447.4294330953508
3083.2170646678487
3497.917755808472
3447.0008874624696
3773.0463725204754
5191.500887462469
3857.088155153876
3104.0463725204754
4048.002897113035
3322.0463725204754
3858.917755808472
2629.619053257132
3306.5463725204754
3155.0008874624696
3477.110327856919
2702.333721445507
2925.417755808472
3537.5008874624696
2633.5463725204754
3199.148153872143
2995.4114388891626
3067.3133699394725
2965.417755808472
3368.9850957413973
2753.36865589455
3613.783900747349
3291.0463725204754
3322.0912363961384
3284.8801396172234
3871.5982371576906
3382.0008874624696
3426.917755808472
2716.5008874624696
3738.3237978804223
4435.24991803894
3449.5463725204754
3364.5008874624696
2974.1816891328253
3420.639053213673
4400.616895753832
4040.501881329029
2993.417755808472
3950.110327856919
3242.3415214815623
4063.5463725204754
6097.453944893984
3093.8522093892802
3910.5463725204754
3768.5463725204754
2964.7142888318176
2638.0008874624696
2772.5805028203836
2904.417755808472
4043.860339594604
3434.0463725204754
3865.7935433372822
3455.5463725204754
3725.700239221255
2633.124131982433
3815.610327856919
3211.453944893983
3210.6321385477568
3587.9461063083854
3108.5008874624696
2755.5008874624696
3632.322603652264
2827.027076953357
3180.206689504814
3848.5463725204754
2989.5008874624696
3536.8853488420277
4098.81890145668
2859.0008874624696
3260.7369899670825
3332.0008874624696
3654.6057947636236
3853.0008874624696
3431.124131982433
4132.758509213624
2702.0008874624696
2879.5463725204754
3777.8698391438325
3282.917755808472
2972.104415047389
3288.116079940916
3142.3522093892802
2855.5463725204754
3722.7046884054125
2893.0463725204754
2732.610327856919
2700.0008874624696
3411.5008874624696
3320.898066648389
2928.0008874624696
4024.5008874624696
2668.5463725204754
3217.0008874624696
3827.917755808472
3555.543667743189
3409.5008874624696
3224.270935352544
3265.5357778671073
2712.054019378978
2767.110327856919
3053.953944893983
3792.0008874624696
4441.237307766251
3134.610327856919
3270.917755808472
2992.029193966971
4486.05020960034
3918.0463725204754
3837.0463725204754
2916.060664593711
3994.0008874624696
3352.4963895901155
2881.86865589455
3239.1941162000303
2841.610327856919
3265.859223220262
2852.5008874624696
3539.002897113035
3008.112270471152
3431.610327856919
3465.5502096003397
4002.288002039961
3105.0008874624696
3134.9418267618607
3657.5008874624696
4168.046372520475
3057.0008874624696
3684.610327856919
2980.1128647058117
3851.110327856919
3102.7267312467943
3621.815986804752
3920.5008874624696
2716.426709523278
4648.453944893984
2334.5008874624696
2854.6403203606615
2902.5008874624696
3309.83079209424
3377.5463725204754
2628.110327856919
3394.8415214815623
4361.31849122742
3296.604415047389
3861.5008874624696
3288.830524684952
3052.5805028203836
4041.1883030365448
3707.8415214815623
3095.734001488108
3426.131433656277
3212.4430658200718
3734.7499180389405
3470.6160265174026
3035.5463725204754
3559.6321385477568
2838.0008874624696
3849.8415214815623
3716.2021906061464
3101.0008874624696
3424.5008874624696
3286.5008874624696
3810.0463725204754
2748.564179890765
2928.110327856919
3847.0357778671073
4031.0463725204754
3553.502897113035
3182.0008874624696
3253.625496347428
3086.7880020399625
3811.1585577605465
3261.0502096003397
3090.453944893983
3772.0008874624696
3334.0463725204754
2726.774864324392
3349.2429083878433
3943.917755808472
3364.110327856919
3799.7021906061464
2863.332592434324
3233.1950132907605
2885.3698391438325
3606.0480332890684
3608.616079940916
2802.588155153876
3912.0776803852636
3248.917755808472
3522.9430658200718
3709.6178962229883
3223.5463725204754
3579.953944893983
3068.0463725204754
3424.3190371213254
2773.5008874624696
3626.2635361006855
3733.5008874624696
2901.86333336044
2846.5502096003397
3922.2421617773907
3000.5463725204754
3110.0463725204754
2907.4413398876195
3289.110327856919
3459.818901456679
3317.953944893983
2884.1697035229395
3318.0008874624696
3180.0008874624696
2930.5008874624696
2730.5008874624696
3164.0463725204754
3145.398066648389
2878.0008874624696
4438.168274519573
2755.417755808472
3373.0008874624696
3009.0463725204754
3064.5582368320042
2874.0463725204754
2854.6792347303153
2762.0008874624696
2961.0463725204754
3141.322093943019
2924.628573484218
3157.5236713829627
4106.869788977987
3184.599257088083
2540.7850125969826
5906.1446771924775
2980.3696367247153
2691.5008874624696
4331.116895753832
3091.953944893983
3415.0463725204754
3753.073182019353
2829.1859227737036
3330.124131982433
3217.16327528744
2652.610327856919
3021.5463725204754
3532.137632682777
2693.024135560835
3866.5008874624696
3486.284843833113
2903.0220996946505
3419.917755808472
3087.5463725204754
3177.706689504814
3214.5463725204754
2847.6351044165376
2821.5463725204754
3220.8188740349506
2794.5463725204754
3164.417755808472
3789.110327856919
3498.5008874624696
3446.5463725204754
3154.17528857231
3311.0502096003397
3209.5463725204754
3407.0463725204754
3297.469608945351
4012.417755808472
3453.5008874624696
2856.011922982467
3025.8415214815623
2752.628573484218
3366.064179890765
3922.0130816072865
3126.0008874624696
3426.4081180372605
3788.5008874624696
2790.5463725204754
3355.0502096003397
3690.352768293466
2649.014501796066
2662.1680454093353
3321.624131982433
3290.0357778671073
4381.514501796066
3775.0008874624696
3167.952962462165
2912.16704552473
4108.044597217083
2897.830524684952
2886.110327856919
3050.5463725204754
3326.7021906061464
3070.8415214815623
3344.8133699394725
3116.110327856919
3325.206689504814
3283.5008874624696
3565.7142888318176
3754.8596752503113
3847.8415214815623
3442.124131982433
3931.014501796066
3353.0008874624696
3141.555192770073
3634.3415214815623
3257.5008874624696
2607.116079940916
3377.0008874624696
2923.336298863561
3429.0008874624696
3137.128573484218
4281.000887462469
4221.841602264787
3006.1525112122476
3274.0008874624696
3230.1467085317304
3936.917755808472
3103.5008874624696
3446.496250004539
3686.5208182467472
3393.4081180372605
2706.187962211652
4265.000887462469
3388.564179890765
3272.417755808472
3334.021030888047
2883.021490303108
2800.73659199629
2928.5008874624696
2969.385537160636
3062.5502096003397
3369.1057947636236
3215.5463725204754
3301.6309777932106
2959.5463725204754
2985.8177815183276
3190.120868181391
2693.2862884529395
3000.0008874624696
3364.0904192257995
3422.0463725204754
3295.502897113035
3458.8510660803704
2740.037782608958
2835.5463725204754
3764.453944893983
2992.953944893983
2658.564179890765
3031.417755808472
2818.899001345561
3883.7758016560997
3667.3522093892802
3225.5463725204754
3339.815986804752
3132.744623179
3725.628573484218
3018.480158102922
2790.244623179
3220.0008874624696
3643.5008874624696
2854.0008874624696
2829.288955971928
3002.056395502257
2959.6070319546343
3447.206689504814
3477.4268120334546
2682.0463725204754
3453.917755808472
2769.953944893984
2748.110327856919
3478.0008874624696
3489.624131982433
3749.0008874624696
3646.885537160636
3699.628573484218
2958.5004434357575
3687.8188740349506
4319.610327856919
3673.5966479771655
3302.004522505976
3651.3415214815623
3736.071521343304
3543.205838331752
3026.322093943019
3955.4430658200718
3188.1140551298918
3615.586275682531
2673.187962211652
2940.5008874624696
3273.5463725204754
2810.0008874624696
2796.8522093892802
2842.5463725204754
3402.5008874624696
2920.0463725204754
2803.5008874624696
2729.0202122889723
2907.5485241189167
3832.5463725204754
2757.6321385477568
2973.3853488420277
3339.5463725204754
3317.863388650496
3168.881465083204
2678.6321385477568
3348.5008874624696
4338.000887462469
3054.2588843433086
3107.0008874624696
2857.5008874624696
2906.551868446489
2689.5004434357575
3871.110327856919
2946.7021906061464
2765.3082049305262
3811.2603435919837
2877.417755808472
3508.0307021904123
2736.417755808472
3706.706689504814
4533.000887462469
2681.0005327894655
3756.136255499359
4280.917755808472
3058.7930369590863
3430.476189270724
2890.524720192513
2738.576228249043
3107.311659182285
3087.0736542889913
3123.610327856919
2698.0008874624696
2877.0463725204754
3612.620081478265
3548.3415214815623
4483.500887462469
3031.278355765593
3325.7737985884696
2698.3522093892802
3340.124131982433
3107.024135560835
2682.4797728007347
3411.5463725204754
2862.5008874624696
3459.5463725204754
3631.5008874624696
2993.628573484218
2651.953944893983
3278.0463725204754
3082.245318822124
3265.3521379683916
3555.610327856919
2811.0202122889723
3113.822093943019
3552.0008874624696
2858.2710866506563
3218.0502096003397
2959.5008874624696
3557.110327856919
3178.417755808472
3405.559708492075
3392.4915691619053
2760.514501796066
2990.0008874624696
3279.5463725204754
3198.5008874624696
2940.535222087236
3220.9430658200718
2941.23659199629
3593.1694788126943
4385.875849310722
3191.5037405688768
3344.969047380709
2698.5463725204754
2905.5502096003397
4199.290716447032
4414.610327856919
2932.6592144378483
3119.8415214815623
3230.9430658200718
3247.5008874624696
3358.953944893984
2808.5008874624696
2980.2021906061464
3142.0008874624696
3040.6918720597846
3455.0463725204754
3268.0502096003397
3233.3522093892802
2969.0008874624696
3628.0426761456456
3566.953944893983
3399.3415214815623
2734.4522142377305
3794.5008874624696
2909.5008874624696
2697.7021906061464
3239.2376887101987
2784.7021906061464
2703.0008874624696
3229.0008874624696
3349.5008874624696
3171.9081180372605
2861.1692698584006
3042.0463725204754
2816.124131982433
3721.0463725204754
3672.610327856919
2959.1206476828797
3421.051376807462
3305.0502096003397
2734.0463725204754
2499.0008874624696
3214.5008874624696
2978.0008874624696
3362.955716111413
3368.610327856919
3587.502954031994
3345.0008874624696
3598.706689504814
3414.682573725514
3879.0008874624696
3841.610327856919
3460.5008874624696
3262.624131982433
3402.417755808472
3347.124131982433
3357.673068730839
3110.5008874624696
3620.0008874624696
2858.605475818596
2678.105319369386
2385.8487553759173
3958.680905015406
2739.616079940916
3353.5560843389094
3165.1858781170004
2652.5008874624696
2710.0463725204754
3187.3070514391684
5544.083471501664
2617.687962211652
3375.8188740349506
3193.5502096003397
2835.8181644448177
3278.5008874624696
3465.0463725204754
2783.9831394925154
2970.1561352320577
3571.9114388891626
2781.417755808472
3334.0008874624696
3535.610327856919
2969.13423703501
4142.524830212128
2771.7588843433086
3647.0008874624696
3570.917755808472
2869.364529477815
3060.051552979426
2856.501881329029
2751.398066648389
3005.556344106812
3267.8038904622103
3939.543667743189
3177.116895753833
2734.1206476828797
2516.116821441309
3467.110327856919
3071.0008874624696
2829.5805028203836
3507.043667743189
3944.083846799514
2477.676888198646
3103.858937127814
3140.0008874624696
2777.624131982433
2992.5463725204754
3278.3415214815623
3117.73659199629
3793.124131982433
2813.187962211652
4787.417755808472
3285.0502096003397
2927.788002039961
3381.7418745366
2967.4507673277067
3436.279127071284
3171.5463725204754
3066.0463725204754
2891.5008874624696
3980.5008874624696
3094.628573484218
4417.500887462469
3847.1276549429917
2959.628573484218
3266.0370423303843
3149.5008874624696
3136.5502096003397
3275.8290989308334
2964.025194744243
3650.623179189181
3084.9430658200718
3285.1057947636236
2684.322093943019
2763.5805815311687
2660.5008874624696
3241.917755808472
3055.802924767028
3394.440895636313
3114.691142983537
3542.5008874624696
2906.0008874624696
3042.6692698584006
4075.417755808472
3364.5008874624696
2993.5008874624696
3326.0008874624696
3892.128573484218
3675.083846799514
3052.7649955536185
2705.5463725204754
2729.0015471609763
4039.5008874624696
3678.0072029418016
2861.0463725204754
4021.5612375793703
3943.706689504814
2924.417755808472
3978.3737679700007
2681.5008874624696
3684.0008874624696
4036.5463725204754
2712.0008874624696
3123.5463725204754
2992.3184912274196
2992.5008874624696
2903.953944893983
3890.5150322538702
2714.610327856919
3399.0008874624696
2801.5008874624696
2950.0463725204754
3240.5008874624696
3089.953944893983
3540.6692698584006
2894.3181644448177
3318.8698391438325
2855.124131982433
3213.890422231807
3288.382269242048
4666.002897113037
2585.506118468813
3664.124131982433
3423.0463725204754
3799.5463725204754
3054.8081568101848
2999.0008874624696
3103.333721445507
3494.110327856919
3399.8724417127755
3172.953944893983
2932.5463725204754
3539.315986804752
3307.5008874624696
3092.492867413297
2815.0008874624696
3774.0463725204754
2512.698939486529
3630.844785535
3112.66327528744
3311.263815096003
2837.628573484218
3395.830777844821
3466.0008874624696
3693.8181644448177
3982.128573484218
3072.5502096003397
2714.5004434357575
3892.5008874624696
3912.9184379838293
2668.5008874624696
2946.359223220262
3219.7021906061464
3610.980158102922
2885.9081180372605
2786.848755375912
2845.0463725204754
3594.0463725204754
3686.191142983537
4018.0007668585004
2898.5008874624696
2731.8155445078755
4159.500887462469
3879.2221345163957
3022.104415047389
3551.453944893983
3600.0008874624696
3561.110327856919
3100.206689504814
3368.0098463992263
2811.3415214815623
3355.1295312478924
3003.0008874624696
2890.0463725204754
2867.0293520362034
2864.5805028203836
3944.206689504814
3599.453944893983
4119.22318918921
3695.0463725204754
3358.0008874624696
3276.9211731698024
3623.417755808472
2977.624131982433
3378.7710866506563
3051.128573484218
3374.0805028203836
2830.5361649247197
3927.244623179
2840.4081180372605
3306.5008874624696
2828.3188740349506
3452.0008874624696
4463.369839143832
2962.5008874624696
3683.453944893983
3303.6585577605465
3088.2142888318176
3444.6863076318746
3437.0614585591384
3048.2142888318176
2813.0008874624696
3043.0008874624696
3978.8758493107234
2938.9081180372605
3040.8698391438325
4136.000887462469
2950.4301933172405
3209.2850125969826
2989.891295131372
2986.5819174269213
2997.0008874624696
2884.0463725204754
3216.0502096003397
3306.0904452351733
3533.110327856919
2876.6585561128295
3450.5008874624696
4479.369839143833
2772.0008874624696
3178.187962211652
3228.5463725204754
3129.110327856919
3643.628573484218
3523.3030301284684
3358.0008874624696
2817.5357778671073
3217.483642334245
3731.0008874624696
3541.0463725204754
4461.934873251499
4423.60441504739
3226.8415214815623
3722.2778140760415
2651.7520899441
3397.953944893983
4687.749918038945
2826.680523553183
3393.0673285624002
3827.088155153876
3310.010885808864
2922.5463725204754
3011.0066930015273
3039.012244308325
3790.0463725204754
2795.836590195911
3541.917755808472
2641.3939125147253
3923.8771520783544
3316.624131982433
3160.588155153876
2699.5008874624696
2978.908118037261
2832.73659199629
2679.044889912042
2573.5463725204754
3638.0008874624696
3592.110327856919
2837.525173978895
3321.137632682777
2821.417755808472
3186.5008874624696
3087.1276681483655
3678.0008874624696
2901.2021906061464
2993.5463725204754
3767.5008874624696
2996.8188740349506
2674.0507956452225
3276.0008874624696
3224.0008874624696
3119.2142888318176
3464.588155153876
2720.3901273593187
3253.5008874624696
3168.551707416549
3298.5008874624696
4627.624131982433
3362.204327764716
2824.5046457814806
3361.0008874624696
2718.052909980316
2954.5463725204754
4138.000887462469
3641.446563021544
2991.0371572306954
3399.5463725204754
3065.8415214815623
3406.5463725204754
2875.2965453938846
2804.0008874624696
2918.6744887930245
3166.110327856919
3902.5463725204754
2759.114565775422
3158.0008874624696
3322.5463725204754
3710.815986804752
2924.717988269189
3906.417755808472
3273.0502096003397
3691.5008874624696
3165.1321385477568
3633.588155153876
3592.0463725204754
4046.1261313240525
2999.6605732193257
4071.0463725204754
3140.3522093892802
4016.110327856919
3918.610327856919
3283.5008874624696
3291.5008874624696
3275.5008874624696
4505.375849310722
3834.453944893983
2854.7553637049223
3288.0463725204754
4131.500887462469
2755.6206476828797
3329.5463725204754
2586.417755808472
3856.0008874624696
3148.3740226391637
2598.0463725204754
3133.110327856919
3176.5229690735723
3257.3833005962415
3327.628573484218
3310.953944893983
3145.128573484218
3084.0502096003397
3364.0463725204754
3555.0420204492816
2844.415263189201
6266.355283191573
3016.4081180372605
3653.917755808472
2853.7021906061464
2782.0008874624696
3234.0463725204754
2647.5008874624696
3178.0008874624696
3345.588155153876
3532.7021906061464
2796.5463725204754
3495.616079940916
3246.0008874624696
3817.025173978895
2962.124131982433
2851.187738289929
4398.500887462469
3574.502897113035
3081.5008874624696
2929.5463725204754
3318.453944893983
3624.014501796066
3372.610327856919
3622.5463725204754
2959.866548620173
3136.405273511044
2876.5463725204754
3405.51517221239
3149.3522093892802
3449.8698391438325
3677.453944893983
3498.3423641729178
3049.23659199629
3638.9687419648394
3131.706689504814
3138.5463725204754
3110.6781750260857
3470.110327856919
4445.5615362607905
2817.917755808472
3232.3415214815623
3537.9742258934134
3788.6863076318746
3431.942649155601
2949.5008874624696
3942.5463725204754
3122.605814988615
2825.5575697017166
3307.1604198759437
4049.706689504814
2625.5463725204754
4234.046372520475
3556.504411012021
3306.043667743189
2930.0008874624696
2991.0008874624696
3015.0560843389094
3766.3698391438325
3427.3522093892802
3755.2021906061464
2754.0008874624696
3597.1442266891504
3004.0008874624696
2841.0463725204754
3634.0502096003397
2653.0008874624696
2974.628573484218
2773.6146180423566
3441.116079940916
3133.514501796066
3052.7750910875425
2896.0008874624696
3625.628573484218
3390.0463725204754
3721.8082049305262
2991.0008874624696
3371.453944893983
3341.8230257607042
3139.5008874624696
3207.9430658200718
3471.145907178672
3073.5969382977323
3383.1246606980258
3485.0502096003397
3020.5008874624696
3444.060817958038
3595.0008874624696
3093.5463725204754
3142.9430658200718
3526.124131982433
3137.8853488420277
4250.917755808472
2809.9355231382992
2918.5463725204754
3962.8940403313763
3042.0008874624696
2837.0463725204754
3534.5008874624696
4617.500887462469
2819.3522093892802
2820.2018535848124
3270.5805815311687
3312.5463725204754
3255.047481405975
3759.5008874624696
3580.530495400932
3285.5463725204754
2629.110327856919
3232.110327856919
3464.064179890765
3413.0008874624696
2784.5008874624696
2692.124131982433
3727.2850125969826
2780.2616939663762
3041.3522093892802
3280.786084711985
3076.088155153876
2968.5008874624696
3310.0008874624696
3096.0904192257995
4254.792523040053
2855.588539776294
3525.5502096003397
3383.917755808472
3179.1321385477568
2655.3435159887435
3033.0008874624696
3176.0502096003397
3917.310642481896
2809.6633108061383
3092.5463725204754
2688.5004434357575
2703.453944893983
3388.0008874624696
3729.417755808472
3190.417755808472
3360.0008874624696
3120.8698391438325
3343.039038298778
3966.802924767028
3313.5008874624696
3256.0463725204754
3061.187962211652
2610.8698391438325
3287.3947180928917
4465.00188132903
2917.1321385477568
4085.9462671640135
3125.0008874624696
2734.0008874624696
2874.417755808472
3306.110327856919
3217.5463725204754
3474.953944893983
4056.502897113035
3244.0008874624696
2805.0008874624696
3090.0463725204754
3584.5008874624696
3370.5463725204754
3367.9430658200718
2643.2021906061464
3458.500911808266
2831.953944893983
4116.453944893983
3766.73659199629
3294.128573484218
3398.025173978895
3443.035187630577
3589.124405873347
2962.180523553183
2488.2021906061464
3145.5463725204754
2719.110327856919
4310.500887462469
3817.5502096003397
3752.953944893983
4062.917755808472
3292.0008874624696
3101.0906309795014
3844.9549433413645
3239.628573484218
3052.822093943019
2666.1858781170004
3899.759154529629
3137.5208182467472
5461.827445578874
2803.0008874624696
2650.0463725204754
3703.5008874624696
2837.5008874624696
3264.198020327971
3943.900183157846
3356.0008874624696
3998.5463725204754
3108.0008874624696
5389.917755808472
3159.5463725204754
3435.5008874624696
3382.0008874624696
3141.453944893983
3422.964579896361
3941.8133699394725
4065.064179890765
3700.0008874624696
3445.5008874624696
3973.78341544156
2931.5008874624696
3015.9211731698024
2592.0463725204754
2835.8415214815623
3212.0008874624696
3531.9486377517705
3166.127548810561
3257.7641219379716
2820.7641219379716
3165.302924767028
3043.453944893983
3133.5008874624696
3893.564179890765
2519.17497286152
3430.8181644448177
3602.9430658200718
3291.0008874624696
3684.5008874624696
3257.9184379838293
2829.3202149261906
2929.9211731698024
2758.799496187362
3178.7367217783344
3316.3698391438325
3596.5008874624696
3441.4687419648403
3930.917755808472
3203.0463725204754
3382.0008874624696
2862.302924767028
2994.502897113035
3270.5341175974218
3651.588155153876
4159.616079940915
3124.5008874624696
2755.5352877220494
2659.7972323591275
3116.0463725204754
4185.000887462469
3051.5463725204754
2936.150850737824
3188.5008874624696
3183.172771031955
3007.0008874624696
3542.815986804752
3179.514501796066
3617.1321385477568
3205.0008874624696
3073.1930046838415
3390.763815096003
4210.610327856919
3269.610327856919
3681.5008874624696
3263.5035948848845
3411.5008874624696
3757.0008874624696
2715.5008874624696
4385.610327856919
3076.244623179
2949.671987059089
3567.0008874624696
3243.417755808472
2980.6428381585897
3077.315986804752
3110.610327856919
3699.3361734286327
3341.0008874624696
2942.0008874624696
3118.0008874624696
4124.624131982433
2976.5805028203836
3998.453944893983
3149.2021906061464
3263.616079940916
3167.4081180372605
2956.5008874624696
3375.5008874624696
3663.064179890765
3393.5008874624696
3744.5008874624696
3082.5955073503364
4053.583846799514
3026.1425668592146
4538.624131982433
4716.500887462469
3179.628573484218
4177.610327856919
3186.5805028203836
3362.610327856919
3013.719035651298
2839.860339594604
2983.8522093892802
3619.5463725204754
2693.2267312467943
2980.4081180372605
3123.691142983537
3140.5008874624696
3622.0904192257995
3012.3904574580683
3996.0008874624696
3805.5463725204754
3137.5008874624696
2748.110327856919
3173.000911808266
2925.0008874624696
3369.1059750736026
3759.0008874624696
3000.624131982433
4399.500887462469
3703.055363556959
2924.6756691762407
3216.953944893983
3190.639053213673
3606.9430658200718
3134.0008874624696
3244.128573484218
2964.5008874624696
4508.546372520475
3361.5008874624696
2945.0008874624696
3069.3321489074324
3428.0008874624696
3135.173080501312
2494.687962211652
2782.560664593711
3438.6688718095456
2980.610327856919
2849.8522093892802
3238.5008874624696
3053.67528857231
3343.0796782805523
3406.083846799514
3514.0008874624696
2857.5008874624696
3804.0463725204754
3377.3853488420277
3993.0008874624696
2914.610327856919
3083.3181644448177
3913.0463725204754
3298.784843833113
3428.654405947771
3748.3698391438325
3431.8696367247153
5370.372411685902
3592.0008874624696
3441.5008874624696
3921.088155153876
3512.110327856919
3496.0463725204754
3042.624131982433
3305.2021906061464
3766.857649655948
3229.7890334862036
3478.639246173032
3462.0281672327887
3109.0008874624696
3715.5008874624696
4722.882269242048
2874.0008874624696
2971.18153769304
3445.0008874624696
3450.124131982433
4506.701778976762
3257.610327856919
3183.2105189318936
3635.5463725204754
3119.616895753833
3341.953944893983
3013.5008874624696
2527.5008874624696
2599.684787521307
3044.610327856919
2868.1450270473138
2761.0004434357575
3131.5008874624696
3470.5008874624696
4002.833278408881
3426.6177818215556
3153.897436479537
2646.3188740349506
3120.124131982433
2771.430913152625
2656.0008874624696
3363.128573484218
3150.2368878377647
3658.3698391438325
2875.8698391438325
3467.064179890765
3814.588155153876
3037.6692698584006
4185.046372520475
3543.5805028203836
2935.5463725204754
2743.7142888318176
2977.480158102922
2939.8698391438325
3011.6678865834665
3764.6355870505613
3680.0008874624696
3129.917755808472
4035.5008874624696
3692.5463725204754
3153.0502096003397
3554.23659199629
3393.6209710666067
3492.0463725204754
3481.9430658200718
3126.128573484218
2786.511203295481
3245.110327856919
3006.5008874624696
3306.1692698584006
3325.5502096003397
2923.5008874624696
3177.0008874624696
3043.0008874624696
3071.624131982433
3238.417755808472
2922.371261127432
3364.398066648389
3379.5463725204754
3794.3415214815623
2834.8949611856756
3300.953944893983
3337.0008874624696
3094.4081180372605
2883.5008874624696
3419.5220996946505
3776.917755808472
2894.514501796066
2990.524796226064
4143.756245909411
3561.23659199629
3937.206689504814
3186.610327856919
3032.859223220262
4048.0463725204754
3295.0868379385774
2959.6541866990465
4063.0008874624696
2755.3415214815623
2782.5159594466963
3061.0135936335446
3167.5008874624696
3191.148278475125
2911.5008874624696
3276.4081180372605
2920.0008874624696
3494.206689504814
3041.4430658200718
2717.3522093892802
2663.523681724889
3077.0463725204754
2503.0004434357575
3481.465537277346
3164.043667743189
2840.0420204492816
3193.0463725204754
3023.610327856919
3137.4430658200718
2960.7641219379716
2743.0008874624696
3569.5008874624696
3106.610327856919
3288.953944893983
3785.9430658200718
2566.0020864810995
2792.110327856919
3019.0841995659166
3316.8415214815623
4664.60441504739
3006.485822016065
3714.5008874624696
3628.0008874624696
4193.917755808472
2833.917755808472
3068.5502096003397
2985.110327856919
3618.514501796066
3687.610327856919
2897.233262870531
3139.2185204706702
2576.5008874624696
3624.0008874624696
3637.5008874624696
3198.898066648389
2796.610327856919
2940.0008874624696
2860.0463725204754
3217.5008874624696
2941.4031280618156
3658.315986804752
2739.187962211652
3751.123936781347
3656.4687419648394
3580.9054106040503
3824.5008874624696
2526.110327856919
2684.5221656961244
3525.532415696024
3626.628573484218
3206.917856302199
2968.7142888318176
3296.5871530636714
4120.079678280552
3105.116079940916
3373.0463725204754
3385.6321385477568
4630.110327856919
3648.9854035895264
2946.0008874624696
3361.3181644448177
4265.352209389281
4152.369839143833
3292.0463725204754
3037.9418267618607
2676.3415214815623
3561.555363556959
3120.628573484218
3667.6161477377727
3459.0463725204754
3650.3423641729178
2810.687962211652
3068.238547494579
3145.5463725204754
3940.5008874624696
