3682.083520552158
3714.088155153876
3202.9077283464007
3315.180905015406
4028.8082049305262
3192.0463725204754
3020.0906309795014
2931.0414741099717
3743.417755808472
3546.0008874624696
4075.0008874624696
3781.001881329029
2786.5008874624696
3137.408118037261
3754.5463725204754
3737.064179890765
4098.128573484219
3045.395909235046
3381.187962211652
3181.1321385477568
3367.7546926809646
3496.0008874624696
3525.5357778671073
3717.3361734286327
3096.883008132028
3116.665117453407
4195.223439467086
3111.610327856919
3168.2346175478096
3602.1692698584006
3253.570223406449
3057.0463725204754
3328.0357778671073
3578.0008874624696
3092.917755808472
4305.1585561128295
4278.610327856919
3373.635933034728
3321.9430658200718
3451.7021906061464
3734.5008874624696
3801.453944893983
3256.7367217783344
3947.588155153876
5616.549853625494
3229.428473345702
3390.0463725204754
3805.5220996946505
4425.953944893984
3626.0463725204754
4052.537255976026
4097.000887462469
4219.500887462469
3438.453944893983
3698.3780248967564
3695.8188740349506
4303.132138547758
4378.610327856919
5720.944813793363
6594.943065820073
3621.7149100770785
3914.104415047389
4143.793778496416
4497.546372520475
3696.988691154519
5237.500887462469
3527.1321385477568
3181.116079940916
6214.372421794212
3904.5463725204754
5423.609608101063
5417.500887462469
4021.6057947636236
4365.124131982433
4063.5008874624696
3126.763815096003
4313.002897113035
3839.110327856919
4012.52865508487
3591.762761364033
3316.133308790484
6445.628573484219
4189.000887462469
4022.9629146171314
4638.046372520475
4271.500887462469
3539.128573484218
4461.546372520475
4484.500887462469
4193.453944893983
4194.000887462469
3831.284843833113
3674.917755808472
6204.610327856919
4087.7021906061464
3591.0463725204754
4679.624131982433
4712.000887462469
4628.000887462469
4063.0008874624696
4484.500887462469
6349.872021511093
4116.989140137712
7326.000887462469
4474.000887462469
4685.917755808472
3880.4258742284296
5246.000887462469
4508.000887462469
6136.869839143833
6713.546372520475
6314.352209389281
3827.1528314026673
6248.62331817984
6300.128573484219
4078.7021906061464
6326.639667311753
5769.110327856919
4682.546372520475
5662.501148825124
4425.500887462469
5829.588155153876
4304.500887462469
4545.953944893984
6068.500887462469
5985.546372520475
4199.000887462469
6145.664089439545
4703.953944893984
4511.610327856919
5254.3724116846915
6067.293543337281
4054.8415214815623
4487.943065820073
5736.195748484174
5730.5510668482575
4101.5838467995145
4522.480825040107
4256.046372520475
3169.4413366811486
5996.590445235173
4545.083846799514
3912.0008874624696
3339.3437702736314
3932.502897113035
4399.110327856919
3585.0008874624696
4235.046372520475
4063.5008874624696
5814.588155153876
3815.6322065828167
4219.0641798907645
3623.8415214815623
7121.500887462469
5594.9828393278685
4192.546372520475
6496.012843507776
5648.750649226711
3693.8181644448177
3683.8698391438325
3984.0463725204754
4599.624131982433
4111.500887462469
3211.151416452487
4423.023909312428
3858.5008874624696
3664.3361734286327
4121.953944893983
3847.5008874624696
4284.841521481562
3919.5481497816163
3710.0008874624696
3515.9374482053877
3886.583846799514
3873.1585561128295
5401.226405851703
4050.583846799514
4406.546372520475
4605.124131982433
4562.000887462469
4330.046372520475
4332.000887462469
3613.2750910875425
4355.521030888047
4557.917755808472
4498.756915336958
4907.453944893984
4436.500887462469
3607.564179890765
4269.9081180372605
3902.0008874624696
3473.583846799514
5450.339552442562
7015.443065820073
4489.341521481562
4063.9114388891626
3949.3415214815623
3769.6585577605465
3931.680905015406
6212.546372520475
3863.543667743189
4713.999838537374
4714.046372520475
5557.056189303397
5422.028957116318
7103.014430965795
4673.000887462469
5694.059673488614
4600.546372520475
5562.500887462469
4427.588155153876
4050.5463725204754
5985.000887462469
3597.8522093892802
4551.208095768829
5976.417755808472
4580.083846799514
4382.000887462469
3701.417755808472
6678.132138547758
5327.78833037
6560.116895753832
6949.206689504815
6981.132138547758
5597.396653871187
4600.588155153876
4202.44516264043
5794.546372520475
4695.610327856919
7458.808156810184
5659.546372520475
6137.635715030698
5808.546372520475
7254.000887462469
6098.500887462469
6336.046372520475
6919.000887462469
7991.388792171804
5923.500887462469
5476.827005985148
6961.000887462469
5921.046372520475
5587.726405851703
6330.164457816987
8037.417755808472
7003.546372520475
6495.684367367174
6543.521030888047
7544.546372520475
6569.5462918987405
6660.583846799514
6727.891249703401
6423.546372520475
6575.81849122742
6403.3966432251445
5721.494504915723
6250.000887462469
7621.000887462469
6242.030497657014
6014.000887462469
3647.209274965016
5813.540739591893
4187.624131982433
5940.537269085413
3934.0626101274315
4344.124131982433
6960.546372520475
5524.805178042738
5431.250649226711
6270.9973171759175
4284.544470886338
6054.088155153876
6291.500887462469
3725.0463725204754
3898.5008874624696
4133.380865605207
4464.073182019351
4465.500887462469
3684.7021906061464
3734.0008874624696
4113.417755808472
5510.046372520475
3678.150684837039
6215.453944893984
5543.000887462469
3378.110327856919
6059.046372520475
3362.55348090225
3883.5008874624696
2933.5463725204754
4078.4081180372605
3576.110327856919
5573.109608101063
4433.546372520475
6534.046372520475
4243.000887462469
3362.5004434357575
3284.0502096003397
3690.514501796066
4651.588155153876
4941.943065820073
4324.55020960034
4688.453944893984
4137.723211512243
4341.546372520475
5808.610327856919
5917.375135470914
4060.0008874624696
4811.443065820073
4587.628573484219
3907.5008874624696
3670.5463725204754
3492.769359251229
5530.360934600786
3381.694971674489
3945.899001345561
4271.225967000562
4520.10441504739
4168.546372520475
3539.610327856919
4109.702190606146
3579.9211731698024
3730.124131982433
4580.058789403171
6000.597036846631
4022.639053213673
4905.220804068459
4527.610327856919
3963.5008874624696
3607.083872622293
4176.953944893983
4381.500887462469
5247.6148847391505
4186.500887462469
3854.417755808472
4143.696515388033
5579.000887462469
4688.546372520475
3749.583846799514
3652.2189616022865
4655.480158102922
5673.508737869325
3708.088155153876
3686.0008874624696
3894.6863076318746
4029.124131982433
4583.047222013301
4298.8980666483885
4053.124131982433
4519.852209389281
4003.616079940916
3801.564179890765
3258.628573484218
3858.0008874624696
3907.6858781170004
3771.953944893983
3747.5463725204754
3167.0008874624696
4014.5463725204754
4275.506118468813
3705.5502096003397
5456.1088676578765
3295.610327856919
4626.917755808472
4532.9365635656095
4072.628573484218
4312.443065820073
4161.035900712173
4079.5555457007
3504.5008874624696
3896.128573484218
3627.5008874624696
4556.546372520475
3593.417755808472
3659.088155153876
5662.000887462469
5436.110283543583
4044.0008874624696
3822.417755808472
4710.046372520475
3428.0065668344737
4005.613982336583
4297.035777867108
5862.441388705163
3917.0717884435785
4072.9105171335164
5689.971604659053
3838.014501796066
3924.3522093892802
3577.104978560676
6126.38551928672
4169.05020960034
4815.500887462469
5993.610327856919
4301.546372520475
5331.804886265967
5924.610327856919
4632.836173428633
6100.91246632001
5671.1585561128295
4665.0641798907645
5904.500887462469
6116.546372520475
4200.088155153876
6160.500887462469
3958.515604698608
4537.110327856919
5678.809694916161
4226.4081180372605
4986.046372520475
5025.443065820073
4657.628573484219
6010.0065926462985
4250.545966235631
4089.588155153876
3488.862938602298
3914.5463725204754
5222.000887462469
5667.430749544854
4253.680905015406
4435.000887462469
5715.588298860433
6348.227266588466
5462.787839345588
6251.830777844906
5881.588155153876
7297.317414506416
8392.035326163264
7164.500887462469
6573.110327856919
6188.209274965016
7338.580502820385
6586.610327856919
6522.71261918939
7020.13423703501
5607.000887462469
6390.628573484219
3898.0463725204754
6143.500887462469
6317.088155153876
7528.06704997758
7385.046372520475
6982.000887462469
7598.546372520475
6865.500887462469
5658.904140757327
6215.610327856919
6574.588155153876
7216.869839143832
6637.493741602758
8979.795638639247
7884.500887462469
7592.500887462469
6600.500887462469
6126.124131982433
5871.680523553185
5602.583471502234
6120.046372520475
6982.500887462469
6146.116879451488
6415.110327856919
6559.629172370208
7248.869839143833
7998.500887462469
6886.81887403495
7764.500887462469
5821.525783762331
5768.434591568682
6096.500887462469
4810.500887462469
4621.000887462469
6344.000887462469
6501.943065820073
5878.289762362086
6910.116895753832
6440.500887462469
6734.546372520475
6009.596626441729
4528.479432063059
7163.308156810184
6099.546372520475
4563.124131982433
6428.000887462469
7531.128573484219
6077.686307631878
6308.546372520475
6323.500887462469
5606.459705995981
4354.326436023415
4646.500887462469
6166.559210386804
5835.000887462469
3931.5463725204754
4402.000887462469
6653.869788977989
6216.000887462469
6059.546372520475
6259.000887462469
6980.501542565888
7344.8484900667645
5536.332193003481
7457.060969959075
7439.546372520475
7584.186307631878
5945.046372520475
5790.546372520475
4649.826961853611
6225.580502820385
6150.514501796066
7510.917755808472
7488.341521481562
7693.500887462469
6204.113571055328
5729.54639609739
5505.610327856919
6322.500887462469
6952.953944893984
5849.875531472586
6603.60441504739
6048.046372520475
4828.5968771657845
5650.930749544854
7247.000887462469
5735.646244107294
7567.202190606148
6507.500887462469
5746.852209389281
7280.935136501803
5851.082261974503
7003.046372520475
7397.628573484219
6131.000887462469
5801.581611225602
6421.628573484219
6364.500887462469
6134.546372520475
6533.206689504815
7143.616895753832
8246.35220938928
7170.000887462469
6036.257395442594
6538.546372520475
6424.000887462469
6274.632138547758
6225.612567916065
5791.000887462469
7574.546372520475
7177.000887462469
6605.546372520475
7004.124131982433
7696.186307631878
6894.000887462469
7716.610327856919
7088.31849122742
7104.917755808472
6758.905273511039
6363.500887462469
6573.209274965016
6908.500887462469
7041.917755808472
6761.026569845413
6205.128573484219
6360.000887462469
6307.0793475284445
6551.046372520475
6490.502342430701
6661.000887462469
6726.943065820073
7283.500887462469
7556.943065820073
6322.046372520475
6571.500887462469
8364.046372520475
6753.943065820073
4954.205593285669
6356.711617842141
6484.5357647024475
6154.500887462469
8359.408228144875
7767.11243279247
6590.917755808472
8224.875849310722
6814.841521481562
6653.500887462469
5976.500887462469
6613.540482151934
7062.764658424598
6169.046372520475
7098.624131982433
6311.355283189009
4679.546372520475
5750.556186174665
6124.841521481562
4556.546372520475
7257.957591811374
6693.803030128468
5715.875135464744
5952.18186480347
5917.588155153876
5977.500887462469
6957.706689504815
6062.500887462469
5848.500887462469
6994.083846799514
5301.000887462469
5664.2264058488945
5683.022639898489
6595.818164444819
7200.087123040976
6107.546372520475
5998.012086845254
7141.139053213674
5950.613571055323
7365.580502820385
6366.000887462469
5442.000887462469
6781.157515286502
7515.352209389281
6741.953944893984
5878.000887462469
7473.546372520475
6178.106694587219
7695.046372520475
6553.044249242064
5767.116895753832
6786.8712497309925
6651.046372520475
8017.639053213674
6334.455455218954
8401.546372520475
6492.500887462469
5980.000887462469
7022.000887462469
5419.046372520475
6872.085980058135
5630.424326493287
6828.046372520475
3663.1110425722923
5773.811287909198
6590.546372520475
6296.775091087546
7446.546372520475
7751.917755808472
5517.000887462469
6645.000887462469
6324.328840738059
6543.878793495593
5221.593597080798
6094.318164444819
7453.030662393755
6150.520818246747
6013.546372520475
8205.875849310722
6607.500887462469
6099.217988269191
7131.546372520475
5970.385537160634
7388.116895753832
8136.693004355009
6117.569355561472
6383.110327856919
7006.072626839562
5970.500887462469
7290.771433253311
7333.610327856919
6096.7866872601435
6567.736721778334
6657.01889797602
7241.96874196484
6424.54366774319
8430.00088746247
7176.215168863147
5395.093597080225
7811.572626839562
7223.943065820073
7088.572626839562
5067.3980666483885
6077.000887462469
7317.500887462469
7695.31887403495
5988.841521481562
5774.930749543852
7131.000887462469
6646.000887462469
4323.000887462469
6999.046372520475
8024.610327856919
5688.185043639459
6728.500887462469
7052.546372520475
4495.417755808472
8516.588155153877
4075.5008874624696
6645.169558564716
6453.818164444819
6029.13660422374
7067.892335897985
6117.360339594606
7257.046372520475
7216.05020960034
7389.821887748062
5117.046372520475
4629.628573484219
6273.882281002255
7529.046372520475
7013.000887462469
4739.04366774319
3906.0463725204754
5974.000887462469
5827.88551928672
6262.110327856919
6524.046372520475
5976.046372520475
3960.417755808472
3919.0463725204754
6021.046372520475
5107.953944893984
6257.139663811296
5556.046372520475
6770.104592982862
6398.000887462469
6115.272460714883
4451.546372520475
5663.348437368758
3642.5008874624696
7283.943065820073
5683.046372520475
6168.141211758686
4738.255181897446
4239.002954031994
4009.1918641838606
6390.588155153876
5484.532620718234
4182.046372520475
6441.610327856919
4562.500887462469
5606.000887462469
3817.8686558945496
4195.420469982107
5188.000887462469
6708.453944893984
6886.500887462469
4050.480158102922
4355.546372520475
6426.338461958686
4510.500887462469
5823.6446771924775
5704.000887462469
5598.000887462469
6175.5641798907645
6040.606911700932
4176.917755808472
6316.000887462469
4792.841521481562
3983.5008874624696
4491.110327856919
5472.110327856919
6199.139246173032
5338.59359866444
6439.000887462469
5671.000887462469
6582.249918038945
5986.236591996291
6736.110327856919
4599.500887462469
6438.941374658362
7154.852209389281
6886.870421361061
7029.546372520475
7409.290459105204
6477.632138547758
8608.81887403495
7728.500887462469
8166.000887462469
7146.318164444819
7165.546372520475
8467.841521481561
5704.500887462469
7187.559006135773
5750.359958943656
7844.500887462469
7112.961091428074
6610.527840973875
5370.500887462469
7558.8751923265945
7828.352209389281
6598.388792171804
6439.818876458886
7134.500887462469
6347.917755808472
6860.706689504815
5506.110283543583
7112.15202708552
5486.500887462469
5761.046372520475
4417.046372520475
7204.525173978897
6311.000887462469
4508.318164444819
6290.46874196484
7472.46874196484
7300.0357647024475
6857.352209389281
7017.429405545179
6869.546372520475
6203.046372520475
6490.31887403495
6640.841521481562
6827.046372520475
6654.000887462469
7801.610327856919
5974.000887462469
9024.00088746247
6197.088155153876
5594.000887462469
6539.917755808472
6047.818164444819
6876.500887462469
6105.943065820073
5700.487341369252
5919.896653871187
5811.000887462469
3948.3265033976254
5844.046372520475
4115.628573484219
7159.043753505728
6429.453944893984
6491.610327856919
7012.824533434134
6878.046372520475
6676.81887403495
4372.546372520475
4348.0641798907645
6805.500887462469
6690.703723103819
5851.352209389281
6423.500887462469
4551.632138547758
7919.352209389281
6195.000887462469
4388.313369939472
5409.313131376653
7572.500887462469
6197.852209389281
7054.046372520475
7454.917755808472
4479.000887462469
7010.628573484219
6993.000887462469
6301.628573484219
5875.000887462469
6004.116895753832
6542.6585561128295
6571.546372520475
6445.650056598218
6204.500887462469
5879.495038079332
6520.583846799514
6344.628573484219
5550.046372520475
6269.610327856919
6090.385348842028
5548.803589525391
5853.813369939472
6204.544249242064
7197.500887462469
6330.546372520475
6368.841521481562
6105.046372520475
7290.046372520475
6181.713327889192
6244.546372520475
4542.81887403495
6166.555363556959
6885.117950604664
6228.72494227469
5968.123179189184
6264.733578569356
7480.500887462469
6911.127032698744
6140.816372508313
6366.000887462469
5981.000887462469
6857.046372520475
7016.500887462469
6488.583846799514
6325.110327856919
6007.689210072878
6494.500887462469
6501.546372520475
6660.068817299767
7415.445708456442
5631.917755808472
7013.237472702717
6171.000887462469
8862.610327856919
7049.500887462469
6356.110327856919
7028.000887462469
6119.841521481562
6413.500887462469
7305.500887462469
6619.417755808472
6129.235925544054
5460.610283543583
5348.05149636713
6934.044597217079
6712.046372520475
5676.5523656195555
5556.046372520475
6143.035016725464
6755.700118954687
7614.2139671549885
6132.000887462469
7753.411438889173
6933.000887462469
5562.417755808472
6588.315986804753
5620.610327856919
6702.046372520475
6206.2021906061445
7247.110327856919
7744.000887462469
6587.500887462469
5705.417755808472
4741.841521481562
5333.500887462469
6744.632138547758
6234.841521481562
6288.616895753832
5895.352209389281
6278.500887462469
4175.55020960034
5618.939160299891
6443.000887462469
4741.803030128468
5911.657298938204
6638.500887462469
7069.352209389281
5866.610327856919
6541.453944893984
6380.046372520475
4552.116079940915
6544.02678211751
5374.804886256302
4507.852209389281
5961.216187012087
6376.110327856919
5646.894437678631
4364.035287722049
5408.226405851703
6058.277814076041
5941.297438652447
6117.000887462469
6084.088155153876
6530.758884343306
8288.00088746247
6168.500887462469
6728.417755808472
6063.213879188609
6152.008916279023
6778.546372520475
5760.110327856919
7012.583846799514
6819.046372520475
5801.000887462469
5163.2560408566615
6171.527099152892
6399.000887462469
5888.500887462469
6610.573211766738
6753.500887462469
5612.191539676483
6005.000887462469
5524.5215867094
6082.000887462469
6404.110327856919
4731.077263862927
8144.046372520475
7786.7360666777
7548.000887462469
6145.253097721733
6334.610327856919
5446.588298860433
7074.072626839562
6782.888982083664
4642.116079940915
5107.500887462469
6674.000887462469
6225.86777538238
6277.116079940915
6821.110327856919
7606.000887462469
7740.000887462469
6470.583846799514
6939.81887403495
7013.245644473152
7293.000887462469
7078.000887462469
6301.546372520475
6911.610327856919
6232.514414935881
7305.818901456679
7207.500887462469
5401.7027651391545
5785.852209389281
7416.596056024635
4566.500887462469
6371.180905015407
6072.568940536292
6216.156001621561
6183.000887462469
5700.107502714206
4372.500887462469
6081.546372520475
6493.500887462469
6327.953944893984
6314.500887462469
5645.831499640624
4505.500887462469
6989.628573484219
6381.046372520475
4816.341521481562
6673.000887462469
4728.110327856919
6410.81849122742
4281.083846799514
7275.875849310722
6546.04366774319
7468.500887462469
6418.937168907573
6188.55020960034
6014.000887462469
6259.869839143833
4615.500887462469
6662.500887462469
4656.10441504739
7047.546372520475
6014.736721778334
5632.000887462469
6138.869788977989
7187.546372520475
5766.040006600278
5689.8269634299595
5931.142218003163
5470.500887462469
5975.610327856919
5846.461935179914
6524.000887462469
5573.000887462469
4667.312901615468
5552.631642541763
5423.000887462469
4420.154361128784
7162.000887462469
4634.918962498954
6324.046372520475
5673.557925801429
4581.046372520475
5850.500887462469
6147.80937236354
6258.341521481562
5832.000887462469
5946.341521481562
6326.341521481562
6339.000887462469
6355.500887462469
6863.717733968795
4402.546372520475
6117.000887462469
6223.1095402152405
6395.588155153876
6018.500887462469
4683.546372520475
4583.14468843767
5324.000887462469
5507.046372520475
5810.352209389281
5909.546372520475
4626.546372520475
5536.312880917793
6261.94513109118
4537.128573484219
5906.818901456679
4684.128573484219
7124.124131982433
6226.124131982433
6449.500887462469
5761.000887462469
5931.046372520475
6128.000887462469
4692.55020960034
4556.628573484219
6586.500887462469
4563.546372520475
4647.842111636137
4594.000887462469
4433.046372520475
5182.000887462469
6327.318901456679
6213.132138547758
6877.046372520475
6253.128573484219
5263.500887462469
6341.5641798907645
6237.616079940915
7176.706689504815
7082.204026834879
5855.046372520475
5569.000887462469
6346.529290208819
6117.318164444819
5846.129408110545
6111.388792171804
7648.443065820073
6838.236721778334
5485.500887462469
5694.500887462469
6669.500887462469
4358.000887462469
5464.487341369252
4570.841521481562
4670.546372520475
5369.040014612319
6204.953944893984
6523.31849122742
6317.852209389281
4272.124214551171
5614.546372520475
6585.96874196484
6961.923812568782
6955.000887462469
6189.588155153876
7027.669269858401
6241.046372520475
5652.097036846631
7074.352209389281
6129.000887462469
6524.656858624102
6889.852209389281
7443.500887462469
5625.000887462469
5577.363309793989
6123.006159496257
7327.01913787367
5813.046372520475
6105.5641798907645
6562.000887462469
7578.841521481562
6134.234107238461
7804.588155153876
7035.818164444819
6915.500887462469
6593.046372520475
6279.500887462469
6836.802924767027
7395.546372520475
6296.080502820385
6230.217988269191
5859.46874196484
7042.417755808472
6171.628573484219
7032.443065820073
5966.046372520475
4087.0008874624696
6196.5966264645385
6565.000887462469
6310.7018738819725
6219.013126654633
7560.943065820073
4667.546372520475
7850.546372520475
6553.500887462469
6393.110327856919
5684.046372520475
6108.5145108208735
6234.614618042354
8619.50088746247
6255.546372520475
5721.681864801142
6497.546372520475
5689.000887462469
4127.687962211652
5517.434280302687
5873.375135470914
5374.305178048106
6021.546372520475
5607.628573484219
6607.318164444819
6123.341521481562
6239.500887462469
6794.308156810184
6272.208427668269
5874.134225805472
5303.161265032007
6875.000887462469
5765.417755808472
6026.875849310722
6662.917755808472
4679.352209389281
5399.500887462469
6100.286084711985
7037.117077409942
7091.152978444256
6874.132138547758
6237.046372520475
6762.500887462469
8096.604239007915
6415.417755808472
9049.628573484219
8851.107203754367
7947.198376948009
6859.546372520475
8645.50088746247
7142.000887462469
9216.888792171805
8075.083846799514
7381.308156810184
8596.85220938928
8027.535326163264
7964.500887462469
8295.00088746247
8286.50088746247
8337.75660908319
6892.046372520475
8981.588053785013
7896.917755808472
10393.438938361916
9439.443065820073
7801.072626839562
9472.818491227414
8939.58384679951
9810.088155153877
10427.00088746247
6883.717988269191
8860.862198775845
8424.613289163899
8049.500887462469
8384.50088746247
9513.364175546298
9385.653911821291
7256.046372520475
8432.071632502306
9111.375849310722
6414.500887462469
7605.130436515461
5856.2949024395375
7286.443065820073
7807.542020449288
9526.584562941453
6401.732085442151
6838.000887462469
7461.726497008811
6743.610327856919
7671.046372520475
6652.943700338499
5775.7555176586
8422.680355480405
7875.953944893984
6419.000887462469
6029.441388705163
5565.1585561128295
6794.917755808472
6156.546372520475
4764.546372520475
6736.000887462469
6935.5089611847625
6816.000887462469
4358.758884343309
5908.000887462469
6530.96684283132
5751.668045409336
5461.500887462469
5862.052928751165
5985.500887462469
6169.852209389281
4570.583846799514
4674.744623178999
5336.361413416266
6549.290424917409
6979.480158102922
5701.025783763934
5961.161403184425
6447.500887462469
6497.500887462469
6603.480158102922
6382.000887462469
6922.500887462469
6065.00075205094
5404.586085063119
7395.042020449274
7176.000887462469
5887.962788570178
5841.629568068201
5728.022639897333
6056.22876395273
7547.680523553185
8024.632138547758
6343.546372520475
7373.331630815395
6250.679080552197
6441.394966051798
7445.128573484219
6885.579678280554
5747.083846799514
6283.565604323005
7311.546372520475
6943.000887462469
5988.604157910662
6673.5793475284445
6524.110327856919
6682.002454695755
6288.000887462469
6937.000887462469
6775.046372520475
4913.546372520475
6584.546372520475
7263.624131982433
6201.583872622293
7948.0641798907645
6892.546372520475
7306.546372520475
6968.046372520475
7472.500887462469
7225.500887462469
8280.308197729228
6566.610327856919
6941.737472702717
7658.132138547758
5614.226405851703
8794.35220938928
7013.417755808472
6384.110327856919
8444.158557760546
7051.610327856919
8415.39999832205
8016.092991568996
9002.00088746247
7489.180523553185
7710.352209389281
7954.610327856919
6773.000887462469
6909.110327856919
8302.50088746247
6854.500887462469
7928.000887462469
7022.719979686547
7589.852209389281
8225.50088746247
7129.500887462469
6779.96495911505
8850.639053213674
6524.180523553185
6405.166583535647
5916.000887462469
7935.546372520475
6457.703606993986
7008.616895753832
7094.202190606148
6189.251480896255
7316.293190604797
6716.116079940915
7589.046372520475
7487.046372520475
7114.808156810184
6386.852209389281
7167.046372520475
8658.546372520475
7400.375849310722
7825.410993127195
7736.632138547758
7206.917755808472
7685.501421421485
6826.046372520475
8174.500887462469
6744.417755808472
7622.624131982433
7225.46874196484
6991.000887462469
6662.326527406807
7834.341521481562
7577.274747885062
7971.046372520475
6760.191142983536
8398.00088746247
6723.1450768001605
6167.546372520475
7002.000887462469
6397.119314707006
7133.973386896269
7967.500887462469
6940.610327856919
6067.841521481562
7849.500887462469
7360.500887462469
7197.546771499338
5859.580398150105
5822.000887462469
6777.110327856919
6651.0641798907645
6810.2860428450995
7230.546372520475
6800.500887462469
6629.000887462469
7028.110327856919
5796.2492396173775
6818.523327972335
7459.002454695755
8173.842666648122
6683.500911808265
7084.200014772128
7363.686307631878
6587.55756693629
6211.610327856919
7384.500887462469
6357.180523553185
6146.707661861958
6994.546372520475
6378.852209389281
7287.8484900667645
7561.292261565042
6671.537054182915
7998.874547601015
6873.575245082061
6469.000887462469
6528.943065820073
6273.110327856919
7692.500887462469
7223.522534523399
6337.500887462469
8101.546372520475
6257.656135232058
6468.551525564394
6452.818164444819
5459.372411685902
6277.046372520475
7305.514501796066
5855.032762398938
6128.500887462469
6855.616895753832
5821.610327856919
6275.569355561472
6043.275091087546
6190.500887462469
4372.3980666483885
6087.124131982433
7271.624131982433
6616.046372520475
5477.150669228939
6092.610327856919
8010.500887462469
7182.124131982433
6821.132138547758
6517.841274905812
6887.000887462469
5984.917755808472
6889.341521481562
5972.9479274763
7657.369839143832
7407.443065820073
6582.2793315004765
7471.000887462469
6656.000887462469
4683.101524574682
5982.046372520475
6699.000887462469
5758.802924767027
7515.0641798907645
4699.058376856817
8553.50088746247
5712.132138547758
6264.417755808472
7054.128573484219
6477.046372520475
5870.83130522859
4634.546372520475
8101.535468298297
6322.583872622293
7457.852209389281
6593.500887462469
6478.863609305619
5619.000887462469
6577.616079940915
6264.842364172919
6521.6837282903
6739.04366774319
6233.046372520475
7293.339606888009
6971.500887462469
7479.603394446991
6663.318164444819
7271.500887462469
5879.9223824017745
7654.852209389281
6202.046372520475
7224.628573484219
5593.430749544854
6825.132138547758
6513.500887462469
5753.046372520475
7313.736721778334
5885.192766233887
4709.04016661311
6275.06922910482
4929.046372520475
6298.000887462469
6969.917755808472
5503.279020829949
8112.546372520475
8112.110327856919
6402.4466005985505
7187.696223664596
7162.500887462469
7951.341521481562
7897.546372520475
7018.616895753832
7790.318164444819
7956.688368367394
6286.500887462469
6964.053091288187
6874.648676708243
7180.852209389281
6849.5641798907645
6619.443065820073
6364.352209389281
7811.579678280554
6485.5641798907645
6980.546372520475
6751.52112035209
6934.341521481562
7749.596938297733
5797.6585561128295
6922.339606888009
5720.1096081002315
6219.026174039786
6281.680355480405
6218.855283191573
6257.568940536292
6700.999838537383
6319.051412508821
4560.5445730531965
6493.583846799514
6232.546372520475
7004.500887462469
7101.31887403495
5671.500887462469
6651.040437
6739.000887462469
6794.812941154109
6246.31887403495
6965.238632736081
6081.000887462469
6773.000887462469
7607.336173428633
6848.1450768001605
7108.352209389281
6149.500887462469
6697.500887462469
6187.911100924094
7550.537059496843
6960.623052557416
6817.069355561472
5573.983447480981
6185.917755808472
7601.110327856919
6658.100009612008
6520.546372520475
7530.3966432251445
7062.583846799514
5938.099161171228
5834.097951811941
5552.31286399354
5790.946151549637
6253.500887462469
7788.869839143833
6356.500887462469
6646.500887462469
7814.000887462469
5773.761829081404
6252.000887462469
6577.852209389281
7073.110327856919
8680.943065820073
8050.046372520475
6617.875849310722
6065.897086676442
7980.747223680101
5860.000887462469
6491.116079940915
7549.046372520475
7250.000887462469
5519.083471502234
5930.500887462469
5825.81887403495
6411.033792010334
6655.500887462469
5533.500887462469
6549.500887462469
5956.500887462469
5564.046372520475
4817.393025466229
5612.046372520475
6406.046372520475
6346.110327856919
5444.120356856154
5931.609608100231
4855.124131982433
5524.000887462469
6268.500887462469
5598.500887462469
6014.206689504815
5940.500887462469
5630.495536692279
5598.610327856919
7558.610327856919
4033.3522093892802
5740.046372520475
6164.808156810184
6667.546372520475
5762.500887462469
5734.818164444819
5384.610327856919
5258.700669661366
5568.500887462469
5737.588155153876
6394.000887462469
5840.02341549528
5956.341521481562
4893.046372520475
5895.44111932808
6526.70261603001
5606.000887462469
6013.632695137351
6438.500887462469
6061.628573484219
5868.000887462469
6506.411438889173
5730.032907226942
4844.443065820073
4801.628573484219
7133.875849310722
4749.341521481562
7697.453944893984
6338.839606888009
9728.50088746247
6077.841521481562
5990.0641798907645
6439.546372520475
5748.046372520475
4521.946147337148
5587.610283536032
5791.216187012087
5730.877903047981
6390.546372520475
5915.090244392713
5937.110327856919
4714.046372520475
6631.573211766738
6171.500887462469
5972.628573484219
6630.686307631878
6145.124131982433
7049.0065700156465
5912.841521481562
6316.947236098816
7121.29975850634
5632.500887462469
6280.917755808472
4461.369579225909
5800.812883061297
6866.164469643616
6528.341521481562
6631.336300188375
7418.500887462469
4571.836173428633
6570.860339594606
5958.509301130193
6675.046372520475
6391.191557357355
6029.000887462469
4848.588155153876
5637.500887462469
6494.628573484219
5821.493889053987
7470.318164444819
6437.085312976338
4648.128573484219
4536.046372520475
5679.320028165201
6213.087369224896
5757.26212332269
6279.046372520475
5800.951721920014
7279.000887462469
6449.796243964078
7788.5719958798945
6216.110327856919
7600.249026022865
5875.880131246316
7521.852209389281
7326.500887462469
4667.308156810184
7840.443065820073
7135.046372520475
6421.984091725512
6772.912159699462
6210.841521481562
7946.046372520475
6810.388792171804
6242.546372520475
5647.870319807648
6145.500887462469
6298.046372520475
5980.311829966175
6727.852209389281
6995.126381178572
5892.580502820385
5467.500887462469
6351.722647307891
5939.523292909121
6038.500887462469
6465.818164444819
7660.953944893984
4601.206689504815
5556.728189261625
6471.583846799514
5520.360934601988
6151.341521481562
5581.515273862411
5692.885355814961
5626.092411555509
5379.872411685902
5852.500887462469
6486.813851232555
6536.421896451551
7419.097917283003
5654.34752605829
4622.110327856919
7136.500887462469
5901.500887462469
5471.110327856919
6218.046372520475
6504.31849122742
7163.000887462469
5772.462788570178
7751.000887462469
5633.297269031808
6372.775091087546
7805.014501796066
4690.583846799514
5612.610239455935
7772.275091087546
7682.388982083664
7129.000887462469
6229.584837470328
7606.5904192257985
6930.352209389281
5776.546372520475
5901.110327856919
6338.802924767027
4735.417755808472
6418.500887462469
5851.322751517885
6462.000887462469
5875.500887462469
6040.500887462469
5724.352209389281
5886.951721925436
6091.53513988997
5812.930749544854
6332.000887462469
5419.546372520475
6339.46874196484
4149.065372478496
6544.546372520475
6204.500887462469
6482.000887462469
6503.000887462469
6032.046372520475
5476.133161754774
6414.917755808472
6271.500887462469
5989.341521481562
8303.539956889746
6072.000887462469
5918.789226497746
6960.227313267662
5709.546372520475
6465.500887462469
4700.590243928971
6581.546372520475
5758.647000820215
7481.329144190413
5867.500887462469
4334.780872205934
6931.997741013744
5804.546372520475
5456.000887462469
6033.768788231675
4746.908036121841
5668.5934398867485
5418.500887462469
4783.975318978271
6100.132138547758
5788.094224901439
5770.829411772098
5724.746215401133
6775.341521481562
5937.049757234991
4758.546372520475
5491.500887462469
6958.500887462469
5892.417755808472
4700.110327856919
4146.858778869637
5647.046372520475
5779.500887462469
6053.617077409942
6614.500887462469
7789.5904192257985
5953.000887462469
5973.000887462469
5326.3724116846915
6400.315491507299
4749.546372520475
6512.453944893984
6008.775091087546
6299.110327856919
6402.000887462469
5548.000887462469
5803.6416318104475
6841.0808532394985
5301.500887462469
5326.502238904685
6544.000887462469
6324.915799915545
5721.500887462469
6557.000887462469
4532.417755808472
4455.6585561128295
6555.748716135603
5391.712475149063
6631.943065820073
5785.46874196484
6177.691142983536
6676.000887462469
6135.110327856919
5840.500887462469
6010.046372520475
5764.331300348303
6238.090445235173
4592.546372520475
6185.352209389281
6573.000887462469
6522.31887403495
5518.046372520475
5861.317880615962
4924.610327856919
5802.727823710185
6289.110327856919
6662.462843043577
4983.046372520475
5226.000887462469
6045.268788229236
7139.860339594606
6272.373428261327
6097.000887462469
5734.500887462469
6094.046372520475
6359.352209389281
6616.546372520475
7048.963354725337
4707.546372520475
7052.500887462469
7193.78483192531
6780.852209389281
6640.953944893984
7114.616895753832
5568.664651812387
5715.829411772098
4715.453944893984
5646.632138547758
7268.110327856919
6170.500887462469
6479.500887462469
6239.417755808472
6800.818164444819
7079.686307631878
6450.046372520475
6331.110327856919
7006.028260450507
5918.80308855955
7945.500887462469
8362.85220938928
7834.943065820073
8581.50088746247
6440.880893111884
5723.046372520475
6800.083846799514
8290.045620277586
6494.093963601786
7111.417755808472
5754.582987887638
6716.546372520475
7214.808156810184
6017.046372520475
5887.110327856919
6593.706689504815
7375.943065820073
6019.110327856919
7123.000887462469
5626.000887462469
6601.104978560676
7528.000887462469
8993.80815681018
6149.546372520475
7134.606953823583
7335.000887462469
7813.610327856919
7396.116879451488
7086.046372520475
9130.50088746247
7904.000887462469
8510.85220938928
7161.000887462469
8118.000887462469
7742.5641798907645
6364.522727327566
7471.31849122742
8411.441826761864
7409.352209389281
7640.308156810184
6811.417755808472
6718.453944893984
6871.417755808472
6142.500887462469
6811.888792171804
6988.500887462469
6315.748593077689
6767.917755808472
7378.808197729227
7210.046372520475
6849.261738777811
6556.247062959668
7923.546372520475
6598.500887462469
7507.462184098023
7260.426812033459
8229.220299524959
7278.356661186134
6704.500887462469
6494.000887462469
7071.005745409438
6808.046372520475
6479.352209389281
6827.000887462469
6100.128573484219
6742.083846799514
7032.706689504815
7763.818164444819
6506.302924767027
7282.546372520475
6593.500887462469
6533.000887462469
6403.046372520475
7042.624131982433
6979.291609415837
7472.639246173032
6184.256652493099
7359.538281995442
6791.453944893984
5551.5462523403985
6266.106937188406
7805.885348842028
6918.046372520475
7540.352209389281
8005.680523553185
6502.244623178999
8646.943065820073
8135.500887462469
7669.46874196484
6412.610327856919
8286.443065820073
6750.546372520475
7117.110327856919
4734.046372520475
7430.888792171804
6660.610327856919
7401.318164444819
7174.957591811374
7492.639053213674
6932.000887462469
6213.500887462469
5806.641085279098
6968.31887403495
7170.500887462469
6442.170264593449
7961.000887462469
7013.169269858401
5876.408036121841
8185.000887462469
5728.025783763934
6547.000887462469
6929.852209389281
6833.0641798907645
7288.808204930531
5979.000887462469
6249.421896451551
5718.124131982433
6687.257120631135
6131.209622173024
7114.110327856919
5950.943065820073
7479.947061402512
5320.500887462469
6314.000887462469
6460.546372520475
7118.308197729227
7540.546372520475
7490.917755808472
6855.110327856919
6116.102820819327
7034.1585577605465
6478.610327856919
6815.500887462469
7581.302100123775
6287.500887462469
6054.841521481562
6888.546372520475
6808.46874196484
6320.546372520475
6716.046372520475
6200.852209389281
7202.000887462469
7780.528182751809
5304.609608101063
6618.500887462469
5976.1585577605465
7383.000887462469
4887.546372520475
6756.116895753832
5884.046372520475
6311.000887462469
5733.858756908944
6423.046372520475
6208.417755808472
6797.852209389281
7535.546372520475
6952.737472702717
7666.911438889173
6782.443065820073
6742.615096486311
6658.369839143833
7131.000887462469
7182.500887462469
6323.09871069845
8307.888792171805
6264.755484445503
7454.546372520475
6882.588155153876
7896.000887462469
6265.340451373117
8082.000887462469
6897.046372520475
7852.81849122742
7227.546372520475
7482.921173169825
7982.139053213674
6627.028260450507
8294.453944893983
5944.803030128468
8916.046372520475
6727.953944893984
7563.000887462469
8734.00088746247
6641.546372520475
6305.369839143833
6692.04366774319
5986.236591996291
6020.546372520475
7328.124131982433
6686.479268934315
4805.321021673459
7639.330777844906
6779.352209389281
6299.063358618769
6560.500887462469
7324.110327856919
6337.500887462469
7479.000887462469
7680.610327856919
7663.500887462469
6532.500887462469
6420.937168907573
7702.831781690381
6776.169269858401
7494.583846799514
6205.639053213674
6894.808156810184
6624.500887462469
7030.556496826896
6881.186307631878
5896.500887462469
6286.500887462469
6258.224845394058
7033.046372520475
6959.417755808472
7541.308156810184
8013.342111636137
5673.136885337758
6260.3421895087695
6679.116895753832
6093.17388113246
6081.546372520475
6027.369839143832
5599.110327856919
7221.31887403495
7288.124131982433
6305.500887462469
7130.852209389281
6171.610327856919
6838.527840973875
4699.186903532733
5609.685043639459
5931.500887462469
6373.692061023221
6007.772460714883
6331.917755808472
5739.500887462469
6513.352209389281
4723.29223915104
6002.610327856919
6421.000887462469
5458.500887462469
6367.110327856919
6564.546372520475
6223.500887462469
5554.633035601266
5890.000887462469
6273.341521481562
6645.943065820073
5325.28833037
5677.546372520475
5760.025783762331
6699.546372520475
6587.628573484219
5699.810782415615
6401.46874196484
5446.9269380556225
6768.283415441563
5973.322751517885
5620.585416277018
5931.124131982433
5678.226405851703
6271.681048688121
6145.852209389281
5989.352209389281
6717.706689504815
6736.610327856919
6755.628378052003
7361.369839143833
4629.000887462469
4679.4081180372605
5577.135939294433
7234.610327856919
6776.500887462469
6261.000887462469
6678.313369939472
6461.500887462469
5727.930749544854
7401.532901580932
6526.544597217079
6537.5004268685825
6152.069355561472
5494.823876700029
5655.0641798907645
6815.580502820385
6652.04366774319
5702.109608101063
5900.634225805472
5616.02047316985
7618.852209389281
7026.134225805472
6354.10362689931
5882.610327856919
5949.372421794212
6466.494803690554
5824.635447488538
6599.000887462469
5397.685043636518
7366.549241955329
7309.088155153876
6593.500887462469
8212.15469143577
8931.610327856919
5982.890411012745
6218.238000342355
8629.00088746247
6797.546372520475
7555.192878393587
6326.116079940915
8950.968741964842
7507.45654385971
8943.012311280027
6238.088155153876
7933.206689504815
8165.610327856919
6872.417755808472
6793.667554430944
8399.870665569008
5957.500887462469
6872.445331938376
7052.793543337281
8019.191142983536
6426.546372520475
5834.546372520475
6351.500887462469
8278.610327856919
6923.880893111884
5566.000887462469
5508.000887462469
4538.852209389281
5895.980158102922
5927.610327856919
6993.917755808472
6899.116895753832
4329.094806017349
6362.852209389281
6399.000887462469
6233.124131982433
6407.44060754039
8403.546372520475
5604.8274455742785
6245.588155153876
6678.046372520475
7714.000887462469
5626.046372520475
5699.500887462469
6688.110327856919
5515.546372520475
6215.546372520475
5762.93994425642
4713.52209969465
6923.014501796066
5783.632138547758
4419.736721778334
6563.5426761456465
5805.669269858401
6684.610327856919
5557.04481238486
7778.646354751465
6060.000887462469
6463.797022432618
6824.610327856919
6468.500887462469
7866.079678280554
6095.000887462469
6502.046372520475
5454.000887462469
5975.088155153876
7437.500887462469
6067.302100123775
7953.110327856919
7732.352209389281
8269.546372520475
7440.046372520475
5430.63644712793
6179.046372520475
5596.313131389624
5453.110327856919
6838.000887462469
5869.876094679468
6696.943065820073
4441.13907321521
7859.500887462469
6844.128573484219
5677.546372520475
7164.500887462469
6948.836300188375
5466.047904401325
5759.546372520475
4440.000887462469
4691.97822150285
6086.000887462469
4648.4602064474775
5966.4225047262025
6280.943065820073
6651.046372520475
5653.613710849894
7877.205869747344
5445.181864801139
6161.610327856919
7044.139053213674
6832.417755808472
5795.604978560676
4608.191142983536
6909.000887462469
6613.110327856919
5463.610327856919
4776.000887462469
7355.06715753367
7020.046372520475
6630.96874196484
7364.738632736081
5816.000887462469
6428.046372520475
5901.666583535647
6274.500887462469
6220.110327856919
6356.546372520475
6078.088155153876
5948.680523553185
5813.610327856919
6066.943065820073
6617.500887462469
7671.546372520475
6563.369839143833
7551.546372520475
6280.500887462469
5997.610327856919
6615.500887462469
7433.443065820073
5833.420098045827
6754.184374425596
6464.562467298885
4382.193972813951
6851.852209389281
6059.830162443214
6873.349899176461
5720.040276741036
6691.124131982433
5977.068940536292
7240.546372520475
5738.000887462469
4795.875086226982
8091.072626839562
5612.583471501664
6198.818164444819
4650.756889516967
6935.711241010974
6675.841521481562
4670.083846799514
6341.243746947547
6337.0867768719645
6456.165487573499
7807.000887462469
4249.500887462469
6177.852209389281
6807.60441504739
7234.500887462469
5637.519083165063
5830.046372520475
5712.433166342156
6295.000887462469
6827.341521481562
6060.500887462469
5617.917755808472
6247.046372520475
6356.352209389281
6407.046372520475
8293.993503807415
8456.968741964842
5494.5534995691105
6826.917755808472
6588.917755808472
5019.046372520475
5729.500887462469
4736.546372520475
4444.6585561128295
7647.500887462469
7472.480158102922
5982.046372520475
7073.546372520475
5948.500887462469
5922.046372520475
6846.917755808472
6110.216690058533
5931.430749544854
5883.128573484219
5485.610327856919
5756.094230078789
6207.000887462469
5494.610327856919
4747.610327856919
5983.500887462469
5871.417755808472
6680.500887462469
5973.717988269191
5752.088155153876
6268.341521481562
6355.153726391801
7210.000887462469
6129.352209389281
6396.147632927113
5647.398147251293
7941.610327856919
6038.547552156999
7764.500887462469
6467.761503252954
4471.546372520475
6435.500887462469
6328.624131982433
6048.632138547758
5710.000887462469
6318.514501796066
4875.480158102922
4546.500887462469
6859.500887462469
6583.943065820073
6112.110327856919
6517.841521481562
5753.500887462469
7377.046372520475
5930.318164444819
5838.546372520475
5060.500887462469
4522.2142888318185
7037.546372520475
6061.917755808472
5846.05715181205
5619.211493555329
6482.000887462469
4783.616079940915
6378.839606888009
6221.500887462469
6367.841521481562
6821.046372520475
5678.91598763752
6174.199817141192
7196.610327856919
6986.046372520475
6073.546372520475
6992.885537160634
6442.352209389281
6742.000887462469
6629.000887462469
5903.498827136333
8337.046372520475
6851.110327856919
6249.000887462469
6485.943065820073
6271.169269858401
6646.046372520475
6507.500887462469
6889.000887462469
7095.046372520475
5824.689836690556
6953.841521481562
6185.000887462469
6113.841521481562
6540.417755808472
6455.836300188375
5827.000887462469
5305.000887462469
5887.610327856919
6064.116895753832
5842.110327856919
4662.687399921224
7398.046372520475
6150.046372520475
6671.000887462469
7109.318164444819
5754.206689504815
6244.000887462469
6062.000887462469
6989.328839888118
6467.588922210821
6758.10441504739
6929.916947638911
7100.546372520475
5440.218948760423
6663.000887462469
6071.500887462469
6429.857555187628
6139.500887462469
6771.514501796066
5601.981325774101
5934.639095530131
6433.500887462469
5909.500887462469
6268.6235765675565
9293.00088746247
6596.21844393208
5831.483447480981
6706.000887462469
7817.000887462469
7472.000887462469
6507.610327856919
5630.046372520475
7044.943065820073
6480.869839143832
5962.852209389281
6839.352209389281
4692.546372520475
6450.500887462469
5959.96874196484
7004.021030888047
7217.500887462469
7304.110327856919
5973.546372520475
5993.758460684975
4679.664852629756
7042.880893111884
6094.000887462469
6786.572626839562
5365.872411685902
5539.304886265967
6438.686307631878
7663.588155153876
6861.975297605366
6904.546372520475
6094.135148788947
7020.917755808472
7462.943065820073
8227.033432676315
5947.632138547758
6530.9819590526195
5237.59359866444
6860.417755808472
7464.943065820073
6260.000443435758
6866.071996948904
6128.058384331086
5682.755060053893
5631.852209389281
7450.000887462469
5695.8141063516
4589.244365129509
6069.917755808472
5665.804886256302
5694.128573484219
5331.079493755835
7676.000887462469
6842.535749562554
6989.186307631878
7726.521030888047
6611.6958690105275
6188.474027187515
6073.046372520475
6049.165776020443
4537.500887462469
5538.59359866444
6460.661120273057
6219.610327856919
6271.546372520475
6018.000911808265
7064.588155153876
6881.535777867115
6118.500887462469
6530.772692379168
8554.41775580847
4496.500887462469
7207.610327856919
6287.616079940915
5971.180523553185
6802.000887462469
7836.110327856919
6173.000887462469
5748.09619114678
5511.352209389281
6287.000887462469
6879.500887462469
6145.7589458408665
7776.546372520475
5537.620352562304
4702.917755808472
4767.624131982433
7607.046372520475
6591.628573484219
6852.500887462469
6793.530662393755
6179.048416783184
6899.251963307668
5374.5412104290735
6313.31887403495
6113.001775087094
7685.417755808472
4510.550858186715
4455.360339594604
4267.352209389281
5832.352209389281
5746.352209389281
5920.632138547758
5440.500887462469
4343.10441504739
4536.587919514729
6092.199712363841
6688.134432116274
5538.0898573535105
5870.6585577605465
5937.046372520475
4596.500887462469
5483.304886256302
4130.875849310723
6109.015317542332
5209.083471502234
4257.046372520475
6743.500887462469
4464.000887462469
5678.093439883955
4450.110327856919
5355.6112649588995
5176.000887462469
5691.369839143833
3685.7142888318176
4262.0641798907645
7039.610327856919
5789.642218003163
5398.500887462469
6022.917755808472
6821.852209389281
5773.628573484219
4211.352209389281
7604.571917759665
5572.500887462469
4455.582400120913
6250.000887462469
6298.841521481562
6171.388792171804
3667.161043723231
4191.610327856919
6102.029909281298
4327.7102267871105
5877.546372520475
4722.443065820073
3971.0463725204754
4402.124131982433
3859.3522093892802
6003.500887462469
4094.5463725204754
4270.953944893983
6017.417755808472
5836.341521481562
3821.128573484218
4774.202190606148
4168.5352396919425
5897.546372520475
3872.6321385477568
4462.000887462469
3875.0008874624696
6647.546372520475
4360.214288831817
4125.110327856919
6256.128573484219
3989.528499532747
6442.546372520475
4173.313369939472
3763.628573484218
3779.5463725204754
4038.292523040053
4079.8181644448177
4112.000887462469
6049.500887462469
4167.000887462469
3734.0560488170076
4575.702190606148
3784.610327856919
3871.301045961177
4049.3188740349506
3805.628573484218
6505.55756693629
3941.852668553063
6085.088155153876
5578.287858945384
3966.8522093892802
3413.243596506036
3605.571014176444
4210.48082504006
5630.855283189009
4074.024135560835
5280.000887462469
4278.983885937819
3575.0004434357575
6347.576552741028
5346.007002384223
4296.01180554487
3989.5463725204754
3590.839606888006
4568.500887462469
4206.202190606146
3834.4147171035042
4135.110327856919
3974.5008874624696
4716.500887462469
3995.4984476629406
3987.8188740349506
4393.8396068880065
3481.5008874624696
5518.000887462469
4282.1437155311805
5503.000887462469
4500.185878117
3457.7862884529395
4474.588155153876
4800.546372520475
4714.307722096598
4862.610327856919
5222.500887462469
3680.5008874624696
3829.453944893983
4339.046372520475
5948.6490420052605
3917.2617307424857
4277.046372520475
6542.443065820073
4580.128573484219
6176.371805135355
4216.610327856919
4324.000887462469
4598.417755808472
3367.2553637049223
8896.443065820073
5531.1585561128295
3422.0463725204754
5396.829618545935
6300.000887462469
4380.046372520475
6703.610327856919
6356.080502820385
3805.8415214815623
5304.024883806556
4289.500887462469
6677.917755808472
6562.132138547758
4182.453944893983
6059.546372520475
5492.813097238182
5329.610327856919
4526.500887462469
5649.930749543852
6136.5505468173515
5471.000887462469
4743.8587685076645
6155.000887462469
4366.385348842028
4351.124131982433
3735.0008874624696
4731.087245357194
4048.0463725204754
4269.552769770017
3864.2021906061464
4292.514501796066
6424.592314618442
3782.0463725204754
6841.000887462469
6465.364196875626
5454.813097238182
6144.052249488285
6376.4832147131
5751.559640483826
4450.546372520475
5865.610327856919
3862.0463725204754
4389.369839143833
5753.9828393278685
4616.4461551503
6701.124131982433
3766.5463725204754
4251.546372520475
5451.288330369265
5727.5876462282195
6945.994440419091
4547.088155153876
5790.500887462469
4246.114055129892
6084.500887462469
5539.000887462469
4038.5916286140096
3935.917755808472
4193.671642135187
4491.369839143833
3387.8207365791695
3689.6863076318746
4357.953944893984
5369.226405851703
4616.22318918921
3711.1448797817243
4343.046372520475
4755.341521481562
4538.500887462469
4784.5641798907645
4257.046372520475
5277.560742419231
4607.500887462469
3391.0202122889723
3722.5421489586874
4096.443065820072
5426.500887462469
3993.0008874624696
3306.0008874624696
3574.5463725204754
3955.6239383119964
4343.000887462469
3778.526410775312
4763.000887462469
3931.5805028203836
3637.247062959668
3464.191142983537
3896.0463725204754
3425.2369899670825
4400.546372520475
6290.318164444819
3899.070016977995
4564.128573484219
4638.839606888009
6336.341521481562
3763.0008874624696
3874.09238300027
7165.906872947431
3977.139053213673
3276.616079940916
3574.610327856919
4489.624131982433
3576.616895753833
3781.5805028203836
3641.0463725204754
4043.848050029926
5975.31887403495
3380.0463725204754
3646.1678865834665
3691.588155153876
4417.500887462469
3396.0463725204754
3692.5463725204754
4079.110327856919
3766.5463725204754
3891.1341809942637
3747.650875184502
3462.3415214815623
3636.8082049305262
3793.5008874624696
3721.9983824750175
3342.0463725204754
3077.0463725204754
3151.637632682777
4156.953944893983
4621.341521481562
3811.3779697321556
3936.5008874624696
4598.628573484219
3095.0008874624696
3528.0502096003397
3569.5463725204754
3245.0463725204754
3865.128573484218
3870.3415214815623
4015.0463725204754
6505.500887462469
3464.0008874624696
5998.797269031808
6684.682573725514
4656.610327856919
4507.206689504815
3975.0008874624696
3252.524720201437
3681.23244201461
3354.0463725204754
3914.23659199629
4233.917755808472
4594.000887462469
4715.1046198857075
4580.513568527384
6516.624131982433
4212.206689504815
7703.5904192257985
4549.500887462469
3650.601524574676
3695.860339594604
4523.500887462469
4367.917755808472
4097.000887462469
6496.610327856919
3904.0008874624696
3648.5732117667367
3968.6074654705358
5234.5136511463215
5954.649097920404
5585.746141306167
8591.35220938928
5983.500887462469
6657.841521481562
6268.885348842028
3851.1585561128295
7266.610327856919
6254.000887462469
6968.818164444819
6764.149959462808
8003.000887462469
8240.85220938928
5010.953944893984
8859.50088746247
6307.054921956847
7512.000887462469
8640.610327856919
4752.228423005249
7813.6073413377035
6052.558784758953
6762.546372520475
8252.41974736198
5470.546372520475
6927.046372520475
6478.08396812606
7204.610327856919
5690.088155153876
7715.31887403495
6688.836173428633
5643.067028721474
5600.110327856919
5219.872411685902
5778.109943228611
4430.74991803894
5022.546372520475
5713.818164444819
4444.352209389281
5904.453944893984
4460.000887462469
6237.046372520475
4486.115963704644
6249.070183919755
4612.124131982433
7074.888792171804
4414.352209389281
5266.000887462469
5610.091090886183
6047.529070660414
3812.110327856919
4970.628573484219
3299.3522093892802
4649.917755808472
3818.719006176044
4425.375849310722
5846.917755808472
6389.777814076041
4122.411438889163
3979.6206476828797
4259.014501796066
7640.453944893984
5885.267705500192
3807.5008874624696
4209.446600598544
4210.500887462469
6299.385348842028
5197.8812921837925
5667.62924244149
4094.8133699394725
5809.954190621865
6686.124131982433
3947.022582894673
4188.461174783038
4511.000887462469
5749.500887462469
5846.500887462469
4228.000887462469
4205.680905015406
3815.0008874624696
5625.683414273296
4854.500887462469
5876.706689504815
4643.453944893984
4266.624131982433
4746.480158102922
5621.941388705163
4645.588155153876
4727.500887462469
5417.000887462469
6822.38684093604
4823.042020449289
6254.363849156906
3853.0008874624696
6613.000887462469
5465.500887462469
4930.500887462469
4380.2142888318185
5631.2358529172925
7215.628573484219
4636.732082279553
4622.480158102922
4147.182573725514
6688.500887462469
4174.7354917085595
6303.500887462469
4112.590445235173
6253.546372520475
4078.5008874624696
4501.2142155231595
3877.5463725204754
5578.638867605134
5560.046372520475
3385.0463725204754
3684.3188740349506
4586.841521481562
4632.046372520475
3974.367804225033
3843.5463725204754
3978.4854035895264
5781.657949030597
4509.500887462469
4238.502954031994
4520.000887462469
5248.592113426045
