-143.50845336914062
-123.00849151611328
-154.00413513183594
-125.86861419677734
-134.69871520996094
-113.67076873779297
-144.66607666015625
-146.77938842773438
-174.96336364746094
-134.73538208007812
-116.26126861572266
-145.1652069091797
-118.73405456542969
-104.00080871582031
-153.92153930664062
-150.51593017578125
-133.57550048828125
-158.3917999267578
-148.22438049316406
-157.35276794433594
-148.03958129882812
-162.19175720214844
-161.45077514648438
-157.3802947998047
-149.20993041992188
-158.12811279296875
-145.70553588867188
-129.3333740234375
-135.10040283203125
-147.17755126953125
-158.8760223388672
-135.64569091796875
-156.19398498535156
-109.41692352294922
-137.4043731689453
-138.3983917236328
-124.28495025634766
-114.72467803955078
-93.31372833251953
-118.42294311523438
-125.14867401123047
-112.47308349609375
-117.45484924316406
-117.22825622558594
-112.10149383544922
-101.77360534667969
-125.5024642944336
-123.44562530517578
-116.66138458251953
-128.9071044921875
-128.8555908203125
-124.33897399902344
-106.29141998291016
-123.53712463378906
-113.72042846679688
-115.16871643066406
-109.86799621582031
-113.49726104736328
-112.7744369506836
-110.63681030273438
-113.5674057006836
-112.22184753417969
-128.37368774414062
-126.69609832763672
-117.86882781982422
-103.60877990722656
-116.73117065429688
-121.00343322753906
-110.68869018554688
-116.56500244140625
-125.74303436279297
-112.15729522705078
-121.73284912109375
-108.16459655761719
-107.93378448486328
-96.23336029052734
-107.68174743652344
-101.83317565917969
-102.4057846069336
-96.67684936523438
-98.8924331665039
-88.00730895996094
-94.7098388671875
-108.91556549072266
-114.00692749023438
-97.88102722167969
-108.28437042236328
-101.32062530517578
-111.49834442138672
-112.14688873291016
-112.36964416503906
-102.73186492919922
-91.66027069091797
-95.99211883544922
-105.42034912109375
-89.2618179321289
-98.57442474365234
-99.52603149414062
-89.89752197265625
-102.50634765625
-92.19109344482422
-89.16893005371094
-82.19233703613281
-83.3197021484375
-82.4228744506836
-89.93864440917969
-86.4346694946289
-93.08123016357422
-65.17574310302734
-80.67389678955078
-96.09860229492188
-89.2138442993164
-97.45716094970703
-97.2030029296875
-67.11713409423828
-100.49337005615234
-83.98922729492188
-74.05321502685547
-67.60295867919922
-86.71949768066406
-74.2400894165039
-63.20491027832031
-58.104652404785156
-68.2348403930664
-50.43106460571289
-56.35089111328125
-63.17305374145508
-67.92442321777344
-64.34818267822266
-62.578792572021484
-56.695621490478516
-47.885093688964844
-49.01544189453125
-68.6738510131836
-57.2140998840332
-58.92696762084961
-53.34442901611328
-55.09273910522461
-64.94482421875
-62.17456817626953
-45.31040954589844
-53.75995635986328
-74.81373596191406
-43.07197189331055
-46.63148498535156
-60.12905502319336
-51.740657806396484
-58.59672164916992
-59.883907318115234
-41.92353439331055
-53.14451217651367
-42.48042297363281
-68.94403839111328
-58.97533416748047
-64.71393585205078
-71.64628601074219
-41.34222412109375
-51.81085205078125
-40.95786666870117
-60.70657730102539
-73.19143676757812
-57.73773193359375
-37.50168991088867
-29.62209701538086
-54.32301712036133
-32.64945602416992
-51.25278854370117
3.6698224544525146
-67.31319427490234
-59.27915573120117
-28.759164810180664
-35.20543670654297
-37.39460372924805
-31.375244140625
-43.87582015991211
-20.24397087097168
14.449230194091797
-36.494808197021484
-14.859824180603027
-39.5361213684082
-20.514446258544922
-16.240924835205078
-34.36701202392578
-3.69032883644104
-40.368473052978516
-26.938922882080078
-15.671483039855957
-43.71651840209961
-24.430469512939453
1.680288314819336
-22.646230697631836
-28.326990127563477
-30.853078842163086
-46.07977294921875
-18.53449249267578
-17.760690689086914
-37.09661865234375
-5.903944969177246
-18.579072952270508
20.293132781982422
-0.06557267159223557
-2.17688250541687
-21.911439895629883
-6.439818382263184
6.763126850128174
-8.22579574584961
-10.43902587890625
-6.080135345458984
3.450517177581787
-23.75368309020996
23.830644607543945
8.315570831298828
2.1634318828582764
3.250816822052002
-5.802648067474365
44.067169189453125
13.027627944946289
20.272531509399414
17.563146591186523
26.665414810180664
41.49250411987305
25.85893440246582
0.07549834996461868
22.20796012878418
18.311803817749023
24.362367630004883
21.824817657470703
40.362178802490234
42.29573059082031
22.65224266052246
21.469797134399414
19.453506469726562
33.139747619628906
11.423974990844727
35.94725036621094
0.06173750385642052
9.472512245178223
40.73451232910156
-11.453226089477539
5.745657920837402
-1.5688250064849854
-8.554414749145508
-9.074711799621582
2.9171061515808105
-21.791954040527344
-17.08317756652832
11.645221710205078
-6.48582649230957
-20.495121002197266
-7.471996784210205
17.20041847229004
4.570955753326416
-3.9504294395446777
-3.5681333541870117
-26.715070724487305
-16.616477966308594
13.228981971740723
12.668685913085938
-14.555330276489258
-21.581256866455078
-11.767041206359863
-17.080238342285156
-6.648898124694824
-14.315983772277832
-3.83640193939209
20.688915252685547
-8.986296653747559
31.712358474731445
27.57465934753418
26.754018783569336
18.514556884765625
-8.128341674804688
29.2667293548584
6.3514604568481445
17.127235412597656
-13.501598358154297
-2.061199188232422
-11.435303688049316
38.1402473449707
-8.973423957824707
-16.808746337890625
-5.859055519104004
17.01521873474121
-36.52412796020508
-15.174432754516602
12.091323852539062
34.78291702270508
27.052898406982422
-12.287619590759277
30.289621353149414
15.908682823181152
16.971418380737305
3.8404433727264404
18.748062133789062
24.638608932495117
23.734371185302734
23.12958526611328
3.4339993000030518
15.248309135437012
31.601348876953125
14.40832805633545
-19.410076141357422
-7.33677864074707
6.809479713439941
10.09882926940918
7.567085266113281
-3.035747528076172
12.657238006591797
26.007795333862305
-14.493086814880371
18.377490997314453
-3.98630428314209
2.788606643676758
-2.862227201461792
3.461740255355835
15.278847694396973
-15.94656753540039
-2.3819334506988525
1.7267612218856812
-0.8654928207397461
-5.9954328536987305
6.529476165771484
16.777971267700195
-10.121832847595215
6.080536365509033
-21.590290069580078
3.922133684158325
10.659625053405762
-19.61052131652832
0.4871410131454468
-25.565563201904297
34.76477813720703
21.446809768676758
-22.94873046875
-24.841278076171875
-6.454558372497559
4.3961896896362305
-9.243719100952148
2.28275990486145
14.971528053283691
-13.06418514251709
-1.8306300640106201
5.995561599731445
8.591012001037598
-14.374828338623047
14.997540473937988
-5.611293792724609
-19.153141021728516
5.8489251136779785
0.7606309056282043
-1.0521949529647827
10.183311462402344
7.968410491943359
-16.558380126953125
11.054573059082031
-5.471646785736084
11.426863670349121
-13.43198299407959
-14.639947891235352
-13.885115623474121
10.60811996459961
13.724625587463379
14.62082576751709
4.98407506942749
3.926726818084717
-12.356538772583008
-9.8963623046875
-31.56675148010254
-16.861995697021484
9.214130401611328
-0.7880917191505432
-20.15597152709961
-18.830860137939453
11.036645889282227
-6.639240741729736
-3.725044012069702
-22.029375076293945
-12.560037612915039
-5.420313835144043
-5.276041030883789
0.5018374919891357
-24.840606689453125
-29.462560653686523
-42.59439468383789
-24.12468719482422
-19.889894485473633
-29.107351303100586
-36.69992446899414
-22.96357536315918
-25.744829177856445
0.601539671421051
-10.181302070617676
-45.799129486083984
-35.725852966308594
-14.87641429901123
-21.062559127807617
-3.0637426376342773
-41.16624450683594
-30.233976364135742
-15.932846069335938
-4.7559638023376465
22.10378074645996
-35.47201919555664
-31.751956939697266
17.22649383544922
-7.899269104003906
-39.964088439941406
43.93017578125
-45.32106018066406
22.487808227539062
5.552368640899658
5.230470180511475
16.014076232910156
-24.53112030029297
31.119916915893555
24.34441566467285
24.720651626586914
27.02211570739746
38.543800354003906
23.340984344482422
15.081022262573242
20.601266860961914
-11.710341453552246
-17.039342880249023
5.615025043487549
4.230306625366211
9.194334030151367
9.41805648803711
14.85474967956543
13.00861644744873
13.363446235656738
17.423065185546875
8.245712280273438
9.443058967590332
16.352523803710938
11.995819091796875
27.471647262573242
8.572073936462402
-0.8861216902732849
4.612122535705566
-3.5331578254699707
-9.829299926757812
-19.604482650756836
-3.934974431991577
6.594301700592041
-4.6538262367248535
-3.9325177669525146
-22.09006118774414
-3.3650200366973877
21.513385772705078
-12.211014747619629
-6.063535213470459
-19.25535774230957
1.6224119663238525
18.346384048461914
7.8378005027771
-1.4821356534957886
-12.241271018981934
7.071418762207031
-21.836095809936523
-26.6938533782959
-33.010711669921875
-38.74734878540039
-9.911032676696777
-19.355581283569336
-27.60430145263672
-22.457237243652344
-8.775561332702637
-13.669991493225098
-27.01394271850586
-19.157909393310547
-22.237010955810547
-51.46070098876953
-14.656845092773438
-32.32564926147461
-40.24472427368164
21.613420486450195
-10.0336275100708
-26.741466522216797
-9.484346389770508
13.629328727722168
-24.48202896118164
-26.401920318603516
-5.140191555023193
1.4316648244857788
-9.196338653564453
-7.8011250495910645
-8.978343963623047
13.635322570800781
24.820388793945312
40.44932174682617
-4.842561721801758
30.65663719177246
6.563756465911865
-9.123381614685059
-17.537872314453125
7.224944114685059
15.125732421875
1.7760809659957886
17.718292236328125
-6.474178314208984
33.8096809387207
-12.160999298095703
1.034502387046814
16.76864242553711
18.128223419189453
1.0287184715270996
19.93372344970703
29.060855865478516
-5.584489345550537
22.81169891357422
15.600292205810547
30.704065322875977
-2.2278096675872803
-2.8651421070098877
23.698328018188477
10.013039588928223
18.838092803955078
22.769317626953125
40.104976654052734
23.9760684967041
-0.18388259410858154
-9.82485294342041
7.9116926193237305
6.876747131347656
-4.162243366241455
22.449373245239258
0.698288083076477
-5.555569171905518
8.058188438415527
8.988728523254395
-3.277667999267578
22.727418899536133
-4.583467483520508
4.527799606323242
-28.080705642700195
7.35227108001709
4.444554328918457
0.4685530364513397
7.36842679977417
11.162934303283691
-0.7239527106285095
-14.14811897277832
1.3049273490905762
-3.813418388366699
-8.809688568115234
-6.9620561599731445
-4.042848587036133
-30.226154327392578
-21.857681274414062
-37.6293830871582
-5.153086185455322
-1.7984570264816284
11.927294731140137
2.698444366455078
11.903881072998047
-3.199885606765747
-36.62916946411133
-14.598322868347168
-16.678630828857422
7.995726585388184
-17.284343719482422
5.264708042144775
-14.427407264709473
-27.220718383789062
-25.21616554260254
-29.383758544921875
-27.079551696777344
9.809791564941406
10.836827278137207
-22.548673629760742
-16.6048526763916
-27.24631118774414
-19.120981216430664
-12.5318021774292
-20.805198669433594
-2.5520896911621094
5.967209815979004
-42.81586456298828
-31.580730438232422
-27.278528213500977
-52.14950180053711
-16.00792121887207
-11.082938194274902
-36.47220993041992
-41.33887481689453
-17.069374084472656
-5.705326080322266
-31.715280532836914
-49.1312255859375
-21.78669548034668
-11.75948715209961
-23.941844940185547
-17.729366302490234
-12.431735038757324
-2.3788363933563232
-0.8397646546363831
-9.083780288696289
15.87819766998291
7.55667781829834
3.3402817249298096
-9.092826843261719
15.048067092895508
6.709555149078369
1.476898431777954
12.508692741394043
12.000694274902344
4.843429088592529
12.006624221801758
17.1832275390625
19.852216720581055
26.73178482055664
1.564408779144287
19.741788864135742
46.0114631652832
28.53529930114746
26.281970977783203
31.51205825805664
17.33963966369629
17.064693450927734
-2.5558958053588867
-12.056139945983887
28.348329544067383
23.039180755615234
10.667637825012207
-7.65477991104126
10.878776550292969
5.93182373046875
-6.8005595207214355
-3.8439218997955322
9.977144241333008
2.311131000518799
21.89049530029297
-14.45302677154541
12.309677124023438
-15.05803394317627
20.68628692626953
-14.676572799682617
5.995588779449463
19.02545928955078
16.224071502685547
9.32455825805664
11.392507553100586
-1.7546067237854004
22.429798126220703
14.156936645507812
-0.6687580943107605
6.5860161781311035
0.5251092910766602
23.90696144104004
13.392807006835938
-25.78271484375
-22.411968231201172
19.264963150024414
22.78000831604004
22.697608947753906
10.987387657165527
22.078502655029297
25.837078094482422
5.0230607986450195
6.516502380371094
16.804269790649414
-1.9994759559631348
3.63106632232666
-9.775629043579102
23.08060646057129
6.084525108337402
-8.303010940551758
-12.83515739440918
-5.2636590003967285
1.6900657415390015
5.170022964477539
5.2795891761779785
-6.272778034210205
12.316696166992188
11.93152904510498
-15.89095687866211
-4.661942481994629
4.60669469833374
-5.5937066078186035
10.90498161315918
10.83080005645752
-18.585201263427734
-24.857994079589844
16.454898834228516
11.805964469909668
-7.623800754547119
-28.047847747802734
2.5026001930236816
-5.405943393707275
-7.005237102508545
-22.0506591796875
-20.945146560668945
13.62813949584961
6.2298583984375
0.9555554389953613
-16.858291625976562
1.339490294456482
-14.548859596252441
2.3780980110168457
-8.993422508239746
-25.429738998413086
-0.4945204257965088
-15.35207748413086
-9.757024765014648
-8.327523231506348
1.5417706966400146
-27.69743537902832
7.1324896812438965
-17.818151473999023
5.662912845611572
-12.193161010742188
-24.06999397277832
-5.960874080657959
-25.235023498535156
-31.914264678955078
-22.45339584350586
-17.828786849975586
-12.123553276062012
-33.021514892578125
-13.051959037780762
-28.581417083740234
-36.997337341308594
-33.217018127441406
-43.91942596435547
-29.728153228759766
-25.735973358154297
-39.00381851196289
-26.242475509643555
-38.67998504638672
-29.7513484954834
-27.5637264251709
-56.12809753417969
-37.775421142578125
-32.209293365478516
-23.86055564880371
-27.946502685546875
-30.857566833496094
-30.615169525146484
-9.352635383605957
-7.544990539550781
-31.758453369140625
-24.38311195373535
-14.564776420593262
-7.1656599044799805
-11.980937004089355
-12.868704795837402
21.554412841796875
-9.790447235107422
-12.185406684875488
-2.3210039138793945
-19.60138702392578
-13.850325584411621
12.414719581604004
-14.15804672241211
5.1191534996032715
-10.299277305603027
18.796470642089844
10.75449275970459
5.875502586364746
34.71736526489258
28.190176010131836
-1.2587099075317383
12.688274383544922
7.169284820556641
28.880943298339844
0.4532600939273834
21.44670867919922
19.406856536865234
6.627834320068359
15.400670051574707
15.452498435974121
6.71773624420166
22.000953674316406
31.83537483215332
36.43625259399414
-7.708171367645264
2.8877158164978027
23.412099838256836
-2.7947819232940674
22.039148330688477
16.448766708374023
1.4262070655822754
-1.4314063787460327
0.17549552023410797
30.427654266357422
12.2717924118042
16.646976470947266
13.390402793884277
11.547937393188477
5.094431400299072
10.593387603759766
30.100719451904297
14.0543851852417
23.470550537109375
18.97232437133789
14.720052719116211
22.143808364868164
5.497529029846191
10.156489372253418
9.029329299926758
12.106467247009277
20.144269943237305
21.925336837768555
-5.890338897705078
20.760948181152344
4.906610488891602
0.14560571312904358
20.089128494262695
8.157970428466797
-1.2671728134155273
26.670352935791016
-31.900455474853516
-19.921083450317383
-18.327293395996094
-8.594864845275879
8.561725616455078
-11.199642181396484
-14.944170951843262
-42.60045623779297
-32.55048370361328
-16.302629470825195
3.813413381576538
4.843013286590576
-12.357860565185547
-21.460168838500977
-20.800594329833984
-15.360841751098633
-48.2910270690918
-25.407066345214844
6.654299259185791
-31.1577205657959
-46.00554275512695
-17.442731857299805
-24.296836853027344
-36.3465576171875
-30.1423397064209
-21.160863876342773
-38.628173828125
-14.546425819396973
-30.6656436920166
-32.31772232055664
-14.397771835327148
-7.942080497741699
-16.94061851501465
-54.697731018066406
-50.57218933105469
-38.407161712646484
-26.20248794555664
-43.23893356323242
-43.671058654785156
-0.8002899885177612
-33.339881896972656
0.5527595281600952
-21.86851692199707
-2.4668524265289307
-12.89167308807373
-16.270614624023438
-7.2903571128845215
-1.0435658693313599
-0.18303410708904266
1.5197209119796753
7.094405174255371
7.32595157623291
28.450199127197266
4.349485874176025
0.8217524886131287
-5.874083518981934
-10.923526763916016
18.51598358154297
-18.543365478515625
8.403362274169922
9.28296184539795
2.695254325866699
11.793132781982422
17.881044387817383
-9.53392505645752
-2.6301891803741455
10.905670166015625
13.652264595031738
9.15304946899414
-8.173347473144531
12.839198112487793
13.191353797912598
-5.822407245635986
7.767745494842529
8.506061553955078
12.467559814453125
-14.598735809326172
9.747817993164062
0.9221432209014893
1.9066702127456665
-1.0973315238952637
8.133224487304688
-0.3154248893260956
-11.121339797973633
-5.667781829833984
-15.338164329528809
12.451394081115723
-3.0095484256744385
-9.430272102355957
-8.689313888549805
5.663895130157471
-12.527104377746582
-4.881170272827148
-7.999344825744629
4.451366901397705
-19.185733795166016
-17.76198959350586
-5.555487632751465
-13.568025588989258
14.875181198120117
-8.644153594970703
-5.483933448791504
-5.166911602020264
-2.8598458766937256
0.795044481754303
-17.688718795776367
-7.7763495445251465
-1.617321491241455
-5.944375038146973
0.6575852632522583
-15.217662811279297
-7.134334087371826
-8.416749954223633
-11.65652847290039
-24.472084045410156
-37.54631805419922
-13.74616813659668
-28.874357223510742
-27.1669979095459
-12.316577911376953
-29.36333465576172
-10.988303184509277
-24.878971099853516
-1.849029541015625
-24.69693374633789
-8.536823272705078
13.658843040466309
-26.277894973754883
-3.1204707622528076
-14.635795593261719
-2.35009503364563
15.535626411437988
12.5818510055542
-17.587692260742188
3.6913304328918457
-8.812248229980469
-5.215182304382324
-6.637810707092285
-0.5478243827819824
-8.473021507263184
-19.622304916381836
-13.370440483093262
-16.032365798950195
-16.258316040039062
-21.962064743041992
3.7101187705993652
-13.738490104675293
-15.420059204101562
23.97022247314453
-2.7840416431427
8.793038368225098
14.97702407836914
-8.539970397949219
2.993887424468994
16.69256019592285
-4.429134845733643
7.74959659576416
4.876307010650635
11.990402221679688
15.322565078735352
24.872955322265625
6.402786731719971
-2.147862195968628
5.92714262008667
33.88905715942383
20.127260208129883
41.23442459106445
4.345680236816406
21.032989501953125
10.02550220489502
-8.904007911682129
9.845197677612305
11.631654739379883
26.292646408081055
-0.5176421999931335
20.075836181640625
23.606130599975586
-10.808669090270996
16.801616668701172
12.90739631652832
5.385706901550293
31.321002960205078
18.00821304321289
38.70353698730469
40.20682907104492
26.5748233795166
22.128318786621094
31.568138122558594
29.054636001586914
8.754551887512207
16.175064086914062
24.625045776367188
23.861793518066406
18.588388442993164
16.169099807739258
23.2740421295166
24.604215621948242
16.878406524658203
18.712303161621094
37.12260437011719
13.584234237670898
-1.2112208604812622
5.7979631423950195
-9.93006706237793
7.7983784675598145
5.568622589111328
15.581554412841797
2.375847101211548
-14.125143051147461
-14.06618881225586
-11.79864501953125
-23.337669372558594
-18.84466552734375
-28.07275390625
-11.320185661315918
-0.7571063041687012
-9.622166633605957
-18.325326919555664
11.02843189239502
2.895066738128662
-11.57901382446289
-15.71705150604248
2.2421233654022217
-11.029156684875488
-21.832015991210938
-11.929081916809082
8.171586036682129
-33.627750396728516
-16.680091857910156
-15.76845932006836
-20.209266662597656
-26.61745834350586
-24.904836654663086
-5.821107864379883
1.7737253904342651
-3.1828508377075195
-15.381978988647461
-6.023554801940918
-10.664158821105957
-6.716554164886475
-21.119951248168945
4.120911598205566
-9.515178680419922
-18.301513671875
6.910314559936523
-9.728594779968262
-26.119543075561523
-6.077373504638672
-4.010120868682861
1.2136610746383667
-8.613855361938477
-7.478456974029541
-12.40770435333252
-3.746183395385742
1.7739391326904297
-11.985078811645508
0.8858740329742432
-4.88930606842041
4.998908996582031
-28.098424911499023
-1.3546816110610962
-10.070476531982422
23.606401443481445
13.41151237487793
3.66636323928833
12.5809965133667
17.948102951049805
9.748913764953613
24.803442001342773
-3.9980125427246094
17.455711364746094
6.227461338043213
3.049368143081665
4.150858402252197
-2.4983420372009277
0.6435722708702087
-0.014727615751326084
-2.9562394618988037
2.785024404525757
-3.8734779357910156
-7.209203243255615
-10.772825241088867
-8.420889854431152
-8.324711799621582
-18.978361129760742
-9.448325157165527
21.465347290039062
8.501350402832031
-5.099985122680664
9.379152297973633
2.203256607055664
-14.315007209777832
-17.606290817260742
-28.401437759399414
-23.77126121520996
-15.594965934753418
-24.884132385253906
-32.97057342529297
-16.441734313964844
-31.259807586669922
-34.27470397949219
-12.148987770080566
-26.494081497192383
-3.893287181854248
-22.997753143310547
-28.43918800354004
-13.248116493225098
-11.5460786819458
-37.51565933227539
-21.99931526184082
-22.90082550048828
-14.27817153930664
-2.6594197750091553
-22.879425048828125
-10.042739868164062
-28.398469924926758
-6.767953395843506
-21.302555084228516
-14.66843318939209
-15.04140853881836
-19.338815689086914
-11.011459350585938
-16.227632522583008
-21.490673065185547
-17.7965030670166
-25.164508819580078
-15.052434921264648
-19.811189651489258
-4.754852294921875
-9.591313362121582
-8.030489921569824
-9.953398704528809
-0.17970722913742065
0.6624977588653564
2.0597660541534424
4.185726165771484
-6.759965896606445
-1.2396936416625977
-4.383014678955078
2.9077870845794678
-3.140040636062622
2.0130615234375
-2.588226079940796
2.4684901237487793
-8.002324104309082
2.3126471042633057
-6.92095422744751
-0.7180215120315552
-14.871519088745117
-9.776527404785156
0.7582982182502747
0.2855178117752075
1.8326163291931152
-7.930526256561279
-16.909181594848633
-12.632586479187012
-6.651949882507324
-8.310179710388184
-14.195880889892578
-17.739952087402344
-15.512371063232422
-10.646989822387695
6.142890453338623
-7.874809265136719
-25.865612030029297
-16.563875198364258
-9.788277626037598
-19.585416793823242
-16.339977264404297
-3.5350241661071777
5.387052536010742
2.953218698501587
7.078342437744141
-6.102290630340576
-4.585667133331299
2.2620558738708496
3.843205451965332
-1.7830146551132202
-4.274316310882568
-7.33737325668335
1.734100341796875
14.148148536682129
22.493507385253906
0.4804799258708954
5.542370319366455
15.964456558227539
14.475091934204102
14.384598731994629
16.757007598876953
15.707256317138672
-14.951471328735352
33.50853729248047
0.3529515266418457
4.975807189941406
35.79353332519531
40.144405364990234
-9.615415573120117
16.439044952392578
63.79310989379883
15.651402473449707
44.395240783691406
13.34941291809082
22.589509963989258
24.029144287109375
22.472396850585938
6.958497524261475
10.762205123901367
6.371756076812744
16.140775680541992
34.59379959106445
22.801624298095703
21.291685104370117
0.7367326021194458
26.639692306518555
27.95192527770996
17.511375427246094
10.651227951049805
21.81216049194336
12.706256866455078
32.66495132446289
15.501944541931152
26.8537654876709
24.677095413208008
28.545543670654297
30.572134017944336
40.47522735595703
24.927013397216797
-3.3145265579223633
17.218894958496094
12.07252311706543
29.449935913085938
31.098255157470703
21.78181266784668
21.60243034362793
25.85009765625
1.7329981327056885
12.9992036819458
23.810298919677734
13.109373092651367
-2.919947862625122
12.385347366333008
0.3461261987686157
1.41116201877594
16.404460906982422
12.95877742767334
2.388824224472046
2.7482738494873047
15.623189926147461
6.286153793334961
19.33803367614746
-1.681944489479065
-3.0693912506103516
21.327035903930664
-15.372963905334473
11.024333953857422
12.99079704284668
-1.3696660995483398
13.343379020690918
14.718172073364258
-9.449982643127441
-0.4809194803237915
12.197650909423828
2.9410347938537598
1.6275057792663574
8.318490028381348
-6.997983455657959
-11.096396446228027
-0.2286318987607956
-11.531794548034668
-0.7597269415855408
-3.855222702026367
-1.6769007444381714
-11.37224006652832
-18.635324478149414
-25.715797424316406
-18.579362869262695
-11.12264347076416
-28.32524299621582
-23.541534423828125
-16.931650161743164
-15.3779878616333
-34.791709899902344
-4.519115924835205
-22.63741683959961
-29.743057250976562
-17.934350967407227
-24.837770462036133
-24.0299129486084
-16.84158706665039
-27.928239822387695
-27.618080139160156
-21.600948333740234
-28.96330451965332
-26.362918853759766
-38.85708999633789
-22.036428451538086
-12.118809700012207
-28.967561721801758
-26.829553604125977
-25.850814819335938
-31.640018463134766
-12.64754581451416
-20.310256958007812
-0.6409152746200562
-17.184669494628906
-18.682518005371094
-15.616195678710938
5.837778568267822
0.01117701642215252
-13.276195526123047
-7.754180908203125
1.4620537757873535
-7.7833685874938965
-3.44091796875
-1.8649895191192627
-4.824346542358398
-3.002707004547119
-8.018485069274902
-12.08825397491455
-17.762542724609375
-3.2944493293762207
-7.3057026863098145
-26.8549861907959
-20.119564056396484
-8.63274097442627
-10.01867389678955
-20.80648422241211
-8.945402145385742
-10.927342414855957
-11.265989303588867
-1.391632080078125
4.849140644073486
-12.346342086791992
-19.18428611755371
-4.422291278839111
-8.948945999145508
1.2887462377548218
2.852891445159912
14.197366714477539
-16.982730865478516
16.731910705566406
23.319059371948242
10.289225578308105
4.823460102081299
5.847105979919434
2.333263397216797
6.260854721069336
10.341326713562012
22.039932250976562
-10.075489044189453
-10.849390983581543
18.494096755981445
-1.0698630809783936
2.922262191772461
24.888057708740234
15.311407089233398
11.491044044494629
-5.222689628601074
5.123871326446533
-5.541301250457764
-1.1241024732589722
21.47797966003418
8.066179275512695
0.8382036089897156
-17.759851455688477
-14.341510772705078
6.808681011199951
-18.305593490600586
20.703397750854492
24.037630081176758
-1.290529727935791
2.7215452194213867
14.519268989562988
-1.5506391525268555
24.373552322387695
-13.454038619995117
7.541421890258789
15.006953239440918
20.170846939086914
9.531789779663086
0.6548252701759338
-3.697803020477295
17.24935531616211
-0.10854155570268631
10.77468490600586
10.647464752197266
14.75477409362793
-7.235759258270264
0.27365660667419434
-10.234152793884277
19.226062774658203
-15.68228530883789
-12.876546859741211
-1.1867825984954834
-14.684549331665039
-1.633880376815796
-15.020685195922852
-12.881064414978027
-0.05726516619324684
-14.9529447555542
-9.012907981872559
-2.0654351711273193
8.315645217895508
-6.908253192901611
-4.402573585510254
-8.909740447998047
-1.257063627243042
-7.372701644897461
8.20146369934082
-20.12647247314453
1.7475148439407349
-20.478919982910156
-12.19978141784668
-5.007870197296143
-3.5914831161499023
-6.522988796234131
-0.5147430896759033
4.387828350067139
-12.221165657043457
-17.838539123535156
-16.817035675048828
-7.2769856452941895
-13.94025993347168
-7.649003028869629
4.410061836242676
-10.13115406036377
5.461775779724121
-13.867486953735352
-2.650785207748413
4.2196502685546875
5.394231796264648
-1.608681321144104
-10.854389190673828
-9.18109130859375
10.09311580657959
7.563787460327148
1.260019302368164
3.3921382427215576
11.307222366333008
7.248690128326416
12.904191017150879
-14.147374153137207
-1.2458091974258423
-5.1034135818481445
-6.9202752113342285
9.067316055297852
4.954185962677002
0.09957197308540344
-6.929937362670898
-6.952915668487549
9.755155563354492
-7.197747230529785
-7.646622657775879
-18.239334106445312
8.131675720214844
20.800771713256836
-3.0055229663848877
-2.5140416622161865
7.3278632164001465
14.048867225646973
0.563514232635498
8.23853874206543
-2.79703426361084
28.476818084716797
16.07457160949707
19.230079650878906
18.933368682861328
-0.5612525343894958
9.529807090759277
21.660926818847656
11.825970649719238
0.9032378792762756
10.973278999328613
10.431777954101562
20.535640716552734
-13.376178741455078
11.370084762573242
18.347990036010742
-0.9801726937294006
2.0038084983825684
-28.470470428466797
22.351863861083984
-4.2150492668151855
-0.04420724883675575
-5.383063316345215
-4.330852508544922
-7.024459362030029
13.099814414978027
-11.408469200134277
-10.954907417297363
-7.244256019592285
14.811579704284668
-5.589771747589111
0.9988399744033813
-9.102838516235352
-13.561358451843262
2.4838082790374756
-1.9980405569076538
14.634086608886719
6.431551933288574
7.945271015167236
1.3761780261993408
18.27618408203125
9.953601837158203
-4.552700042724609
-8.412033081054688
-4.312100410461426
3.9392502307891846
6.672994613647461
2.9665074348449707
-8.938222885131836
24.053234100341797
-2.231923818588257
-8.402261734008789
0.3254031538963318
8.046384811401367
3.32781982421875
-0.12798039615154266
5.928813934326172
-0.2912317216396332
-18.667713165283203
-0.13636058568954468
8.14498519897461
-0.3227473199367523
-2.715149402618408
-13.951895713806152
-2.1144375801086426
-4.96319580078125
4.334971904754639
-15.992237091064453
-6.51201057434082
-24.991445541381836
17.389503479003906
5.819685459136963
3.37807559967041
11.407049179077148
-13.479435920715332
-13.261659622192383
-16.06553840637207
-11.45324993133545
-4.455158233642578
9.943519592285156
-14.784383773803711
2.1760611534118652
-8.738937377929688
-7.71157169342041
-2.3179121017456055
-5.871379375457764
-12.09011459350586
-20.672210693359375
-1.9010586738586426
3.308835983276367
-8.5175142288208
-5.048357963562012
15.13800048828125
7.071649551391602
7.643923282623291
-2.0027332305908203
2.7332308292388916
-6.245646953582764
4.972193241119385
19.563386917114258
-1.023478627204895
7.878775119781494
19.526790618896484
-3.7562899589538574
-10.669754028320312
5.726790428161621
28.973520278930664
-5.102957248687744
13.836362838745117
1.8162745237350464
-14.835325241088867
-10.759241104125977
17.62468719482422
-2.0352914333343506
10.86936092376709
3.245603322982788
16.969953536987305
21.959571838378906
-9.931854248046875
-13.006831169128418
31.445926666259766
15.598970413208008
26.251962661743164
2.6304240226745605
22.2260799407959
16.949581146240234
4.895050048828125
27.538999557495117
11.360837936401367
30.240692138671875
13.438518524169922
24.773658752441406
27.66044807434082
-2.4440274238586426
37.25113296508789
25.429407119750977
6.998008728027344
11.78930950164795
17.313385009765625
20.194665908813477
21.603469848632812
0.5349829196929932
37.05622482299805
14.56735610961914
6.78804349899292
17.257007598876953
9.002645492553711
7.594020843505859
19.415122985839844
15.8944673538208
14.563197135925293
15.742198944091797
18.726774215698242
13.542384147644043
-9.712953567504883
13.117636680603027
1.6099783182144165
29.836605072021484
-14.164306640625
15.574982643127441
5.788890361785889
28.11943817138672
-16.431461334228516
-17.102418899536133
-8.970766067504883
24.41633415222168
-11.641602516174316
-3.8865089416503906
4.809881210327148
2.9236690998077393
-5.286240577697754
1.2008395195007324
-3.078906297683716
13.534111022949219
-13.8431978225708
21.774675369262695
23.761484146118164
-16.339147567749023
0.6261201500892639
-18.343902587890625
-6.348593235015869
-1.0792375802993774
-15.388941764831543
-19.992366790771484
0.2132744938135147
-11.744963645935059
-17.402801513671875
-11.930038452148438
-24.76952362060547
0.37248313426971436
-7.664383888244629
22.278785705566406
16.824581146240234
5.5493974685668945
-14.340326309204102
0.05601147934794426
-0.20552614331245422
-12.820772171020508
-3.5194077491760254
0.004289650358259678
6.516941070556641
13.90532112121582
17.315393447875977
14.125727653503418
-1.271484136581421
12.84619140625
20.299989700317383
-3.196216106414795
12.535975456237793
3.6434333324432373
1.4273161888122559
17.83786964416504
26.097742080688477
1.407543420791626
28.066120147705078
-15.718440055847168
26.74394416809082
16.294015884399414
24.8266544342041
15.26569652557373
18.403825759887695
-1.555618405342102
8.870485305786133
29.337501525878906
0.03271019086241722
14.169662475585938
8.883864402770996
-12.688911437988281
1.4681507349014282
0.49670353531837463
10.85339641571045
13.896533966064453
-6.307440757751465
-7.861721038818359
-29.119348526000977
14.11027717590332
-10.715137481689453
-0.8210739493370056
-4.910640239715576
15.257810592651367
8.335744857788086
-13.642139434814453
13.861224174499512
10.487303733825684
-2.4054908752441406
11.581294059753418
10.520153045654297
-3.335869789123535
-8.646554946899414
5.988509654998779
4.482884407043457
-9.126785278320312
-7.413283348083496
12.268648147583008
5.603819847106934
-32.77458190917969
16.116621017456055
-3.991687774658203
-1.7038689851760864
-18.812822341918945
-14.154580116271973
0.3907565474510193
-5.165066719055176
2.5245437622070312
15.537266731262207
7.462456703186035
-5.5369086265563965
2.804409980773926
-9.043281555175781
15.40561294555664
8.942468643188477
10.010741233825684
11.742191314697266
2.6750574111938477
9.268414497375488
-11.042038917541504
5.234524726867676
-13.716375350952148
-0.5822261571884155
-6.673325061798096
-5.162384986877441
-9.62903118133545
3.582534074783325
-11.171754837036133
-5.0314178466796875
-14.490886688232422
-5.5780720710754395
17.702463150024414
-12.193198204040527
-10.799097061157227
-14.120983123779297
15.43768310546875
19.392539978027344
-9.376531600952148
25.244718551635742
34.79527282714844
6.149427890777588
-12.878948211669922
14.901619911193848
28.578889846801758
10.60299301147461
-5.290855884552002
-10.888982772827148
0.8157549500465393
14.797734260559082
14.973628044128418
9.39983081817627
9.103001594543457
14.285370826721191
7.18906307220459
12.084298133850098
1.5915042161941528
16.22598648071289
10.580782890319824
0.4824445843696594
-20.252838134765625
2.140242338180542
15.456171035766602
-4.758237361907959
11.233892440795898
-23.149444580078125
5.494415283203125
-22.08355140686035
-5.0586724281311035
12.679729461669922
-18.689908981323242
-15.969305038452148
-5.608778953552246
-12.496489524841309
12.110926628112793
-19.609540939331055
-3.271073579788208
-3.9986050128936768
-5.689203262329102
3.79862117767334
2.599493980407715
1.0223488807678223
-8.754084587097168
-22.692739486694336
-17.925193786621094
6.313728332519531
17.376115798950195
-13.766397476196289
4.542665958404541
10.487943649291992
-2.843533992767334
-4.246070861816406
10.980621337890625
-11.396329879760742
-7.318633079528809
-11.154516220092773
-10.441303253173828
-11.543790817260742
-9.242781639099121
-5.162144660949707
-10.734658241271973
7.6200761795043945
-16.70709228515625
-14.690244674682617
-1.8272626399993896
-11.541614532470703
-8.140772819519043
3.012758493423462
1.5450853109359741
1.7116423845291138
31.744388580322266
3.467146635055542
13.312301635742188
16.804826736450195
-15.700498580932617
0.28233808279037476
3.4197824001312256
27.285322189331055
-0.28643327951431274
6.688233375549316
10.581510543823242
22.689783096313477
0.19448255002498627
9.310718536376953
13.528975486755371
7.569310665130615
5.696476459503174
-8.923928260803223
7.054494857788086
11.899276733398438
2.786107063293457
-12.424168586730957
2.1481804847717285
-1.9090659618377686
5.510695934295654
-6.902712821960449
-23.538589477539062
0.39096134901046753
20.602758407592773
17.270723342895508
-3.3629229068756104
-32.80181121826172
-10.205171585083008
-10.910442352294922
-13.99138355255127
-20.396604537963867
3.68326473236084
-1.4939513206481934
-3.2814159393310547
-13.973736763000488
-2.538536548614502
6.645467758178711
-35.91891098022461
-30.078369140625
-37.318359375
-7.545443534851074
-3.3062009811401367
-15.15369987487793
-2.7031404972076416
-6.252908706665039
-29.059152603149414
-16.304187774658203
-25.670124053955078
-11.501185417175293
-12.219636917114258
-48.69346618652344
-40.43449020385742
-1.3644649982452393
1.3340014219284058
-8.242827415466309
-9.645614624023438
-21.389564514160156
-4.238466739654541
-9.560392379760742
-2.065537929534912
38.80125045776367
10.843812942504883
13.701591491699219
2.0295145511627197
-10.838825225830078
11.758129119873047
-2.220564603805542
18.809186935424805
-9.209516525268555
27.234004974365234
13.780014038085938
4.656441688537598
8.830987930297852
-16.620859146118164
10.771157264709473
1.5303622484207153
-6.972211837768555
2.0335443019866943
5.266590118408203
20.21372413635254
42.392948150634766
1.4159048795700073
23.992372512817383
-5.958098411560059
-8.537856101989746
-3.3749454021453857
10.248882293701172
4.030271053314209
25.968685150146484
3.795240879058838
27.606338500976562
-1.8762959241867065
-5.683070659637451
14.387308120727539
10.167207717895508
22.68444061279297
9.604375839233398
22.492910385131836
8.514805793762207
0.7742887139320374
-12.144832611083984
22.18796157836914
14.218955039978027
10.1502103805542
11.381124496459961
9.758342742919922
-28.845836639404297
15.74891471862793
9.639008522033691
-1.7259564399719238
11.967791557312012
14.18007755279541
-2.67956280708313
-0.11253424733877182
-5.418768882751465
9.275890350341797
1.2578582763671875
18.33981704711914
5.5064473152160645
-18.49604606628418
-13.484478950500488
3.6892693042755127
2.685347318649292
-13.917096138000488
0.042104046791791916
-6.0473761558532715
1.355115532875061
-0.7022625803947449
9.476434707641602
-25.515764236450195
10.318137168884277
2.9230568408966064
-8.06169605255127
9.440383911132812
8.566489219665527
-0.776286780834198
10.230721473693848
16.56478500366211
-7.894894599914551
0.5192755460739136
18.92438507080078
9.326359748840332
3.822319269180298
22.61530876159668
0.9526183009147644
0.3110206127166748
-0.9864587783813477
3.2881250381469727
-6.630361557006836
-7.965273857116699
-3.1350269317626953
5.3056840896606445
-14.29182243347168
-16.407520294189453
16.822467803955078
-1.241571307182312
