-143.50845336914062
-119.02886962890625
-153.45510864257812
-125.86461639404297
-134.69564819335938
-113.67511749267578
-133.35720825195312
-146.78172302246094
-173.9180450439453
-133.944091796875
-116.25664520263672
-142.06594848632812
-130.76983642578125
-116.20790100097656
-155.81430053710938
-156.20640563964844
-138.9957733154297
-154.0885772705078
-165.00128173828125
-163.49957275390625
-138.44407653808594
-161.0083770751953
-156.2364501953125
-153.06871032714844
-151.79769897460938
-162.66078186035156
-152.0996856689453
-133.5634002685547
-136.0670928955078
-148.865478515625
-154.82994079589844
-137.3140869140625
-146.84152221679688
-98.85618591308594
-133.01663208007812
-130.66912841796875
-116.64459228515625
-109.88423919677734
-98.39524841308594
-110.15111541748047
-102.40872955322266
-117.56417083740234
-117.89226531982422
-118.32538604736328
-109.95989227294922
-110.05882263183594
-118.65469360351562
-124.67745971679688
-125.21267700195312
-115.2197036743164
-119.78916931152344
-116.07374572753906
-112.82838439941406
-121.8482666015625
-113.2436294555664
-105.98113250732422
-120.67777252197266
-104.07916259765625
-117.2484130859375
-119.42155456542969
-126.31620025634766
-112.13905334472656
-127.62478637695312
-127.34587860107422
-108.51502990722656
-108.84566497802734
-109.91214752197266
-110.49154663085938
-121.50171661376953
-111.72611236572266
-106.19081115722656
-100.83287811279297
-117.40094757080078
-110.23944854736328
-102.12257385253906
-100.03195190429688
-97.71455383300781
-110.58099365234375
-98.2251968383789
-93.1048812866211
-93.27536010742188
-91.9415283203125
-93.75895690917969
-99.48188781738281
-102.28508758544922
-101.95731353759766
-104.13377380371094
-101.58717346191406
-103.27657318115234
-109.67749786376953
-86.07499694824219
-97.69302368164062
-83.4161376953125
-83.89920043945312
-94.17887115478516
-82.21414184570312
-81.7781753540039
-86.18549346923828
-77.09381866455078
-76.69591522216797
-90.50348663330078
-69.30445861816406
-84.48068237304688
-69.41741943359375
-74.0521240234375
-82.62232208251953
-82.2176513671875
-85.5174560546875
-59.04692840576172
-85.46106719970703
-100.6536865234375
-87.01434326171875
-92.7397232055664
-100.87965393066406
-83.17118072509766
-92.6650619506836
-90.24994659423828
-75.96800231933594
-79.81365203857422
-85.38236236572266
-68.12864685058594
-69.74798583984375
-66.7186508178711
-75.10266876220703
-59.41758346557617
-55.38142013549805
-70.40872955322266
-72.74202728271484
-66.20999908447266
-64.02491760253906
-71.46974182128906
-56.85640335083008
-49.01427459716797
-49.63418197631836
-51.901397705078125
-59.20945358276367
-48.945106506347656
-54.55801773071289
-63.45517349243164
-59.34663391113281
-59.99011993408203
-57.92158508300781
-77.17426300048828
-51.31092834472656
-45.76861572265625
-55.56794738769531
-65.08390808105469
-62.72119903564453
-67.44442749023438
-43.33260726928711
-56.892356872558594
-50.614532470703125
-67.09852600097656
-58.598655700683594
-65.38262176513672
-71.96595764160156
-60.62605285644531
-58.538002014160156
-66.44692993164062
-62.5097770690918
-72.10194396972656
-61.33366775512695
-61.42493438720703
-68.87984466552734
-66.09615325927734
-56.55757141113281
-56.75392532348633
-65.96390533447266
-73.33455657958984
-67.89161682128906
-53.158119201660156
-57.807010650634766
-54.64023208618164
-60.81571578979492
-62.71527862548828
-50.17189407348633
-39.936729431152344
-59.74468994140625
-50.42975997924805
-63.630252838134766
-55.67070007324219
-52.37054443359375
-53.39381790161133
-41.962162017822266
-58.74654006958008
-58.99683380126953
-48.62070846557617
-47.631832122802734
-42.27450180053711
-53.68216323852539
-45.36436080932617
-46.82078552246094
-50.107059478759766
-56.83285140991211
-39.72919464111328
-48.530696868896484
-55.789859771728516
-42.33784484863281
-57.44082260131836
-30.097810745239258
-34.72016525268555
-53.52249526977539
-40.4664421081543
-41.87957763671875
-42.22837448120117
-48.784061431884766
-51.464378356933594
-35.52436065673828
-45.90064239501953
-43.63100814819336
-31.875795364379883
-29.5245361328125
-43.96929168701172
-50.67881393432617
-34.5770263671875
-44.50148010253906
-35.64091110229492
-38.02111053466797
-38.556884765625
-46.09791946411133
-36.22484588623047
-36.47401809692383
-36.73781967163086
-43.452796936035156
-27.858530044555664
-39.46025085449219
-41.15800857543945
-40.75835418701172
-19.73769760131836
-33.72278594970703
-29.689823150634766
-25.970003128051758
-29.602779388427734
-40.43938064575195
-36.15195083618164
-28.495891571044922
-26.312786102294922
-23.525197982788086
-25.681556701660156
-13.303285598754883
-33.527259826660156
-24.961408615112305
-30.085851669311523
-44.96519088745117
-32.138511657714844
-16.880184173583984
-30.2144832611084
-17.861576080322266
-27.6518611907959
-26.309444427490234
-25.53314971923828
-20.92500114440918
-19.65291976928711
-16.541690826416016
-7.689028739929199
-28.811439514160156
-24.634849548339844
-27.26689910888672
-9.847702026367188
-22.295812606811523
-14.805497169494629
-29.427282333374023
-19.410593032836914
-29.17634391784668
-22.361417770385742
-4.465594291687012
-17.36138153076172
-23.511497497558594
-3.5673723220825195
-11.18781566619873
-4.9788031578063965
-6.101067543029785
-0.9718808531761169
-5.929937839508057
-10.723581314086914
-2.2799386978149414
-11.4775390625
-17.734209060668945
-3.323824644088745
-4.930902481079102
-12.977364540100098
8.710162162780762
-13.854521751403809
-16.296268463134766
-0.25714269280433655
8.600278854370117
-4.538481712341309
-4.555159568786621
-12.498147964477539
-8.404342651367188
-11.92892074584961
-10.586583137512207
-14.291033744812012
-1.6955699920654297
-6.1659016609191895
-8.616405487060547
-7.787093162536621
-4.852431297302246
-12.161455154418945
-9.972085952758789
8.115804672241211
-11.773564338684082
-12.0872163772583
-4.460965156555176
0.85152268409729
-7.3207173347473145
-19.095523834228516
-5.051933765411377
-1.1110259294509888
-16.59951400756836
-5.640848159790039
-6.56265926361084
-3.720041036605835
-1.476546287536621
-7.165294170379639
-1.71782648563385
-9.526500701904297
-12.430656433105469
-1.431415319442749
-4.116310119628906
-1.6309353113174438
-0.9315477013587952
-8.760153770446777
-12.372087478637695
-6.447759628295898
-6.5827107429504395
-4.343642234802246
1.8721864223480225
2.253063201904297
0.9500896334648132
-7.369112968444824
7.869367599487305
-1.7264689207077026
-1.472043514251709
-6.641970634460449
12.17900562286377
1.5697641372680664
-0.20065270364284515
-9.106281280517578
4.249507904052734
-6.095759868621826
-4.568929195404053
-12.016823768615723
1.9158276319503784
-5.900081634521484
0.02320387214422226
3.4948108196258545
-0.09914565831422806
-9.861611366271973
4.305401802062988
13.936261177062988
-3.939121961593628
2.720829963684082
0.6386949419975281
-6.124703407287598
-5.229752063751221
-1.6633421182632446
8.807438850402832
9.742815017700195
-1.994529366493225
1.046514868736267
4.034231185913086
-2.1686456203460693
10.779154777526855
3.6437339782714844
20.08904266357422
14.8095121383667
8.742226600646973
20.755788803100586
1.9800450801849365
2.8200645446777344
7.9902448654174805
9.908323287963867
11.760719299316406
7.574934005737305
13.547395706176758
2.0688304901123047
6.78679895401001
11.857701301574707
22.296297073364258
3.4169111251831055
3.104189872741699
-4.871771335601807
-7.153016567230225
-0.5701242089271545
8.484993934631348
0.07585162669420242
-1.8877911567687988
-0.5348711609840393
-9.85064697265625
0.14048613607883453
5.226306438446045
-10.081013679504395
-5.972539901733398
-8.612173080444336
5.472044944763184
-6.341127872467041
-5.029823303222656
-10.25301742553711
-3.6094307899475098
-14.956060409545898
-2.079756736755371
-0.006459026597440243
-2.70015025138855
16.61945915222168
7.2833781242370605
25.420732498168945
15.861339569091797
-8.037520408630371
24.382869720458984
29.943721771240234
39.30726623535156
9.685989379882812
5.066292762756348
25.17487335205078
9.438563346862793
7.77164363861084
13.2257080078125
8.98845386505127
20.722009658813477
12.020696640014648
12.9540376663208
-14.470379829406738
13.72785758972168
-6.245418071746826
-4.8850274085998535
-14.840250015258789
13.42374038696289
-6.809032917022705
-2.5425121784210205
-3.334352731704712
12.240670204162598
-7.267857074737549
6.244534969329834
-6.949897766113281
4.80336332321167
5.993737697601318
8.618011474609375
0.026861051097512245
-2.627262592315674
-6.7774658203125
6.850754261016846
18.018081665039062
8.902077674865723
22.425029754638672
6.745357036590576
2.6781094074249268
13.609105110168457
-6.566068172454834
3.546274423599243
14.73923110961914
17.831470489501953
36.41950988769531
-3.6804330348968506
7.944725036621094
14.35170841217041
-13.877321243286133
-12.151351928710938
2.0363667011260986
-8.497198104858398
-2.339907169342041
15.783255577087402
-21.572994232177734
-1.122780203819275
31.265642166137695
-8.302703857421875
38.73779296875
32.083282470703125
18.214242935180664
-8.53412914276123
-6.12667179107666
87.26121520996094
12.044758796691895
0.601954460144043
2.604764699935913
34.736480712890625
32.81699752807617
-9.258085250854492
14.934596061706543
-22.35772705078125
39.30976104736328
30.07570457458496
28.701433181762695
-5.493984699249268
3.4438276290893555
24.684953689575195
-4.521603107452393
34.83818435668945
14.357210159301758
51.36094665527344
-3.7829151153564453
-21.65431022644043
10.983643531799316
-17.682893753051758
6.575680732727051
25.95844841003418
48.81694030761719
33.459957122802734
52.30281066894531
32.5576171875
-18.309091567993164
38.34486770629883
0.6283358335494995
31.01645851135254
30.982484817504883
48.764041900634766
60.89131546020508
-6.41084098815918
3.2247745990753174
47.23080825805664
45.323272705078125
15.79369068145752
-2.9094440937042236
5.776179313659668
12.505430221557617
24.62053680419922
-11.82907485961914
11.730890274047852
37.83919906616211
6.7792744636535645
27.896053314208984
-3.9944674968719482
20.781099319458008
36.42672348022461
-3.628288745880127
54.07190704345703
13.703615188598633
1.9505313634872437
6.66557502746582
30.804786682128906
38.23568344116211
-2.70487904548645
-0.2800218164920807
27.17458724975586
4.951688289642334
22.88440704345703
15.932656288146973
22.093963623046875
21.638729095458984
1.3597036600112915
26.617544174194336
17.212711334228516
33.55231857299805
4.276874542236328
18.70659637451172
1.458591341972351
4.947243690490723
14.051946640014648
14.919069290161133
-4.954604625701904
-19.203290939331055
-5.592965126037598
-1.9887874126434326
31.698200225830078
-12.566886901855469
-16.946565628051758
-10.87094497680664
-19.749114990234375
-24.57296371459961
-15.82045841217041
10.907328605651855
-10.876585006713867
-6.50601053237915
10.099230766296387
-1.0973072052001953
11.223950386047363
21.83194351196289
-7.964089870452881
10.191178321838379
1.95461905002594
-5.3617119789123535
-12.83639907836914
8.362112998962402
-22.681772232055664
-2.2008845806121826
-31.5549259185791
-27.407012939453125
17.796751022338867
-28.592885971069336
-23.270343780517578
-9.54349422454834
-44.30238342285156
-23.657001495361328
-13.8047513961792
-31.409290313720703
-42.60694122314453
20.53066635131836
-18.67841911315918
-5.47314453125
-33.28804016113281
-24.908233642578125
12.972672462463379
-6.1538591384887695
-8.049060821533203
7.4501214027404785
11.214239120483398
-6.807770729064941
1.8899381160736084
22.266544342041016
21.164966583251953
7.897726535797119
26.161685943603516
7.773446559906006
10.462617874145508
17.498361587524414
-2.9415600299835205
6.897800445556641
-24.305030822753906
-33.97269058227539
-16.179677963256836
-19.390512466430664
-7.168671607971191
-2.9091200828552246
-2.365570068359375
-13.024456024169922
-15.04415225982666
-6.831077575683594
-21.743932723999023
-9.341776847839355
-17.313434600830078
-16.933528900146484
-16.199073791503906
-0.8242793083190918
-1.5298272371292114
-20.44097137451172
-5.826511859893799
21.132675170898438
-6.201944351196289
9.153409957885742
15.612886428833008
-6.768274784088135
-0.013887498527765274
1.9597280025482178
-5.562283039093018
4.072302341461182
24.382652282714844
5.189794063568115
28.196596145629883
34.231998443603516
11.459535598754883
-8.427205085754395
-7.831292152404785
36.680076599121094
6.0443501472473145
5.587630271911621
10.712152481079102
33.907684326171875
-5.63238000869751
9.914199829101562
-1.3294992446899414
15.489814758300781
-23.165143966674805
-4.461424350738525
15.970942497253418
-17.564897537231445
12.623368263244629
1.7548277378082275
-13.7994966506958
3.4050889015197754
30.227020263671875
-7.2619147300720215
-6.493344306945801
-25.210113525390625
1.313537359237671
-3.080146551132202
13.47318172454834
-8.897363662719727
7.201125621795654
-5.823950290679932
12.00626277923584
-29.18012237548828
4.504668712615967
4.011049747467041
-1.8817832469940186
15.593561172485352
-3.9055593013763428
1.4214051961898804
5.359089374542236
25.266252517700195
16.27175521850586
22.2650146484375
26.383312225341797
15.589000701904297
34.85955810546875
-5.749592304229736
25.45219612121582
-7.199875831604004
-23.692928314208984
-10.492008209228516
-16.76324462890625
9.747081756591797
7.32058048248291
2.4019718170166016
-4.438972473144531
-6.484411239624023
-7.31070613861084
19.527509689331055
-4.923462867736816
-4.503747463226318
1.9095574617385864
-5.383044719696045
-9.16545581817627
-6.98516321182251
-10.222311973571777
19.329668045043945
10.064839363098145
6.30460262298584
-21.354036331176758
-26.811290740966797
-5.887559413909912
-19.367063522338867
-6.967095375061035
-17.153095245361328
1.3566999435424805
-11.497943878173828
-39.617408752441406
-37.052555084228516
-23.783531188964844
-24.522993087768555
-18.15461540222168
-4.418364524841309
-22.987546920776367
-9.647655487060547
-3.4462368488311768
-37.971500396728516
-22.222469329833984
-30.007347106933594
-35.798583984375
-18.032438278198242
-40.70100021362305
-14.985601425170898
-16.403226852416992
-30.747955322265625
-16.831974029541016
-22.961347579956055
-25.588825225830078
-1.130331039428711
6.010695457458496
2.132290840148926
11.050677299499512
2.521252393722534
-10.691682815551758
0.6703276038169861
-6.537320137023926
-3.0883371829986572
-11.717604637145996
-6.330990791320801
9.934182167053223
4.714051723480225
25.160335540771484
0.7577174305915833
15.971684455871582
-20.949796676635742
42.25634002685547
-8.204362869262695
-6.72510290145874
15.8037109375
28.723859786987305
20.871259689331055
9.952900886535645
-0.8889403939247131
18.84861183166504
23.709312438964844
33.23725891113281
5.610304832458496
15.560215950012207
17.431737899780273
24.104177474975586
6.418802261352539
10.170511245727539
18.270565032958984
35.09817123413086
23.95005226135254
25.263118743896484
10.520641326904297
-2.7467167377471924
4.785924911499023
17.345590591430664
20.603282928466797
24.23358917236328
32.88232421875
11.861594200134277
12.900640487670898
-10.649223327636719
9.013218879699707
-16.790292739868164
19.28327178955078
-20.952646255493164
7.295008182525635
-7.115893840789795
-2.114060163497925
-7.825765609741211
10.665780067443848
-7.737968444824219
-10.680131912231445
-17.792043685913086
1.5251632928848267
-6.90065860748291
-22.36393928527832
9.58735179901123
-6.7541327476501465
-18.6992244720459
-7.310879707336426
-20.476730346679688
8.504181861877441
-7.238332748413086
3.0350422859191895
1.6865516901016235
11.323091506958008
-14.63387680053711
-7.651615619659424
20.00446319580078
-15.404817581176758
-10.358926773071289
-6.298555850982666
15.651813507080078
-6.919371128082275
-7.631289005279541
3.988218307495117
-19.57777976989746
-10.23580265045166
-11.4022798538208
-2.8822343349456787
-13.488974571228027
-10.750685691833496
-4.528055191040039
-15.73859977722168
-1.3964048624038696
-22.07581901550293
-29.554195404052734
1.8598406314849854
-16.25179672241211
-33.18727493286133
-16.77638816833496
-34.25722122192383
-2.9380671977996826
-53.28361892700195
-22.55204963684082
-20.591711044311523
-2.3895270824432373
-15.65024471282959
-8.674757957458496
1.421459674835205
-4.027892112731934
0.8357303738594055
-39.81280517578125
-18.52344512939453
-27.1623592376709
-1.0427839756011963
-8.479612350463867
-35.43539047241211
8.479369163513184
-7.255892276763916
11.30733871459961
0.08409835398197174
33.93916320800781
0.6122086644172668
8.792984008789062
1.4052515029907227
23.031309127807617
13.619596481323242
9.167373657226562
0.14075732231140137
6.8129754066467285
20.437171936035156
6.542942047119141
2.0939781665802
23.784257888793945
-5.632608413696289
10.63996696472168
-17.689571380615234
7.348835468292236
14.736322402954102
-7.393718242645264
10.70517635345459
29.465152740478516
21.31777572631836
14.472982406616211
-2.750389575958252
4.764130115509033
-1.6850168704986572
11.870759010314941
-3.6180617809295654
13.283977508544922
3.4128031730651855
-7.533785820007324
5.696506977081299
-7.418771743774414
-8.147253036499023
9.910311698913574
2.229609489440918
10.91739273071289
-6.2430291175842285
-12.31931209564209
3.734936237335205
6.384799957275391
10.914750099182129
10.5878324508667
12.235481262207031
-12.672432899475098
-19.731557846069336
-6.61578893661499
-7.322215557098389
-3.3433680534362793
-19.074899673461914
-18.99822425842285
-26.400800704956055
-35.68468475341797
-25.134708404541016
-4.228115558624268
-20.120420455932617
-23.206459045410156
-34.16459655761719
-30.163660049438477
7.23890495300293
-13.496826171875
-13.713113784790039
-14.284769058227539
-10.061039924621582
-10.294371604919434
1.447991967201233
-28.810993194580078
-24.269180297851562
-18.35369110107422
13.392373085021973
-7.0113844871521
-9.013189315795898
-13.157866477966309
-3.1253809928894043
-12.241019248962402
7.65079927444458
12.693272590637207
2.8839969635009766
-29.493438720703125
-4.301592826843262
-9.984152793884277
-17.12717628479004
-14.95651912689209
11.793675422668457
-0.7976111173629761
12.495542526245117
-8.764888763427734
2.0130198001861572
-8.358902931213379
3.9318766593933105
-8.833165168762207
-7.833860874176025
-9.616202354431152
-6.665236473083496
-5.50027322769165
10.682398796081543
-2.9536120891571045
-8.964859008789062
10.412055015563965
5.780308246612549
3.1158041954040527
-4.4336442947387695
-8.303333282470703
-3.43613338470459
21.832826614379883
16.247901916503906
12.220087051391602
-1.3817802667617798
14.485648155212402
-2.9353630542755127
15.36819076538086
12.599105834960938
23.239667892456055
12.953153610229492
9.051056861877441
12.180220603942871
8.815074920654297
2.2781965732574463
29.919071197509766
-2.480682611465454
-2.5578203201293945
13.461563110351562
7.539004325866699
25.151378631591797
-11.756683349609375
10.170496940612793
17.888221740722656
11.060589790344238
-19.140228271484375
22.540475845336914
11.62694263458252
-16.533424377441406
2.352932929992676
16.326452255249023
1.7808682918548584
21.271968841552734
7.20443868637085
26.738811492919922
16.491533279418945
-8.082978248596191
-0.7142897248268127
-6.517518043518066
0.13700829446315765
6.173007965087891
7.986622333526611
15.984199523925781
8.291338920593262
15.55044937133789
-12.597992897033691
-4.8987298011779785
-9.879484176635742
7.950932025909424
30.596710205078125
-12.955113410949707
18.537214279174805
18.97747802734375
3.916323661804199
28.608898162841797
23.208593368530273
22.322221755981445
14.973528861999512
27.907569885253906
27.670866012573242
7.174776554107666
21.147232055664062
4.0056633949279785
10.890603065490723
0.7111634016036987
14.764470100402832
-11.87488842010498
19.49243927001953
-11.219342231750488
12.866128921508789
2.3520944118499756
-5.276762962341309
7.524409770965576
19.699121475219727
-7.222746849060059
14.91826057434082
2.72780442237854
2.0116522312164307
-6.883449077606201
-3.722853422164917
19.391517639160156
-16.311479568481445
8.811328887939453
5.218031883239746
5.210746765136719
4.667327404022217
1.422418475151062
-7.655643463134766
-7.047453880310059
1.2226189374923706
-19.616058349609375
-8.446849822998047
-13.22282600402832
10.535283088684082
-10.635345458984375
6.836483955383301
-15.055550575256348
-6.013960838317871
28.83083724975586
-4.961666584014893
-2.7717983722686768
-4.055071830749512
-18.286052703857422
11.496949195861816
-5.846593379974365
4.072670936584473
1.5739719867706299
10.66296100616455
-0.006571886129677296
-2.5383644104003906
14.423782348632812
-1.1761739253997803
4.290639877319336
-19.671663284301758
-0.28167036175727844
-0.6619950532913208
-1.224608302116394
9.277097702026367
5.427182197570801
12.075221061706543
16.69747543334961
12.372350692749023
10.911432266235352
-2.079674005508423
-12.134892463684082
-10.716720581054688
0.14515727758407593
-2.4737370014190674
-19.502397537231445
-10.286626815795898
-21.41452980041504
21.705055236816406
18.051565170288086
-2.818138599395752
1.3773689270019531
-6.813284397125244
2.7449328899383545
-4.130214214324951
-26.277578353881836
5.087167739868164
-8.951862335205078
2.037571907043457
10.750929832458496
23.449745178222656
5.567994117736816
12.018881797790527
-6.492345333099365
-2.7511556148529053
5.503805160522461
7.87094783782959
19.882553100585938
16.689809799194336
33.41353988647461
10.849145889282227
11.703989028930664
-7.319728851318359
5.520551681518555
18.416534423828125
19.51150131225586
0.5829691886901855
-8.764386177062988
-15.082286834716797
1.6770380735397339
1.3278536796569824
5.627970218658447
-11.906932830810547
-3.605401039123535
-22.469480514526367
7.6957621574401855
31.11669921875
8.210498809814453
-2.0163416862487793
-2.4079017639160156
-24.03826904296875
17.681188583374023
24.596744537353516
-13.580507278442383
-29.369272232055664
1.9436343908309937
5.059701919555664
10.585248947143555
6.174596309661865
-9.453927993774414
18.541688919067383
-7.57149076461792
3.992189407348633
-3.5914411544799805
11.118386268615723
-1.2566659450531006
-8.470250129699707
14.675355911254883
-5.6611785888671875
-1.8282018899917603
-8.976344108581543
11.061827659606934
4.527614593505859
-11.388721466064453
-0.9588098526000977
-3.9918079376220703
-2.5549824237823486
3.0859382152557373
-24.389312744140625
1.0316439867019653
-15.74030876159668
-13.13958740234375
6.812994003295898
-11.479341506958008
-8.148140907287598
-0.18665431439876556
-8.559056282043457
-2.2908926010131836
6.718571186065674
2.5938735008239746
-18.404193878173828
-24.241315841674805
-4.860561370849609
-22.2491512298584
-8.601231575012207
-7.968913555145264
9.076370239257812
4.068967342376709
1.8321459293365479
-12.694572448730469
14.23993968963623
9.204202651977539
-17.262805938720703
-17.15395164489746
27.9365291595459
-17.65937042236328
8.908116340637207
16.4322452545166
10.553234100341797
-3.698880195617676
16.49393081665039
15.813226699829102
-19.983360290527344
-3.0572845935821533
17.884239196777344
19.797847747802734
-0.899392306804657
19.43962287902832
5.792974472045898
31.792200088500977
0.1561995893716812
44.71285629272461
10.616373062133789
5.683944225311279
26.463899612426758
0.6759675145149231
8.387626647949219
-6.812972545623779
15.064973831176758
-3.000007152557373
5.219503879547119
10.206511497497559
8.998085975646973
3.343417167663574
-24.845251083374023
40.25984573364258
-32.33978271484375
12.65942668914795
-8.061077117919922
15.578455924987793
-12.516233444213867
0.8645490407943726
2.1563901901245117
3.0657455921173096
1.1573907136917114
3.5254106521606445
-7.674154281616211
0.9716485142707825
12.803848266601562
-7.57854700088501
-15.990201950073242
-1.2553035020828247
9.800148963928223
-5.019138813018799
6.378868103027344
1.1443374156951904
-2.509282112121582
-29.031282424926758
-21.396766662597656
6.07217264175415
-11.936861038208008
-16.159685134887695
-2.5265424251556396
-10.116776466369629
-25.288217544555664
11.160144805908203
-13.286894798278809
6.27333927154541
-0.17515349388122559
-3.366743564605713
-5.7358808517456055
-14.412534713745117
11.264708518981934
0.8159034252166748
4.075293064117432
-23.443723678588867
-19.613037109375
0.37811270356178284
24.45791244506836
-12.494939804077148
1.360399603843689
-33.21632766723633
9.521523475646973
-25.48647689819336
-20.42702293395996
-0.4053056240081787
4.6140971183776855
-19.868738174438477
-19.26352310180664
4.885922908782959
-8.885866165161133
-20.915849685668945
12.60794448852539
-18.181304931640625
9.437143325805664
0.8379652500152588
-10.48638916015625
-2.413346767425537
0.5556813478469849
18.336854934692383
-12.27750301361084
8.945968627929688
7.534536838531494
8.509567260742188
-9.82142448425293
1.3455660343170166
-10.855707168579102
20.8687686920166
-1.5058807134628296
-2.4737637042999268
-32.11613464355469
-12.100738525390625
-20.278024673461914
22.237144470214844
-1.514676809310913
8.72413158416748
4.924679756164551
13.610234260559082
6.5773820877075195
22.7752742767334
19.166255950927734
-17.357954025268555
11.257214546203613
-15.730378150939941
10.295868873596191
4.854679107666016
25.253305435180664
35.69150924682617
5.209151268005371
-10.143088340759277
28.042882919311523
-12.379007339477539
-6.071523666381836
3.4940125942230225
16.136707305908203
-21.070186614990234
29.695363998413086
7.202754497528076
6.952761650085449
-9.315604209899902
12.276844024658203
16.5623722076416
45.46402359008789
-8.464733123779297
13.011382102966309
20.96150779724121
13.256417274475098
-1.5872408151626587
-16.541650772094727
6.593318462371826
11.888405799865723
10.400633811950684
0.810663640499115
2.94317626953125
-21.735233306884766
8.903594970703125
13.302206993103027
-4.985006332397461
-34.645347595214844
-13.927183151245117
26.651336669921875
9.112288475036621
31.8107852935791
1.1261893510818481
-40.03529739379883
-8.76383113861084
1.8019847869873047
-13.203726768493652
-8.557595252990723
11.949338912963867
-14.41602611541748
-8.067909240722656
1.4437525272369385
14.802865028381348
-16.544065475463867
4.336221218109131
-29.39609146118164
7.921541690826416
-15.064310073852539
7.2823805809021
-16.12770652770996
-23.418222427368164
-29.73126983642578
-10.078032493591309
-7.57871675491333
6.07630729675293
0.6935712099075317
11.017960548400879
-12.495403289794922
12.242842674255371
5.73626708984375
-14.55713176727295
7.996692180633545
-0.5373345613479614
40.48358154296875
-3.5156190395355225
13.111119270324707
-14.904922485351562
-24.548171997070312
2.4246554374694824
-9.334957122802734
-35.557289123535156
-23.275970458984375
4.214695453643799
-17.59485626220703
19.83123207092285
-26.451251983642578
-4.002991676330566
-8.630084037780762
28.484012603759766
-4.384727478027344
-14.491849899291992
-31.580337524414062
5.9935150146484375
1.0664732456207275
-3.202237129211426
-1.5434883832931519
11.387629508972168
24.227304458618164
-4.947309494018555
-0.8578242063522339
-6.661288261413574
15.14467716217041
21.492122650146484
2.2923450469970703
4.992556571960449
-13.279253959655762
4.567414283752441
9.306734085083008
-5.654007434844971
1.3686847686767578
13.209992408752441
15.36264705657959
-2.0491783618927
21.714256286621094
16.434123992919922
14.52121353149414
14.43152141571045
8.350825309753418
-16.208600997924805
-3.195643663406372
10.869571685791016
20.38603401184082
19.729639053344727
1.772579312324524
38.52277374267578
-9.060264587402344
12.266179084777832
11.539765357971191
-16.646963119506836
0.008208995684981346
6.298135757446289
8.099519729614258
-13.967127799987793
-3.771456003189087
6.594727516174316
0.025834932923316956
-16.677825927734375
12.390181541442871
1.8062993288040161
13.060572624206543
1.5864742994308472
-22.098615646362305
-2.5794286727905273
11.423694610595703
9.814088821411133
11.267801284790039
1.7461776733398438
-2.4177846908569336
4.083581924438477
-11.579710006713867
2.2513134479522705
-23.479841232299805
11.16082763671875
-20.39893341064453
-23.4997501373291
23.61699867248535
-7.278966426849365
-0.7269893884658813
20.00335693359375
12.08862590789795
7.19782018661499
-5.144932270050049
6.017580509185791
9.707897186279297
7.6913557052612305
7.336828231811523
-8.873231887817383
-24.060083389282227
-37.912227630615234
10.985152244567871
7.8932318687438965
-13.044561386108398
7.844371318817139
-10.95205020904541
-2.6485912799835205
-10.085211753845215
7.6242995262146
-15.128551483154297
-16.634910583496094
6.751942157745361
-3.5211758613586426
-2.6442642211914062
1.3815040588378906
-17.214826583862305
9.929341316223145
4.680887222290039
-2.629854440689087
-12.038029670715332
4.906838893890381
-2.446028470993042
-17.710466384887695
35.81626510620117
32.56179428100586
-10.09576416015625
16.025127410888672
-19.940927505493164
2.818441152572632
15.179580688476562
-3.3907198905944824
-33.60704040527344
5.404743671417236
-19.542102813720703
-22.334035873413086
-10.03811264038086
-18.644197463989258
-5.117679119110107
-9.926651000976562
2.5366947650909424
-21.035301208496094
12.226272583007812
15.678679466247559
-8.743206024169922
-10.078210830688477
-11.387901306152344
-4.426884651184082
2.3287713527679443
-7.44602632522583
4.506800174713135
-10.112241744995117
-31.097999572753906
-13.508041381835938
1.9715276956558228
15.17110538482666
8.858263969421387
3.2997987270355225
-17.412120819091797
14.14730167388916
-22.048545837402344
-1.203829288482666
4.617625713348389
10.717702865600586
-28.549083709716797
-1.8910877704620361
-11.052298545837402
6.968954563140869
8.101137161254883
2.4217469692230225
11.7269926071167
10.63664722442627
-15.860074996948242
-5.327908039093018
-9.919649124145508
-0.8101565837860107
11.412446975708008
6.876119613647461
31.614925384521484
-37.399845123291016
2.4474384784698486
-21.608253479003906
6.7464189529418945
1.212171196937561
-11.750846862792969
12.331012725830078
5.698485374450684
12.30738639831543
-5.763945579528809
15.505865097045898
-31.067344665527344
6.935805797576904
-0.7188840508460999
4.801440715789795
-2.7173593044281006
-1.0102732181549072
15.537545204162598
12.365920066833496
-6.578841686248779
0.5913729071617126
-8.436153411865234
-6.606736183166504
12.147671699523926
-10.598896026611328
-5.9275898933410645
10.551605224609375
13.45705509185791
12.263372421264648
10.90434455871582
-20.897390365600586
32.00362777709961
2.799124240875244
10.147603034973145
7.825236797332764
-22.79084587097168
-6.485189914703369
-3.7550160884857178
14.784740447998047
-0.1794881820678711
-27.41838836669922
-2.847195863723755
0.03178573399782181
1.4269651174545288
2.841132402420044
-12.982681274414062
2.507373332977295
-9.599387168884277
-34.35149383544922
-10.837221145629883
6.204649925231934
-22.092533111572266
-4.138984680175781
6.4569830894470215
5.899990081787109
22.623104095458984
-2.8160030841827393
-4.641192436218262
-1.7126455307006836
-19.879730224609375
15.691804885864258
3.987424612045288
14.096257209777832
-11.569326400756836
-2.0439584255218506
-0.06222842261195183
0.9697306752204895
12.333724021911621
30.798532485961914
3.1160457134246826
-10.046666145324707
-19.864946365356445
11.191171646118164
-15.922147750854492
-39.22357177734375
-16.171550750732422
44.95673751831055
7.602108001708984
-4.236042499542236
-12.019247055053711
-23.594745635986328
9.539312362670898
4.867941856384277
-15.248601913452148
-6.035254001617432
-0.4235520660877228
16.32756996154785
2.442328929901123
-1.8864089250564575
1.1535099744796753
-35.43907165527344
-33.40776443481445
1.1268396377563477
5.644545555114746
-19.476411819458008
-18.085132598876953
6.418293476104736
-37.91011047363281
-44.55194854736328
-17.158023834228516
27.02688217163086
-16.507064819335938
1.8134081363677979
6.6232194900512695
1.7080140113830566
14.604208946228027
0.3631384074687958
-1.265433430671692
-7.249985218048096
13.39520263671875
30.005901336669922
19.521026611328125
13.102066040039062
-1.232074499130249
15.595281600952148
9.234268188476562
2.7054033279418945
-16.43472671508789
-10.196511268615723
2.8127331733703613
8.467934608459473
-42.82368850708008
16.25450325012207
4.8955912590026855
-5.505132675170898
-15.610536575317383
9.36936092376709
1.050243854522705
-8.306116104125977
-16.346466064453125
-1.436136245727539
0.8372962474822998
14.861268997192383
-3.7406203746795654
8.179691314697266
-16.91776466369629
16.405750274658203
-20.581464767456055
7.2798752784729
-21.253190994262695
3.9935920238494873
8.676575660705566
0.64989173412323
17.650146484375
4.121947288513184
7.576698303222656
21.124048233032227
-13.915027618408203
-7.984613418579102
9.054037094116211
1.864349365234375
12.384126663208008
10.461553573608398
-11.455825805664062
-2.1453399658203125
3.0391979217529297
-2.0403048992156982
-4.508809566497803
-9.55248737335205
-4.462255477905273
-7.244075775146484
7.000834941864014
-11.086955070495605
-3.39707350730896
-24.10136604309082
-1.211634635925293
-3.49100923538208
21.125946044921875
16.311504364013672
-3.868868827819824
9.426373481750488
31.790544509887695
8.617597579956055
16.748779296875
-0.6567529439926147
-2.7883172035217285
11.928041458129883
-10.864182472229004
25.2248477935791
15.222749710083008
-0.6266452074050903
-25.49806785583496
-3.5880019664764404
-16.061920166015625
-7.51236629486084
-30.94402313232422
-17.767711639404297
-3.5014076232910156
3.6147892475128174
-25.41428565979004
46.64997863769531
-2.7145373821258545
-2.5410354137420654
-22.387842178344727
-5.273924827575684
-4.569881439208984
-3.9285027980804443
-5.624226093292236
24.13389015197754
-3.418083429336548
13.36490535736084
4.031717300415039
7.693989276885986
11.195779800415039
16.877727508544922
46.27821731567383
21.938003540039062
-8.442517280578613
-1.6467623710632324
23.0019588470459
-23.872867584228516
34.02269744873047
28.68098258972168
4.795324325561523
12.149615287780762
18.68132209777832
10.199348449707031
18.330934524536133
15.64608383178711
-3.6746826171875
5.262811660766602
28.289413452148438
16.483604431152344
-14.1879301071167
-9.823457717895508
-14.77582836151123
-5.664083003997803
3.831787109375
3.7514195442199707
7.7907891273498535
11.190018653869629
-4.949221134185791
10.938263893127441
-3.248079538345337
-1.7833296060562134
-2.262115955352783
-1.9680730104446411
-17.294979095458984
9.510798454284668
23.647077560424805
-7.023751735687256
-29.802621841430664
9.409688949584961
-11.027181625366211
-1.470845341682434
-1.3833670616149902
-9.456656455993652
3.444958209991455
11.486891746520996
10.121373176574707
-7.103660583496094
-16.975215911865234
-2.476592779159546
-3.4477241039276123
-16.303375244140625
5.298691749572754
3.5261476039886475
-15.766755104064941
-25.936857223510742
1.5611964464187622
-2.491504192352295
-4.601706027984619
-13.062836647033691
-17.163434982299805
-6.517340660095215
-10.956113815307617
-8.439993858337402
-2.6994621753692627
-4.362312316894531
-28.312732696533203
-12.916463851928711
25.999845504760742
15.749323844909668
-14.723489761352539
-10.784736633300781
18.501489639282227
-3.02066707611084
-4.663844108581543
-15.854389190673828
-1.227948784828186
0.2246987372636795
-10.284868240356445
9.604134559631348
13.06976318359375
-11.454240798950195
1.2113697528839111
-8.827953338623047
11.92679214477539
-15.221630096435547
-10.125935554504395
12.231070518493652
12.011533737182617
19.700241088867188
2.812507390975952
1.8727878332138062
11.453631401062012
-17.051326751708984
8.83767318725586
6.847770690917969
0.6540439128875732
-1.6054233312606812
-8.473349571228027
34.33268737792969
22.636016845703125
-6.137228012084961
18.146860122680664
1.7821651697158813
12.65117073059082
2.1308493614196777
-5.260390758514404
5.397330284118652
17.57323455810547
-8.415637969970703
5.2759904861450195
2.6118905544281006
7.547542095184326
13.332179069519043
19.582862854003906
9.669451713562012
-8.157638549804688
2.087510347366333
-2.0582523345947266
-8.530861854553223
14.549661636352539
-23.67373275756836
-6.568504333496094
-15.168990135192871
0.3666209876537323
-10.80683422088623
8.887856483459473
2.7762062549591064
22.014726638793945
-25.405059814453125
-5.8344502449035645
-26.295501708984375
-6.952102184295654
24.167621612548828
16.336599349975586
-7.341200828552246
-20.075769424438477
6.772768974304199
-21.10268211364746
13.419709205627441
-13.611475944519043
41.12940979003906
5.076817035675049
-43.02954864501953
-7.4291276931762695
-27.317203521728516
-33.33174133300781
21.529340744018555
4.171353816986084
-15.553825378417969
13.299216270446777
6.002889633178711
12.281394958496094
33.7586784362793
5.390397071838379
13.289179801940918
-2.32075572013855
-4.503539085388184
-17.97003746032715
12.772112846374512
16.272409439086914
13.27916431427002
7.761706829071045
-0.04311505705118179
26.08195686340332
13.323311805725098
-5.008087635040283
-12.115406036376953
-4.884970188140869
-21.560420989990234
13.406719207763672
-9.915640830993652
15.1153564453125
9.127347946166992
23.762075424194336
9.799121856689453
18.95412826538086
-18.283096313476562
7.126706123352051
41.465511322021484
2.268878936767578
33.681522369384766
20.580263137817383
8.158313751220703
0.6463971734046936
-11.03959846496582
18.272737503051758
-0.2582195997238159
8.149543762207031
9.955998420715332
17.6914005279541
15.522367477416992
15.93378734588623
13.562349319458008
10.356486320495605
42.5521354675293
18.995990753173828
-8.08604907989502
-7.670294761657715
5.565525531768799
1.0548732280731201
-13.86728286743164
-3.013272523880005
14.933792114257812
-14.522181510925293
9.587374687194824
7.502125263214111
3.7572970390319824
-17.594446182250977
-11.071887969970703
-16.880924224853516
-28.42983627319336
-6.8354692459106445
18.207237243652344
-5.079810619354248
-4.586445331573486
-38.984535217285156
-6.449610233306885
-28.60580825805664
-0.9570662379264832
4.598299503326416
-22.484920501708984
-38.67822265625
15.387808799743652
-20.716360092163086
-18.288625717163086
-2.5124566555023193
-13.16907024383545
8.343622207641602
-6.186185359954834
3.6242823600769043
-0.6088983416557312
40.60554504394531
3.0126700401306152
2.633021831512451
26.594940185546875
6.420173645019531
1.0037885904312134
30.062484741210938
-13.031919479370117
-14.934326171875
-12.678200721740723
2.9216039180755615
24.749412536621094
-15.330720901489258
29.149858474731445
11.270855903625488
1.7606489658355713
25.575111389160156
