5240.89306640625
3756.652099609375
5921.275390625
3924.142578125
4690.2646484375
3286.556396484375
4316.3291015625
5782.2568359375
7431.3408203125
4791.07763671875
4023.5654296875
5578.52587890625
3716.497802734375
3968.042724609375
6432.6552734375
6512.4208984375
4425.1435546875
7260.83056640625
6027.14453125
7297.54931640625
7090.13037109375
8249.671875
7701.12255859375
8219.380859375
7490.60302734375
9100.4365234375
6619.552734375
5374.80810546875
5494.05322265625
6432.32763671875
8003.298828125
5849.53515625
7456.0
3700.87451171875
6460.99560546875
5105.9921875
5458.12060546875
3978.64013671875
4197.80322265625
3756.794677734375
4928.71826171875
3714.86279296875
4067.69140625
5224.04443359375
4285.9384765625
2812.743896484375
4819.5986328125
4224.17529296875
5155.13671875
3320.201171875
3964.1533203125
4799.83544921875
4410.767578125
5112.9072265625
4269.2080078125
4800.791015625
3645.986328125
3397.218017578125
3654.304443359375
3997.391845703125
3978.126953125
3829.605224609375
4401.89404296875
5112.126953125
3506.053466796875
3357.49609375
4394.7412109375
2515.337890625
4789.47998046875
3508.5439453125
3567.247802734375
4038.009033203125
5006.76806640625
3103.178466796875
3733.017578125
2973.660400390625
2396.533447265625
2739.51904296875
2044.5220947265625
2249.45263671875
3136.4423828125
2258.259033203125
2895.931640625
3141.484375
3434.622314453125
2340.947509765625
2628.079833984375
4212.79736328125
4508.599609375
6439.32861328125
4512.8486328125
3070.0595703125
3299.38525390625
4970.4833984375
4325.40087890625
2886.0439453125
3035.997802734375
2865.315673828125
3115.322998046875
2543.580322265625
4301.8291015625
2426.562744140625
1726.8006591796875
3606.4345703125
4214.22119140625
3191.700927734375
2989.325439453125
2772.725341796875
2435.092529296875
3544.03662109375
4115.0078125
3473.238525390625
3461.62158203125
4701.6845703125
3982.353759765625
3873.542724609375
4304.466796875
2907.55615234375
3077.567138671875
4171.2744140625
3004.8046875
3688.286865234375
3176.192626953125
3702.00830078125
3494.785888671875
2735.877685546875
3061.93359375
3199.582275390625
3794.124267578125
3786.63330078125
2951.137939453125
2646.57275390625
2387.077392578125
2685.514404296875
1492.1722412109375
3299.50048828125
2488.3740234375
2951.953857421875
1655.48583984375
2641.375732421875
2740.69482421875
2289.021240234375
1676.766357421875
1683.024169921875
2739.9140625
2013.4188232421875
1686.9300537109375
2156.306884765625
2044.8050537109375
1778.8145751953125
1697.2198486328125
2337.348388671875
1538.5185546875
2155.06982421875
1565.6513671875
1246.2333984375
1483.050048828125
1871.122314453125
2237.390380859375
1678.3060302734375
1500.4244384765625
1467.2623291015625
765.6209106445312
1579.0849609375
1765.012939453125
1625.42333984375
1349.4239501953125
797.0603637695312
778.9600219726562
888.6233520507812
1851.8056640625
1210.7215576171875
1246.9171142578125
1035.4417724609375
1098.35400390625
918.3355712890625
900.4166259765625
911.42138671875
995.3812866210938
1280.556640625
802.4462890625
869.5740966796875
867.3170776367188
953.603271484375
848.1783447265625
896.9951171875
907.7357788085938
833.5371704101562
1126.5413818359375
1309.8614501953125
1044.0697021484375
1046.7125244140625
954.4467163085938
1001.529052734375
816.681396484375
838.1591796875
1082.206787109375
842.908935546875
854.5708618164062
1017.1802368164062
789.653076171875
971.8328857421875
1139.812744140625
802.8046875
871.7044677734375
785.5611572265625
931.229248046875
766.9313354492188
790.6865844726562
955.694580078125
835.2194213867188
867.6915283203125
1144.62890625
787.5323486328125
779.2772216796875
993.4577026367188
744.3601684570312
1289.7459716796875
1052.830322265625
770.7131958007812
952.658935546875
1034.904541015625
1171.4227294921875
906.8264770507812
1018.8657836914062
1013.2014770507812
1021.7802124023438
946.9984741210938
821.8649291992188
802.4005126953125
1139.3638916015625
835.3727416992188
1269.952392578125
1125.296630859375
818.2552490234375
1519.3123779296875
821.1409912109375
1430.98681640625
1935.8997802734375
1528.769775390625
1483.946533203125
1525.4571533203125
1399.54931640625
1147.230712890625
1013.4580688476562
1007.2777099609375
1506.3721923828125
962.8405151367188
1232.0960693359375
1371.42333984375
813.2958984375
954.7496337890625
946.0303955078125
1139.12451171875
1369.6556396484375
1387.3214111328125
1147.08837890625
865.061767578125
935.6078491210938
876.7571411132812
892.7941284179688
1124.792236328125
930.030029296875
1025.0919189453125
837.8892822265625
854.1152954101562
881.7267456054688
1119.726318359375
876.88720703125
862.7279052734375
861.72998046875
819.5523071289062
815.1075439453125
896.8240966796875
886.0393676757812
914.7778930664062
807.2452392578125
911.46484375
798.4967041015625
878.7601928710938
812.477294921875
822.248779296875
774.9690551757812
1203.7418212890625
748.3128662109375
832.791259765625
727.0975341796875
734.84228515625
927.6328125
883.166748046875
970.7015991210938
817.0840454101562
947.1798706054688
773.1494140625
877.307373046875
718.4004516601562
810.9166259765625
1243.02587890625
802.1832275390625
780.9126586914062
738.0608520507812
814.6246337890625
1125.2667236328125
743.4183349609375
819.3123779296875
702.3622436523438
715.256103515625
782.9835815429688
1037.6405029296875
935.4030151367188
1142.04638671875
667.8002319335938
1178.7705078125
889.6761474609375
793.634765625
778.0669555664062
1126.976806640625
894.2800903320312
1087.7701416015625
695.7265014648438
781.1099243164062
795.14501953125
1063.123291015625
1121.28173828125
698.81787109375
1099.7274169921875
760.1022338867188
729.4111328125
820.2864990234375
803.8130493164062
727.141357421875
687.791748046875
832.5172729492188
867.1510009765625
1434.9356689453125
821.5178833007812
1514.1099853515625
1345.7738037109375
991.2049560546875
835.03857421875
920.3339233398438
857.0791625976562
793.3746948242188
1070.0572509765625
1519.9285888671875
748.4252319335938
990.4505615234375
894.599853515625
900.6034545898438
1278.19384765625
906.7323608398438
895.8076171875
1283.2645263671875
1336.7203369140625
912.1311645507812
1250.445068359375
1343.64794921875
766.4266357421875
816.5968017578125
835.882080078125
1295.687255859375
946.7353515625
836.5098266601562
772.4479370117188
835.1121215820312
744.88232421875
784.4024658203125
925.0831909179688
1304.379150390625
813.9127197265625
1015.1565551757812
1148.524169921875
866.6280517578125
756.3297729492188
963.43798828125
791.1883544921875
1210.75927734375
1013.6033935546875
1032.31787109375
1001.887939453125
879.1846313476562
896.7401123046875
1028.023193359375
1302.265380859375
1177.251708984375
789.1595458984375
1240.0189208984375
923.35595703125
1244.4593505859375
932.3024291992188
885.9971313476562
1166.0169677734375
1108.07958984375
1179.0643310546875
1309.3470458984375
925.6793212890625
1421.204345703125
1023.1011962890625
1117.34912109375
899.365478515625
1565.3919677734375
941.5183715820312
1126.4715576171875
1193.2928466796875
911.0283813476562
870.657958984375
1237.92822265625
858.2162475585938
1323.72509765625
887.982177734375
983.7914428710938
1530.9666748046875
1297.9189453125
1405.80908203125
1130.605712890625
1067.81396484375
942.975341796875
847.5816650390625
974.406982421875
940.4080810546875
881.03857421875
924.2702026367188
1278.22412109375
1054.7906494140625
1428.676513671875
1090.6568603515625
1180.6668701171875
1268.1248779296875
1121.6102294921875
1428.2728271484375
1184.8822021484375
991.5244750976562
950.1919555664062
938.9519653320312
1158.4595947265625
1074.385009765625
926.3511962890625
943.0311279296875
860.6263427734375
1378.7835693359375
891.5565185546875
1099.5340576171875
1045.0675048828125
945.7533569335938
1002.1021118164062
1550.18505859375
1155.4332275390625
1097.28271484375
1314.2635498046875
872.5532836914062
981.3604125976562
1010.053955078125
1457.3072509765625
1070.33935546875
1009.7276000976562
1380.7098388671875
1306.7926025390625
1238.3980712890625
1057.2264404296875
1557.718505859375
1206.139404296875
1381.895263671875
1240.0418701171875
945.002685546875
1139.287353515625
1312.10400390625
1156.04833984375
903.4224243164062
1112.725830078125
1142.304931640625
1036.354736328125
1369.59619140625
1499.1005859375
942.2810668945312
1667.90380859375
1409.808349609375
962.0516357421875
928.2155151367188
1383.0228271484375
1120.443359375
1214.0518798828125
1405.42041015625
1189.762939453125
953.3675537109375
989.1934204101562
956.092529296875
983.9442749023438
1032.0379638671875
934.8673706054688
978.2183837890625
939.1607055664062
1149.7078857421875
949.8126220703125
923.8369750976562
903.1759643554688
919.8475341796875
970.9754028320312
914.6190795898438
1012.625732421875
927.9408569335938
890.7581787109375
855.3671875
891.1290893554688
864.87109375
1015.47998046875
998.1017456054688
966.0436401367188
814.3557739257812
853.969970703125
984.4354248046875
855.1243286132812
909.7274169921875
810.5678100585938
1399.0323486328125
1324.599853515625
864.8507080078125
1482.5841064453125
1266.27880859375
780.0493774414062
1014.5740356445312
852.0942993164062
1330.78759765625
1001.94091796875
855.45654296875
798.546142578125
820.4005126953125
783.6270141601562
1001.9429321289062
1044.3443603515625
811.5986938476562
863.6962890625
982.6725463867188
1127.578125
994.471435546875
848.1465454101562
1309.571533203125
802.1424560546875
1006.3018188476562
770.8165283203125
1205.1700439453125
772.360595703125
851.5307006835938
782.2914428710938
790.4141845703125
779.8236694335938
1029.9464111328125
921.87890625
767.352783203125
1250.6925048828125
763.5604858398438
1301.7142333984375
829.7987670898438
750.120361328125
710.324951171875
978.5819091796875
1173.6920166015625
833.0049438476562
1046.3238525390625
1001.7474365234375
1343.1090087890625
994.2483520507812
953.0709838867188
1069.1607666015625
900.139892578125
971.1055908203125
994.1734008789062
799.396240234375
1404.072021484375
888.1231689453125
1171.8076171875
1581.88916015625
1273.763916015625
1206.723876953125
968.275146484375
1468.644287109375
1568.9306640625
1549.1678466796875
973.1353149414062
1787.5377197265625
1261.330078125
1306.061767578125
1969.5335693359375
1420.9984130859375
1036.7120361328125
1679.683349609375
1745.68505859375
1085.8677978515625
1215.904541015625
1788.167724609375
1639.7198486328125
1738.1585693359375
1151.6082763671875
1689.2025146484375
1169.5804443359375
1093.329833984375
1242.921875
1367.5948486328125
1251.5517578125
1023.96435546875
950.728271484375
1146.26416015625
1289.037841796875
1001.8336791992188
983.8536376953125
1261.795166015625
1172.2930908203125
1106.1278076171875
1021.0570678710938
951.7396240234375
989.2415161132812
997.0577392578125
941.7260131835938
1053.890869140625
929.8222045898438
947.6409912109375
918.5840454101562
948.033935546875
898.497314453125
1004.673583984375
906.1377563476562
932.8050537109375
959.9959716796875
887.6510009765625
909.3565063476562
858.4552001953125
846.7674560546875
927.5144653320312
899.1566162109375
855.1627197265625
892.2353515625
781.9435424804688
830.5655517578125
785.1461791992188
799.3881225585938
821.5415649414062
772.6489868164062
748.7250366210938
847.39111328125
862.1541748046875
722.262451171875
871.7149658203125
779.923583984375
707.0693359375
711.2775268554688
902.756103515625
754.2989501953125
767.4556274414062
674.9146118164062
729.77099609375
674.327880859375
642.3237915039062
944.7372436523438
665.85107421875
691.8037109375
878.592529296875
666.5912475585938
657.5391845703125
824.2185668945312
829.231689453125
658.6375122070312
717.9742431640625
615.981201171875
926.1509399414062
632.37255859375
732.4779663085938
666.740966796875
646.1763916015625
622.4613647460938
680.3401489257812
616.7972412109375
772.3814697265625
627.1071166992188
773.8850708007812
596.8460693359375
713.1226196289062
794.1715698242188
674.8140258789062
943.1616821289062
608.8614501953125
601.019775390625
638.2727661132812
530.5463256835938
549.6145629882812
688.9623413085938
819.302001953125
625.201416015625
643.9510498046875
1037.8408203125
593.492431640625
1112.8984375
984.0496215820312
1113.8387451171875
785.2409057617188
579.02001953125
900.02783203125
745.38037109375
703.041259765625
1044.388671875
567.7997436523438
609.98779296875
643.9119873046875
582.0352783203125
912.2457275390625
789.415283203125
969.8165893554688
825.559326171875
573.9420776367188
863.4166259765625
769.70361328125
676.9528198242188
762.2590942382812
864.733154296875
620.2728881835938
685.2277221679688
767.9951171875
1072.2689208984375
862.3442993164062
877.09375
842.0159912109375
886.94189453125
886.5599365234375
849.5475463867188
718.8978881835938
1155.5701904296875
718.5701293945312
856.7924194335938
677.0234985351562
1085.7376708984375
643.5791015625
689.7764892578125
763.34521484375
651.6846313476562
1132.29052734375
635.8344116210938
718.4900512695312
780.7803344726562
968.3099365234375
831.4598999023438
784.827392578125
631.6632690429688
653.9992065429688
635.8639526367188
712.3585815429688
677.6142578125
850.6942749023438
637.4556274414062
649.9334716796875
753.62890625
598.37890625
665.6209716796875
810.0361938476562
684.9884033203125
671.4994506835938
693.6625366210938
772.6005249023438
622.2400512695312
611.8568115234375
651.2632446289062
585.9176635742188
631.1970825195312
985.1255493164062
587.1229858398438
607.3087768554688
688.5967407226562
653.2724609375
602.0368041992188
892.0849609375
585.3014526367188
711.9327392578125
604.279541015625
755.0778198242188
582.90869140625
616.3856811523438
669.5116577148438
666.0225830078125
538.7162475585938
819.9506225585938
728.013427734375
654.5030517578125
542.5111694335938
564.925048828125
612.1787719726562
700.2180786132812
1110.7418212890625
829.849365234375
544.5661010742188
726.224609375
846.3534545898438
616.6138305664062
599.68701171875
791.4693603515625
791.119873046875
825.3533935546875
734.9692993164062
649.4341430664062
934.1385498046875
566.7935180664062
759.2548217773438
871.0822143554688
817.08251953125
790.265380859375
739.7982177734375
780.7880249023438
791.5446166992188
906.6460571289062
906.0786743164062
635.615234375
836.10205078125
638.4778442382812
762.212890625
998.20654296875
732.4248046875
1639.3565673828125
720.7367553710938
1157.4569091796875
1036.7122802734375
622.3134765625
1090.10546875
649.9715576171875
1362.7255859375
1668.5220947265625
1096.619140625
615.72265625
1082.0391845703125
902.4588623046875
995.907958984375
1301.5931396484375
974.7883911132812
1863.2642822265625
1188.81201171875
664.4841918945312
1551.632568359375
2218.5126953125
1127.4754638671875
1492.6663818359375
1360.981689453125
1224.9356689453125
979.069580078125
1577.0828857421875
705.53125
1324.8035888671875
1263.6563720703125
773.1637573242188
974.09716796875
879.3599243164062
1961.3175048828125
1756.233642578125
1915.458251953125
976.3451538085938
1143.27001953125
1087.4105224609375
1337.1781005859375
793.3800048828125
812.5159301757812
791.2881469726562
847.734375
1091.5909423828125
802.5765991210938
771.9779052734375
877.2183837890625
1036.2545166015625
972.401611328125
849.264892578125
783.5643920898438
792.333740234375
855.1995849609375
804.4232177734375
781.6226196289062
905.328125
767.6669311523438
770.6021728515625
830.8735961914062
906.9788208007812
929.4944458007812
762.6243286132812
731.5418701171875
733.5281982421875
739.9048461914062
806.193603515625
693.3251342773438
878.048095703125
739.9935302734375
735.485595703125
819.6416015625
654.3544921875
792.4747314453125
712.8141479492188
750.05517578125
930.0696411132812
668.22314453125
772.3748779296875
646.4557495117188
656.4970092773438
1093.5430908203125
721.0035400390625
641.8453979492188
611.2503051757812
652.6812133789062
751.2338256835938
737.1569213867188
622.6801147460938
596.858642578125
597.6981201171875
583.73291015625
665.5995483398438
676.7611694335938
623.8345336914062
560.6024169921875
621.2186279296875
680.7332763671875
521.652099609375
783.1386108398438
646.2075805664062
691.071044921875
723.6980590820312
586.5454711914062
543.0493774414062
624.2756958007812
720.7432250976562
521.4391479492188
650.8275146484375
722.5914916992188
880.4758911132812
598.026611328125
592.3267822265625
880.0310668945312
542.4232788085938
847.9564819335938
575.6722412109375
834.0980224609375
632.6010131835938
632.1891479492188
709.4649658203125
592.6880493164062
849.01953125
625.989990234375
670.4216918945312
845.482666015625
589.6092529296875
801.5805053710938
636.5283813476562
972.8262329101562
792.7698974609375
1141.4708251953125
701.853515625
959.3538208007812
658.864013671875
641.1685180664062
1024.6416015625
667.1751098632812
845.7542114257812
690.0964965820312
672.2024536132812
734.9271850585938
809.5686645507812
663.7164306640625
697.386962890625
590.8611450195312
813.5448608398438
764.59130859375
591.8884887695312
828.9935913085938
618.9854736328125
688.4207153320312
818.72314453125
1078.45849609375
630.8980712890625
706.3226928710938
574.5250854492188
598.0397338867188
667.0364379882812
607.1759033203125
568.9288940429688
645.7539672851562
887.4443359375
590.7130126953125
568.500732421875
717.2811279296875
554.5902099609375
547.1444091796875
547.0195922851562
613.13671875
1057.213134765625
641.534912109375
558.9992065429688
646.1425170898438
757.0601806640625
607.4751586914062
540.244140625
608.3327026367188
712.6185913085938
813.780029296875
670.8948364257812
624.2322998046875
1287.5462646484375
727.879150390625
848.8378295898438
694.9443969726562
569.5111694335938
646.3167724609375
528.0105590820312
631.5567626953125
520.0732421875
869.0054321289062
893.4612426757812
709.100341796875
655.1192626953125
516.9197998046875
563.0734252929688
520.7273559570312
677.6431274414062
544.2155151367188
819.2564086914062
854.3082275390625
580.1600341796875
749.9352416992188
914.7955322265625
598.0596313476562
584.2462158203125
889.6663208007812
694.0675048828125
711.7952270507812
831.7825927734375
597.7266845703125
1213.86767578125
1154.7286376953125
956.5197143554688
691.050048828125
632.42138671875
995.4216918945312
793.127197265625
630.4331665039062
644.5098876953125
742.8670043945312
839.5125732421875
968.2676391601562
696.9672241210938
591.1444091796875
564.8372802734375
605.9530639648438
878.6548461914062
539.8569946289062
645.3978271484375
639.3989868164062
603.1734008789062
968.5309448242188
655.3370971679688
731.9478759765625
938.5548095703125
635.0511474609375
874.0834350585938
670.126220703125
742.8107299804688
619.0149536132812
615.2976684570312
693.2767944335938
629.2449340820312
751.349365234375
589.3306274414062
776.8720092773438
1086.3326416015625
777.9208984375
841.9745483398438
941.44873046875
1182.8126220703125
650.328369140625
623.9212036132812
647.7666015625
697.46875
577.6010131835938
1207.862060546875
612.8558349609375
705.9443359375
760.5301513671875
644.9360961914062
596.2593383789062
607.381591796875
782.0497436523438
718.846923828125
640.74462890625
849.2674560546875
1072.762939453125
640.279541015625
1024.109619140625
667.969970703125
894.5518188476562
724.5470581054688
702.0873413085938
625.3818359375
653.0982055664062
694.5868530273438
867.5098266601562
776.8374633789062
889.374267578125
883.5470581054688
984.8843383789062
1035.94384765625
795.48876953125
955.4923095703125
941.0599365234375
1109.886474609375
766.5282592773438
973.0023803710938
731.71484375
1086.9676513671875
818.5530395507812
1878.4024658203125
937.677001953125
1841.8253173828125
1024.4312744140625
940.1688232421875
1073.677734375
1040.8919677734375
824.9295043945312
1019.3427124023438
1641.1912841796875
1012.2914428710938
826.356201171875
931.48486328125
1064.110595703125
1286.1707763671875
691.7052612304688
1018.6627197265625
908.389404296875
971.1526489257812
1305.70361328125
954.9763793945312
913.2191162109375
1042.6214599609375
982.686767578125
942.024169921875
1249.40771484375
938.9765625
929.5185546875
907.9857177734375
758.0501098632812
1320.6221923828125
732.9430541992188
724.6485595703125
880.7714233398438
1212.181640625
1059.451904296875
744.377685546875
721.7457885742188
1115.8787841796875
861.8341064453125
968.6053466796875
1164.29345703125
913.6080322265625
972.1473999023438
856.9105224609375
1048.2584228515625
728.3947143554688
749.6660766601562
1071.40966796875
929.4315795898438
819.33935546875
774.44775390625
789.8340454101562
997.9723510742188
789.5939331054688
821.3203125
843.8903198242188
745.8388061523438
731.0624389648438
918.9356689453125
714.2515869140625
1026.42529296875
826.622802734375
824.4847412109375
706.9805908203125
831.8772583007812
723.9842529296875
692.3790283203125
958.8756713867188
749.370361328125
689.8211669921875
781.303955078125
753.4764404296875
694.0738525390625
709.842529296875
754.9757080078125
681.9220581054688
662.510986328125
826.2886962890625
638.7481079101562
701.5911254882812
874.0956420898438
674.2315063476562
650.7471923828125
691.387939453125
753.365234375
603.8246459960938
682.9139404296875
600.9732055664062
958.80517578125
578.4517211914062
795.6683959960938
646.1831665039062
854.4478149414062
591.0233154296875
926.2877197265625
624.0963134765625
706.0618286132812
533.6255493164062
571.8998413085938
649.576416015625
828.5462036132812
560.198486328125
800.8995971679688
630.3031616210938
651.511962890625
761.7213134765625
556.6461791992188
526.1244506835938
715.6017456054688
590.2006225585938
790.5708618164062
527.8184814453125
787.2401123046875
693.06787109375
631.9259033203125
1045.993896484375
705.3575439453125
602.28173828125
742.427001953125
575.5947265625
551.1622314453125
743.306884765625
536.51416015625
774.1416625976562
592.09619140625
600.29931640625
770.0700073242188
543.0322875976562
609.1862182617188
666.1246337890625
554.9935913085938
1055.2686767578125
1044.67041015625
640.5203857421875
717.9568481445312
1004.0426635742188
845.8551025390625
616.3549194335938
922.4625854492188
624.4214477539062
707.5844116210938
752.813232421875
814.819580078125
766.6173095703125
1037.732666015625
916.8009033203125
791.4967651367188
1068.4576416015625
676.9373779296875
721.81201171875
831.73486328125
643.7483520507812
635.5909423828125
538.7033081054688
973.6399536132812
718.2470703125
606.846923828125
974.817138671875
862.2698974609375
615.888671875
802.99169921875
939.9769287109375
604.321044921875
782.1867065429688
636.3046264648438
935.1754150390625
539.0739135742188
934.210205078125
818.802978515625
592.0237426757812
792.670654296875
653.5849609375
770.50341796875
558.9820556640625
649.9108276367188
705.949951171875
640.0921020507812
591.294677734375
764.6226196289062
600.1025390625
546.8525390625
538.827392578125
844.4467163085938
563.2583618164062
773.4459228515625
970.7866821289062
574.1419677734375
579.200927734375
688.8966064453125
607.2263793945312
515.3262939453125
530.4158935546875
578.0801391601562
609.419677734375
598.7381591796875
604.12451171875
544.8953857421875
583.0977783203125
551.6240234375
701.0636596679688
550.4940795898438
564.2926635742188
502.795166015625
512.7440795898438
930.443115234375
498.46966552734375
497.1772155761719
544.910400390625
537.9930419921875
508.88861083984375
501.5817565917969
476.79229736328125
472.36529541015625
604.1207885742188
918.0003662109375
498.16253662109375
554.0660400390625
551.0502319335938
656.9119873046875
540.1856079101562
515.7219848632812
473.28363037109375
597.281494140625
575.44970703125
522.4888305664062
523.5357666015625
437.1258239746094
570.7722778320312
675.7001953125
631.3336791992188
494.0745544433594
523.0532836914062
480.9095764160156
793.9115600585938
861.9886474609375
528.8423461914062
514.5743408203125
440.23736572265625
944.27783203125
564.2119750976562
807.6492919921875
574.1463623046875
830.8436279296875
528.6696166992188
618.987548828125
525.1192016601562
452.7168884277344
589.7659301757812
738.521240234375
678.7796020507812
572.1973266601562
663.183837890625
435.4143371582031
481.7047424316406
799.2977294921875
434.8782043457031
419.1663513183594
618.320556640625
711.1807861328125
430.0716857910156
405.88671875
466.11260986328125
497.019775390625
444.83966064453125
469.6120300292969
491.65814208984375
485.9388427734375
517.7950439453125
433.42864990234375
430.302490234375
672.8562622070312
474.02325439453125
593.88916015625
520.3189086914062
446.34381103515625
475.12591552734375
531.8065185546875
398.2141418457031
409.3412170410156
465.5496826171875
739.7172241210938
496.0357360839844
398.4618835449219
495.7581787109375
454.5206298828125
576.75341796875
418.4171142578125
472.2398681640625
413.69683837890625
555.2548217773438
396.9966125488281
556.7420043945312
457.3294677734375
561.63037109375
401.2942199707031
613.9185180664062
1767.0784912109375
527.5337524414062
564.5225219726562
490.51568603515625
632.0960083007812
718.2445068359375
778.38818359375
539.68701171875
537.7992553710938
591.1636962890625
1244.30712890625
854.4840087890625
419.8275451660156
584.2640991210938
436.6800537109375
792.1054077148438
523.4185180664062
438.30322265625
545.6610717773438
429.537109375
465.5899353027344
442.28729248046875
464.00433349609375
574.4649658203125
452.1654357910156
483.6305236816406
434.2596740722656
823.04248046875
479.7003479003906
425.16888427734375
498.8032531738281
436.9500732421875
708.865966796875
497.8146057128906
704.7243041992188
724.8673095703125
1184.49609375
618.3145141601562
806.7610473632812
638.1400756835938
564.0012817382812
467.5316162109375
514.8284301757812
1349.5540771484375
915.0725708007812
483.48541259765625
851.0096435546875
848.8201904296875
678.7860717773438
750.1458740234375
717.2940673828125
580.2312622070312
668.6663818359375
521.7182006835938
843.490966796875
454.9338684082031
604.3616333007812
734.9055786132812
565.0693359375
584.13623046875
517.3577270507812
502.20263671875
489.1912536621094
596.8156127929688
449.7015075683594
463.6598205566406
484.867431640625
560.9319458007812
463.6881103515625
549.5374755859375
576.4439086914062
457.2801208496094
408.6631164550781
771.2471313476562
572.831298828125
420.59393310546875
692.704345703125
452.9100646972656
489.6434020996094
892.9567260742188
463.12432861328125
540.1345825195312
471.0823059082031
480.4040222167969
585.4104614257812
443.98236083984375
460.57720947265625
461.3224182128906
526.2577514648438
648.835205078125
450.16015625
406.26019287109375
393.9434814453125
660.8479614257812
403.43536376953125
498.8664855957031
414.6846923828125
539.7286376953125
457.8239440917969
412.373291015625
402.61285400390625
410.4353942871094
463.8558349609375
448.1989440917969
630.2535400390625
511.1510009765625
503.9232482910156
395.970703125
448.2433166503906
643.0899658203125
462.6504821777344
511.71881103515625
407.3178405761719
601.0150146484375
407.46832275390625
399.0165100097656
427.04248046875
452.12005615234375
531.1212158203125
533.7017211914062
451.9958190917969
490.2776184082031
650.0423583984375
526.901611328125
353.18408203125
603.6390991210938
407.6773986816406
385.86865234375
662.7084350585938
751.4859008789062
512.608154296875
423.9747619628906
463.7420349121094
516.7119140625
348.3105163574219
550.1871337890625
426.5399169921875
402.426025390625
592.3778686523438
376.3815612792969
942.3540649414062
413.52447509765625
370.1929931640625
458.50579833984375
380.30560302734375
395.099365234375
403.1693420410156
422.5594177246094
391.5939025878906
468.9221496582031
352.8175964355469
475.5813293457031
359.92169189453125
366.4088134765625
461.1241760253906
454.9970397949219
485.3992919921875
348.8214416503906
589.75390625
528.3876953125
355.8143005371094
452.7813415527344
481.80279541015625
445.4944152832031
493.41729736328125
479.834228515625
372.7318115234375
390.3345947265625
409.6372375488281
365.4398193359375
365.9006652832031
528.399658203125
391.83197021484375
347.9344177246094
725.2505493164062
554.63134765625
378.4295349121094
457.26190185546875
330.8625793457031
350.182861328125
445.1432800292969
555.3240966796875
555.0142211914062
314.26666259765625
374.550537109375
526.7599487304688
578.703125
408.9289855957031
486.1576843261719
476.8151550292969
523.405517578125
397.3035583496094
365.58477783203125
343.506103515625
418.288818359375
482.9358825683594
342.14263916015625
426.0
333.3346252441406
390.1382751464844
341.76763916015625
340.90618896484375
321.1629638671875
342.1083068847656
373.4870300292969
393.69293212890625
425.2232666015625
307.65216064453125
420.3836669921875
669.8970947265625
644.5140991210938
312.15576171875
360.29986572265625
463.40631103515625
509.73876953125
731.0432739257812
351.9623107910156
526.2403564453125
425.95855712890625
395.0763244628906
327.6181335449219
336.71380615234375
335.9875793457031
342.9044189453125
351.16552734375
368.76629638671875
343.5934753417969
327.0796813964844
483.14105224609375
539.2996826171875
313.1733093261719
315.19342041015625
326.5239562988281
385.3393249511719
427.1431884765625
305.09649658203125
337.02642822265625
336.1509704589844
299.97119140625
400.1947326660156
371.86627197265625
345.4068603515625
409.5339660644531
297.6828918457031
334.3050537109375
316.23626708984375
289.4180908203125
290.624267578125
475.5162048339844
322.6177062988281
484.2965393066406
521.0165405273438
323.8039855957031
280.4010314941406
335.2765197753906
313.1478576660156
344.35107421875
352.8425598144531
412.8115539550781
327.3863525390625
319.9376525878906
345.3479309082031
286.3243713378906
258.6859130859375
336.13092041015625
537.989990234375
289.9226379394531
314.8978576660156
295.57611083984375
393.3722839355469
465.18951416015625
260.9940490722656
325.94976806640625
395.4528503417969
338.0237731933594
544.5970458984375
311.79559326171875
254.6284942626953
282.43475341796875
295.79266357421875
525.806640625
425.89739990234375
299.7872314453125
274.0893249511719
421.8631896972656
280.2702331542969
655.7420043945312
312.5129699707031
404.7396240234375
288.4359130859375
333.1686096191406
277.1200866699219
473.5867919921875
256.6393737792969
268.54290771484375
363.8673095703125
361.4640197753906
360.09228515625
450.6266174316406
291.1338195800781
281.4976806640625
342.2552185058594
273.92889404296875
378.8702087402344
284.43243408203125
321.6327209472656
281.2626037597656
301.0513610839844
447.240478515625
368.9762878417969
377.291748046875
261.41943359375
390.73333740234375
310.7286376953125
412.3642272949219
258.7055969238281
304.0832824707031
379.3751525878906
278.0423583984375
275.5725402832031
529.060546875
250.25550842285156
288.32550048828125
284.0374450683594
266.91217041015625
240.8768310546875
275.0494079589844
308.0054931640625
628.5446166992188
333.5682373046875
642.1096801757812
334.87921142578125
370.3913269042969
271.37939453125
363.6970520019531
290.92291259765625
504.74114990234375
287.43878173828125
253.3867645263672
369.98675537109375
327.8850402832031
284.62664794921875
311.5223083496094
259.2234802246094
280.3938293457031
675.4321899414062
294.0237121582031
261.222412109375
353.3031311035156
361.328125
446.3919982910156
301.13641357421875
413.023193359375
307.3976135253906
285.7658386230469
299.21002197265625
319.9241638183594
362.5664978027344
319.6545715332031
290.2991943359375
329.3658447265625
313.802490234375
250.5965576171875
303.9710388183594
263.41510009765625
246.60008239746094
611.2010498046875
352.04119873046875
257.5354309082031
502.8523254394531
306.2160949707031
254.0343017578125
269.2345275878906
439.7566833496094
312.8297119140625
255.86199951171875
375.0374755859375
393.0079040527344
240.07257080078125
255.97889709472656
284.4978942871094
222.6670379638672
351.3918151855469
269.50994873046875
283.2939453125
252.8028106689453
656.383544921875
300.447509765625
302.49053955078125
438.73626708984375
264.7487487792969
336.5658264160156
253.7711944580078
278.7564697265625
405.66302490234375
243.92169189453125
335.0215759277344
229.7381591796875
405.58984375
495.23675537109375
269.6908874511719
546.2865600585938
527.2404174804688
412.52752685546875
250.38755798339844
280.9790954589844
275.12518310546875
306.1251525878906
464.9168395996094
370.77923583984375
293.8933410644531
388.0074462890625
266.0418395996094
439.1715393066406
260.8869323730469
249.30807495117188
280.1513671875
269.5299987792969
257.00592041015625
407.99212646484375
818.5614624023438
869.7177734375
414.1350402832031
342.5637512207031
296.5032958984375
536.0097045898438
248.9160614013672
652.0162963867188
360.1824645996094
250.8811492919922
402.341796875
292.4211730957031
267.7842102050781
432.9407043457031
326.6506042480469
290.8520812988281
325.1393737792969
313.23028564453125
333.6668395996094
239.0711212158203
323.83642578125
252.65072631835938
337.1764221191406
279.7500915527344
283.10040283203125
336.6392517089844
410.796875
229.19866943359375
462.7326965332031
435.4093933105469
406.3849182128906
234.76638793945312
400.9211120605469
221.93002319335938
320.3489074707031
319.7084655761719
247.4143524169922
274.364501953125
339.0930480957031
399.21966552734375
309.8941955566406
337.34051513671875
281.8462829589844
249.1630401611328
234.14869689941406
242.79457092285156
293.56494140625
240.72052001953125
546.07958984375
250.287353515625
328.9400329589844
427.892822265625
383.3117980957031
378.43157958984375
240.41246032714844
263.6154479980469
277.1221008300781
310.9964599609375
301.646728515625
396.8172607421875
317.5805358886719
356.0384826660156
554.6760864257812
360.8057861328125
416.4857177734375
262.70037841796875
247.0059356689453
245.35609436035156
349.5191650390625
291.0494384765625
291.7196960449219
391.0861511230469
488.5523986816406
234.64212036132812
335.330322265625
379.0037841796875
297.0260925292969
320.2002868652344
263.50164794921875
279.0032653808594
292.83892822265625
450.0496826171875
329.48345947265625
398.4185485839844
295.802490234375
266.52020263671875
227.41604614257812
376.660888671875
235.05743408203125
307.2559509277344
271.55718994140625
238.79544067382812
377.6173400878906
304.7422790527344
303.1832580566406
271.4031677246094
429.2937927246094
243.60020446777344
245.5089569091797
310.22900390625
645.813232421875
510.3527526855469
228.04342651367188
403.9022521972656
332.8659973144531
258.7279052734375
251.3701629638672
407.6841125488281
272.41705322265625
303.38037109375
313.78271484375
246.52908325195312
290.34796142578125
328.8552551269531
304.4046630859375
378.9458923339844
310.3805236816406
765.962646484375
322.7315979003906
269.3802490234375
250.33670043945312
236.47389221191406
242.27841186523438
228.6012725830078
319.5368347167969
252.42196655273438
232.23390197753906
246.78616333007812
283.19732666015625
349.399169921875
240.83351135253906
1031.2919921875
225.9944305419922
272.91943359375
412.6590270996094
1583.8563232421875
359.351806640625
261.9043884277344
209.96612548828125
286.1743469238281
280.738525390625
223.09866333007812
279.1397399902344
220.36383056640625
214.930908203125
281.67047119140625
356.4971923828125
374.6431579589844
205.99758911132812
280.01214599609375
459.4453125
312.4481506347656
256.69940185546875
382.6793212890625
462.26824951171875
235.7051239013672
395.360595703125
219.5440673828125
315.8492736816406
269.8089294433594
238.16294860839844
324.41156005859375
242.1297149658203
273.4267883300781
305.8963928222656
338.16497802734375
279.5476379394531
308.4031677246094
233.4013671875
221.01707458496094
252.52963256835938
285.63201904296875
258.9654235839844
443.8083190917969
363.7218933105469
287.6561584472656
278.0705871582031
