5955.1015625
4889.44677734375
6105.5341796875
5372.7890625
5295.6630859375
4933.12841796875
3287.9892578125
5094.6416015625
5130.12939453125
5288.43212890625
4165.248046875
3244.3349609375
4629.591796875
5115.6103515625
7583.4228515625
4248.80126953125
4923.57958984375
4798.46337890625
3431.982421875
5021.59033203125
4053.285888671875
4656.73291015625
6571.46337890625
3428.029296875
3732.69580078125
4700.72412109375
3864.454345703125
4807.93212890625
4050.063232421875
4190.7958984375
5869.35205078125
4073.771240234375
3269.57421875
3719.82470703125
4543.2666015625
5173.2041015625
4402.35693359375
4444.4853515625
4536.78564453125
4209.36572265625
2788.31787109375
5684.57177734375
4560.29345703125
4520.25
3899.67529296875
5501.712890625
3978.3056640625
5173.07373046875
4100.55810546875
3493.10986328125
4249.1025390625
3780.436767578125
5428.6201171875
3743.1494140625
3609.148681640625
5347.619140625
5077.3671875
5085.42529296875
3678.563720703125
4185.66748046875
3783.131591796875
2998.953125
5716.251953125
3221.498046875
3984.298828125
5031.73828125
5395.8212890625
5075.15234375
4488.4765625
4060.291259765625
3666.154052734375
5385.9404296875
4492.80615234375
3976.613525390625
4315.69873046875
4413.8984375
5957.50341796875
3681.536865234375
4612.46630859375
4979.8779296875
3739.988525390625
3882.41455078125
5099.56494140625
3770.9892578125
3391.39453125
4667.3984375
4119.12109375
4367.37939453125
4827.1796875
6888.5517578125
5735.62939453125
6984.7578125
3078.939453125
4307.53369140625
4727.75439453125
3516.262939453125
5833.537109375
5546.04296875
4232.75439453125
4472.21630859375
4099.0771484375
4205.13330078125
3447.84716796875
3303.176513671875
4905.560546875
4887.32275390625
3341.461181640625
3389.068603515625
4201.77734375
4802.9052734375
6359.306640625
4207.056640625
5060.9853515625
6245.99658203125
3074.87939453125
4443.38720703125
4423.8173828125
5598.0234375
4852.69677734375
4009.03271484375
4645.1162109375
3874.10400390625
3932.373779296875
4526.697265625
3036.30615234375
4775.20849609375
5619.17431640625
4283.54443359375
3788.743408203125
4497.0869140625
4145.86767578125
3867.093017578125
3759.167236328125
4218.740234375
3349.0712890625
5037.04052734375
4590.12646484375
3940.935302734375
4607.3662109375
3730.435546875
4549.40185546875
2928.92529296875
3709.704345703125
4100.43212890625
3563.8994140625
2747.912841796875
3768.19775390625
3310.835693359375
4108.64111328125
3961.186767578125
4450.08837890625
2482.76171875
2785.0029296875
3440.927490234375
4623.875
2705.494140625
3088.2451171875
5366.40869140625
4702.89892578125
5552.49853515625
4089.7314453125
3929.835693359375
3202.535888671875
4421.02001953125
4618.36181640625
4922.25830078125
2533.3037109375
4141.1474609375
3845.47705078125
2307.58544921875
7435.2177734375
3689.2119140625
3729.998779296875
3836.84375
4412.7578125
3048.670166015625
3363.779296875
3949.7998046875
5551.837890625
3590.714599609375
4316.90380859375
4462.15234375
3595.384033203125
5144.22998046875
4711.55419921875
2650.35888671875
4852.5927734375
3053.631591796875
6210.2919921875
2684.375
3879.07666015625
3954.2861328125
4477.24462890625
4731.3427734375
3128.727294921875
4160.16943359375
3380.470703125
4243.91259765625
4781.2744140625
6700.380859375
2504.60205078125
3721.7529296875
2994.5380859375
4646.7021484375
3115.079345703125
3873.1376953125
3148.1923828125
2679.6435546875
2956.951904296875
4469.70458984375
4678.0595703125
3986.66796875
4222.22021484375
3819.04345703125
4200.38037109375
3749.658447265625
3209.531982421875
4602.84765625
3692.52783203125
3627.827392578125
3423.404296875
4123.25146484375
4912.14111328125
4182.24267578125
4408.02197265625
4372.732421875
5176.3525390625
3139.56201171875
3701.02587890625
2945.818603515625
3229.076904296875
3399.89794921875
3938.642578125
4269.37646484375
4115.4384765625
4666.39794921875
4446.1240234375
3272.25390625
6476.51611328125
3538.0537109375
3868.17138671875
4907.5439453125
4580.568359375
3890.72265625
5555.251953125
3657.62890625
3380.70166015625
5348.9658203125
3672.170654296875
3483.417724609375
5432.787109375
3122.7548828125
2870.7470703125
3256.693603515625
4542.85595703125
3041.267822265625
3400.898681640625
2953.83056640625
3895.577392578125
3543.718017578125
3576.851318359375
3988.0419921875
3934.535888671875
3639.211181640625
2615.92138671875
2306.49853515625
3478.73583984375
4198.26953125
3862.946533203125
3686.97607421875
3496.654052734375
3810.7939453125
4324.931640625
4008.540283203125
4863.2080078125
4084.44921875
3009.732421875
3721.900146484375
2987.642822265625
3940.639892578125
3348.734375
4809.22021484375
4682.23779296875
4626.8310546875
4645.05419921875
5692.79443359375
3908.030517578125
4122.4052734375
4434.322265625
2875.18310546875
3816.419921875
4912.05322265625
3876.613525390625
3027.3798828125
4402.2109375
4052.806396484375
4139.611328125
2521.19775390625
3290.1064453125
3370.58837890625
3703.8564453125
2252.631591796875
2842.067626953125
4164.9267578125
4682.291015625
5523.80419921875
4453.36279296875
3401.87353515625
3912.015625
4717.1669921875
2731.64794921875
4091.030029296875
3923.0654296875
5657.353515625
3600.94287109375
4792.50390625
3770.41455078125
3826.34912109375
3104.1123046875
2992.681884765625
4646.1396484375
3379.94140625
3818.9462890625
2140.53662109375
4260.384765625
3401.6201171875
2649.04248046875
5193.275390625
3810.451171875
2190.806640625
3151.85595703125
3000.305419921875
3709.091796875
4456.529296875
2351.912353515625
3707.228759765625
2785.60205078125
3815.46923828125
2149.38720703125
3239.330078125
5349.2509765625
3550.37158203125
3516.870361328125
4244.1875
5825.15478515625
4990.6630859375
4084.287353515625
5403.076171875
4460.63232421875
3306.9462890625
4415.30615234375
3628.34521484375
3627.42138671875
3619.28076171875
3779.06103515625
2800.3330078125
4343.44482421875
4373.646484375
4912.662109375
2495.917724609375
3311.042724609375
2699.815673828125
3607.57275390625
3422.98291015625
2334.9443359375
3696.473388671875
3967.81787109375
2733.711181640625
4619.52880859375
3778.578125
4269.85546875
3706.5244140625
3456.226318359375
3164.258544921875
3695.83349609375
4101.3359375
4478.57080078125
4907.0615234375
2913.510986328125
4133.740234375
4515.9921875
3845.058349609375
2932.60888671875
2711.278564453125
3615.969482421875
3697.89794921875
3331.2919921875
1664.3695068359375
3719.0556640625
2500.2216796875
3059.50830078125
4976.59765625
2854.609375
3961.35205078125
3502.91357421875
4126.2216796875
2832.824462890625
3607.61328125
3508.106689453125
3526.1826171875
5066.8212890625
2880.76123046875
3572.077392578125
4270.5859375
5176.455078125
3481.6494140625
4963.91943359375
4971.291015625
2968.78125
4125.08447265625
5129.212890625
3545.4423828125
3279.29345703125
2548.5673828125
3372.96826171875
4929.89892578125
3804.65625
2855.88232421875
3195.97900390625
5567.0390625
3877.4814453125
2381.358642578125
3265.31103515625
3965.112060546875
2888.48681640625
3613.453125
2236.72021484375
2582.12451171875
4504.28271484375
3282.51513671875
3949.813720703125
4192.962890625
2733.536865234375
2914.501708984375
3189.28173828125
3958.189697265625
4083.611572265625
2115.279296875
5577.89404296875
4082.178466796875
3307.4970703125
2807.766845703125
3669.134521484375
3526.368408203125
4146.623046875
3492.2568359375
3751.44580078125
4321.22998046875
3722.33642578125
3749.3525390625
2477.0634765625
2848.17431640625
3520.2939453125
2963.829345703125
2997.23046875
3866.1923828125
5392.22265625
3601.671875
2518.870361328125
3333.7392578125
3168.485595703125
2941.708984375
3268.190185546875
3349.66796875
2924.095703125
2274.403564453125
3956.076171875
2816.01220703125
3075.59033203125
3928.7587890625
2915.1689453125
3477.78173828125
4561.30859375
5628.8916015625
4619.38818359375
3511.262939453125
3043.891845703125
4101.19677734375
3640.03125
2620.099853515625
3028.5966796875
4718.0908203125
3021.798095703125
4251.60986328125
2896.048095703125
3159.238525390625
2467.190185546875
2570.0810546875
3350.08544921875
4330.24267578125
2206.85107421875
4631.564453125
2426.010009765625
5024.37109375
3150.906982421875
5985.45556640625
3605.84423828125
3246.310302734375
4393.50732421875
4072.760009765625
4014.102783203125
3310.2314453125
3772.424560546875
4438.6533203125
3923.629150390625
4848.16748046875
2295.395263671875
2142.896240234375
2111.1669921875
3976.835693359375
3356.9326171875
3593.599853515625
2777.92578125
3548.931396484375
4429.85107421875
3453.806884765625
5294.90234375
2790.096435546875
2667.373779296875
4240.794921875
4154.2880859375
4171.365234375
3729.232421875
2527.079833984375
4258.1494140625
3939.73583984375
1878.648193359375
3988.318115234375
3323.466552734375
3660.523681640625
2654.64892578125
3117.317138671875
3896.25146484375
3942.7470703125
3797.705810546875
2858.970947265625
3841.019775390625
3242.37451171875
2911.979248046875
2769.069580078125
3774.57958984375
2626.525146484375
2560.787353515625
4015.90234375
3812.5576171875
3532.26953125
3676.495849609375
3757.095947265625
3417.955810546875
2293.010498046875
3712.42724609375
3218.939697265625
2266.38330078125
2548.602783203125
4037.692138671875
2917.6455078125
3962.466796875
4031.25341796875
4595.8779296875
3599.30078125
2656.804931640625
3276.582763671875
3364.859375
4710.85205078125
2050.399658203125
3565.55859375
4559.92822265625
2801.119384765625
2835.14453125
3653.655517578125
3826.2080078125
3229.88671875
3189.65234375
2443.880126953125
3825.19775390625
2908.72119140625
3057.848388671875
3194.070556640625
3897.72412109375
2947.26123046875
3716.365966796875
4811.36962890625
3520.164306640625
3660.412353515625
3768.098388671875
3822.5751953125
5823.36669921875
3352.25390625
4100.2900390625
2436.992919921875
3520.72021484375
2022.154296875
2704.2421875
3491.977783203125
3339.14013671875
3498.443603515625
2665.226806640625
3768.252197265625
4057.044189453125
3389.85791015625
4263.91650390625
3696.44970703125
3182.0439453125
3962.269775390625
3281.486572265625
2029.027587890625
4016.8486328125
3578.317138671875
3689.685546875
4305.39501953125
3769.608642578125
3439.5908203125
4454.080078125
4184.501953125
2674.446533203125
1562.818115234375
3743.0107421875
2456.107421875
3487.077392578125
2456.590576171875
3417.4970703125
3639.322021484375
4299.34375
2971.975341796875
2370.1650390625
2008.553955078125
3371.204345703125
3534.25048828125
3708.2880859375
3205.516357421875
3679.135009765625
3504.262939453125
3212.602783203125
4930.38427734375
2436.58740234375
3988.306884765625
3362.484375
4221.7060546875
2815.75
3468.321533203125
2926.11474609375
5151.8505859375
2297.219482421875
2509.310546875
3505.936767578125
3871.37353515625
4191.181640625
4856.0234375
3923.113525390625
3582.069091796875
5315.26220703125
5998.697265625
3783.35888671875
2670.151611328125
4258.89111328125
3173.647216796875
3628.245361328125
2918.977294921875
2801.833251953125
5018.1083984375
2536.21044921875
3993.777099609375
4201.5400390625
2989.057373046875
4595.900390625
3349.223388671875
3321.942138671875
2155.850341796875
4834.06494140625
4440.27197265625
3210.205322265625
5124.35693359375
2985.062744140625
3682.620361328125
2069.453857421875
3811.623779296875
4606.56689453125
3310.209716796875
3969.877197265625
4574.154296875
3112.989013671875
3467.20166015625
3706.122802734375
4220.3291015625
3104.150390625
3160.98388671875
3590.450439453125
5748.890625
2632.993896484375
2261.912841796875
3927.8232421875
3334.6494140625
3205.875
4307.03466796875
3335.048095703125
3204.424560546875
2388.481689453125
3941.41455078125
4610.42578125
4587.291015625
2992.38232421875
2306.373779296875
2799.60009765625
3582.051025390625
4679.57421875
4541.64501953125
3920.5107421875
4789.63916015625
3892.18896484375
2452.200927734375
3690.173828125
5907.83251953125
4931.62060546875
3617.7099609375
5687.2431640625
5328.95556640625
4939.001953125
4123.3857421875
5936.6513671875
3569.62109375
4557.75244140625
3674.506591796875
5331.49755859375
3528.595703125
3895.251220703125
3816.760986328125
3988.14794921875
3889.852783203125
2751.978271484375
2998.361572265625
3522.072021484375
2777.82763671875
4178.271484375
3321.042724609375
3370.387939453125
2237.314697265625
2570.266845703125
3279.2080078125
3647.257568359375
3501.32763671875
3220.1904296875
3145.724365234375
2195.852294921875
4773.4609375
3975.76220703125
3011.168701171875
4053.8056640625
3125.2138671875
4215.3349609375
2756.918701171875
3744.542724609375
3488.710693359375
4103.962890625
2448.583251953125
3250.123046875
3166.72021484375
3300.76904296875
3201.20263671875
3024.573486328125
2863.815673828125
2998.7998046875
2159.945068359375
4070.583740234375
3910.7529296875
4127.201171875
2173.292236328125
2877.225341796875
2826.6435546875
3111.091064453125
2046.78662109375
2654.610595703125
3512.458740234375
3864.40283203125
3488.91162109375
4220.177734375
3560.639892578125
4072.400634765625
3487.645263671875
2809.826904296875
2548.5126953125
4210.28759765625
3569.0693359375
5562.94091796875
5339.1396484375
5258.5146484375
3974.49853515625
3279.01953125
2869.220703125
3056.7138671875
3577.396728515625
4834.80322265625
3560.41015625
4735.318359375
2206.26611328125
2953.623046875
3175.71826171875
5367.89208984375
2670.544677734375
2742.656494140625
3440.533935546875
2821.7861328125
3688.9716796875
3785.79736328125
3290.373046875
2826.184326171875
2312.1220703125
4016.82275390625
3587.974853515625
3597.013671875
3395.660888671875
3181.087646484375
3457.254638671875
3022.90380859375
2934.0205078125
2840.179931640625
2913.269287109375
3048.686279296875
1816.849853515625
2832.952392578125
3593.423095703125
2490.51171875
2030.5101318359375
3422.828857421875
4036.890625
3666.01416015625
2683.0107421875
1757.13916015625
3077.73486328125
2257.295654296875
2437.5361328125
3922.12890625
2889.347900390625
3068.415283203125
2860.283447265625
3152.362548828125
4149.8720703125
3723.85107421875
3224.81298828125
3394.84326171875
3322.15234375
3044.58984375
2807.9580078125
3418.099853515625
2800.53857421875
4620.71923828125
4085.634033203125
3182.04345703125
3516.27392578125
4551.58056640625
3108.033935546875
3301.346435546875
2857.8671875
2790.57080078125
5611.44970703125
3160.11328125
2802.250244140625
3294.685302734375
3601.20361328125
3065.804931640625
3771.240478515625
3122.581298828125
2231.8310546875
1910.641357421875
2321.846435546875
2819.9951171875
2842.083740234375
2552.841552734375
3054.408203125
3509.376953125
2775.2861328125
2919.529296875
2928.035400390625
2207.484375
3580.088134765625
2500.864013671875
1958.6776123046875
2924.89111328125
3672.64111328125
3053.97900390625
3108.646728515625
2495.52392578125
2944.44580078125
3405.84912109375
2336.8984375
2888.68603515625
2737.869384765625
2077.60205078125
3378.335693359375
4893.91064453125
2501.28857421875
3356.216552734375
3972.451171875
1908.2298583984375
4104.7822265625
2351.892822265625
3259.655517578125
3822.587646484375
2646.81982421875
3777.21875
4619.28369140625
2562.739990234375
2765.73974609375
2744.447509765625
3769.692138671875
2918.724365234375
3220.526611328125
1674.0108642578125
2275.780029296875
3617.804443359375
3113.733154296875
3165.402587890625
2690.05908203125
4159.66748046875
3428.75537109375
3109.524658203125
3139.576416015625
2764.81689453125
3197.737060546875
2781.873779296875
3448.0595703125
3128.289794921875
2241.4775390625
3074.785400390625
3308.8173828125
2078.1103515625
2857.888671875
2570.10888671875
4356.6826171875
3450.599365234375
2317.0185546875
2470.368408203125
2897.8017578125
2408.595947265625
2904.822021484375
3028.559814453125
3260.21728515625
2131.406982421875
3790.258056640625
3302.2607421875
2322.141357421875
3937.6904296875
2773.4423828125
3763.4736328125
4167.78564453125
3203.737060546875
2894.375732421875
3246.801513671875
2650.8857421875
2637.466552734375
2477.615478515625
3011.030517578125
2897.65283203125
2118.535888671875
2251.19482421875
4341.51611328125
2682.087158203125
3673.245361328125
2853.0673828125
1980.424560546875
1775.759765625
2486.35498046875
2880.46484375
2819.13232421875
2693.41259765625
2985.92138671875
2813.2353515625
3810.594482421875
2515.73388671875
2143.275634765625
3612.65771484375
3944.26416015625
3379.588134765625
3498.789306640625
3137.524658203125
3121.5712890625
2747.06396484375
2982.447509765625
3871.74169921875
2561.978271484375
3405.98779296875
2291.004150390625
4069.55712890625
3251.587646484375
3630.2255859375
3705.117431640625
3661.90087890625
3118.760009765625
3486.80859375
1951.588623046875
3099.902099609375
2176.8642578125
3081.8623046875
2487.306884765625
1962.429443359375
3614.37109375
2627.93603515625
3209.9375
2216.7548828125
1485.7347412109375
3838.51904296875
2350.086181640625
2873.01220703125
3398.983154296875
2653.610107421875
2848.530029296875
2464.28515625
1317.0684814453125
3054.92138671875
2505.5712890625
2741.803955078125
3396.58984375
3286.21484375
3194.248046875
3846.4189453125
2755.444091796875
2137.911865234375
3114.84912109375
3552.242431640625
2658.16162109375
1632.775390625
3830.469482421875
3053.963134765625
3647.61474609375
3633.141845703125
3444.429931640625
2797.591796875
4525.71923828125
2284.653076171875
3953.44140625
2420.551025390625
1874.2938232421875
2398.479248046875
3606.091796875
2544.9130859375
4238.8125
2161.946533203125
3708.8505859375
2189.6435546875
3072.484130859375
2208.596923828125
3456.785400390625
3912.171142578125
2907.8408203125
2558.089599609375
4114.74658203125
4473.0078125
2657.397705078125
2179.48779296875
2005.1409912109375
4113.384765625
2878.67041015625
2706.96484375
3772.953125
3672.56591796875
2572.697509765625
3051.3466796875
2472.08203125
3879.969970703125
2044.3990478515625
2497.861572265625
1948.783935546875
3134.7978515625
1870.296875
3245.975341796875
2477.669677734375
4355.96044921875
3015.18359375
3711.75830078125
2520.65478515625
1992.77197265625
3671.572509765625
2687.9150390625
3446.8466796875
3985.0107421875
2089.76171875
3017.256103515625
3151.90576171875
3339.243408203125
5005.87060546875
2783.73291015625
3918.847900390625
2848.373779296875
3631.02294921875
2379.14501953125
3638.89453125
2897.137939453125
4384.470703125
3432.698974609375
3025.255615234375
3840.66162109375
2793.62451171875
2353.83544921875
2720.15673828125
3021.828857421875
2318.33544921875
3494.05029296875
2630.144775390625
3048.0400390625
4324.330078125
1730.5826416015625
3036.451904296875
2519.0341796875
3257.196533203125
2054.810546875
2924.692626953125
3056.636474609375
3424.744384765625
2502.261474609375
3098.709716796875
2189.0595703125
3032.033935546875
2706.391845703125
2791.3994140625
2858.18310546875
2978.20361328125
3912.943115234375
2953.294921875
2618.80224609375
2889.93017578125
4029.976318359375
3656.533203125
3718.500732421875
1297.6964111328125
2662.67919921875
4026.884033203125
3113.243896484375
2881.8642578125
3510.638671875
3239.908935546875
2360.38232421875
2504.07275390625
2236.3623046875
3417.108154296875
1445.85302734375
3391.301513671875
3062.427734375
1953.5274658203125
2809.12060546875
2390.185546875
2072.467529296875
2668.52685546875
2526.99560546875
4766.03515625
2502.247802734375
2260.2626953125
3050.6826171875
2973.567138671875
4389.59814453125
2251.434814453125
4405.07763671875
2291.32666015625
2258.6494140625
1914.3365478515625
2992.127685546875
2807.193603515625
2910.576904296875
3573.2900390625
2375.3173828125
2635.78759765625
1675.7003173828125
2433.736328125
4006.828125
3082.881591796875
3958.8154296875
2903.935546875
1929.81103515625
2195.059814453125
2361.43310546875
1579.6397705078125
2044.28271484375
2630.6123046875
2743.120361328125
1853.6126708984375
3466.198974609375
1572.551025390625
2373.4716796875
2159.455322265625
2602.561767578125
3620.160888671875
3096.84228515625
2383.009521484375
2857.3388671875
2701.42529296875
4756.17626953125
3222.07861328125
2223.85498046875
2098.432373046875
2089.336669921875
2881.915771484375
2091.7314453125
2885.43505859375
2102.658447265625
2161.438720703125
2395.815185546875
3097.1064453125
2820.495849609375
1968.92724609375
2986.087646484375
2362.89892578125
2599.48095703125
3147.860595703125
3491.452392578125
2120.50732421875
2198.2998046875
2243.41796875
2622.577392578125
3057.28466796875
2954.102783203125
2499.87646484375
2934.568115234375
2960.114990234375
2836.23291015625
2837.7880859375
2293.432861328125
2288.47265625
2678.88671875
2194.962646484375
3556.42724609375
2332.560546875
1977.777099609375
2320.435546875
3127.515869140625
3571.15087890625
1744.8597412109375
3120.830078125
1957.70458984375
1957.5750732421875
2042.73291015625
2755.031982421875
2948.63037109375
1557.01953125
1811.843994140625
2659.6240234375
1243.3507080078125
1989.0689697265625
2223.888427734375
3080.42236328125
3654.57470703125
2998.18896484375
2053.59619140625
2490.92333984375
2201.5341796875
2990.5595703125
3073.8837890625
2451.05322265625
2268.60205078125
2216.13330078125
2499.487060546875
1971.6307373046875
2416.94287109375
2059.7587890625
2973.2744140625
1965.166015625
3020.609130859375
2767.815185546875
1783.917724609375
2438.17138671875
1725.4259033203125
3306.248046875
2101.61767578125
1443.57275390625
2674.912841796875
1896.591064453125
1670.2645263671875
2956.60888671875
1788.20556640625
2570.06494140625
2974.365966796875
2001.3704833984375
3403.63671875
2240.67919921875
2381.2998046875
2963.012939453125
1748.72216796875
2373.732177734375
2344.10009765625
3283.476318359375
3866.07958984375
2203.79638671875
3537.093017578125
2245.432373046875
2790.58056640625
3360.165283203125
2020.2965087890625
1290.843994140625
2388.6259765625
2289.107421875
1353.4403076171875
2743.6279296875
3018.64453125
1860.5360107421875
1735.894287109375
2542.80224609375
2068.054931640625
1922.0870361328125
3148.288330078125
2642.836181640625
2244.490966796875
2633.62646484375
3765.552490234375
2980.409912109375
2356.204345703125
3690.6474609375
2030.286376953125
4082.8505859375
3991.12548828125
1694.67431640625
1893.6617431640625
1874.4525146484375
2671.006591796875
2703.29248046875
2449.485595703125
2089.72412109375
1304.537109375
2114.2607421875
2458.353271484375
2700.5283203125
1801.8001708984375
1843.21435546875
2662.988037109375
2471.04736328125
1852.5699462890625
2881.5966796875
1264.4364013671875
2136.983642578125
2076.63916015625
2664.791259765625
2717.358154296875
2264.326171875
2154.396728515625
2115.618408203125
1966.7000732421875
1922.5423583984375
3288.729736328125
1859.48974609375
3313.1669921875
2749.69921875
1160.15234375
2438.52783203125
3074.91015625
2852.486572265625
1414.9654541015625
1625.0186767578125
1421.7197265625
1356.9576416015625
2525.383544921875
2636.232177734375
2644.353759765625
1376.2593994140625
2326.81787109375
1564.9910888671875
2069.189208984375
2765.78125
3148.09765625
2650.9375
2518.76220703125
2348.133544921875
2236.5576171875
1765.318603515625
2704.448974609375
1711.068603515625
2950.996337890625
2203.74853515625
1231.2388916015625
3026.132080078125
2486.3671875
2783.4267578125
1753.8441162109375
2722.0810546875
1639.771484375
2568.249267578125
1774.3427734375
2479.9423828125
3292.93017578125
1714.7618408203125
883.4199829101562
2942.60986328125
2988.233154296875
2053.7646484375
3772.27294921875
2327.673583984375
1808.7244873046875
3241.4580078125
3172.888916015625
2699.482421875
2441.375732421875
2924.123779296875
3089.255859375
1684.1600341796875
3872.484375
3848.906982421875
1783.1375732421875
2840.72216796875
2024.0377197265625
1941.9521484375
2449.180419921875
1751.351806640625
1685.2109375
1558.3392333984375
2182.178955078125
1301.884765625
2948.638916015625
2901.3486328125
4434.40869140625
1591.5853271484375
1616.51806640625
3513.022216796875
2626.607421875
1686.0377197265625
2384.9833984375
2276.3310546875
1641.258056640625
1407.912109375
2116.385986328125
3602.004638671875
2396.1025390625
1926.156982421875
2206.921142578125
3386.51513671875
2437.69140625
2435.196044921875
1952.1695556640625
2770.24951171875
2332.10205078125
2523.4638671875
2392.0517578125
1620.2095947265625
1660.060791015625
2735.060302734375
3314.48583984375
2538.982177734375
3219.06298828125
2815.321044921875
2116.238037109375
2482.56201171875
2102.9033203125
1410.093505859375
2369.597412109375
2043.3548583984375
2458.133544921875
1307.3448486328125
3206.017822265625
3022.1201171875
2868.136962890625
1726.62841796875
2147.82275390625
3323.631591796875
1723.888671875
2334.905029296875
1991.0567626953125
3023.70458984375
2561.285400390625
3043.740966796875
2899.143310546875
1280.3717041015625
2454.43017578125
2587.450439453125
2248.70703125
4233.345703125
2477.046875
2359.166259765625
2340.96728515625
2484.47216796875
1958.9439697265625
1856.635498046875
2057.77783203125
1839.4334716796875
3061.10888671875
2307.892578125
2054.65966796875
2115.178466796875
2886.8916015625
2400.40576171875
4661.146484375
2442.7021484375
3736.01611328125
4105.587890625
2853.656494140625
1815.8677978515625
1886.2781982421875
1706.2509765625
1985.1103515625
2278.11279296875
2590.09326171875
1743.791748046875
2760.964111328125
3118.092041015625
1935.1806640625
1976.2374267578125
3875.53076171875
3110.212646484375
1299.4072265625
1985.885498046875
2125.48046875
2764.89453125
2721.8857421875
2488.6259765625
2721.55419921875
2356.3720703125
3541.799560546875
1332.0966796875
2030.821044921875
2050.606689453125
2936.2705078125
1768.266357421875
2031.50537109375
1792.6121826171875
3133.42041015625
1889.908203125
2214.155029296875
2354.66943359375
1932.4151611328125
2003.6981201171875
1429.9720458984375
3058.173828125
3944.325439453125
2008.8052978515625
2917.816650390625
3259.200439453125
2126.044677734375
2229.397705078125
1450.7567138671875
2863.005615234375
3441.6494140625
1808.1593017578125
2251.489990234375
1758.8519287109375
1599.374755859375
2632.3583984375
1303.992431640625
4186.77294921875
2976.94580078125
3879.32470703125
1635.9599609375
1832.04443359375
2227.235595703125
2152.182861328125
2098.2236328125
2012.879150390625
3079.056396484375
1722.3443603515625
1555.0491943359375
2250.711181640625
4523.8896484375
3155.979736328125
2761.794921875
1002.9143676757812
2830.6259765625
2102.91796875
1165.3272705078125
2748.71484375
2838.1669921875
1639.78759765625
2339.763427734375
2772.560546875
4982.708984375
1692.6490478515625
1532.4754638671875
1640.337890625
1819.4287109375
2457.607421875
1938.2701416015625
1801.6417236328125
1544.0162353515625
3587.89111328125
3914.18359375
1405.827392578125
2182.162353515625
4599.21044921875
2631.70703125
3960.34423828125
1924.8084716796875
1729.974853515625
2308.674072265625
3057.76904296875
1588.1409912109375
2294.59375
2124.523193359375
2503.661376953125
2962.09814453125
3924.90625
1607.17333984375
2964.021484375
2774.629150390625
2416.943115234375
2936.955322265625
2087.206787109375
2216.546142578125
2344.148193359375
2220.64453125
4146.2724609375
2717.337158203125
2239.12744140625
3037.049560546875
2704.368408203125
3124.744384765625
2424.383056640625
1741.883056640625
2166.173095703125
4313.0703125
2792.501220703125
2141.06103515625
2550.205322265625
3940.42919921875
1893.5716552734375
1528.8472900390625
2391.541015625
3277.0986328125
2948.584228515625
1224.117919921875
1689.3736572265625
3127.934814453125
2621.521240234375
2509.63427734375
1956.8502197265625
2486.275146484375
3020.305908203125
1862.011962890625
2827.6923828125
2503.727294921875
2599.424560546875
2466.7607421875
1629.3033447265625
2670.5302734375
2872.63037109375
2336.34130859375
1834.1715087890625
2433.711181640625
1882.1829833984375
2570.910400390625
2443.10986328125
1888.0960693359375
3059.736572265625
1135.3834228515625
2095.690185546875
1982.7431640625
2128.43212890625
4203.4296875
2003.5211181640625
2021.5809326171875
3041.99609375
2055.236328125
2287.47216796875
3500.357177734375
1936.586669921875
1482.7369384765625
2297.98779296875
1296.4525146484375
1775.97216796875
3699.1376953125
3358.514892578125
3103.059814453125
3457.32861328125
2678.657470703125
1913.30322265625
2294.680908203125
1861.019775390625
1666.1593017578125
3638.838134765625
3710.8251953125
1858.8470458984375
3176.428466796875
2880.2529296875
2824.872314453125
2659.295654296875
3734.118896484375
1824.5625
2006.4173583984375
2397.09375
1991.19287109375
3248.035888671875
2099.82421875
1630.6004638671875
1575.6907958984375
2089.0693359375
3349.01953125
2869.057373046875
3008.767822265625
2379.533203125
2233.248779296875
1765.0377197265625
3344.9736328125
3120.3671875
3575.37158203125
2078.185791015625
1830.9161376953125
1535.52978515625
1454.1707763671875
1811.893310546875
2954.076171875
2815.040283203125
2386.311767578125
2599.485107421875
3373.872802734375
2508.637939453125
1778.5792236328125
1468.99169921875
2058.6806640625
1943.4993896484375
2885.078857421875
1603.914306640625
2932.059814453125
2422.871826171875
2846.20263671875
1758.1082763671875
1896.9462890625
2110.069091796875
1745.2857666015625
4506.54833984375
2250.405029296875
2344.361328125
2316.326171875
5165.13720703125
2159.14453125
2685.025634765625
1837.92333984375
2827.328857421875
2751.613525390625
1032.95068359375
2361.003662109375
2156.088134765625
2430.916259765625
2338.548095703125
2287.810302734375
2336.3408203125
2605.96484375
1835.5111083984375
2269.235107421875
1827.8128662109375
2078.860595703125
1403.9912109375
2199.8056640625
1862.6259765625
1478.531494140625
2390.798095703125
2354.029052734375
2627.8310546875
2617.9130859375
2646.550537109375
3298.506103515625
2200.696044921875
1896.8155517578125
1941.221435546875
1951.009521484375
2487.12646484375
2096.932373046875
1210.4271240234375
1977.570068359375
2993.167236328125
2383.56640625
1806.7198486328125
1955.47509765625
2260.044677734375
1636.257080078125
2064.58154296875
2096.308349609375
1567.025390625
3045.04150390625
2840.010009765625
2286.30078125
3002.2607421875
2430.1279296875
1638.2557373046875
2700.5703125
2196.94140625
3493.5283203125
1825.9022216796875
2690.880615234375
2401.533935546875
3826.32470703125
2823.7841796875
1850.8719482421875
1981.7568359375
2406.282958984375
3071.774658203125
2313.79736328125
2390.390380859375
1199.393798828125
1997.9945068359375
1491.9183349609375
2830.17041015625
2584.55615234375
2250.08544921875
2606.51416015625
1428.7762451171875
2719.357421875
2262.543701171875
2387.672607421875
2457.38037109375
3973.5595703125
3124.364013671875
2303.53173828125
3296.84912109375
1618.99658203125
3441.298095703125
2904.5625
2699.99609375
2009.1162109375
1485.70703125
2896.76611328125
2417.2685546875
3156.50048828125
2723.630126953125
2313.61962890625
2896.016357421875
1518.5595703125
1697.737060546875
2640.758056640625
2694.77587890625
1822.995849609375
1955.1827392578125
2688.777099609375
1038.971435546875
2512.81298828125
1167.294921875
1584.874755859375
3877.97412109375
2513.704833984375
1938.33837890625
2285.7822265625
2025.2857666015625
1849.738037109375
1816.478515625
2692.56103515625
2588.386474609375
1541.0948486328125
2158.970947265625
2642.935302734375
1871.7113037109375
2509.4658203125
2818.757568359375
2597.02392578125
2034.557373046875
2183.80419921875
2449.310302734375
2923.630615234375
1970.203857421875
2105.294677734375
1613.6099853515625
3907.45166015625
3326.85546875
2019.6663818359375
4214.5927734375
4629.5693359375
3003.6142578125
2929.03955078125
4654.22509765625
2878.020263671875
2465.17138671875
2513.167236328125
2820.925537109375
1896.75341796875
2221.364990234375
2884.607177734375
1845.8961181640625
1409.8284912109375
1704.271484375
3099.273193359375
2005.2686767578125
2796.891845703125
2321.45703125
2577.26220703125
2691.653564453125
2197.376953125
2360.871337890625
2252.762939453125
1706.8092041015625
1529.7523193359375
3096.83984375
1994.0350341796875
3815.5576171875
3662.4130859375
2251.810302734375
2105.44091796875
2282.82763671875
3306.318115234375
2792.154052734375
2663.7470703125
1529.6002197265625
4152.7529296875
3863.80224609375
2688.677734375
2890.05029296875
1361.35009765625
1426.61474609375
1320.8934326171875
2584.224609375
3137.712158203125
2744.01513671875
3569.05419921875
1672.7667236328125
2687.782470703125
2807.689697265625
2506.690185546875
3412.589111328125
2963.664306640625
3275.0576171875
3536.47607421875
1730.5006103515625
3045.1767578125
2922.9736328125
2919.221923828125
1959.41552734375
2611.119384765625
3483.44580078125
3918.3544921875
3449.635986328125
2486.320068359375
2362.587646484375
1439.1553955078125
2569.531005859375
915.4769287109375
2258.40478515625
2109.7939453125
2135.620849609375
2654.154052734375
2177.666259765625
3762.580322265625
2544.755615234375
1449.4559326171875
1127.011962890625
1407.11181640625
2694.897705078125
2243.018310546875
4153.587890625
2751.847412109375
1978.4830322265625
2746.47607421875
2081.900146484375
1981.1490478515625
3453.719482421875
1255.1611328125
2399.289794921875
2822.004638671875
2360.883056640625
3327.92333984375
2071.589599609375
3335.91162109375
2571.70556640625
3629.28076171875
1782.127685546875
1967.2200927734375
2515.712890625
2863.8251953125
2485.281494140625
1668.7467041015625
1958.0987548828125
3512.87451171875
1706.16748046875
1446.9718017578125
2133.489013671875
3049.155517578125
2881.439697265625
2401.965576171875
2348.802734375
3145.790771484375
1671.0987548828125
2447.6787109375
2801.924072265625
2387.67724609375
3556.2099609375
1901.8009033203125
3337.13916015625
2482.733154296875
2066.76806640625
2140.59375
3074.203857421875
3565.094482421875
1232.0850830078125
1514.640625
2050.474609375
1826.970703125
2619.900634765625
3598.921875
2836.8095703125
3730.775146484375
4232.03369140625
1520.8192138671875
4110.34423828125
2728.0498046875
1905.65478515625
2148.0224609375
2766.954833984375
2032.2625732421875
3442.798095703125
2824.345947265625
1827.7227783203125
2148.3623046875
3333.2998046875
1965.86279296875
4152.1982421875
3494.620849609375
2217.009521484375
3784.864990234375
2191.894287109375
3138.147216796875
2499.32861328125
2726.76513671875
1714.0067138671875
2206.563232421875
2866.09814453125
1897.0423583984375
2390.8125
1420.791015625
1415.6436767578125
2629.476318359375
3402.203125
1164.6177978515625
2050.637939453125
2150.264892578125
1946.5028076171875
1977.14501953125
3408.74462890625
1745.9320068359375
1111.924072265625
2246.871826171875
1991.689453125
1589.6920166015625
1602.24365234375
1718.328369140625
3553.234375
1538.041015625
3075.695068359375
2226.406005859375
1280.712158203125
2128.195068359375
1875.4017333984375
1949.0662841796875
2021.7740478515625
2750.84765625
1743.923828125
1004.305908203125
2214.2734375
1488.4901123046875
2139.95947265625
2327.242431640625
1727.384521484375
1154.1552734375
1282.2325439453125
2028.052734375
1488.564697265625
2288.9033203125
2486.711181640625
1094.02978515625
1503.61474609375
2047.465087890625
3903.98291015625
3059.05908203125
3797.247314453125
1881.286376953125
3263.50048828125
1503.867431640625
2362.1396484375
2647.66455078125
2910.309814453125
2243.814697265625
2274.315673828125
1489.7530517578125
1297.898681640625
2377.797607421875
3866.6611328125
1973.70751953125
2212.724365234375
2839.145263671875
1024.8380126953125
3497.482421875
1787.301025390625
2817.14404296875
2434.108154296875
2055.831298828125
1656.8192138671875
1990.3919677734375
3914.95654296875
1953.6981201171875
2857.35205078125
1205.3607177734375
2326.419189453125
2429.45361328125
2046.4283447265625
1595.3192138671875
2938.41650390625
1267.84912109375
2128.103515625
2594.77392578125
3216.7568359375
2432.94921875
1588.4654541015625
2488.838623046875
3199.600341796875
1219.6474609375
3307.289306640625
2010.892578125
1942.754150390625
2329.66845703125
1897.1759033203125
1926.4656982421875
2347.993408203125
1508.7293701171875
945.1924438476562
1881.98779296875
2083.002197265625
1178.1514892578125
1655.321044921875
1797.5247802734375
2002.2154541015625
2421.138916015625
1507.871337890625
1204.741943359375
2078.605224609375
2986.549072265625
2158.78076171875
3548.468017578125
1398.548095703125
3821.510009765625
2045.994873046875
1924.0848388671875
2622.422607421875
2373.18798828125
2586.631591796875
1482.541015625
2534.116943359375
1495.2088623046875
1600.9697265625
1613.592041015625
4884.1806640625
2030.6749267578125
2304.381591796875
2946.16748046875
2806.150634765625
1787.6524658203125
2385.54443359375
2689.2763671875
2778.0693359375
3021.9404296875
868.5962524414062
1392.476806640625
1663.2347412109375
1766.4310302734375
3986.332275390625
4034.544189453125
2170.112060546875
1320.5340576171875
2963.92919921875
2815.35986328125
1350.79052734375
3496.156982421875
3209.8857421875
2864.580810546875
1474.7369384765625
1756.077392578125
2266.5576171875
3498.83984375
2896.21630859375
3879.02392578125
3161.9716796875
2196.342529296875
2176.6298828125
1213.3597412109375
3683.783447265625
1779.0447998046875
1831.5262451171875
968.650634765625
1393.7838134765625
1976.451171875
1397.99365234375
2279.84326171875
2316.21923828125
3803.0244140625
2009.6595458984375
1672.49755859375
2033.7880859375
1926.81884765625
3099.550537109375
1394.97900390625
3511.4013671875
2078.369140625
3697.304443359375
1856.4075927734375
2054.447021484375
1732.394775390625
3754.67724609375
3857.695556640625
2687.05419921875
1296.5369873046875
3652.607421875
1720.50341796875
2293.3720703125
1404.557861328125
3682.647216796875
3274.118896484375
2264.38671875
4351.15673828125
2537.60595703125
2409.47314453125
1719.1959228515625
2285.760986328125
2250.586669921875
2399.647705078125
3401.53125
2542.721923828125
3170.155517578125
2466.71484375
2183.3857421875
1901.9041748046875
2230.154052734375
3427.250732421875
2170.8076171875
2046.595703125
3673.843017578125
3025.167236328125
2431.560791015625
2338.327880859375
1186.6513671875
1936.647705078125
1960.367919921875
2672.58544921875
2788.7236328125
1777.3818359375
2566.3154296875
2105.729248046875
1306.2032470703125
1634.398681640625
1801.382080078125
2261.67578125
2016.8597412109375
1665.608642578125
501.8221130371094
1658.242919921875
2014.552978515625
1125.9232177734375
2680.81982421875
3097.283447265625
1708.1939697265625
2125.05419921875
1908.2139892578125
2927.858642578125
1753.049560546875
1612.02880859375
3388.529296875
3778.51708984375
3600.84765625
3478.85888671875
1749.1009521484375
1722.5726318359375
2282.37890625
3795.362060546875
2485.866943359375
2088.977294921875
2929.246337890625
1991.0345458984375
2575.06201171875
3053.680908203125
1262.5457763671875
2108.71435546875
1793.97802734375
2821.24169921875
1462.2008056640625
1496.517578125
1914.9127197265625
2966.326416015625
3085.051025390625
2104.995849609375
1839.7330322265625
2071.797607421875
1497.017578125
1421.929443359375
2077.743408203125
1111.2608642578125
2664.387451171875
3358.0537109375
2204.758056640625
2495.75390625
3597.073974609375
1313.328369140625
3225.560302734375
3952.419921875
2833.114013671875
2116.31298828125
1587.9378662109375
1287.2054443359375
910.2940063476562
1950.390380859375
991.7716064453125
1471.48681640625
2264.9345703125
1873.40869140625
3192.55078125
1558.6531982421875
1606.0693359375
1129.4578857421875
3565.4892578125
3058.58642578125
1826.9569091796875
3178.0751953125
2564.4482421875
1704.7218017578125
2235.453857421875
2031.042724609375
2732.82421875
1663.9100341796875
1171.9049072265625
2947.6787109375
3787.57763671875
3766.51025390625
2118.03857421875
1525.214599609375
1185.6243896484375
2476.1455078125
2172.447265625
1341.831787109375
1627.0960693359375
1092.58349609375
2664.921142578125
1331.3902587890625
3389.013671875
2727.0439453125
3391.436279296875
1486.7789306640625
1092.9609375
2034.9188232421875
1448.081298828125
1135.8856201171875
2607.852294921875
1330.384521484375
2054.688720703125
2622.931640625
1618.2220458984375
1095.89111328125
1967.67041015625
2207.02685546875
1698.9112548828125
940.6898803710938
3347.88916015625
2302.96826171875
1640.9891357421875
2533.667236328125
2339.33203125
2201.459716796875
1531.0633544921875
1997.3760986328125
2124.666259765625
1903.2962646484375
1572.73828125
1914.9537353515625
3504.1591796875
1826.681640625
1782.062744140625
1794.447998046875
3295.1845703125
2060.767333984375
2010.0009765625
1761.0068359375
1309.3582763671875
1967.0189208984375
2823.119140625
1224.1195068359375
1272.7435302734375
1125.5665283203125
1830.147705078125
2894.90673828125
1667.4024658203125
1740.9466552734375
1475.4989013671875
1677.013916015625
1898.3448486328125
1226.20068359375
1599.4742431640625
2265.08447265625
1110.0870361328125
925.8119506835938
714.0494995117188
2799.572021484375
1527.422119140625
1981.8270263671875
1314.723388671875
1180.185546875
1323.4696044921875
2100.0537109375
1040.8187255859375
1685.70068359375
1106.0748291015625
1604.4725341796875
1964.3216552734375
1350.8631591796875
1440.9185791015625
3338.915283203125
1482.7559814453125
1803.527587890625
1470.7596435546875
814.1056518554688
1560.31396484375
1747.4368896484375
1496.63134765625
3096.29638671875
1855.3319091796875
3014.663818359375
1428.1944580078125
1672.6240234375
1420.601318359375
1143.1060791015625
2091.007568359375
1663.93212890625
2544.69140625
1933.8841552734375
2354.53466796875
4044.814453125
1022.7385864257812
1179.2108154296875
1977.638671875
2398.25732421875
1755.96533203125
2188.5029296875
1862.148681640625
3919.1123046875
1195.72119140625
3035.2216796875
1662.2232666015625
1463.04052734375
2781.930908203125
1971.8795166015625
3836.844970703125
3036.314453125
1657.8092041015625
1621.2218017578125
1618.8590087890625
2380.593017578125
1361.8519287109375
1029.4130859375
2517.210693359375
1340.836181640625
1513.7410888671875
2018.9375
1269.7784423828125
1131.187744140625
3783.6982421875
1140.103515625
1859.577880859375
1683.0753173828125
1386.780517578125
1297.1060791015625
2294.7587890625
3003.527587890625
2222.658935546875
2108.204345703125
2650.459228515625
1514.9432373046875
839.207763671875
1975.7298583984375
1800.2374267578125
1156.912109375
1500.435546875
1318.6734619140625
999.04248046875
2709.599365234375
1176.720703125
2528.3369140625
2442.111083984375
1092.1217041015625
2059.499267578125
2653.03857421875
2982.664306640625
2215.12255859375
1640.5926513671875
2004.6473388671875
1606.5909423828125
1607.771728515625
1372.4368896484375
1982.6002197265625
2002.234375
2512.916259765625
2362.5107421875
2996.12890625
1536.638671875
2900.9111328125
761.6248779296875
1412.6751708984375
1197.1925048828125
1652.062255859375
2128.92431640625
1103.117431640625
2457.993896484375
1999.046142578125
1793.5689697265625
1382.593994140625
3271.451904296875
1332.862060546875
1843.0933837890625
1338.9783935546875
566.1485595703125
1416.544921875
1229.9759521484375
1176.6763916015625
2967.346923828125
1224.57373046875
1023.4970703125
1490.002685546875
1676.3359375
2698.232666015625
1420.5838623046875
2198.291259765625
1789.5926513671875
1266.0703125
2839.546630859375
1588.0489501953125
1960.45166015625
955.73876953125
1249.7752685546875
1347.726806640625
2315.0498046875
1620.8353271484375
1260.7816162109375
1793.92626953125
870.2325439453125
1506.8577880859375
2109.559814453125
1369.2132568359375
890.5171508789062
1441.02001953125
1922.8997802734375
1569.5965576171875
1126.3868408203125
755.2384033203125
1891.568359375
2143.02734375
1360.292724609375
1794.279541015625
956.8921508789062
1302.153076171875
1543.539306640625
2776.0595703125
1539.2435302734375
2700.308837890625
1671.6444091796875
1803.6461181640625
1719.713623046875
1632.5662841796875
1226.177978515625
1136.7608642578125
1585.95751953125
1086.47119140625
937.7576904296875
2095.599609375
1391.5252685546875
1736.601318359375
1323.63623046875
1062.5006103515625
1048.5146484375
1614.9276123046875
1902.29833984375
1756.7755126953125
2046.5302734375
3430.019775390625
2363.006591796875
2805.94775390625
1636.8223876953125
1447.9271240234375
1400.2745361328125
1123.7606201171875
1026.343994140625
2803.810302734375
1291.4320068359375
1965.71240234375
3093.2822265625
1632.105224609375
994.3010864257812
1636.74072265625
1512.31494140625
1178.4052734375
1583.928955078125
2036.0223388671875
1960.6783447265625
1719.3236083984375
1416.189208984375
1501.3897705078125
1472.215087890625
2276.3544921875
1406.3919677734375
1545.9161376953125
2243.374267578125
911.4572143554688
1264.8614501953125
1103.4613037109375
1432.8912353515625
1531.6036376953125
1098.8677978515625
1956.434814453125
1768.059814453125
3315.660888671875
1593.7254638671875
1496.469970703125
2790.66162109375
2154.513427734375
1434.9425048828125
2585.689697265625
1265.681640625
1318.9290771484375
823.8829345703125
1601.976318359375
1706.67626953125
1957.572265625
1705.5975341796875
1527.838623046875
2036.220703125
1776.173583984375
1212.9864501953125
846.7399291992188
1199.58349609375
705.2572631835938
1590.3966064453125
2383.044677734375
1583.9241943359375
1596.496337890625
1304.7154541015625
2096.65673828125
776.8150634765625
1383.1270751953125
1085.8272705078125
1181.213134765625
1434.9346923828125
1811.9251708984375
1551.6512451171875
1234.6484375
601.315673828125
1686.135498046875
1619.856689453125
1613.6806640625
1962.2322998046875
2717.366943359375
2214.359375
727.1696166992188
1039.349609375
1486.6075439453125
1938.5975341796875
1990.3492431640625
1506.94091796875
1399.65625
1453.865234375
1416.4857177734375
2024.6400146484375
1473.2584228515625
1313.2574462890625
1699.0401611328125
1316.75830078125
2107.376220703125
1305.28662109375
1470.2578125
996.2420654296875
1790.20654296875
2717.83447265625
896.21923828125
884.9400634765625
1523.924560546875
786.328857421875
1935.1749267578125
2236.66748046875
1429.916015625
1413.932373046875
1185.1307373046875
1880.6463623046875
2770.77685546875
1332.98046875
1188.8670654296875
1106.711669921875
1755.080810546875
1331.133056640625
1566.2139892578125
1524.466796875
880.4508666992188
1038.7625732421875
1524.8271484375
1199.0853271484375
890.19140625
1719.9256591796875
937.9415893554688
1559.4849853515625
1588.782958984375
2402.748046875
1801.0584716796875
2396.506103515625
1719.9456787109375
854.0723876953125
1459.24462890625
1406.3275146484375
1228.5567626953125
1837.184814453125
1368.160888671875
2930.6552734375
1557.282958984375
859.0650634765625
907.1455688476562
780.5248413085938
2950.50244140625
1010.2203979492188
1192.415771484375
459.91497802734375
2072.3642578125
1542.4776611328125
776.1658325195312
3566.77392578125
2020.7823486328125
1695.287353515625
1136.3248291015625
1083.170654296875
1625.9384765625
1464.1396484375
1616.4786376953125
1314.1492919921875
959.3002319335938
2532.282470703125
1495.473876953125
1215.4974365234375
2156.605224609375
762.006591796875
1819.478515625
1119.2432861328125
1015.6047973632812
1280.4415283203125
1440.421630859375
1490.671630859375
2723.189697265625
1881.3929443359375
1360.95068359375
1140.1405029296875
1170.6009521484375
724.979736328125
1785.928955078125
1094.2142333984375
1447.8223876953125
1038.2359619140625
1558.7481689453125
945.1607055664062
1779.31103515625
2054.27490234375
774.8751220703125
1280.732177734375
1326.779296875
1486.0869140625
2767.2880859375
739.2913208007812
3056.00830078125
3425.712646484375
1822.5267333984375
1258.26220703125
998.6431274414062
2926.196044921875
1361.7845458984375
990.6871337890625
972.897705078125
1429.1729736328125
1123.660888671875
664.4368286132812
1840.846435546875
1427.4892578125
1240.1142578125
1312.5714111328125
1788.960205078125
1385.429443359375
1540.810546875
1572.2857666015625
1590.409912109375
1190.87939453125
1256.9322509765625
1199.8778076171875
976.8700561523438
1143.61279296875
1268.4403076171875
836.3900756835938
1492.9432373046875
1205.6807861328125
1126.6827392578125
583.76171875
1317.2232666015625
2214.457763671875
2504.0966796875
1438.2557373046875
1062.011474609375
1766.6505126953125
1502.71728515625
1720.73583984375
941.5313720703125
1647.721435546875
1312.97705078125
1068.4168701171875
1798.482421875
1970.9439697265625
1317.1527099609375
1428.904296875
2079.596435546875
713.9868774414062
684.2367553710938
1631.0211181640625
566.270751953125
484.91552734375
1640.0152587890625
990.7407836914062
2356.364990234375
1776.905517578125
966.65576171875
698.865966796875
2000.1490478515625
1614.379150390625
925.8041381835938
1015.3919677734375
1209.3197021484375
683.1967163085938
2178.59814453125
1662.51904296875
1917.6539306640625
1766.6585693359375
808.5536499023438
1727.1810302734375
1418.4544677734375
1055.3275146484375
808.1588134765625
1888.1732177734375
1541.3516845703125
1771.5037841796875
1679.615478515625
1475.644775390625
1187.159912109375
1893.8521728515625
2521.406494140625
2994.534423828125
1637.0726318359375
1213.49072265625
1999.0787353515625
2364.10595703125
1708.59912109375
2577.425537109375
1216.3704833984375
2064.94580078125
1638.659912109375
943.4252319335938
1280.7310791015625
1557.63134765625
1650.759521484375
1621.16259765625
574.567626953125
1818.01123046875
734.2871704101562
1513.923828125
1763.402099609375
1897.9822998046875
2163.610595703125
848.7928466796875
1181.6497802734375
1644.7757568359375
1439.7996826171875
1290.7841796875
2322.77099609375
1588.6881103515625
1515.95068359375
1071.6483154296875
1050.3197021484375
1565.037109375
1882.89501953125
1383.005859375
1567.4322509765625
900.4013061523438
1960.5926513671875
815.6815185546875
1814.687255859375
1051.4354248046875
1327.9500732421875
1475.8243408203125
1458.88134765625
974.383544921875
2988.70361328125
1011.5801391601562
1767.6025390625
1892.42333984375
2306.7353515625
1095.8564453125
1848.0108642578125
3331.00537109375
666.6950073242188
2495.49267578125
2544.80712890625
1940.9346923828125
1354.7137451171875
1045.8775634765625
1892.0909423828125
1620.5540771484375
1718.940185546875
1945.1837158203125
1413.7198486328125
2403.10791015625
1242.8692626953125
2050.771484375
1002.5923461914062
1871.6195068359375
1451.88037109375
1919.5784912109375
2449.432861328125
840.4558715820312
2417.980224609375
1566.7728271484375
2403.826416015625
714.0487060546875
2103.513427734375
1155.7515869140625
2598.84375
1954.3182373046875
1088.719482421875
2369.342041015625
1949.92822265625
1792.658203125
1988.35400390625
2164.3544921875
1461.07177734375
2723.223388671875
2198.150634765625
1801.45166015625
1800.0594482421875
3061.82421875
2311.017333984375
2469.83154296875
1665.556640625
1884.047607421875
1342.961669921875
1265.294921875
2290.665283203125
1769.453857421875
1406.640869140625
977.2901000976562
2802.834228515625
1706.177734375
1537.481689453125
2043.828125
2327.032470703125
1055.635498046875
1992.3580322265625
1957.5635986328125
2620.6220703125
1595.23681640625
1360.4329833984375
1483.8226318359375
1697.6307373046875
2003.710205078125
1813.209228515625
1454.2821044921875
1030.49169921875
954.0818481445312
986.5263671875
1542.72705078125
2531.96142578125
2220.656982421875
1221.5950927734375
1959.3131103515625
2065.9560546875
1255.8499755859375
1101.5247802734375
1288.6405029296875
651.4395141601562
1604.1739501953125
1365.2122802734375
1660.861328125
1897.67041015625
2057.48388671875
2574.206298828125
1655.74560546875
1936.5897216796875
1212.070556640625
1221.66796875
1473.4139404296875
1313.662109375
954.7167358398438
1230.9080810546875
1210.6380615234375
741.9454345703125
1391.8963623046875
1456.348876953125
793.6220092773438
2408.452392578125
1657.52587890625
2862.540283203125
1340.9453125
1359.21875
1336.9290771484375
1589.6566162109375
1138.6807861328125
1533.365234375
2320.42236328125
684.614013671875
3055.3642578125
2124.666015625
1147.807373046875
1087.3509521484375
1600.3060302734375
2368.061279296875
1377.7724609375
776.8015747070312
1521.5357666015625
1458.46044921875
1169.5740966796875
990.2897338867188
2882.618408203125
2046.861328125
1567.1771240234375
1495.382080078125
2186.19921875
1328.3837890625
1646.140625
1892.8974609375
1863.0638427734375
1780.9697265625
1833.589599609375
1101.9876708984375
1405.380615234375
1739.9473876953125
2133.560791015625
1147.2740478515625
2054.8017578125
1408.2996826171875
1597.0037841796875
1740.19775390625
1309.9404296875
2443.80517578125
1723.1456298828125
1928.578369140625
1004.6255493164062
1586.562255859375
3063.664306640625
1481.4447021484375
1893.12158203125
2284.717529296875
1657.191650390625
1033.1307373046875
821.3136596679688
2422.22216796875
917.9628295898438
947.30517578125
3060.495849609375
1688.336181640625
2270.799072265625
2700.726318359375
1066.9630126953125
655.8775634765625
1819.402587890625
2068.257568359375
1284.194091796875
1443.4959716796875
1504.3726806640625
999.6068115234375
2840.2685546875
982.5983276367188
2377.381591796875
1603.4320068359375
1054.3701171875
1018.0166015625
1393.3760986328125
2015.8778076171875
1117.1741943359375
1883.1505126953125
1878.8482666015625
1012.2841186523438
1693.857421875
1295.1473388671875
1375.705322265625
958.7310180664062
1376.633056640625
1186.2996826171875
754.6472778320312
1407.099365234375
472.0639343261719
1123.9927978515625
1593.07666015625
1042.354248046875
1934.3682861328125
1208.3765869140625
1643.2979736328125
738.0007934570312
1397.8590087890625
873.466064453125
644.7059936523438
2329.1943359375
631.7933959960938
1267.788330078125
2672.88525390625
1553.7117919921875
2608.96337890625
1555.26123046875
868.5424194335938
1981.28271484375
876.9627685546875
2663.05029296875
2670.8759765625
1366.0726318359375
1564.1932373046875
1784.9752197265625
1384.0635986328125
1493.783935546875
2849.795166015625
1493.986572265625
995.6129150390625
1336.0340576171875
361.1061706542969
3474.48046875
2615.943115234375
2211.68212890625
1684.1005859375
1090.55029296875
1367.9146728515625
937.4096069335938
2807.83349609375
2143.00732421875
1241.4498291015625
459.65478515625
1442.13671875
1514.8096923828125
617.7960205078125
2075.929443359375
1601.7366943359375
1340.0697021484375
1393.7171630859375
1157.56494140625
1455.8848876953125
2217.770263671875
2348.60791015625
1069.280517578125
2978.771240234375
1136.6829833984375
2451.009033203125
2090.44970703125
967.842041015625
1350.742431640625
1407.671142578125
1095.0081787109375
1103.8043212890625
1423.181640625
614.6421508789062
1853.1134033203125
627.6482543945312
1396.9676513671875
1368.91845703125
2393.396728515625
2628.8818359375
2391.537841796875
1468.333984375
1549.9927978515625
913.8583374023438
1357.73193359375
1003.5023803710938
1300.51318359375
2645.72705078125
1260.1448974609375
648.5556640625
1608.1072998046875
697.3643188476562
980.3568725585938
1062.11669921875
1385.6136474609375
2183.474365234375
1493.704345703125
1413.687255859375
1557.3839111328125
2041.8502197265625
1482.4876708984375
664.7229614257812
1866.735107421875
913.7844848632812
972.7051391601562
1571.1085205078125
828.4122314453125
1693.40380859375
1853.8406982421875
2427.46826171875
1043.5302734375
2946.644775390625
1104.9769287109375
2560.93896484375
1571.6402587890625
1249.7388916015625
1255.420654296875
1670.01123046875
567.2672729492188
1784.7086181640625
661.4466552734375
1509.6697998046875
1262.4832763671875
1359.13037109375
1192.813232421875
1525.1434326171875
1037.7806396484375
1635.7431640625
1241.0010986328125
1660.7684326171875
1305.946044921875
1375.4036865234375
877.2012939453125
1604.547119140625
2760.99658203125
1667.344482421875
1851.9085693359375
2848.245361328125
2430.545654296875
1891.6922607421875
973.6787109375
554.832275390625
1133.61328125
2672.7490234375
1204.5904541015625
971.947509765625
1032.14208984375
605.1632690429688
644.2699584960938
857.4881591796875
928.5979614257812
1203.6568603515625
1445.75244140625
1327.17041015625
1173.2879638671875
1663.5579833984375
1419.574951171875
926.4293823242188
1328.320068359375
1091.179931640625
2296.508544921875
1212.1966552734375
1481.0074462890625
947.4155883789062
1338.41064453125
2305.87548828125
1945.7103271484375
1330.730712890625
1222.32958984375
1106.016845703125
1404.8255615234375
1844.8839111328125
901.5067749023438
1683.1602783203125
3043.62890625
1520.136962890625
802.7520141601562
1048.28369140625
2405.14892578125
2074.122314453125
2495.784423828125
757.9002685546875
1137.74658203125
1743.2137451171875
1558.781494140625
481.2000732421875
742.2872924804688
414.2613830566406
1885.0491943359375
663.66796875
1450.539794921875
1873.914306640625
1681.9276123046875
1776.5087890625
622.743408203125
1312.200927734375
861.3582153320312
2852.377685546875
2323.9755859375
1903.81494140625
1426.6014404296875
800.3289794921875
968.817138671875
1155.1318359375
1975.7275390625
1148.4129638671875
1597.073974609375
1423.81298828125
1260.7509765625
1422.953369140625
1467.3853759765625
1476.9957275390625
1003.0137329101562
2043.5601806640625
937.7462158203125
1864.5931396484375
3006.083740234375
1608.9012451171875
1710.758544921875
2692.398193359375
1092.1290283203125
2442.040283203125
2026.5811767578125
2085.716552734375
1094.258544921875
2125.110595703125
1454.1591796875
1306.6536865234375
1782.0379638671875
1895.6087646484375
1078.261474609375
1810.4820556640625
1084.468017578125
1296.0167236328125
1805.941162109375
1648.335205078125
2594.678955078125
2917.490478515625
1195.908203125
403.66510009765625
2323.50537109375
1790.33740234375
1439.6138916015625
2282.2578125
1170.2449951171875
2616.719970703125
802.1773071289062
850.6478881835938
3284.2783203125
1183.2645263671875
1448.954833984375
1703.360107421875
1717.55615234375
1687.5784912109375
2976.268310546875
2852.53369140625
3135.756591796875
1309.8590087890625
2048.5029296875
1513.90283203125
711.3435668945312
2582.297607421875
3176.216552734375
1361.124755859375
1661.4354248046875
549.7003173828125
1916.4779052734375
708.0636596679688
1451.31396484375
1409.2930908203125
2009.33837890625
804.7479248046875
1642.462646484375
800.7435913085938
1859.2755126953125
1310.53271484375
1011.866455078125
2707.224853515625
807.9872436523438
1768.8079833984375
2820.864013671875
1549.05908203125
1550.78125
1260.724365234375
1451.5919189453125
1098.356201171875
1802.54150390625
1509.22509765625
1746.9290771484375
1367.909912109375
1037.00146484375
1225.7218017578125
1172.234130859375
1538.3692626953125
3004.08984375
737.5570678710938
649.5323486328125
1017.453125
798.096435546875
1631.848876953125
954.6838989257812
698.9346313476562
1610.56396484375
1198.140869140625
1278.8836669921875
842.9011840820312
2023.0340576171875
2569.91845703125
1164.67919921875
2676.96630859375
1944.6851806640625
884.9344482421875
1260.9268798828125
942.1430053710938
1464.1080322265625
446.1333923339844
1055.025634765625
2797.314697265625
590.6351318359375
1076.4849853515625
1363.730224609375
676.9200439453125
1000.4320678710938
2212.074462890625
1121.0340576171875
522.8885498046875
1424.203369140625
2067.07763671875
877.252685546875
1696.3431396484375
852.5858154296875
735.4959106445312
1478.767333984375
1183.76318359375
598.0953979492188
523.8731079101562
2322.63916015625
1705.9927978515625
1100.76708984375
862.228759765625
1346.3564453125
948.8995971679688
736.08203125
1638.6925048828125
893.7583618164062
961.6450805664062
1182.473388671875
2158.447509765625
640.7622680664062
2318.1552734375
602.3857421875
1472.9605712890625
1306.593994140625
764.6431884765625
512.8920288085938
1303.3416748046875
1235.8294677734375
1489.058349609375
1736.6787109375
838.5162963867188
2153.3798828125
1868.536376953125
1853.88720703125
1800.156982421875
767.415771484375
1174.4102783203125
1140.37255859375
1150.3370361328125
806.5317993164062
1628.05224609375
957.9149169921875
1925.2493896484375
1104.1695556640625
1699.486083984375
915.9923706054688
2129.391845703125
951.3018188476562
972.40673828125
1173.041015625
763.144287109375
1041.1044921875
818.0325927734375
1600.6817626953125
1295.231689453125
1322.611083984375
948.5269775390625
1215.380859375
1532.12939453125
547.4888916015625
2231.564453125
702.147705078125
783.248779296875
1100.0196533203125
1463.505615234375
1808.79150390625
1641.49853515625
654.2408447265625
659.5763549804688
1389.1715087890625
954.6178588867188
1650.838623046875
2192.52392578125
983.559326171875
1140.744384765625
1809.81005859375
865.9590454101562
1226.6630859375
1170.4554443359375
1393.093505859375
1185.3272705078125
1968.9737548828125
2374.30517578125
1115.285400390625
1842.1015625
796.40234375
1223.656005859375
800.0701904296875
1776.5625
670.92822265625
616.2249755859375
1509.416015625
1754.94775390625
854.0584106445312
810.2249145507812
2805.541259765625
771.7251586914062
1750.4388427734375
1635.2408447265625
1043.255859375
513.091552734375
804.9271240234375
1765.002685546875
630.0216064453125
899.3045654296875
1885.93603515625
1582.390625
1257.331298828125
993.4384765625
2368.009033203125
1210.2686767578125
838.4990234375
1508.261962890625
1340.5771484375
2147.7646484375
1449.106689453125
1398.98779296875
2012.886474609375
795.9863891601562
1168.12939453125
1897.271484375
614.7168579101562
1108.5106201171875
1021.5465087890625
1346.4886474609375
1729.296875
516.9581298828125
1416.9525146484375
2412.1943359375
2031.3348388671875
1280.6883544921875
1005.0796508789062
1230.7655029296875
2245.021240234375
1453.3624267578125
1573.2662353515625
746.0283203125
601.3128662109375
2624.693603515625
1107.50048828125
1107.124755859375
756.2407836914062
892.7606811523438
1226.1378173828125
1014.4332275390625
1005.8449096679688
853.96533203125
772.8651733398438
1296.790283203125
1060.843994140625
434.7898864746094
1290.278076171875
1398.7427978515625
1082.4693603515625
1050.8408203125
1200.5697021484375
986.7579345703125
1245.604736328125
914.647216796875
297.95458984375
1665.7843017578125
896.7813720703125
695.89501953125
1132.2166748046875
1779.545166015625
993.6185302734375
1261.8187255859375
1092.686279296875
1545.0665283203125
1848.58447265625
717.2759399414062
1732.2550048828125
978.8751831054688
1233.2020263671875
2129.517822265625
852.848876953125
800.7598876953125
949.7669677734375
984.6845703125
1567.7781982421875
759.374267578125
1546.1297607421875
924.2698974609375
1026.7252197265625
1161.3404541015625
1138.728759765625
1315.8956298828125
521.3635864257812
1490.668212890625
992.22705078125
1750.15087890625
1617.736328125
1077.0635986328125
1005.7644653320312
929.5010375976562
556.5075073242188
944.5015258789062
1918.140625
1649.8074951171875
1072.9664306640625
1101.648193359375
1345.5987548828125
796.770263671875
949.56591796875
1143.4893798828125
1455.4761962890625
1056.6455078125
1174.348876953125
1413.9954833984375
1651.1690673828125
1026.9542236328125
1764.379150390625
1329.89404296875
838.78857421875
1844.6739501953125
991.2545776367188
866.1964721679688
671.944091796875
496.15948486328125
1229.25244140625
1386.255615234375
938.6841430664062
1435.1317138671875
858.4757080078125
887.4454956054688
1291.022216796875
1962.110107421875
585.0294799804688
1408.6087646484375
2194.63818359375
1600.84619140625
1441.50634765625
435.1629638671875
1134.45068359375
1349.952880859375
996.0336303710938
2107.063232421875
1536.322998046875
856.306396484375
701.27587890625
865.05859375
1299.109130859375
884.26220703125
1192.595458984375
599.4976196289062
1133.3271484375
590.9634399414062
753.1505126953125
2281.5498046875
1201.448974609375
1777.009521484375
2405.279052734375
810.8595581054688
891.1636962890625
1606.052734375
1319.2442626953125
884.2926025390625
1911.0400390625
877.9692993164062
1378.369873046875
951.561767578125
1091.343994140625
1651.109375
653.8756103515625
531.1031494140625
1187.1502685546875
2603.00341796875
953.4553833007812
387.5234375
760.1492309570312
558.2466430664062
1198.3887939453125
1498.814208984375
1245.4940185546875
908.661376953125
705.2991333007812
757.143798828125
1641.94677734375
816.4541625976562
2105.4306640625
881.4468383789062
512.2139282226562
1166.095703125
817.6953125
1328.3072509765625
416.2249450683594
579.790283203125
254.93296813964844
996.39892578125
1341.3367919921875
1711.2164306640625
1021.4498901367188
1043.2032470703125
1899.289794921875
1582.2662353515625
1535.764404296875
1228.180908203125
606.8175048828125
1391.8870849609375
526.8795776367188
801.3629760742188
1133.8204345703125
750.1014404296875
1808.596435546875
1528.6693115234375
960.9991455078125
1282.4788818359375
424.3727722167969
693.397216796875
716.0686645507812
1359.833984375
983.5388793945312
971.8167114257812
645.3068237304688
1284.6014404296875
556.704345703125
2902.4345703125
698.5347900390625
1646.4276123046875
1798.730224609375
2071.459716796875
2267.049072265625
1497.879150390625
1103.5751953125
1025.5819091796875
977.2289428710938
1496.2872314453125
2185.02880859375
735.3355712890625
916.1717529296875
629.1867065429688
820.4420776367188
1287.844970703125
2340.963134765625
874.741455078125
1210.7506103515625
869.96142578125
1110.9560546875
1542.13671875
727.4439697265625
1596.47216796875
538.6217041015625
1190.4638671875
822.404052734375
1008.211669921875
1564.5897216796875
996.2780151367188
1439.6246337890625
444.1983642578125
2760.306884765625
963.1052856445312
1544.2418212890625
651.0897216796875
1890.8321533203125
841.2826538085938
1343.839599609375
1745.3433837890625
1414.1669921875
372.46807861328125
1729.323974609375
590.9135131835938
2303.384765625
1449.394287109375
1131.1201171875
1222.260986328125
1064.595458984375
1418.13134765625
574.98828125
532.7861328125
1682.24365234375
578.4837646484375
1579.8011474609375
1205.90771484375
1472.2728271484375
2043.546875
1403.853271484375
1248.3990478515625
1380.486572265625
930.056396484375
515.6337890625
881.7330322265625
753.1597900390625
2037.404296875
652.4222412109375
898.6420288085938
1545.620849609375
792.4098510742188
1201.8460693359375
1089.4945068359375
405.87652587890625
804.281982421875
1799.248046875
955.742919921875
893.5699462890625
778.6685791015625
1504.3472900390625
659.9669189453125
528.5936279296875
1060.03369140625
754.3846435546875
1761.7503662109375
1232.32958984375
536.6443481445312
1170.880859375
454.8538513183594
677.5332641601562
1909.2724609375
490.84765625
2222.775146484375
627.9280395507812
731.2029418945312
1720.238525390625
804.6473999023438
789.1103515625
1166.5506591796875
829.2314453125
1281.10009765625
1115.43017578125
812.3275756835938
744.579345703125
914.9906616210938
1138.1483154296875
1670.88720703125
626.2886962890625
1341.977783203125
1221.026611328125
1033.2532958984375
1432.0748291015625
1571.0423583984375
1482.8182373046875
837.2371215820312
558.5667724609375
1442.5802001953125
762.9790649414062
959.8648071289062
762.8193359375
1326.74365234375
860.8557739257812
1211.15380859375
1626.116455078125
1104.52685546875
987.1495971679688
1249.3243408203125
1184.528076171875
2173.35986328125
1095.3402099609375
757.5194091796875
1244.1575927734375
1177.0079345703125
542.942138671875
587.3005981445312
1369.5001220703125
995.654541015625
1812.769775390625
1019.0825805664062
994.4022216796875
1343.658447265625
986.689208984375
1616.6270751953125
1187.089599609375
534.4912719726562
1603.5821533203125
756.4385375976562
832.4408569335938
1337.31787109375
1063.3194580078125
1520.1593017578125
648.903564453125
614.8779907226562
822.5819091796875
742.9690551757812
903.6587524414062
496.55615234375
796.9341430664062
317.3581237792969
1995.595703125
483.75799560546875
1286.87353515625
387.9730224609375
488.3170166015625
762.9203491210938
2081.668212890625
861.1881713867188
1532.0838623046875
732.0867919921875
400.845458984375
694.7149658203125
998.534423828125
371.37371826171875
870.3178100585938
401.87628173828125
810.9840087890625
1228.1783447265625
587.6001586914062
495.6430969238281
1040.119140625
350.5959777832031
436.1654968261719
1860.9622802734375
405.03271484375
1488.995849609375
867.7319946289062
625.6923828125
2228.3310546875
1003.274658203125
1272.3602294921875
575.626953125
2586.27783203125
843.8494873046875
347.9906005859375
608.37158203125
676.2761840820312
1241.7144775390625
3101.138427734375
1224.2471923828125
1035.6575927734375
1386.46728515625
1113.052001953125
1138.2515869140625
1149.1534423828125
511.0792236328125
1378.6566162109375
698.827392578125
722.4950561523438
1258.2254638671875
709.0013427734375
848.4556884765625
1074.9736328125
756.690185546875
852.6200561523438
1249.1988525390625
578.2626953125
1237.164306640625
2035.3223876953125
408.4684753417969
967.6412963867188
859.7214965820312
968.1029663085938
781.9369506835938
203.14585876464844
193.7998809814453
845.0689086914062
1479.01953125
778.3421020507812
789.625732421875
759.2260131835938
1526.5596923828125
1636.931396484375
638.9881591796875
1751.02490234375
486.88958740234375
572.6461791992188
841.83203125
782.3278198242188
1645.072265625
667.6311645507812
1388.6141357421875
1125.058837890625
652.666259765625
434.9365539550781
1290.8209228515625
789.4650268554688
866.8914794921875
1298.652587890625
1995.070068359375
429.03802490234375
871.1029052734375
847.2106323242188
857.712158203125
774.842529296875
1071.91357421875
1068.6995849609375
746.1185913085938
862.4559936523438
991.8240966796875
609.219970703125
641.7114868164062
2590.451904296875
949.1943359375
803.7442016601562
1196.3646240234375
948.8094482421875
655.0122680664062
427.0752258300781
1445.638916015625
550.9329833984375
585.6622924804688
695.4490966796875
599.2669677734375
511.619384765625
678.2877197265625
779.6506958007812
841.7955322265625
483.17340087890625
636.8956298828125
424.3544616699219
883.4200439453125
1244.2724609375
1032.728271484375
1795.094482421875
802.3411865234375
1257.603515625
791.495361328125
1052.6268310546875
758.2073974609375
1556.8277587890625
1132.4559326171875
827.8483276367188
964.4417724609375
1303.9334716796875
649.205810546875
877.6964721679688
776.3383178710938
1381.462890625
