12.634050369262695
24.796688079833984
19.627328872680664
9.058777809143066
15.256064414978027
11.049477577209473
13.015953063964844
17.221969604492188
11.890900611877441
7.449297904968262
7.138143062591553
10.442532539367676
9.7791166305542
13.88473892211914
17.418933868408203
14.01188850402832
10.372602462768555
14.80240249633789
13.77663803100586
15.613609313964844
14.7197904586792
18.193744659423828
27.265777587890625
13.29937744140625
28.664615631103516
10.032486915588379
37.49071502685547
6.705812454223633
11.373651504516602
13.471510887145996
9.979652404785156
60.207584381103516
6.024487018585205
15.432785034179688
17.932254791259766
11.980510711669922
7.728735446929932
23.672107696533203
9.06628131866455
36.833168029785156
13.5531644821167
11.76241683959961
14.278512954711914
8.983253479003906
27.1390438079834
13.718528747558594
13.351842880249023
8.868632316589355
9.303655624389648
13.594817161560059
9.816774368286133
9.61137866973877
6.904174327850342
14.982406616210938
9.923072814941406
7.023413181304932
7.329862117767334
10.877043724060059
11.290395736694336
7.29364538192749
9.751639366149902
10.492660522460938
5.8536200523376465
17.804855346679688
18.4637393951416
11.085150718688965
13.990097045898438
12.148670196533203
6.928977012634277
28.217126846313477
36.12790298461914
9.073062896728516
13.284653663635254
46.87850570678711
18.781496047973633
22.731454849243164
24.06566619873047
15.713921546936035
15.326367378234863
16.187870025634766
25.668304443359375
10.690857887268066
9.660950660705566
13.45078182220459
15.668317794799805
21.33895492553711
12.3328218460083
7.916253089904785
9.489704132080078
20.72760772705078
5.791530132293701
15.518985748291016
8.906118392944336
16.45248031616211
10.00251579284668
9.440098762512207
14.7870454788208
10.829394340515137
13.212082862854004
24.01809310913086
12.937148094177246
15.108725547790527
15.693670272827148
22.724470138549805
24.296092987060547
16.355636596679688
10.231770515441895
8.38810920715332
10.981727600097656
7.71754264831543
10.516042709350586
24.04111671447754
6.664755821228027
9.090875625610352
13.526900291442871
16.938180923461914
38.76861572265625
10.606409072875977
9.217351913452148
20.120344161987305
20.316722869873047
22.44951057434082
13.676822662353516
16.93044090270996
18.17576789855957
8.568918228149414
19.872379302978516
6.783436298370361
10.385209083557129
13.159998893737793
8.310721397399902
18.559829711914062
11.72948169708252
11.59792709350586
17.43054962158203
10.769918441772461
15.827163696289062
7.303924083709717
7.566003322601318
24.561342239379883
22.339876174926758
11.855164527893066
14.044174194335938
12.308621406555176
18.756277084350586
7.219082832336426
13.329302787780762
16.037580490112305
8.030853271484375
8.883734703063965
13.567511558532715
16.4754695892334
10.847403526306152
6.862503528594971
8.89072036743164
12.34940242767334
21.70180892944336
19.694175720214844
5.217692852020264
14.349442481994629
8.012747764587402
12.27794075012207
9.576805114746094
9.51685905456543
16.06691551208496
10.540456771850586
20.876644134521484
28.459726333618164
17.172103881835938
27.193403244018555
7.387377738952637
17.020797729492188
29.930639266967773
16.057504653930664
11.740055084228516
13.471044540405273
15.512043952941895
9.474862098693848
8.820782661437988
14.817831039428711
9.814043045043945
21.22475242614746
9.609837532043457
10.844594955444336
31.18626594543457
8.389530181884766
9.128535270690918
11.011734008789062
13.179755210876465
11.177830696105957
11.352765083312988
13.832463264465332
6.467227458953857
10.276719093322754
22.194419860839844
9.682241439819336
26.01569366455078
9.859950065612793
10.687430381774902
20.00730323791504
16.952388763427734
30.510107040405273
8.540872573852539
11.73005199432373
7.542469024658203
15.15839958190918
14.25853443145752
15.691361427307129
8.919394493103027
14.04159927368164
9.564789772033691
19.894916534423828
6.779298305511475
7.123969078063965
15.276172637939453
25.03314971923828
7.313806533813477
14.936610221862793
9.281548500061035
18.70977783203125
13.24154281616211
8.932287216186523
14.251091003417969
21.055402755737305
9.859660148620605
15.645954132080078
9.14754867553711
15.330206871032715
12.091838836669922
39.62469482421875
6.093705654144287
9.609474182128906
12.533510208129883
26.722930908203125
12.891107559204102
17.199615478515625
9.11660099029541
11.54518985748291
18.629497528076172
11.69595718383789
11.850106239318848
6.81264591217041
13.27678394317627
30.029226303100586
5.22276496887207
9.484694480895996
16.461021423339844
7.797711372375488
12.347630500793457
6.191407680511475
10.060882568359375
9.29332447052002
5.8663434982299805
21.0877685546875
17.121166229248047
11.323278427124023
15.270659446716309
5.91712760925293
12.831618309020996
9.828983306884766
13.042813301086426
15.551904678344727
12.169493675231934
22.808128356933594
13.716877937316895
9.383942604064941
10.368534088134766
11.31399154663086
15.535686492919922
7.318192481994629
16.576766967773438
10.255308151245117
8.504711151123047
18.201507568359375
10.388182640075684
10.570074081420898
11.953039169311523
8.718393325805664
15.406341552734375
16.617218017578125
26.423969268798828
13.946741104125977
18.5128231048584
13.337179183959961
10.314164161682129
13.845796585083008
25.572132110595703
32.09175491333008
11.521068572998047
8.116066932678223
15.314645767211914
8.95332145690918
19.18321418762207
6.044027805328369
12.224813461303711
17.388025283813477
7.487390995025635
20.071514129638672
14.13755989074707
9.225635528564453
9.650423049926758
10.949356079101562
11.691553115844727
17.58908462524414
10.973137855529785
25.409034729003906
12.613933563232422
14.534497261047363
19.86804962158203
13.907083511352539
16.88534164428711
14.175514221191406
15.829619407653809
23.15523338317871
11.970941543579102
14.839935302734375
10.332959175109863
6.91551399230957
8.863560676574707
8.787997245788574
9.567041397094727
7.065914630889893
12.708820343017578
13.814130783081055
23.339881896972656
9.258139610290527
8.883330345153809
32.30720138549805
8.99577522277832
6.530319690704346
17.647024154663086
15.933592796325684
18.232059478759766
16.578222274780273
19.46141242980957
9.655905723571777
12.810294151306152
10.34677791595459
9.61064338684082
5.598871231079102
14.666632652282715
15.984832763671875
11.517701148986816
7.2938079833984375
9.51109790802002
36.0034294128418
7.178279399871826
16.078140258789062
9.345765113830566
8.788573265075684
14.845234870910645
16.829286575317383
13.532676696777344
8.250102043151855
8.713919639587402
6.883148193359375
14.279021263122559
14.492701530456543
9.533867835998535
12.962142944335938
9.767786979675293
8.146100997924805
6.941487789154053
10.50381088256836
15.08474349975586
22.470197677612305
15.056097030639648
8.049931526184082
11.783125877380371
23.14412498474121
14.725733757019043
27.110830307006836
15.568612098693848
25.85291290283203
15.256302833557129
13.105175971984863
10.07884693145752
6.524096488952637
18.433019638061523
6.938204288482666
11.368470191955566
11.259337425231934
12.982791900634766
11.221223831176758
8.141871452331543
11.474169731140137
7.3954854011535645
17.78724479675293
7.667487621307373
13.803556442260742
10.968093872070312
13.379616737365723
26.772878646850586
11.602046966552734
6.933403015136719
35.40847396850586
18.507843017578125
13.857778549194336
7.211794376373291
10.73049259185791
6.697269439697266
9.154228210449219
19.950855255126953
11.510003089904785
4.926966667175293
11.995416641235352
11.714682579040527
10.245874404907227
17.757448196411133
13.40506649017334
11.61362075805664
6.88313102722168
6.209100246429443
11.035693168640137
15.245343208312988
9.548583030700684
18.829545974731445
16.03009796142578
12.699536323547363
7.3619914054870605
14.44488525390625
11.979424476623535
16.530344009399414
21.607255935668945
13.007694244384766
10.529855728149414
7.4163289070129395
21.169769287109375
15.844321250915527
20.125579833984375
6.666465759277344
13.107574462890625
11.60785961151123
10.559452056884766
7.23179292678833
22.589954376220703
9.239099502563477
14.068833351135254
9.70981216430664
12.312294960021973
14.89191722869873
15.361761093139648
10.6090726852417
11.691466331481934
11.304022789001465
9.665645599365234
6.559860706329346
25.03567886352539
18.619014739990234
14.164572715759277
19.613252639770508
18.083574295043945
14.611982345581055
5.265012264251709
39.568214416503906
15.799123764038086
5.112682819366455
8.084857940673828
13.845191955566406
23.657516479492188
7.147972106933594
9.224437713623047
21.141021728515625
11.797411918640137
11.572897911071777
11.285859107971191
15.404439926147461
10.299867630004883
7.865772247314453
19.230369567871094
21.612428665161133
19.476842880249023
18.085277557373047
9.199084281921387
20.14113998413086
19.567880630493164
15.41588306427002
9.108749389648438
22.62206268310547
36.864383697509766
13.678994178771973
8.622334480285645
10.390754699707031
14.578178405761719
10.480766296386719
9.862798690795898
8.875946044921875
6.446521282196045
4.788243770599365
5.988987445831299
13.193941116333008
17.8643856048584
12.811847686767578
9.186380386352539
11.926758766174316
11.513877868652344
10.18835163116455
7.236278057098389
10.874080657958984
10.18821907043457
8.429696083068848
11.352972984313965
24.977954864501953
8.283190727233887
10.073210716247559
11.483147621154785
8.9557466506958
29.17803955078125
12.229442596435547
22.8609619140625
16.41468620300293
12.636940956115723
13.60689926147461
8.907748222351074
8.838518142700195
13.480074882507324
10.581870079040527
7.494014739990234
15.912737846374512
8.522994041442871
10.806614875793457
11.677020072937012
10.169865608215332
15.112302780151367
9.73216724395752
12.171895027160645
10.261019706726074
9.968491554260254
7.842329025268555
14.848516464233398
16.547780990600586
13.853032112121582
21.797008514404297
20.364721298217773
27.273082733154297
9.139957427978516
19.271657943725586
21.54734992980957
18.393531799316406
7.710014343261719
13.802525520324707
22.197484970092773
8.13538932800293
16.135778427124023
15.660762786865234
10.547012329101562
11.169378280639648
17.163114547729492
17.013620376586914
13.562134742736816
9.339555740356445
5.642488479614258
9.392329216003418
15.426323890686035
31.3017578125
19.41260528564453
14.899901390075684
9.62179946899414
11.754907608032227
17.82888412475586
17.117704391479492
8.709320068359375
6.062324047088623
17.02046012878418
8.872688293457031
10.977777481079102
12.042513847351074
30.419471740722656
24.394115447998047
12.98354434967041
8.376374244689941
15.385374069213867
21.66700553894043
14.691253662109375
8.748950958251953
10.886761665344238
13.389290809631348
17.752864837646484
14.783073425292969
15.303094863891602
17.84477424621582
10.041991233825684
11.322271347045898
31.972999572753906
11.218416213989258
9.733794212341309
13.521357536315918
16.342741012573242
13.900843620300293
13.86436653137207
11.548661231994629
15.94421672821045
13.123229026794434
12.851195335388184
11.646345138549805
6.382587909698486
13.509029388427734
9.624563217163086
13.267260551452637
11.704891204833984
13.22312068939209
33.54609680175781
5.6698527336120605
17.560354232788086
7.589025974273682
12.231234550476074
10.476332664489746
22.544496536254883
8.687013626098633
11.443832397460938
9.932852745056152
18.944486618041992
10.84028148651123
19.69719696044922
11.290868759155273
12.085205078125
11.265003204345703
10.63586711883545
10.331880569458008
30.060009002685547
17.836124420166016
10.035918235778809
7.466687202453613
11.199522972106934
7.196155548095703
7.5163350105285645
7.936610698699951
8.995954513549805
13.49548625946045
15.99661922454834
23.07073974609375
8.204005241394043
13.258503913879395
18.311527252197266
28.199392318725586
6.380749702453613
7.874480724334717
6.238863468170166
10.839015007019043
5.571471214294434
21.714082717895508
7.409592628479004
16.0406551361084
10.173267364501953
7.880369186401367
13.649791717529297
10.446342468261719
7.3566179275512695
5.582035541534424
15.271678924560547
7.113707065582275
12.532994270324707
11.068938255310059
11.165140151977539
11.496186256408691
8.37681770324707
9.941895484924316
8.089799880981445
10.851298332214355
18.88179588317871
5.734967231750488
19.797483444213867
14.66103458404541
8.95511245727539
13.729042053222656
9.92483139038086
14.552286148071289
5.880251407623291
18.666894912719727
23.168560028076172
18.068035125732422
9.296265602111816
12.341700553894043
12.11319351196289
11.540133476257324
8.94866943359375
7.66909646987915
24.79545783996582
12.817975044250488
10.39454460144043
9.681822776794434
5.1387529373168945
13.633915901184082
8.04201889038086
6.298440933227539
14.87903881072998
8.214113235473633
13.871058464050293
18.900466918945312
8.354649543762207
10.294459342956543
10.041681289672852
8.896846771240234
10.888693809509277
37.70846939086914
10.303260803222656
12.68120002746582
9.979864120483398
15.702651977539062
19.15514373779297
11.471071243286133
9.916056632995605
7.954392433166504
14.459776878356934
9.191217422485352
7.723248481750488
14.10042953491211
10.780177116394043
13.091126441955566
8.916966438293457
8.08869743347168
16.30758285522461
10.815764427185059
24.34107780456543
12.359418869018555
11.186858177185059
14.966136932373047
17.433486938476562
19.74742317199707
7.533169746398926
7.217596530914307
16.06287956237793
23.167207717895508
6.8974175453186035
9.422453880310059
15.489584922790527
9.052652359008789
14.351114273071289
17.642351150512695
22.593263626098633
10.987515449523926
14.60593318939209
19.88184356689453
23.262042999267578
18.17049217224121
8.502669334411621
7.862502574920654
20.49065399169922
11.95079231262207
9.37159252166748
9.248836517333984
14.4043607711792
10.6333589553833
7.403919219970703
7.750852108001709
6.521402835845947
13.192605972290039
12.238855361938477
29.12825584411621
26.743213653564453
10.612525939941406
13.194676399230957
15.42482852935791
11.879105567932129
12.565378189086914
10.884212493896484
16.061399459838867
8.200977325439453
13.481734275817871
10.277952194213867
26.857646942138672
10.114767074584961
14.064855575561523
12.88209342956543
7.128785133361816
10.712325096130371
10.634894371032715
11.867690086364746
9.358779907226562
11.267704010009766
12.287200927734375
8.871711730957031
17.54359245300293
13.538172721862793
22.96487045288086
10.480679512023926
9.86954116821289
14.375675201416016
8.330842018127441
10.426520347595215
8.480393409729004
16.546770095825195
24.079248428344727
15.206351280212402
7.967716693878174
15.183235168457031
10.161219596862793
17.756746292114258
10.351184844970703
9.528862953186035
7.4159955978393555
12.983901023864746
12.418455123901367
7.5313944816589355
11.810577392578125
12.024932861328125
11.48134708404541
16.8107967376709
27.659387588500977
10.895050048828125
8.61494255065918
18.461502075195312
10.746702194213867
7.415931224822998
17.513635635375977
12.952980041503906
6.858520984649658
16.459840774536133
15.216615676879883
9.597607612609863
9.8944673538208
20.15291404724121
21.407930374145508
12.030716896057129
9.818302154541016
11.105706214904785
8.899785041809082
12.556975364685059
21.951025009155273
10.524991035461426
9.36444091796875
10.846868515014648
10.86017894744873
11.396936416625977
47.519142150878906
8.21048355102539
9.640317916870117
9.80426025390625
6.15281343460083
10.724349975585938
8.633509635925293
10.990320205688477
15.373425483703613
16.06572723388672
12.990837097167969
9.084405899047852
18.907814025878906
8.414970397949219
17.0367374420166
16.65022850036621
12.024995803833008
9.885163307189941
14.151917457580566
11.268257141113281
12.270888328552246
14.329328536987305
17.370853424072266
9.819395065307617
15.52963638305664
14.256340026855469
13.698073387145996
5.699639797210693
19.588029861450195
12.309346199035645
6.5138068199157715
7.669709205627441
8.014193534851074
16.9063663482666
8.2803373336792
10.330334663391113
36.78155517578125
13.459720611572266
19.196422576904297
29.41371726989746
20.322032928466797
14.88558578491211
9.961321830749512
12.515525817871094
6.48025369644165
12.617423057556152
11.649101257324219
13.786004066467285
9.245767593383789
7.843398571014404
13.20429801940918
9.58863639831543
6.81426477432251
20.19750213623047
6.796385288238525
14.520827293395996
9.348650932312012
8.658709526062012
11.505270004272461
11.112521171569824
15.63920783996582
16.51029396057129
8.445292472839355
15.80172061920166
11.84579086303711
17.005250930786133
20.297189712524414
6.580372333526611
9.568411827087402
7.744117736816406
7.300577163696289
16.22277069091797
13.120301246643066
13.088353157043457
7.90968656539917
7.199672698974609
7.662562370300293
17.160919189453125
46.829097747802734
6.817149639129639
26.79804801940918
32.538047790527344
18.79391860961914
6.405871391296387
14.673110961914062
9.452040672302246
9.317238807678223
16.401123046875
9.248945236206055
14.891838073730469
10.631095886230469
9.286457061767578
20.696977615356445
9.417850494384766
19.39375114440918
19.00092124938965
12.791183471679688
9.88852310180664
12.668157577514648
15.089960098266602
5.180866718292236
6.7061567306518555
8.327973365783691
9.38081169128418
18.328153610229492
7.654719829559326
11.090496063232422
16.360857009887695
13.295815467834473
14.12336540222168
7.044266700744629
15.982516288757324
13.043464660644531
9.89755630493164
15.224552154541016
5.1579461097717285
17.371517181396484
18.11298942565918
26.90249252319336
9.753337860107422
10.98062515258789
6.857392311096191
10.68513011932373
15.900350570678711
8.937811851501465
7.384675025939941
17.668447494506836
15.390449523925781
7.454341411590576
6.768892288208008
17.1069278717041
14.983757972717285
16.765369415283203
13.258373260498047
6.680633544921875
10.322049140930176
16.36129379272461
9.747432708740234
27.899999618530273
16.377357482910156
12.789462089538574
28.905689239501953
13.718527793884277
22.17100715637207
19.390623092651367
18.449928283691406
7.919415473937988
13.800063133239746
10.732134819030762
8.377330780029297
14.063549995422363
35.768001556396484
14.294072151184082
8.813407897949219
6.374739646911621
11.069791793823242
12.464056015014648
9.176904678344727
18.838682174682617
6.344357013702393
6.474541187286377
18.327136993408203
10.691977500915527
17.42884635925293
19.882596969604492
6.451046943664551
10.809815406799316
10.556782722473145
10.600364685058594
8.266680717468262
5.69320011138916
13.788985252380371
8.699556350708008
11.165141105651855
13.625567436218262
22.73005485534668
8.554311752319336
23.574174880981445
10.707212448120117
7.607297420501709
8.684837341308594
10.685297012329102
8.878591537475586
13.070111274719238
8.827484130859375
9.709792137145996
8.95716667175293
8.843975067138672
8.036612510681152
8.860071182250977
10.571399688720703
5.411801815032959
12.467844009399414
9.853215217590332
23.07463836669922
8.286225318908691
10.98564624786377
8.839089393615723
8.35609245300293
4.596735954284668
4.105602741241455
7.186112880706787
12.465011596679688
28.3741455078125
9.545036315917969
12.497105598449707
12.132037162780762
20.385244369506836
7.070569038391113
4.62196683883667
5.385748863220215
8.525229454040527
6.118762969970703
13.385396957397461
9.368290901184082
17.60513687133789
5.6953959465026855
20.149822235107422
4.982247829437256
21.889341354370117
7.1000590324401855
15.079117774963379
25.95167350769043
8.885780334472656
8.005131721496582
9.556292533874512
48.56660461425781
8.910418510437012
9.907170295715332
7.733532905578613
13.542792320251465
9.328203201293945
13.80378246307373
9.557815551757812
7.724623203277588
11.709073066711426
9.977112770080566
17.598785400390625
17.19417953491211
11.433324813842773
13.10389232635498
10.022235870361328
16.856550216674805
7.722790241241455
9.249810218811035
19.384469985961914
22.38368034362793
11.2627534866333
20.45934295654297
9.31624984741211
6.749611854553223
8.039999961853027
10.656525611877441
12.519278526306152
6.095919609069824
13.380575180053711
10.86656379699707
9.090536117553711
12.602387428283691
18.23556900024414
20.32362174987793
15.304547309875488
13.757994651794434
15.775299072265625
12.35309886932373
4.124276161193848
13.118734359741211
10.270805358886719
11.843551635742188
13.906322479248047
6.888406753540039
9.891559600830078
13.84164047241211
7.581007480621338
22.690433502197266
17.42116355895996
26.707672119140625
17.726627349853516
22.289260864257812
10.805872917175293
5.325966835021973
19.34743881225586
17.02481460571289
10.43496036529541
22.467370986938477
9.481893539428711
6.077020168304443
9.584542274475098
20.113666534423828
9.711260795593262
13.887871742248535
16.97908592224121
22.03726577758789
27.630970001220703
6.821187496185303
16.460386276245117
7.156399726867676
7.071530818939209
13.309456825256348
7.093945503234863
13.358981132507324
11.809685707092285
12.924886703491211
12.745718002319336
15.999107360839844
16.276912689208984
15.556737899780273
7.603607177734375
8.79106330871582
15.802428245544434
10.38857364654541
38.343082427978516
20.298908233642578
10.594079971313477
11.708648681640625
5.922211647033691
10.568037033081055
10.3541841506958
10.182368278503418
10.408880233764648
9.718219757080078
16.828903198242188
14.321588516235352
5.225046634674072
11.615745544433594
30.03186798095703
12.792086601257324
12.09167766571045
13.269664764404297
19.54599952697754
8.702081680297852
11.882046699523926
14.320003509521484
16.225419998168945
16.4998779296875
11.158784866333008
14.188591003417969
7.640527725219727
9.679173469543457
10.495745658874512
7.570859909057617
6.138768672943115
30.063621520996094
14.121920585632324
16.748355865478516
12.646806716918945
11.276110649108887
9.584458351135254
7.002862930297852
18.78326416015625
15.553302764892578
8.364163398742676
11.239624977111816
9.390695571899414
9.889176368713379
7.69957971572876
26.79219627380371
7.714433193206787
13.640839576721191
8.784969329833984
17.244796752929688
11.75621509552002
12.42092514038086
10.363924980163574
20.175676345825195
7.08035135269165
19.091262817382812
24.315242767333984
7.727676868438721
14.838642120361328
10.36618423461914
15.801802635192871
11.75440502166748
10.753740310668945
7.991683483123779
9.012760162353516
12.552672386169434
13.26599407196045
13.34292984008789
9.421977043151855
8.70092487335205
14.456887245178223
6.5170769691467285
11.801351547241211
9.030085563659668
15.465865135192871
10.736024856567383
11.352853775024414
6.746251583099365
8.821568489074707
9.356748580932617
9.780282020568848
10.985509872436523
9.781957626342773
11.610844612121582
16.042343139648438
11.284791946411133
5.427342414855957
6.5404253005981445
6.343306541442871
11.252193450927734
10.724136352539062
15.25545883178711
27.070762634277344
6.012843132019043
11.621808052062988
5.870120525360107
16.476551055908203
10.395634651184082
19.152381896972656
13.053229331970215
6.320525169372559
11.26360034942627
10.39287281036377
7.288172721862793
23.38420295715332
11.17568302154541
12.370036125183105
17.804309844970703
14.119660377502441
11.534314155578613
9.178140640258789
16.276445388793945
14.501459121704102
10.12033462524414
17.36323356628418
7.9215826988220215
9.925397872924805
20.815750122070312
15.061287879943848
15.673260688781738
10.473299026489258
7.50754976272583
13.357351303100586
5.716714382171631
5.993632793426514
8.56396198272705
12.21092700958252
16.236650466918945
20.556833267211914
6.537503242492676
11.309062004089355
8.633379936218262
19.482257843017578
12.257241249084473
9.690539360046387
12.795058250427246
6.296257972717285
10.637709617614746
7.829013347625732
9.060028076171875
14.290719985961914
10.64928913116455
34.97842025756836
8.325031280517578
8.526240348815918
26.385177612304688
8.63578987121582
29.572402954101562
19.523662567138672
10.362213134765625
7.69057559967041
7.337785720825195
8.308418273925781
21.508956909179688
11.334490776062012
15.25844669342041
21.667530059814453
15.590843200683594
5.785085201263428
19.716510772705078
18.190214157104492
7.259518623352051
14.833212852478027
6.6767578125
10.242650985717773
19.102216720581055
16.7908935546875
9.821731567382812
22.18925666809082
14.34582805633545
17.753740310668945
11.67445182800293
31.512859344482422
6.625838279724121
14.371428489685059
9.054264068603516
13.947881698608398
17.42049217224121
7.299714088439941
16.973562240600586
9.64745044708252
5.363028526306152
16.13535499572754
12.587538719177246
14.323366165161133
14.19237995147705
7.773407459259033
24.259544372558594
9.816569328308105
27.638553619384766
12.760750770568848
7.217442989349365
18.02853775024414
10.333516120910645
11.02797794342041
13.252339363098145
6.182068824768066
21.703712463378906
15.393552780151367
17.598377227783203
8.515372276306152
10.738198280334473
10.445073127746582
7.619711399078369
10.812442779541016
20.68518829345703
10.846226692199707
7.6390485763549805
8.949967384338379
15.128558158874512
17.37217140197754
12.373408317565918
10.991711616516113
10.254983901977539
7.867175102233887
9.349807739257812
18.602401733398438
8.119352340698242
7.663484573364258
10.966822624206543
43.58198928833008
14.525087356567383
18.034805297851562
22.201818466186523
10.723411560058594
10.807148933410645
11.293445587158203
50.17872619628906
24.90856170654297
11.330273628234863
6.489856719970703
7.854732990264893
25.292396545410156
8.520849227905273
6.652653694152832
9.181587219238281
8.161375999450684
13.088813781738281
15.15185832977295
13.804178237915039
11.206591606140137
12.017863273620605
22.31084442138672
8.314077377319336
21.231740951538086
8.858707427978516
8.03984260559082
21.613807678222656
15.992852210998535
7.790787696838379
7.634052753448486
8.642109870910645
7.709073066711426
14.227311134338379
7.6074419021606445
9.125374794006348
22.825237274169922
10.769747734069824
19.646484375
8.005131721496582
13.584356307983398
25.46646499633789
4.6795220375061035
7.409562110900879
19.401683807373047
11.10947036743164
7.767852783203125
9.903362274169922
34.50602340698242
8.939160346984863
20.58769989013672
11.718693733215332
8.463753700256348
8.716873168945312
11.049524307250977
13.779281616210938
24.054616928100586
14.656927108764648
24.6474666595459
8.720179557800293
7.861264705657959
13.382723808288574
9.880708694458008
13.795733451843262
12.12281322479248
6.57642126083374
13.181407928466797
9.831235885620117
21.183855056762695
6.3941168785095215
9.174171447753906
7.813394069671631
7.314484119415283
18.962068557739258
8.556619644165039
8.258147239685059
12.286234855651855
10.807599067687988
7.394333362579346
10.402884483337402
13.494256973266602
10.923280715942383
12.489885330200195
7.74916410446167
9.321098327636719
13.039727210998535
11.683758735656738
19.25046730041504
15.834235191345215
17.05879020690918
12.681845664978027
10.960186004638672
9.927780151367188
14.72675895690918
19.742332458496094
19.183448791503906
14.324360847473145
21.614213943481445
8.259206771850586
10.671004295349121
6.858142852783203
12.622697830200195
5.647366046905518
16.09714698791504
7.649267196655273
8.298487663269043
17.061901092529297
9.186810493469238
10.541646003723145
33.438453674316406
19.705589294433594
16.37574005126953
12.81386661529541
14.010644912719727
10.267851829528809
22.087190628051758
15.715165138244629
5.906381607055664
15.418742179870605
17.024084091186523
32.08738708496094
9.665095329284668
12.425415992736816
4.766332149505615
8.104743957519531
19.11229133605957
18.71062660217285
13.864179611206055
27.108190536499023
24.045516967773438
16.338668823242188
7.880679607391357
7.6587700843811035
9.151711463928223
19.32904052734375
6.97226619720459
16.131643295288086
29.66373062133789
27.918258666992188
12.401705741882324
15.717265129089355
11.879791259765625
14.798998832702637
8.582633018493652
15.45555305480957
8.977230072021484
10.231043815612793
9.805717468261719
6.235653400421143
13.863579750061035
12.352449417114258
29.306655883789062
10.91948413848877
8.342440605163574
10.108805656433105
6.992856502532959
22.507240295410156
7.020003795623779
7.987349987030029
15.928548812866211
5.3470988273620605
12.077749252319336
5.258430004119873
12.133108139038086
23.409334182739258
8.678609848022461
25.9088134765625
12.207798957824707
17.365896224975586
13.440474510192871
30.107563018798828
14.423833847045898
11.460999488830566
17.22183609008789
9.556503295898438
8.620368003845215
6.840094089508057
15.286062240600586
10.705491065979004
10.939512252807617
23.2153377532959
7.545304775238037
10.013105392456055
16.19639015197754
11.229020118713379
24.89113426208496
11.852310180664062
7.75444221496582
11.218235969543457
20.238140106201172
11.531213760375977
10.952831268310547
6.336508274078369
7.374757289886475
16.815637588500977
17.481962203979492
5.219091415405273
8.634586334228516
9.288968086242676
15.969389915466309
14.047347068786621
24.214237213134766
8.329229354858398
10.997405052185059
9.138734817504883
12.464798927307129
13.741728782653809
25.93818473815918
6.617388725280762
16.87710952758789
16.567394256591797
11.59379768371582
27.412214279174805
16.33920669555664
14.825345993041992
9.286307334899902
11.217262268066406
10.988075256347656
22.944286346435547
11.694705963134766
8.011423110961914
15.227169036865234
8.847347259521484
6.2833380699157715
17.287246704101562
14.991875648498535
10.420998573303223
15.960662841796875
23.034425735473633
10.563921928405762
8.512412071228027
5.559680461883545
15.331795692443848
6.247104644775391
6.826478958129883
9.340219497680664
18.9744815826416
15.764837265014648
16.404630661010742
9.486150741577148
9.729846000671387
25.096025466918945
10.689908981323242
6.943732738494873
6.253945827484131
15.830731391906738
10.231161117553711
7.987833023071289
9.660118103027344
9.096765518188477
6.964561462402344
11.100229263305664
7.88654088973999
13.085078239440918
17.55900001525879
11.026055335998535
17.372974395751953
17.763463973999023
15.486774444580078
9.532748222351074
10.168581008911133
8.255085945129395
6.780095100402832
8.182153701782227
14.104909896850586
18.830896377563477
14.433446884155273
4.538810729980469
11.177741050720215
20.79844856262207
21.315196990966797
11.637408256530762
23.517141342163086
27.304723739624023
10.227151870727539
18.852184295654297
8.777107238769531
7.974934101104736
9.04996109008789
7.297990322113037
10.566160202026367
11.049293518066406
12.660741806030273
11.57103157043457
8.299484252929688
8.889717102050781
12.131414413452148
18.794963836669922
12.937296867370605
8.981056213378906
13.386828422546387
7.59296989440918
10.716811180114746
8.642842292785645
11.187068939208984
8.400154113769531
18.43592643737793
14.428597450256348
17.61577796936035
15.237740516662598
9.551032066345215
10.25566577911377
12.224780082702637
7.37381649017334
7.519306659698486
12.459877967834473
17.727901458740234
15.644946098327637
14.611706733703613
4.963594913482666
15.916844367980957
24.331281661987305
20.82845115661621
8.637080192565918
8.189261436462402
18.781288146972656
16.531147003173828
30.30286979675293
11.697903633117676
6.836175918579102
9.94332504272461
10.122366905212402
19.49176788330078
17.982580184936523
7.383864402770996
11.953790664672852
9.2028169631958
6.046365737915039
7.967794895172119
9.83049488067627
14.838395118713379
9.783919334411621
9.386157035827637
28.499425888061523
7.399792671203613
7.698035717010498
7.366469860076904
10.906310081481934
17.89994239807129
15.330643653869629
9.0918550491333
7.836565971374512
11.041037559509277
13.603710174560547
15.145246505737305
12.682634353637695
15.727824211120605
20.173200607299805
16.47983169555664
21.536516189575195
10.222745895385742
34.00855255126953
13.620738983154297
12.237588882446289
9.334760665893555
9.542474746704102
12.454391479492188
6.880599021911621
19.456451416015625
20.584047317504883
13.20186710357666
11.679237365722656
11.644526481628418
14.938940048217773
8.378338813781738
7.257507801055908
9.611379623413086
10.573384284973145
6.428162574768066
11.022490501403809
16.930299758911133
7.582805156707764
9.7938871383667
8.492447853088379
23.032516479492188
7.2543253898620605
10.857523918151855
18.43630599975586
15.042125701904297
7.797887325286865
14.444903373718262
20.655494689941406
9.92711067199707
9.133195877075195
11.335562705993652
14.46233081817627
7.202578544616699
15.020505905151367
23.72850227355957
6.770423889160156
4.980133533477783
10.479336738586426
7.6789960861206055
18.92061996459961
14.087848663330078
10.63621711730957
18.09602928161621
31.100887298583984
9.043970108032227
10.155596733093262
9.840479850769043
9.048359870910645
14.071136474609375
17.49334144592285
9.053098678588867
9.288851737976074
10.853896141052246
8.716971397399902
8.240848541259766
20.56048583984375
11.681404113769531
18.78946876525879
7.188502311706543
5.025394916534424
19.171207427978516
13.184572219848633
13.700060844421387
24.550216674804688
6.539434909820557
6.911159992218018
20.293684005737305
16.803014755249023
7.240471363067627
9.5845365524292
26.113767623901367
24.315637588500977
6.86557674407959
8.489063262939453
8.69515609741211
12.769820213317871
16.807374954223633
7.407236099243164
18.131710052490234
6.627959251403809
16.77170181274414
10.017496109008789
8.177669525146484
13.250240325927734
10.663043975830078
9.136053085327148
5.175541400909424
18.71462059020996
9.149640083312988
16.315324783325195
13.46133041381836
16.162023544311523
15.897672653198242
7.8952317237854
10.040821075439453
16.372039794921875
15.42853832244873
15.253747940063477
12.541363716125488
6.638270854949951
11.58104133605957
15.39658260345459
7.187278747558594
13.016609191894531
10.14721393585205
11.389549255371094
12.438374519348145
7.8560686111450195
24.43592071533203
7.474513530731201
15.553777694702148
9.259787559509277
15.023319244384766
8.903286933898926
8.672048568725586
17.13777732849121
22.78885269165039
13.758331298828125
13.180720329284668
15.664220809936523
14.928394317626953
15.82621955871582
10.713955879211426
11.536004066467285
14.092535018920898
10.114069938659668
14.47510814666748
8.344017028808594
20.455636978149414
6.523526191711426
19.05738067626953
13.369048118591309
12.464110374450684
15.606287002563477
10.36971664428711
12.14423942565918
11.396830558776855
7.877175331115723
8.191324234008789
18.398361206054688
9.387386322021484
13.524189949035645
15.72730827331543
5.44985294342041
10.419407844543457
7.900204181671143
17.42039680480957
8.087936401367188
61.40382385253906
8.15043830871582
11.92464828491211
8.430367469787598
11.895391464233398
11.309534072875977
17.390663146972656
7.0340189933776855
8.62250804901123
8.29331111907959
11.347952842712402
12.311735153198242
23.959035873413086
6.46167516708374
9.253959655761719
14.046965599060059
9.037993431091309
31.282968521118164
29.892675399780273
11.073689460754395
8.652206420898438
8.39811897277832
18.1595458984375
8.919355392456055
9.76900577545166
14.036765098571777
8.579110145568848
7.308793067932129
8.092135429382324
30.268701553344727
9.168221473693848
8.847188949584961
9.479307174682617
9.816731452941895
16.129854202270508
15.042887687683105
18.71170425415039
13.20417594909668
15.912224769592285
13.622029304504395
10.212797164916992
10.97167682647705
14.085939407348633
8.118618965148926
8.49401569366455
8.021957397460938
13.137417793273926
10.51440715789795
6.1557111740112305
13.762337684631348
8.830967903137207
11.071460723876953
16.511476516723633
12.94136905670166
14.750609397888184
6.674445629119873
22.795129776000977
7.220174789428711
24.565401077270508
35.926048278808594
5.970991611480713
6.01805305480957
7.828153610229492
8.098566055297852
9.434552192687988
9.10975456237793
13.087264060974121
15.485227584838867
10.862702369689941
22.730133056640625
8.484040260314941
11.387232780456543
8.245948791503906
17.424285888671875
10.652286529541016
12.015325546264648
15.007501602172852
8.05553150177002
6.413918972015381
24.282270431518555
7.662341594696045
14.799093246459961
8.93382740020752
18.753604888916016
8.774236679077148
19.46533966064453
4.704009056091309
7.831554412841797
15.213936805725098
9.337474822998047
19.821271896362305
18.34422492980957
5.696084022521973
12.93878173828125
6.626369953155518
10.780838966369629
8.453306198120117
12.239283561706543
14.055937767028809
12.027751922607422
15.621170043945312
14.867915153503418
7.888186454772949
23.724769592285156
8.398519515991211
14.985422134399414
10.258298873901367
24.97519302368164
10.453574180603027
23.55364990234375
12.446474075317383
15.797762870788574
6.5280938148498535
22.15085792541504
9.530402183532715
26.355039596557617
5.837719917297363
5.785364151000977
15.496331214904785
8.274938583374023
6.76982307434082
6.363731384277344
14.537993431091309
22.921722412109375
7.315568447113037
14.036757469177246
9.78103256225586
7.129471778869629
8.646414756774902
8.372288703918457
17.914134979248047
9.278318405151367
8.512466430664062
23.340229034423828
9.594828605651855
18.465106964111328
12.36573314666748
10.779361724853516
10.431246757507324
12.70646858215332
5.420638561248779
6.710567951202393
24.7130069732666
9.626953125
7.335437297821045
9.099617958068848
9.905452728271484
5.456514835357666
6.351706504821777
11.735628128051758
22.024789810180664
14.997245788574219
6.452409744262695
5.784050464630127
26.343660354614258
18.594654083251953
10.874431610107422
11.406353950500488
19.581445693969727
8.954322814941406
6.248911380767822
22.244556427001953
8.239703178405762
9.772953033447266
10.698569297790527
16.571508407592773
8.824441909790039
16.255477905273438
10.855499267578125
9.017914772033691
18.63736343383789
11.369718551635742
11.798280715942383
8.840818405151367
14.712785720825195
21.50828742980957
7.770565986633301
7.288517475128174
10.879621505737305
16.853759765625
8.60986042022705
25.54810333251953
6.037044048309326
11.045594215393066
7.462994575500488
7.307655334472656
6.814272403717041
14.902606010437012
14.774736404418945
10.965999603271484
20.12441062927246
12.212560653686523
16.099748611450195
7.161444664001465
7.224895000457764
14.327961921691895
15.031991004943848
13.36526870727539
9.820588111877441
5.655636787414551
8.982254028320312
9.108083724975586
15.161829948425293
7.503598213195801
14.958828926086426
21.16455841064453
6.687164783477783
7.859260559082031
5.04604434967041
10.347491264343262
5.757854461669922
11.688169479370117
10.545333862304688
7.510120391845703
12.519231796264648
16.545114517211914
11.18845272064209
20.52571678161621
11.399999618530273
20.90236473083496
15.463216781616211
23.508712768554688
6.589232921600342
9.345634460449219
12.935541152954102
14.812931060791016
11.581528663635254
10.298174858093262
9.211921691894531
20.758743286132812
10.398942947387695
8.686741828918457
10.548073768615723
4.243714809417725
8.868375778198242
6.036755084991455
7.832845687866211
12.723382949829102
7.521590709686279
7.409235000610352
7.159015655517578
13.85706615447998
17.128864288330078
15.803604125976562
7.416406631469727
5.974752902984619
5.7619309425354
19.602319717407227
9.007688522338867
8.430421829223633
9.611358642578125
16.678525924682617
10.425960540771484
9.87673568725586
10.578717231750488
22.38750457763672
8.511329650878906
11.518592834472656
15.911272048950195
4.294562816619873
9.512105941772461
9.020556449890137
7.7841796875
8.106311798095703
20.695112228393555
11.056217193603516
16.567466735839844
13.63796615600586
20.42068099975586
14.116436958312988
8.124889373779297
21.685495376586914
12.101099014282227
6.59752082824707
18.169326782226562
8.577856063842773
11.054535865783691
6.98546838760376
18.095243453979492
7.968242168426514
21.066877365112305
18.46734046936035
14.522509574890137
11.866072654724121
11.349730491638184
6.397806167602539
12.513089179992676
12.463749885559082
11.2219877243042
9.254242897033691
6.290555477142334
5.873498439788818
14.621583938598633
13.671332359313965
9.511937141418457
14.83088493347168
13.407561302185059
14.620231628417969
13.503091812133789
14.814321517944336
6.791748523712158
12.809256553649902
11.406661987304688
8.486602783203125
8.305923461914062
10.398454666137695
16.16670799255371
6.237232685089111
13.783651351928711
8.714734077453613
8.01797103881836
7.9103007316589355
6.161530017852783
16.11097526550293
6.6327900886535645
12.944766998291016
8.952523231506348
6.973752498626709
12.79470443725586
15.748408317565918
5.903745651245117
11.713035583496094
8.193437576293945
13.637931823730469
10.59312629699707
11.34897232055664
26.427751541137695
10.545528411865234
27.15521240234375
7.673959255218506
11.522110939025879
9.22790813446045
10.211057662963867
14.94346809387207
10.812311172485352
11.789567947387695
7.412731170654297
13.724642753601074
8.629444122314453
9.33355712890625
12.202509880065918
8.298755645751953
32.35649871826172
8.603559494018555
11.830025672912598
10.739991188049316
30.71505355834961
13.074332237243652
17.70290184020996
13.786026954650879
20.4793701171875
7.376227378845215
17.211214065551758
5.687894344329834
16.251585006713867
6.776909828186035
6.485416412353516
13.515646934509277
9.35826587677002
10.752424240112305
13.236928939819336
7.151782989501953
11.41616153717041
5.097647666931152
14.917430877685547
14.038847923278809
7.764311790466309
10.030545234680176
9.633737564086914
6.000025749206543
15.082544326782227
21.150745391845703
7.979785442352295
18.574819564819336
7.598248481750488
13.184786796569824
14.159187316894531
8.450437545776367
17.64702606201172
16.082792282104492
6.3650102615356445
9.217935562133789
6.497262001037598
11.346315383911133
8.885738372802734
10.95305061340332
12.163904190063477
8.348278045654297
9.225214958190918
9.619317054748535
20.803668975830078
18.102516174316406
13.860416412353516
8.945955276489258
11.078779220581055
18.347484588623047
17.5576114654541
8.976212501525879
13.00873851776123
6.199404239654541
10.92919921875
9.066423416137695
11.37829303741455
9.661325454711914
9.199039459228516
17.732955932617188
4.180271148681641
11.76686954498291
8.879142761230469
16.512834548950195
13.928306579589844
13.324644088745117
11.011466026306152
18.739124298095703
6.485390663146973
7.5014519691467285
10.49592399597168
14.839387893676758
6.181158065795898
17.21286392211914
12.071065902709961
11.132513046264648
10.123103141784668
10.378142356872559
13.66270637512207
13.207775115966797
16.933834075927734
18.069177627563477
12.905762672424316
23.53371238708496
16.615734100341797
6.926839828491211
9.368659973144531
18.607133865356445
19.16876792907715
18.190677642822266
11.570796966552734
10.989578247070312
6.958600997924805
8.795737266540527
9.597630500793457
13.180375099182129
13.27858829498291
6.890384197235107
14.802565574645996
8.215916633605957
5.488990783691406
9.416178703308105
18.895240783691406
16.18855094909668
14.16646671295166
8.307210922241211
5.543893337249756
10.783584594726562
13.166589736938477
20.007774353027344
11.51253890991211
8.014567375183105
7.518402099609375
10.534882545471191
17.21792984008789
6.37941837310791
8.632694244384766
4.216206073760986
8.557154655456543
6.104747772216797
10.434786796569824
10.564189910888672
7.870120048522949
10.758811950683594
6.537683486938477
15.331794738769531
7.183991432189941
8.398455619812012
12.200543403625488
5.9936017990112305
8.05881118774414
10.13149356842041
11.826658248901367
12.041020393371582
16.158641815185547
7.4994425773620605
9.478021621704102
6.302379131317139
9.303971290588379
9.742973327636719
12.850722312927246
12.444977760314941
9.78439998626709
12.251477241516113
12.815857887268066
4.949024200439453
13.101231575012207
6.0139055252075195
8.433950424194336
11.078871726989746
8.843822479248047
7.335423469543457
14.148110389709473
10.806507110595703
11.533843040466309
5.846423625946045
9.484353065490723
10.754474639892578
14.366379737854004
7.423343181610107
19.03484344482422
8.476099014282227
14.53174114227295
5.269462585449219
21.60001564025879
15.807509422302246
12.377367973327637
18.593107223510742
8.524602890014648
6.338578224182129
11.149362564086914
11.05030345916748
5.754215717315674
6.535550117492676
19.98655128479004
12.244199752807617
16.30580711364746
8.145129203796387
14.437456130981445
17.430192947387695
12.937714576721191
8.24138355255127
9.438934326171875
6.5666656494140625
13.200285911560059
6.322725296020508
6.847329616546631
11.752756118774414
13.579147338867188
13.222707748413086
7.620161533355713
15.051508903503418
5.930702209472656
7.805205345153809
10.491459846496582
10.34119701385498
5.518601417541504
11.9563627243042
7.232935428619385
6.578794002532959
10.661638259887695
14.693279266357422
19.33670997619629
18.764543533325195
9.377127647399902
5.377161502838135
15.236604690551758
22.036020278930664
9.172296524047852
17.130155563354492
6.453297138214111
6.111659526824951
10.48757266998291
6.756586074829102
11.716135025024414
7.103710174560547
7.797656536102295
11.97686767578125
26.19053840637207
19.859012603759766
6.987236976623535
6.550679683685303
18.646848678588867
15.524052619934082
9.757019996643066
9.700445175170898
15.749665260314941
11.547565460205078
10.396585464477539
14.76830768585205
19.411191940307617
5.009437561035156
7.445557117462158
11.51281452178955
16.18177032470703
6.841719627380371
8.017946243286133
5.329433917999268
27.913644790649414
11.246212005615234
6.942267417907715
7.259677410125732
14.589515686035156
15.221305847167969
9.902753829956055
8.46194839477539
15.879249572753906
9.297784805297852
15.797231674194336
10.700865745544434
13.67978572845459
12.946046829223633
13.091214179992676
12.731636047363281
11.967732429504395
13.671502113342285
6.346921443939209
14.395709991455078
22.469161987304688
16.98541259765625
13.736821174621582
17.997112274169922
13.742457389831543
14.437789916992188
10.736989974975586
7.749037265777588
17.916566848754883
9.028907775878906
8.28898811340332
9.21794319152832
4.476500034332275
6.945803642272949
6.353461742401123
8.379870414733887
5.599158763885498
8.878344535827637
16.05542755126953
25.16974449157715
17.399011611938477
11.421687126159668
16.68914222717285
8.169397354125977
9.600202560424805
7.78896951675415
23.446815490722656
13.478888511657715
6.385185718536377
17.619714736938477
11.20373821258545
16.55412483215332
16.44325828552246
19.09947967529297
15.028843879699707
7.921985149383545
13.088946342468262
17.731544494628906
8.117271423339844
11.952889442443848
7.712489128112793
35.04440689086914
12.437154769897461
7.0641350746154785
21.930484771728516
8.390764236450195
5.682926654815674
11.488927841186523
6.841899871826172
9.018898010253906
6.0909342765808105
15.994588851928711
24.633800506591797
41.143306732177734
10.35645580291748
5.372496128082275
13.840227127075195
10.80441951751709
14.10717487335205
7.484671592712402
6.1751275062561035
6.205122470855713
16.50826072692871
7.550475120544434
20.66282081604004
13.761130332946777
18.70566177368164
10.741363525390625
9.694841384887695
17.858049392700195
7.903938293457031
6.042137145996094
13.052947998046875
23.527429580688477
10.953272819519043
8.40808391571045
7.0793609619140625
13.915674209594727
9.197216987609863
11.210844993591309
10.182808876037598
4.898490905761719
10.06640625
11.512527465820312
12.926528930664062
14.31374454498291
10.972369194030762
11.686875343322754
10.439641952514648
6.708104610443115
15.116273880004883
8.44394588470459
6.247645854949951
9.0177583694458
8.538528442382812
7.6517181396484375
10.06962776184082
7.5568013191223145
14.482576370239258
10.403998374938965
5.884773254394531
10.822083473205566
26.257354736328125
17.725601196289062
9.520735740661621
9.924975395202637
12.367423057556152
7.6411638259887695
16.799928665161133
13.100851058959961
18.01117706298828
24.883649826049805
11.55598258972168
5.650949954986572
4.969170570373535
8.796738624572754
8.663446426391602
18.17145347595215
10.116866111755371
10.639300346374512
14.420223236083984
14.466344833374023
6.613412380218506
18.431367874145508
12.777838706970215
16.794578552246094
9.456869125366211
5.061039447784424
20.765033721923828
9.614422798156738
14.516797065734863
12.971795082092285
16.129119873046875
4.9776763916015625
23.917129516601562
16.5367488861084
7.645202159881592
9.14465618133545
6.319522857666016
15.487902641296387
5.322020530700684
9.178215980529785
6.603164196014404
10.245347023010254
15.613641738891602
8.14370059967041
7.943629264831543
13.082745552062988
10.176363945007324
11.612318992614746
9.62781810760498
14.135113716125488
15.609110832214355
6.624723434448242
15.69882869720459
11.26152515411377
7.99500846862793
7.0619072914123535
15.689295768737793
9.851704597473145
13.595791816711426
6.65252161026001
7.345329284667969
10.828930854797363
19.420682907104492
11.219035148620605
5.031457901000977
15.997519493103027
22.519155502319336
9.955708503723145
19.6243896484375
19.69232940673828
16.10863494873047
24.346336364746094
20.21263313293457
16.584728240966797
25.037403106689453
9.190837860107422
6.7512359619140625
9.053506851196289
12.148147583007812
6.743844032287598
12.188274383544922
17.502216339111328
16.37055778503418
15.208928108215332
13.375750541687012
14.75135326385498
10.38772201538086
6.900949954986572
8.13898754119873
14.6199369430542
7.520982265472412
7.280091762542725
15.385091781616211
15.108440399169922
13.146297454833984
15.334717750549316
7.298962116241455
4.903372764587402
14.82742691040039
8.03653621673584
8.051732063293457
10.67878532409668
11.05653190612793
8.056897163391113
5.465906620025635
27.991436004638672
7.975574016571045
9.699727058410645
9.188666343688965
9.969864845275879
13.030317306518555
6.682112693786621
9.152298927307129
12.086276054382324
10.517431259155273
21.234310150146484
9.681855201721191
6.923405647277832
27.65889549255371
19.42462158203125
24.913938522338867
7.694023132324219
15.734313011169434
15.28803539276123
26.965513229370117
11.275688171386719
16.56351661682129
6.043559551239014
8.914929389953613
7.611154079437256
8.17951774597168
13.939477920532227
9.001368522644043
9.36388111114502
14.956504821777344
8.630096435546875
16.129091262817383
12.07797908782959
15.85673713684082
22.51604652404785
11.090411186218262
5.0306196212768555
5.337643623352051
8.025405883789062
20.653474807739258
7.440931797027588
6.315271854400635
11.918139457702637
8.444624900817871
19.439289093017578
11.785623550415039
11.302902221679688
4.643068313598633
10.496988296508789
17.854402542114258
6.469353675842285
6.717344284057617
12.274372100830078
11.599933624267578
9.582032203674316
10.240272521972656
6.88134765625
22.544981002807617
27.870498657226562
8.788427352905273
19.03728675842285
7.941468715667725
15.062773704528809
7.502638339996338
11.364542961120605
14.662784576416016
13.002270698547363
9.936197280883789
15.889983177185059
5.484062671661377
6.959687232971191
19.86918067932129
15.69095516204834
9.948851585388184
6.866730213165283
10.067377090454102
20.33860206604004
9.214695930480957
13.206706047058105
11.576334953308105
16.043073654174805
5.017025947570801
9.128678321838379
8.185957908630371
14.762373924255371
9.153121948242188
10.792847633361816
11.529010772705078
7.061759948730469
9.056955337524414
20.045848846435547
22.548473358154297
11.125436782836914
6.805603981018066
19.885093688964844
12.092630386352539
10.173467636108398
22.52008056640625
8.958746910095215
10.510014533996582
13.004956245422363
13.4252290725708
14.713953971862793
7.557254314422607
10.696101188659668
12.782960891723633
8.097724914550781
6.793025970458984
8.628899574279785
12.253683090209961
8.21169376373291
14.875442504882812
7.653770446777344
4.786874771118164
7.122220039367676
6.191271781921387
7.010861396789551
25.993093490600586
7.873180389404297
7.094158172607422
15.296365737915039
7.059423446655273
9.204421997070312
6.948760032653809
13.167004585266113
23.64642333984375
8.072783470153809
23.6326847076416
6.2171783447265625
8.78199291229248
11.043492317199707
9.3029146194458
6.2613630294799805
24.372299194335938
8.682050704956055
3.9568142890930176
15.105131149291992
7.844346523284912
10.405685424804688
7.124190807342529
4.302303314208984
7.240713596343994
21.772724151611328
16.944093704223633
20.059226989746094
9.796504020690918
7.544534683227539
7.4491496086120605
22.66775894165039
6.0637640953063965
29.85027313232422
14.92053508758545
12.360064506530762
10.382472038269043
8.520613670349121
10.53586483001709
10.210334777832031
11.92241382598877
19.044878005981445
7.243265628814697
13.741140365600586
9.573835372924805
11.711027145385742
8.103384971618652
7.605534553527832
7.903834342956543
6.574713706970215
5.889376163482666
20.359821319580078
12.153327941894531
9.412111282348633
8.311067581176758
10.448392868041992
9.991856575012207
10.187336921691895
7.058012962341309
9.052603721618652
9.754923820495605
12.10340690612793
28.124353408813477
8.091693878173828
20.743986129760742
10.43304443359375
8.995268821716309
19.145139694213867
8.989630699157715
7.924337387084961
13.61977481842041
8.532115936279297
9.252857208251953
9.528810501098633
15.362947463989258
17.38188934326172
11.751421928405762
7.458105564117432
14.424290657043457
9.26348876953125
11.596872329711914
11.492149353027344
13.772420883178711
10.082536697387695
18.87055778503418
11.868514060974121
9.479039192199707
12.067811012268066
14.992138862609863
6.594013690948486
6.74211311340332
11.104269981384277
15.577877044677734
6.911652088165283
24.635108947753906
11.945782661437988
5.422360897064209
6.1735148429870605
14.939997673034668
13.186976432800293
8.80810260772705
15.153589248657227
22.64250946044922
6.543450355529785
8.43588924407959
8.181851387023926
10.09903335571289
12.923834800720215
6.524072647094727
22.82678985595703
10.52931022644043
8.65244197845459
6.6441731452941895
14.5370454788208
6.964852809906006
8.771687507629395
5.4151611328125
9.90701675415039
13.902142524719238
12.821370124816895
13.582592964172363
8.318946838378906
8.819660186767578
12.947521209716797
14.257004737854004
7.795194149017334
12.239959716796875
6.156320095062256
6.535597324371338
7.349678993225098
19.750459671020508
9.955195426940918
10.692543029785156
6.519981384277344
6.866739749908447
14.149670600891113
9.95201301574707
9.3121919631958
11.887359619140625
9.74923038482666
11.64785385131836
13.07465934753418
11.471104621887207
9.806694984436035
20.791053771972656
10.96037769317627
15.714369773864746
14.754661560058594
17.434389114379883
21.86970329284668
7.725773334503174
16.010250091552734
8.39334774017334
12.00346851348877
11.116155624389648
11.22427749633789
7.312310695648193
8.576619148254395
11.16279125213623
14.402233123779297
25.820940017700195
12.61401653289795
12.672025680541992
11.885741233825684
8.802265167236328
9.098434448242188
10.296845436096191
6.698908805847168
4.834851264953613
25.625038146972656
15.401365280151367
6.813351631164551
12.157368659973145
12.199207305908203
4.911884784698486
10.667180061340332
13.88918685913086
10.2236909866333
12.917520523071289
6.65510368347168
7.450037956237793
8.936071395874023
4.751687049865723
8.344056129455566
10.347616195678711
8.453723907470703
8.038010597229004
11.186955451965332
16.619421005249023
11.530272483825684
7.958658695220947
11.013813972473145
11.04189395904541
13.338260650634766
8.036774635314941
19.34771156311035
5.236198425292969
10.817983627319336
10.160971641540527
11.803803443908691
12.5225248336792
11.777371406555176
9.206450462341309
13.398154258728027
10.474457740783691
18.953720092773438
6.385798454284668
9.452705383300781
15.375372886657715
10.953742980957031
19.7731990814209
8.821686744689941
15.988526344299316
9.42615795135498
7.119227886199951
4.687624931335449
13.345403671264648
7.824338436126709
7.889337062835693
15.247139930725098
10.321493148803711
16.582210540771484
10.460277557373047
13.416061401367188
25.941007614135742
17.73564910888672
15.220438003540039
15.326361656188965
9.87293815612793
11.979602813720703
25.17864418029785
14.844295501708984
10.877701759338379
15.822620391845703
6.1460418701171875
8.102544784545898
21.33666229248047
8.265998840332031
9.17656135559082
27.519908905029297
20.374494552612305
15.60552978515625
6.210508823394775
21.983762741088867
10.219559669494629
6.593653678894043
9.385252952575684
16.161542892456055
5.4007673263549805
10.483123779296875
8.421506881713867
6.58680534362793
9.499730110168457
6.786596775054932
9.076600074768066
11.044411659240723
10.886582374572754
26.27869415283203
17.973960876464844
7.280607223510742
11.992195129394531
13.642313003540039
11.138895034790039
9.535240173339844
10.700201034545898
6.671307563781738
15.603799819946289
6.112123012542725
9.3605375289917
21.053586959838867
11.124565124511719
9.906343460083008
9.678098678588867
23.183757781982422
8.84819221496582
10.755616188049316
11.01331615447998
9.185173034667969
8.313946723937988
11.356284141540527
9.927042007446289
6.103220462799072
10.257397651672363
28.200578689575195
14.169766426086426
16.67414093017578
10.615196228027344
15.051718711853027
6.817868232727051
9.14240550994873
4.157907485961914
11.088358879089355
15.614514350891113
17.583436965942383
16.531566619873047
21.62974739074707
7.65563440322876
14.714446067810059
11.123595237731934
11.255867958068848
5.7379536628723145
10.278565406799316
7.876124382019043
11.875094413757324
15.252334594726562
7.687593460083008
14.100472450256348
14.294590950012207
5.230897903442383
6.43259859085083
13.464563369750977
9.024532318115234
10.552484512329102
11.45854663848877
13.332157135009766
10.62036418914795
10.391727447509766
6.974864482879639
8.763883590698242
6.9401068687438965
6.135847091674805
14.780014038085938
8.87289810180664
8.59704303741455
29.388137817382812
7.324997425079346
4.978769779205322
14.459551811218262
6.360785484313965
7.397764682769775
5.576307773590088
5.240156173706055
8.954988479614258
6.452109336853027
11.881134986877441
12.976337432861328
12.726106643676758
17.719139099121094
23.499670028686523
10.306465148925781
7.902188301086426
6.754365921020508
21.393165588378906
13.892069816589355
10.937093734741211
10.05384635925293
15.604048728942871
6.291017532348633
5.636111736297607
10.304192543029785
14.713847160339355
9.720178604125977
10.436634063720703
8.316933631896973
26.099441528320312
8.79708480834961
8.481477737426758
10.093646049499512
10.519947052001953
7.181621551513672
11.435042381286621
10.9125394821167
10.026369094848633
21.014564514160156
18.42070960998535
17.970766067504883
6.7734246253967285
8.695076942443848
16.015836715698242
22.908857345581055
10.282745361328125
7.346850872039795
13.88797378540039
26.658370971679688
9.525447845458984
8.332555770874023
12.871745109558105
10.407224655151367
10.266303062438965
13.423087120056152
5.564256191253662
9.442678451538086
8.288270950317383
11.85864543914795
10.19210433959961
7.602444171905518
13.293270111083984
9.997553825378418
6.765814304351807
6.588677406311035
9.752928733825684
9.17413330078125
21.503433227539062
16.90978240966797
7.137639045715332
10.953248977661133
8.051233291625977
11.683182716369629
6.4966278076171875
12.724732398986816
17.08942985534668
17.293819427490234
11.654765129089355
9.60621166229248
8.027484893798828
7.273621559143066
14.429350852966309
5.566546440124512
8.191303253173828
12.125187873840332
12.135357856750488
7.2382330894470215
18.079648971557617
9.252548217773438
9.73692512512207
14.873126029968262
6.623413562774658
11.9794340133667
6.827428340911865
9.991369247436523
10.431656837463379
10.465994834899902
10.67359733581543
9.381230354309082
11.674461364746094
15.686737060546875
12.681206703186035
8.182674407958984
5.606947422027588
11.268003463745117
11.975090980529785
17.71797752380371
10.88623046875
18.063631057739258
5.2043070793151855
6.884024143218994
9.906938552856445
15.244986534118652
8.477194786071777
15.713683128356934
17.899232864379883
8.681846618652344
5.296021461486816
18.688884735107422
7.8566575050354
15.329225540161133
29.1070556640625
7.082809925079346
9.406704902648926
15.333966255187988
10.559160232543945
19.07516098022461
23.4968318939209
8.662503242492676
11.534432411193848
6.528496265411377
17.203433990478516
10.03735065460205
15.19017505645752
10.48816967010498
13.761076927185059
12.590865135192871
6.924012184143066
17.44588279724121
20.497560501098633
12.09798812866211
7.964893341064453
16.507822036743164
11.61396312713623
33.15877151489258
10.106011390686035
10.121807098388672
18.802907943725586
9.783663749694824
12.781885147094727
8.198640823364258
21.555747985839844
12.879816055297852
6.567733287811279
12.209774017333984
13.156500816345215
12.0022611618042
19.392852783203125
11.66093921661377
8.005599021911621
16.56825065612793
6.278679370880127
15.562654495239258
8.19945240020752
5.928347110748291
15.135838508605957
4.281731128692627
9.63664722442627
12.799808502197266
19.130630493164062
10.197193145751953
12.036210060119629
17.576801300048828
13.927839279174805
11.835689544677734
8.229901313781738
20.79278564453125
10.155031204223633
10.057953834533691
28.907691955566406
16.278871536254883
6.9566850662231445
10.31978988647461
10.438733100891113
9.331286430358887
9.567239761352539
12.551675796508789
11.786028861999512
7.352858543395996
8.139508247375488
5.119287490844727
19.522314071655273
7.828619003295898
7.012560844421387
12.649741172790527
11.3725004196167
17.666189193725586
9.365612030029297
15.716377258300781
7.83953332901001
10.147963523864746
4.601528167724609
10.702942848205566
6.28521203994751
4.594024658203125
9.486113548278809
6.991902828216553
8.071734428405762
7.900468826293945
9.107307434082031
9.937170028686523
10.802133560180664
7.8690948486328125
11.316522598266602
14.874236106872559
9.377217292785645
5.852691650390625
16.215883255004883
10.234610557556152
7.285152435302734
10.3779935836792
6.466927528381348
8.329520225524902
6.25813102722168
6.781402587890625
6.510959148406982
9.445971488952637
12.457087516784668
7.089730262756348
8.675054550170898
12.259015083312988
6.010958671569824
30.79349136352539
23.143274307250977
6.941118240356445
7.347870349884033
10.651394844055176
8.489179611206055
9.086241722106934
11.488130569458008
16.207447052001953
7.777045249938965
7.949547290802002
7.948498249053955
6.541522979736328
20.824085235595703
12.044384002685547
6.611896514892578
6.648998260498047
11.144268989562988
5.068024158477783
18.061635971069336
5.918972492218018
5.132540702819824
6.796516418457031
7.089502334594727
11.831734657287598
7.823474407196045
12.822953224182129
9.275956153869629
14.631562232971191
12.467450141906738
13.833429336547852
23.09755516052246
6.849850654602051
22.063629150390625
19.78864860534668
8.5178804397583
7.108788967132568
6.965015888214111
10.457178115844727
7.500914096832275
11.663082122802734
12.261842727661133
9.932974815368652
21.310184478759766
14.36102294921875
7.831706523895264
27.28168487548828
20.50853729248047
10.864744186401367
8.212945938110352
11.009441375732422
5.6008734703063965
9.18401050567627
18.308225631713867
5.12893009185791
5.089458465576172
10.078202247619629
10.040689468383789
14.917243003845215
11.989860534667969
6.6550164222717285
8.523262977600098
20.130985260009766
8.628447532653809
16.8454532623291
16.277599334716797
9.037921905517578
17.639408111572266
8.81945514678955
8.268142700195312
7.405727386474609
7.020097732543945
14.09053897857666
22.645784378051758
9.014300346374512
10.819498062133789
10.084564208984375
17.535600662231445
6.365056991577148
10.284299850463867
9.079132080078125
12.644076347351074
5.812122344970703
11.543201446533203
12.326560020446777
14.485030174255371
13.074883460998535
8.801178932189941
8.526017189025879
9.470878601074219
7.963476657867432
4.424415588378906
14.41823959350586
8.895232200622559
6.693295478820801
5.644041061401367
6.888014793395996
14.195733070373535
10.203214645385742
7.706737518310547
8.649970054626465
5.324876308441162
7.017708778381348
4.794085502624512
7.590520858764648
26.070459365844727
14.011007308959961
19.737693786621094
7.1592183113098145
14.84788703918457
11.089720726013184
13.544903755187988
13.683521270751953
44.72130584716797
13.044966697692871
33.394535064697266
13.03979206085205
6.7480034828186035
18.372095108032227
15.185032844543457
9.120234489440918
6.283799648284912
9.418557167053223
30.103628158569336
4.824474811553955
6.424242973327637
8.440463066101074
11.328645706176758
10.823698043823242
6.583416938781738
10.226990699768066
18.753746032714844
10.883447647094727
9.805119514465332
13.336298942565918
8.196415901184082
14.488473892211914
16.91433334350586
8.01958179473877
10.622618675231934
6.953455448150635
14.1824312210083
6.142562389373779
4.481396198272705
8.398977279663086
11.733139038085938
16.927658081054688
13.560757637023926
11.97023868560791
8.75711441040039
10.18056583404541
9.917391777038574
5.193301677703857
24.995243072509766
11.251919746398926
10.995254516601562
12.464319229125977
10.298542976379395
13.411952018737793
12.54662799835205
7.233597278594971
13.70488452911377
33.046661376953125
7.845709800720215
11.72385025024414
18.50385093688965
15.728594779968262
8.496914863586426
13.642511367797852
13.80479621887207
14.18918228149414
17.9317569732666
11.157361030578613
9.964219093322754
6.909501552581787
22.56159019470215
10.780133247375488
4.817499160766602
13.257481575012207
7.396246910095215
14.653961181640625
10.28799057006836
6.766330718994141
6.075675964355469
25.82088279724121
15.380411148071289
7.024542331695557
8.202178001403809
27.62462043762207
7.457117080688477
6.329342365264893
10.306907653808594
15.759356498718262
17.65074920654297
15.841500282287598
11.795610427856445
8.355588912963867
10.036542892456055
4.281678676605225
6.143206596374512
4.729540824890137
20.645246505737305
8.198293685913086
11.574398040771484
9.046234130859375
8.505125999450684
10.706798553466797
10.289716720581055
12.753556251525879
8.706788063049316
14.180339813232422
11.064967155456543
12.557398796081543
5.756985664367676
9.120326042175293
11.63333797454834
20.40038299560547
23.478565216064453
10.848237037658691
24.964378356933594
5.791457176208496
13.097786903381348
15.204657554626465
9.163466453552246
23.982620239257812
34.64393997192383
17.34772300720215
8.463046073913574
7.012979984283447
13.592936515808105
4.304696083068848
9.81800651550293
25.300861358642578
6.5183634757995605
8.775861740112305
10.547218322753906
6.087230205535889
9.146191596984863
10.223298072814941
9.721098899841309
22.476119995117188
12.488119125366211
7.240507125854492
6.461705684661865
10.17208480834961
16.347476959228516
13.73654556274414
6.226153373718262
13.870540618896484
12.395347595214844
13.148344993591309
6.3293681144714355
9.73625659942627
15.72193717956543
7.638805389404297
11.512246131896973
21.095964431762695
25.45528793334961
9.237998008728027
6.883449554443359
5.514896392822266
8.528963088989258
9.55262279510498
12.707664489746094
28.666208267211914
12.044580459594727
6.286038398742676
9.705110549926758
25.288728713989258
14.389396667480469
21.11423683166504
14.626916885375977
12.378373146057129
25.555728912353516
12.640875816345215
6.126842021942139
10.963730812072754
13.417908668518066
7.980208396911621
11.131904602050781
8.812586784362793
12.243769645690918
12.197042465209961
25.293529510498047
8.35108757019043
20.887887954711914
10.10915756225586
7.719223499298096
15.355069160461426
5.78018856048584
13.73575210571289
19.289392471313477
7.284049987792969
16.317214965820312
15.040938377380371
17.253807067871094
20.385061264038086
6.620308876037598
10.831779479980469
15.351351737976074
36.4114990234375
26.901113510131836
21.661617279052734
29.84113121032715
13.579639434814453
26.1065616607666
17.359941482543945
12.378888130187988
8.887190818786621
28.067245483398438
10.991209983825684
10.001618385314941
7.1763176918029785
8.338948249816895
16.183517456054688
7.0915093421936035
6.954871654510498
11.016088485717773
15.47697639465332
7.135007858276367
9.298057556152344
6.221559047698975
47.4067497253418
28.57914161682129
23.21477508544922
9.543191909790039
9.133781433105469
7.100992202758789
11.96845817565918
20.87464141845703
14.735397338867188
5.595404624938965
6.928845405578613
25.229576110839844
6.948951721191406
8.98257064819336
16.14467430114746
49.55857467651367
8.111440658569336
12.328876495361328
14.160027503967285
5.124356269836426
9.229349136352539
20.052886962890625
7.342084884643555
21.611879348754883
28.156368255615234
12.12584400177002
9.203319549560547
9.62131404876709
6.566685676574707
13.921916961669922
4.873399257659912
15.606319427490234
10.410491943359375
4.789338111877441
15.218446731567383
6.441438674926758
6.61452579498291
15.230692863464355
6.2103590965271
13.698107719421387
23.119630813598633
17.95223045349121
11.938973426818848
18.016742706298828
9.584508895874023
6.384335517883301
22.377376556396484
23.26215362548828
7.183384418487549
16.743070602416992
11.896574974060059
11.420011520385742
3.441418409347534
10.6840181350708
17.14008331298828
19.81140899658203
6.883766174316406
15.266989707946777
5.41868782043457
22.523401260375977
5.983457088470459
8.26538372039795
32.02607727050781
6.8149847984313965
5.990221977233887
15.071568489074707
9.566757202148438
19.502944946289062
10.186342239379883
20.347185134887695
11.928349494934082
8.463101387023926
9.802264213562012
11.98837947845459
9.544288635253906
7.176480293273926
10.465327262878418
9.616018295288086
12.471270561218262
5.16350793838501
11.927663803100586
6.7726359367370605
13.880566596984863
24.12515640258789
23.423152923583984
15.979852676391602
10.798628807067871
26.900806427001953
6.021730422973633
31.3398494720459
6.148067951202393
12.545792579650879
12.68768310546875
7.528470039367676
7.88640022277832
11.372018814086914
9.708836555480957
10.55008602142334
7.94251823425293
8.788384437561035
4.982820510864258
7.624478340148926
9.96690845489502
9.484071731567383
31.469457626342773
15.924407005310059
21.071170806884766
24.338130950927734
15.357736587524414
10.290913581848145
9.986956596374512
10.872296333312988
11.239130973815918
6.2479472160339355
15.935283660888672
4.710264682769775
30.60514259338379
8.862518310546875
13.37282943725586
11.609898567199707
7.460621356964111
10.832987785339355
13.74980354309082
14.529013633728027
17.168771743774414
8.587815284729004
11.055370330810547
14.337053298950195
10.609010696411133
23.671300888061523
15.828766822814941
7.606799125671387
21.601951599121094
9.889370918273926
15.98973560333252
8.27893352508545
9.453166961669922
7.147773742675781
7.475945949554443
9.48343563079834
6.182398796081543
6.9270124435424805
12.232609748840332
8.836881637573242
12.411419868469238
13.573516845703125
6.673242092132568
5.197597503662109
20.134164810180664
16.44768524169922
15.212506294250488
11.564055442810059
8.735593795776367
10.498455047607422
18.389949798583984
13.447421073913574
9.354443550109863
16.721233367919922
17.681251525878906
11.788593292236328
5.985061168670654
10.66320514678955
11.525347709655762
8.782820701599121
18.640737533569336
7.879486083984375
12.980293273925781
6.234529495239258
7.461934566497803
11.681102752685547
15.206221580505371
9.596779823303223
10.134564399719238
11.433099746704102
10.586837768554688
5.4018049240112305
15.437503814697266
13.408089637756348
6.09556245803833
4.7852606773376465
7.610080718994141
18.290699005126953
9.847607612609863
4.679801940917969
6.2946953773498535
19.96186637878418
5.082892894744873
25.863006591796875
9.861153602600098
10.467455863952637
6.242954254150391
12.032938957214355
11.35174560546875
23.363645553588867
14.171103477478027
14.083224296569824
10.350993156433105
17.02608871459961
10.333513259887695
8.285788536071777
14.547216415405273
6.858540058135986
16.370983123779297
10.855518341064453
9.019083023071289
11.346675872802734
7.994739055633545
12.811234474182129
9.58813762664795
4.2439866065979
6.911599159240723
9.244199752807617
24.107181549072266
13.928936004638672
5.453319549560547
10.873422622680664
10.315642356872559
6.91701078414917
8.218986511230469
17.657947540283203
10.991236686706543
10.683159828186035
10.808576583862305
7.450040817260742
9.734526634216309
18.380237579345703
10.437108039855957
14.09485149383545
7.464206218719482
8.195343971252441
16.444416046142578
7.776304244995117
5.986786842346191
17.35033416748047
6.419404029846191
6.5739288330078125
10.328372955322266
7.739398002624512
9.96531867980957
24.395885467529297
9.58423900604248
6.398727893829346
11.719680786132812
5.238326072692871
5.291936874389648
14.490547180175781
12.08057689666748
7.592021942138672
11.945556640625
14.464797973632812
15.08993911743164
13.963845252990723
18.283384323120117
6.273419380187988
16.395950317382812
5.296461582183838
11.485224723815918
11.233512878417969
6.912039756774902
15.046878814697266
9.959126472473145
18.06447410583496
8.9229097366333
12.410802841186523
23.357765197753906
9.419304847717285
8.991436958312988
9.731330871582031
7.294895648956299
15.04420280456543
15.842076301574707
13.225096702575684
6.509799480438232
8.098363876342773
28.092166900634766
11.754229545593262
4.493312358856201
8.522768020629883
49.638057708740234
5.26308536529541
9.648346900939941
11.731496810913086
12.171380043029785
15.283086776733398
10.953248023986816
6.84022331237793
7.034514427185059
15.29208755493164
14.463074684143066
9.482925415039062
7.3306074142456055
9.639336585998535
5.391669750213623
6.1477813720703125
9.831077575683594
13.712980270385742
4.439029216766357
6.058708190917969
11.757328033447266
8.16556453704834
6.361744403839111
10.127190589904785
20.8311824798584
4.7104411125183105
23.19325828552246
11.7181978225708
11.716495513916016
5.043682098388672
10.20664119720459
20.854219436645508
18.91864585876465
7.407997131347656
8.44240951538086
10.042779922485352
9.267097473144531
5.863710403442383
13.249465942382812
5.790162563323975
8.793960571289062
14.524514198303223
9.570860862731934
16.718982696533203
10.938057899475098
7.61117696762085
6.865641117095947
13.355445861816406
9.580079078674316
8.273082733154297
17.12025260925293
25.18476104736328
17.093908309936523
13.715271949768066
8.119097709655762
13.219117164611816
18.75446891784668
6.580669403076172
