53175.15625
56448.31640625
52301.4375
59863.31640625
58934.84375
46038.00390625
65863.625
52519.69140625
47085.8203125
89270.3984375
59639.9609375
67766.171875
74068.46875
50277.3828125
54471.3046875
58836.34375
36702.52734375
75316.4453125
70864.2734375
80154.46875
79685.734375
68344.03125
95647.8671875
120601.859375
105290.5234375
98955.046875
101695.171875
119329.0703125
96486.7265625
97079.6015625
124520.484375
105795.7734375
108995.03125
113951.59375
138109.3125
126089.5078125
106235.703125
86374.8828125
104436.203125
89059.5
75454.1796875
103481.8515625
73615.359375
79886.8984375
76361.7578125
77627.375
77554.9765625
85478.3984375
75611.484375
59446.56640625
70000.6015625
80852.5546875
52132.47265625
69756.765625
81826.65625
64363.72265625
55265.296875
56385.4609375
76338.0390625
52642.61328125
53117.109375
60444.9609375
67875.515625
88897.8671875
67170.59375
56030.5546875
58266.0234375
59815.64453125
68800.171875
79681.9453125
76080.484375
69082.9609375
80433.7578125
67014.828125
41248.83984375
59258.046875
46444.58203125
72540.859375
62130.83203125
55980.6484375
61527.55078125
70294.5078125
64106.53515625
80642.8046875
73488.9609375
59226.98046875
95782.765625
97301.6953125
122518.796875
117015.8359375
87466.7890625
94159.2109375
120311.140625
101618.8828125
115759.96875
98302.328125
92464.4453125
115211.546875
116946.03125
99092.3046875
107260.0703125
99766.078125
107749.3984375
129612.1640625
112619.796875
102177.1328125
101688.5
109497.09375
95209.6015625
99232.734375
89047.65625
92526.4453125
126162.96875
89293.5078125
83340.203125
100319.96875
92139.828125
125389.3828125
86678.2421875
84030.6328125
78522.5703125
96903.203125
86187.0703125
88007.53125
86664.40625
91478.3046875
94151.8046875
101425.265625
85385.9140625
95843.109375
72748.4140625
72059.8046875
93189.8515625
110170.484375
107124.59375
91623.453125
68069.3359375
104581.71875
105490.421875
96109.96875
99002.1953125
77425.4609375
89392.3359375
88437.7265625
73861.859375
105345.4375
91075.1796875
88112.390625
84997.390625
94488.96875
95852.84375
107444.046875
111499.1796875
105586.3515625
81140.9140625
94635.1875
78286.2109375
111597.328125
88704.40625
97265.1171875
108339.359375
98629.78125
102091.7734375
100847.8515625
102826.109375
108318.1328125
91367.546875
97048.1640625
84284.34375
115809.1171875
117329.046875
108442.5078125
94429.078125
103152.9609375
109309.8828125
103590.546875
137702.609375
127871.2109375
135293.921875
114729.9921875
122733.4609375
127378.53125
127304.8984375
123664.40625
127666.828125
110468.7421875
148474.5625
128083.1171875
119294.796875
124616.0234375
124313.2421875
121574.65625
96611.125
102604.8984375
103101.9375
98299.4921875
88137.2890625
107647.484375
108672.5078125
98362.953125
111810.203125
103465.8984375
97611.7734375
92105.5234375
88178.2109375
107311.4609375
110426.1875
83205.1796875
85116.15625
113525.2890625
95723.4140625
107665.7734375
94060.421875
97375.0703125
106144.5078125
95719.7890625
94552.71875
88792.4609375
109833.4140625
85826.8671875
96105.3515625
99602.046875
111157.8984375
99560.9453125
108942.609375
117934.6328125
94341.6328125
109394.5078125
113189.8515625
86798.375
95537.3203125
72978.109375
98289.1640625
112736.9921875
86377.1640625
107627.4140625
100273.9375
84523.71875
106937.828125
76371.875
75182.0859375
83632.46875
82736.96875
69043.8671875
72893.5078125
90569.828125
80935.8671875
80969.203125
79771.96875
88498.734375
73012.28125
88501.3359375
93090.28125
61934.09375
91008.3046875
83067.6953125
74367.203125
78569.4765625
53116.55859375
61182.7890625
87963.328125
74637.5078125
94682.4765625
79965.671875
86615.5703125
87339.421875
73135.640625
61389.34375
74645.078125
79195.640625
64472.265625
88645.0625
86160.765625
65928.8984375
81502.6953125
62876.86328125
68977.9453125
71230.9453125
73231.78125
67348.3359375
71891.890625
73902.8515625
70177.5859375
63124.59375
71884.5859375
69521.9609375
69813.671875
74665.3515625
62305.5234375
80441.09375
82145.375
73872.0078125
69031.4375
66693.875
73962.0859375
61552.51171875
89733.3125
80248.7265625
65268.09375
65350.984375
82247.421875
70619.5078125
89659.15625
87492.2265625
95965.5078125
67208.5
65059.01171875
71560.90625
98289.578125
67817.828125
90064.0390625
78715.671875
92674.3515625
89859.828125
88221.1328125
91694.859375
84029.21875
85399.3046875
112426.265625
73029.828125
85629.8046875
106860.4140625
104865.6171875
97938.0859375
89233.703125
89887.3359375
107465.640625
81309.46875
98928.734375
91941.0078125
80485.609375
88540.0703125
78345.1796875
72138.15625
92508.828125
54185.27734375
79640.7265625
93278.2734375
94812.7734375
102918.7734375
108564.8046875
101438.9375
104728.359375
96005.7734375
112681.5078125
82203.4140625
78299.4453125
86928.9375
92948.3515625
69690.921875
71863.1484375
72682.046875
94426.1328125
80068.1640625
73113.1796875
70689.25
56380.5703125
71146.640625
76029.8828125
64833.64453125
68194.7265625
91378.859375
86080.21875
65960.6953125
79023.09375
79809.8203125
66318.0546875
74572.96875
62633.7734375
58261.98046875
57493.87109375
60062.859375
63615.1875
56598.94140625
62100.41796875
62637.828125
67258.03125
73853.921875
58524.86328125
104819.75
90558.4140625
74660.890625
71746.6171875
70929.7109375
75289.8359375
82120.484375
57278.50390625
75591.1328125
79186.828125
53452.9609375
69882.1015625
80307.7265625
75869.859375
64803.76171875
89363.0078125
79712.96875
60733.26171875
73341.1484375
62406.453125
88612.2890625
88596.6875
90063.8671875
83726.9765625
86004.40625
83114.6796875
111812.7734375
73099.703125
74686.09375
72413.4453125
81104.75
87128.703125
97331.0390625
78028.328125
78801.546875
90583.03125
117744.9140625
102621.859375
89778.9765625
111322.9921875
83791.03125
84073.546875
84149.765625
89125.9375
74771.0546875
85219.5703125
96472.421875
83764.7734375
110709.421875
86961.0234375
82382.2421875
101942.1640625
72938.6953125
88485.2890625
70084.015625
61425.484375
80153.65625
91909.234375
94257.2421875
89024.3515625
78193.140625
83342.5546875
64038.27734375
89507.359375
89314.28125
87419.9453125
59156.37109375
68324.921875
88002.0078125
82527.9375
69901.421875
68085.40625
74268.5234375
61832.75390625
65355.94921875
73678.9453125
67611.4375
66329.3359375
62464.734375
54864.88671875
66327.9765625
73624.234375
80595.25
68969.796875
89543.046875
82628.9453125
80494.015625
80785.734375
75159.4453125
76532.4453125
79598.1328125
87692.8984375
78290.453125
87917.4765625
74858.5703125
88328.9609375
70585.5703125
83375.6953125
74392.7421875
53258.484375
89983.015625
78885.703125
60929.75390625
73790.3359375
70543.640625
77841.5859375
66860.8125
48531.22265625
72880.140625
57427.1640625
74522.984375
64898.73046875
76858.1171875
75479.8984375
64703.7734375
88215.4375
80929.8046875
71044.3671875
83197.4140625
87884.546875
91635.65625
83857.046875
78787.40625
76192.53125
96545.9140625
79951.359375
70898.5859375
95300.2734375
89355.4609375
77174.0703125
90167.40625
75945.484375
87061.5
79545.1640625
78902.640625
81361.8359375
71239.7421875
66811.0390625
63663.80859375
93932.6796875
72105.609375
80901.15625
81955.9765625
74722.359375
64680.51171875
83447.5859375
52844.66796875
66965.5
61490.37109375
64633.7109375
51079.21484375
61895.14453125
76654.828125
46109.1640625
55480.015625
65618.828125
67275.359375
69849.5078125
73808.375
55886.046875
61634.1328125
62325.2421875
52358.03515625
50233.96875
74916.4453125
50443.25
64779.953125
65691.84375
47857.50390625
69842.3203125
76382.4296875
58921.265625
74756.953125
70416.9765625
77970.5
52546.58203125
66481.5546875
62751.828125
83007.6796875
82338.6015625
84924.515625
82096.1484375
71243.859375
84709.578125
75154.984375
89227.03125
80693.1171875
87791.609375
105710.65625
77865.828125
87879.296875
94019.1796875
99083.5625
77658.7265625
86165.5703125
73159.875
115953.59375
91302.96875
101088.4375
81359.328125
88741.8359375
96117.421875
102231.40625
93393.9375
87926.5078125
100765.9765625
83120.0703125
82471.9375
89896.671875
102220.515625
97354.6328125
100832.984375
85543.3359375
101273.9296875
112376.078125
107035.4609375
98979.6953125
96164.609375
93643.34375
93329.0703125
99954.8984375
111334.4609375
71411.7265625
89119.75
81921.59375
92187.875
80584.5703125
51029.5546875
82018.1953125
96532.7890625
73376.3359375
100624.59375
85136.6796875
94207.5546875
85817.890625
92558.21875
100725.4921875
81238.65625
81096.53125
96868.03125
86052.7109375
96640.34375
113762.15625
87296.0
85589.8671875
94399.4140625
110638.46875
90993.90625
93820.546875
89757.171875
83029.96875
79265.296875
73617.5546875
100922.328125
73613.140625
66879.5390625
71072.9140625
79326.0625
89752.5546875
76102.390625
71604.921875
82470.0
68207.4140625
69686.8203125
67784.25
53209.99609375
49866.53515625
52567.546875
67104.9765625
60761.5234375
74192.546875
61631.12109375
60248.03515625
57325.64453125
64221.75390625
64752.15625
62284.39453125
53091.765625
49691.15625
55991.77734375
61630.875
40521.03515625
52201.5234375
63666.0703125
72602.46875
59129.765625
34878.765625
35455.35546875
52648.4375
61981.546875
43531.125
42175.046875
57136.59375
54798.265625
47458.52734375
37169.34375
64716.73046875
48933.765625
37455.546875
47480.328125
56874.546875
47267.19140625
43193.75
40322.1953125
32121.98046875
50421.52734375
52046.734375
39602.0546875
39573.8125
48097.96875
54329.2421875
32681.056640625
45498.2421875
58274.87109375
35197.74609375
44945.9296875
31125.08984375
37771.54296875
33677.72265625
46367.21875
42134.828125
33045.45703125
48769.5078125
33092.44140625
45341.9453125
40594.5
63405.94921875
39222.6640625
24187.77734375
51124.44921875
38209.66796875
51145.15625
66245.8671875
38300.953125
55399.1796875
45607.82421875
47611.12109375
51409.01171875
53741.97265625
43845.3203125
47301.3828125
48509.4609375
44930.1953125
40785.52734375
68306.90625
47353.015625
57092.1328125
43814.94921875
48036.296875
43484.765625
41880.0703125
32982.19921875
40978.26171875
42598.36328125
51864.94921875
36850.640625
36279.546875
39047.9375
61094.31640625
44231.0
37079.640625
36317.47265625
36902.6953125
43464.25390625
49080.87109375
51232.26171875
51297.53515625
50729.7421875
40307.390625
62940.6796875
47376.0078125
40648.98828125
66294.4609375
48902.85546875
66472.0546875
56133.8515625
50842.97265625
60426.76171875
60590.64453125
59799.53515625
70694.890625
62640.31640625
56508.90625
54018.55859375
57911.546875
57777.7890625
42588.92578125
47077.70703125
44428.9296875
46771.77734375
36684.52734375
64784.38671875
39460.1015625
31559.1171875
57124.89453125
49099.3359375
33050.1796875
48070.22265625
51182.15234375
43702.1640625
48538.8046875
32575.2421875
43592.77734375
54862.65234375
35736.20703125
33418.43359375
42280.22265625
36915.48046875
44030.19921875
41759.85546875
34880.27734375
34604.5703125
40728.28515625
33439.0
44351.58984375
57576.39453125
35907.640625
34347.90234375
29715.5078125
38578.625
40072.3203125
53515.1796875
34887.6640625
48135.296875
57842.5390625
43539.0390625
54271.375
36984.1953125
44630.97265625
36853.65234375
44549.609375
46282.02734375
58517.70703125
36312.12890625
40662.79296875
45693.24609375
52671.578125
42182.109375
63092.47265625
49632.69140625
42309.62890625
45938.55859375
31386.26171875
62381.81640625
25635.083984375
44715.078125
27206.212890625
51078.30859375
60687.36328125
41300.6875
35854.9375
38992.75
41466.15234375
54996.7734375
34965.76171875
58959.9609375
42666.69140625
33248.9375
28590.990234375
42701.92578125
37157.890625
44872.9375
47159.03515625
52364.14453125
53408.7890625
39740.4375
41654.6796875
55446.28515625
40613.66796875
42414.7265625
41609.5546875
34939.765625
35205.66796875
30872.388671875
48297.02734375
35305.3359375
34560.01171875
25523.099609375
35500.578125
31120.017578125
50492.28515625
32949.5703125
31264.087890625
53111.81640625
37032.83203125
40972.4609375
33673.859375
43457.984375
39195.76171875
45470.90234375
39648.61328125
38196.9765625
45853.8515625
44564.31640625
24315.0390625
61323.94140625
34956.58984375
35573.5703125
32890.80078125
33905.70703125
43961.25
50805.1796875
36513.8203125
36813.859375
39763.234375
34511.19921875
54419.5390625
36020.390625
39524.4375
45198.23046875
35086.54296875
31939.865234375
32713.919921875
32276.921875
32702.4921875
37534.6875
33330.3828125
42144.01953125
36240.74609375
30957.349609375
28265.7578125
35812.6875
38161.95703125
50216.7734375
41461.16796875
47941.10546875
32590.42578125
23710.1640625
46191.51171875
44053.38671875
36216.09375
33768.015625
24192.6171875
28205.755859375
32062.236328125
54752.265625
25903.451171875
40908.44921875
25317.4375
23345.123046875
31462.89453125
44974.0625
25807.408203125
37486.02734375
32339.041015625
35357.125
34934.390625
46899.875
34242.6640625
43599.00390625
46797.75390625
41875.59375
25570.791015625
22569.10546875
29241.748046875
38136.33203125
42096.2734375
34889.3046875
51201.72265625
23912.251953125
41317.01171875
39792.12109375
31267.703125
29275.44140625
29097.9140625
36422.02734375
22214.400390625
37071.6171875
23373.47265625
35151.765625
49158.79296875
45272.90625
35611.98046875
48968.27734375
28048.208984375
40519.28515625
33719.609375
41488.33203125
34523.171875
41029.4921875
27135.52734375
44862.58203125
28938.8828125
38266.14453125
32942.98828125
56248.9296875
23930.115234375
36704.4453125
46567.13671875
35298.234375
33929.52734375
33172.05859375
27789.431640625
35667.59375
43548.390625
48547.72265625
33257.07421875
43042.05859375
44608.79296875
30998.990234375
27314.26171875
50358.22265625
27117.458984375
20796.154296875
32640.525390625
31341.505859375
32517.44921875
34836.3828125
39632.9140625
53591.33984375
37259.375
40204.90234375
34131.125
50447.64453125
39383.22265625
39226.91796875
43618.984375
49474.8046875
40375.2109375
43242.15625
34811.8359375
34872.00390625
42581.2109375
44954.39453125
39168.5546875
34450.8515625
42185.4453125
21345.568359375
30287.83984375
38723.10546875
27040.849609375
26825.056640625
36217.546875
33203.48828125
27585.80078125
48243.58984375
34404.125
33973.125
25925.38671875
24967.27734375
26533.501953125
39448.34765625
38753.45703125
32508.37109375
21809.666015625
35241.89453125
27586.7421875
32935.76171875
20629.001953125
34736.94140625
23972.1640625
31992.24609375
37195.63671875
32524.9921875
29556.46875
30051.71484375
35821.4453125
44806.33203125
37298.89453125
33085.5234375
39877.9296875
26706.685546875
19720.888671875
41655.08203125
33483.90625
30505.095703125
38662.44921875
23782.875
22678.826171875
26302.435546875
25549.720703125
35059.6796875
43619.02734375
23866.970703125
36481.36328125
26921.73046875
22890.388671875
19285.82421875
30607.990234375
33968.73828125
21762.4296875
33529.0625
27753.13671875
18500.298828125
32152.806640625
29888.568359375
17739.64453125
43664.70703125
15429.359375
26835.701171875
31859.181640625
26312.322265625
32627.80078125
40092.9921875
29330.294921875
26300.06640625
25705.095703125
34094.640625
23945.263671875
20549.01171875
71173.140625
43989.578125
35619.39453125
20718.5625
21542.083984375
30262.734375
26479.986328125
31216.197265625
32972.37890625
33663.8828125
36198.41015625
29367.046875
21677.3046875
36589.42578125
32914.9453125
24491.66796875
28199.13671875
20995.3046875
24162.337890625
23558.26171875
18669.611328125
22723.74609375
16692.158203125
25899.37109375
22503.62890625
24440.48046875
20839.65625
18047.65234375
29185.5625
16154.705078125
25989.77734375
25419.458984375
23318.12890625
26806.068359375
31393.623046875
15200.443359375
21304.615234375
27188.111328125
16320.5771484375
25342.046875
22287.8828125
33442.87109375
16835.01171875
26993.1875
29571.529296875
17459.65234375
19093.1328125
21970.65625
24578.533203125
20639.0625
15786.359375
22040.091796875
26367.85546875
20342.353515625
24770.8046875
27167.28515625
20410.146484375
24496.587890625
30470.859375
9980.548828125
27715.546875
29227.7578125
25467.638671875
18955.732421875
20061.1875
27537.67578125
22724.591796875
16772.794921875
18879.56640625
27082.587890625
24004.62890625
25774.099609375
24980.677734375
34419.9140625
28229.130859375
22907.86328125
29304.017578125
22500.251953125
26976.9140625
12779.607421875
23413.701171875
37602.80859375
23169.142578125
22860.619140625
24059.51953125
27185.578125
31391.63671875
24002.265625
22641.953125
16993.2890625
25057.24609375
18489.16796875
27771.083984375
28791.08984375
31555.6484375
19033.5
19850.20703125
24320.705078125
18711.5625
19795.486328125
28231.583984375
20370.794921875
13017.0908203125
15654.859375
26464.65234375
23477.6328125
26915.443359375
27631.669921875
26440.345703125
14829.9599609375
19498.13671875
16610.744140625
19945.833984375
21097.46484375
13957.8076171875
10489.6630859375
21541.30078125
15412.419921875
20713.4296875
21621.4921875
24328.33203125
15294.62890625
26003.81640625
22361.84765625
20314.291015625
19412.41015625
22516.625
17952.421875
25335.296875
27536.822265625
18269.091796875
21566.623046875
21618.001953125
20460.025390625
18092.546875
21231.37109375
24978.62109375
28783.783203125
33945.078125
20891.4921875
22560.349609375
19155.21875
19756.423828125
29314.2421875
27399.71484375
24821.697265625
22717.984375
29148.849609375
30573.89453125
25733.099609375
28393.4375
29809.6640625
16772.966796875
26353.828125
19206.44140625
24763.04296875
22145.03515625
17296.58984375
30039.115234375
18977.33984375
21597.126953125
27025.6484375
25427.408203125
15841.498046875
20535.044921875
19179.62109375
28401.9296875
26461.01171875
25565.95703125
15799.8154296875
29509.943359375
21573.73828125
24021.65234375
43803.484375
20618.0546875
12574.1484375
21617.587890625
27189.572265625
18948.490234375
34029.35546875
15128.220703125
19674.56640625
15304.587890625
18382.576171875
12687.875
19585.109375
25347.267578125
14201.12890625
18201.751953125
16490.806640625
15860.5859375
19974.67578125
17763.701171875
15076.2568359375
17372.2421875
20987.3125
21193.466796875
28727.279296875
21166.083984375
19616.03125
16357.185546875
18002.76953125
15611.1376953125
13313.2353515625
22475.919921875
23020.58984375
18350.216796875
23290.33203125
18576.609375
18337.01953125
21961.751953125
20045.84765625
20825.173828125
14907.9580078125
12770.650390625
29160.462890625
16592.205078125
21207.48046875
11742.36328125
11921.1005859375
14845.2666015625
27289.92578125
21656.595703125
20950.603515625
7628.400390625
18272.708984375
23419.888671875
17574.125
20573.19921875
10490.107421875
21708.228515625
26881.904296875
19214.548828125
14534.08203125
20530.638671875
31184.541015625
30780.6484375
20528.396484375
17243.423828125
11364.0361328125
16215.2216796875
21963.458984375
6573.66357421875
27563.404296875
13022.71484375
14469.1943359375
15955.130859375
16619.72265625
15038.2724609375
14647.921875
19625.78515625
14617.3955078125
10524.8681640625
12438.5
14543.7216796875
10515.3251953125
9439.0703125
18577.94140625
15700.2109375
14360.4384765625
12646.0458984375
12063.2587890625
17908.83203125
17670.822265625
11107.3935546875
16743.796875
18068.998046875
20565.65625
14127.8486328125
10978.8369140625
11320.9287109375
17764.056640625
16319.5849609375
16445.16796875
13554.5361328125
21007.91796875
22629.1328125
21595.513671875
17409.0234375
28712.46875
18041.51953125
11926.197265625
17040.701171875
18379.001953125
19288.919921875
30088.279296875
12832.2734375
18981.720703125
24690.71484375
21884.958984375
16330.3955078125
21178.986328125
14048.880859375
15054.58203125
25116.15234375
19833.3203125
26488.77734375
19921.3671875
22754.732421875
25590.73046875
23770.3984375
19661.544921875
32125.6640625
21261.1640625
32940.25
34065.38671875
21890.24609375
16486.056640625
26201.98046875
19771.794921875
18479.638671875
22602.630859375
24830.173828125
21849.416015625
20503.875
22370.08984375
29565.970703125
28253.09375
25019.880859375
27037.833984375
29656.21875
31530.849609375
28016.681640625
18316.533203125
23974.626953125
19419.791015625
36685.87109375
25780.267578125
37100.96484375
37012.9296875
22961.419921875
38817.51171875
27103.71875
36582.41796875
20624.16015625
28507.71875
32040.654296875
30884.376953125
32462.3984375
24324.58984375
16933.21484375
25493.451171875
30683.203125
43844.25390625
24032.0
28405.109375
28173.845703125
29856.28515625
25965.66015625
19582.216796875
26310.935546875
18653.083984375
27744.443359375
28641.603515625
15253.259765625
14065.642578125
29480.73046875
18044.8828125
27089.62109375
21591.46875
24946.859375
23337.4296875
25439.505859375
18115.5625
18191.521484375
18492.009765625
27482.01171875
17819.80078125
25903.255859375
22019.98046875
20011.826171875
15492.7099609375
20578.53515625
19306.04296875
26472.408203125
12362.4541015625
16052.1796875
22920.22265625
16609.96484375
17183.537109375
25153.447265625
29381.8671875
15523.31640625
23017.015625
15089.36328125
13313.57421875
20696.77734375
24473.81640625
18131.205078125
17114.720703125
11993.7978515625
17053.830078125
35668.6171875
17221.0703125
16874.67578125
24980.53515625
23199.857421875
18300.73046875
19140.271484375
13027.9541015625
18180.54296875
13080.6474609375
14070.0576171875
16368.9365234375
12135.7177734375
25760.44140625
25068.953125
10811.7802734375
10055.19921875
26302.451171875
19289.291015625
14395.9716796875
14446.1416015625
17968.986328125
16904.94140625
17108.5390625
11046.0087890625
10013.1357421875
12672.8095703125
13932.8466796875
11341.9189453125
12260.9580078125
15209.9296875
8944.6015625
17106.75390625
11905.4208984375
13952.7099609375
20222.013671875
13258.4658203125
11286.3818359375
9963.646484375
13989.490234375
17571.3125
15256.40625
13283.623046875
10067.9306640625
11911.6279296875
10751.2255859375
16536.6328125
7919.57373046875
7598.5224609375
11901.40625
11053.5146484375
10589.390625
16939.1328125
13427.2646484375
13043.2021484375
13489.033203125
18009.10546875
11746.587890625
16362.9384765625
11258.1015625
13399.9736328125
17423.16015625
12066.8408203125
19041.935546875
13733.0205078125
9164.6650390625
11213.369140625
13248.103515625
15045.93359375
15483.671875
11875.9580078125
14453.8154296875
19966.201171875
12343.5439453125
12881.0419921875
11282.0
11799.3125
13143.4404296875
11572.3017578125
14128.1669921875
13269.6962890625
10901.767578125
14080.755859375
11289.1064453125
15075.525390625
13027.8154296875
14747.6748046875
12317.0869140625
9016.923828125
11018.0498046875
11643.4931640625
14181.70703125
9287.89453125
13354.8671875
7638.59814453125
14095.916015625
16306.96875
16331.9931640625
16764.67578125
12340.6865234375
16597.396484375
22395.642578125
15222.330078125
11508.9892578125
11319.01953125
9411.888671875
10393.541015625
13676.83203125
8680.5703125
12447.884765625
12666.9853515625
9578.0048828125
8713.1201171875
12447.103515625
7185.6484375
11162.0947265625
11503.724609375
15100.8330078125
11938.271484375
10921.99609375
15675.6201171875
11305.970703125
8243.8359375
8903.5693359375
14241.94140625
11708.20703125
6635.45849609375
6059.7314453125
17125.111328125
6831.546875
4107.47412109375
14831.9765625
11594.37890625
11235.283203125
4420.79541015625
6362.63232421875
11135.794921875
8079.373046875
8048.18896484375
5778.17431640625
10428.66015625
10873.9208984375
8059.61865234375
6230.52294921875
18287.203125
6069.13427734375
21438.986328125
4253.755859375
8881.916015625
5910.0712890625
8045.67822265625
13233.5283203125
12418.3330078125
6758.15966796875
6552.1552734375
10215.50390625
6264.00244140625
7551.05322265625
4638.4130859375
7245.24609375
5743.451171875
6239.4091796875
5157.18017578125
3890.488525390625
10152.6474609375
4149.01220703125
5758.41943359375
5166.3251953125
3859.234130859375
5253.20947265625
8845.9755859375
9867.0654296875
9842.306640625
3218.558837890625
9235.857421875
3604.487548828125
5747.06689453125
8621.296875
12457.5966796875
6599.14599609375
7365.27392578125
4652.64208984375
12476.4638671875
20224.84375
5481.513671875
9290.7314453125
5569.5634765625
4867.8427734375
8226.8251953125
4081.546630859375
2869.869873046875
2932.86279296875
3629.682373046875
8870.888671875
2668.430419921875
6248.19140625
8033.59326171875
10419.7265625
8529.8291015625
9589.29296875
9306.9462890625
4770.73046875
6616.9716796875
2098.898193359375
2055.104248046875
1656.62109375
9472.0146484375
3718.297119140625
2621.029541015625
12476.791015625
3031.1298828125
4920.32568359375
7529.755859375
8644.1884765625
3168.7197265625
4728.87744140625
3447.98681640625
7456.5498046875
3345.512939453125
4463.955078125
3028.7255859375
7976.20166015625
2844.411865234375
7188.0615234375
1207.7144775390625
5399.3662109375
10763.1318359375
2055.672119140625
6461.62646484375
4411.4482421875
4277.9619140625
3945.073486328125
4783.4833984375
4079.0634765625
753.6062622070312
4525.1357421875
3833.072998046875
9613.201171875
2648.8095703125
4546.68505859375
4771.6513671875
4812.96826171875
4771.87158203125
4491.5869140625
6040.78857421875
4804.70166015625
4375.67041015625
9706.3759765625
5036.94384765625
2439.454345703125
9239.2890625
2399.18359375
9689.9765625
8442.1572265625
2145.831787109375
4953.5302734375
6764.10205078125
6603.15576171875
1994.6988525390625
9768.75
8093.3017578125
5794.57861328125
11261.3583984375
3752.769287109375
7009.96142578125
5960.33349609375
3781.916015625
6890.79248046875
2248.657958984375
11865.3134765625
2884.279541015625
4498.61279296875
7786.388671875
6267.39501953125
3231.58251953125
5901.88525390625
7572.16748046875
3471.97314453125
4326.21240234375
3897.5986328125
8978.8779296875
2617.855712890625
5493.51904296875
6997.4423828125
4732.84521484375
2237.991455078125
5545.638671875
6936.349609375
5660.77734375
2102.204345703125
1250.87841796875
6207.357421875
1812.1207275390625
3060.834716796875
10028.6630859375
4751.46337890625
1786.038818359375
1610.242919921875
1686.1043701171875
3351.169189453125
4093.398193359375
2461.5234375
5649.64111328125
4570.4951171875
5000.83447265625
4223.00732421875
6166.03955078125
5960.8115234375
3126.0615234375
1389.4691162109375
2329.181884765625
2793.763427734375
3649.6328125
4579.5791015625
8892.818359375
5869.080078125
10375.98828125
895.875732421875
6664.15576171875
2801.844970703125
1702.2242431640625
5943.140625
3782.852783203125
3656.960205078125
4931.453125
6551.6484375
3401.125244140625
1469.3033447265625
2740.31201171875
2199.207763671875
6862.10791015625
3505.904541015625
5842.90283203125
4586.578125
2828.234619140625
2967.060302734375
3639.94873046875
2009.263427734375
1224.6224365234375
1554.48486328125
2487.890869140625
4176.61669921875
1004.932861328125
7009.4541015625
4380.21484375
3643.06201171875
2168.65185546875
5123.1005859375
1944.71484375
3041.5869140625
7192.81396484375
2107.697509765625
2119.95751953125
3065.08056640625
4920.14013671875
2517.5869140625
4228.08203125
5783.86181640625
5238.16650390625
2840.29638671875
1723.4420166015625
4888.40234375
3222.884765625
1973.1727294921875
2285.904541015625
4224.845703125
2860.48046875
5864.384765625
9023.552734375
1307.133544921875
6209.5048828125
3326.08154296875
6093.30712890625
3747.13671875
5600.24853515625
1756.32373046875
2102.092529296875
5742.43017578125
2947.82666015625
5523.0126953125
1444.7471923828125
1206.71337890625
1515.09423828125
5150.72705078125
5760.78466796875
1496.9376220703125
1422.9019775390625
10577.2392578125
4929.6103515625
2393.759521484375
3264.488525390625
2121.166015625
1332.2703857421875
2552.601318359375
1458.1441650390625
2134.339599609375
2313.287109375
2909.98974609375
2543.001708984375
7697.7861328125
4084.279541015625
1917.5380859375
2759.794921875
977.4298706054688
970.221923828125
5568.19384765625
2410.24853515625
3061.23681640625
4145.85107421875
2836.699951171875
2949.958251953125
2004.4312744140625
2631.016357421875
3393.69873046875
2990.087646484375
1096.2071533203125
2552.434814453125
1421.2218017578125
2004.6201171875
1596.0859375
1671.9161376953125
1120.8841552734375
3963.22998046875
2616.130615234375
3468.2734375
8189.47998046875
5107.7666015625
1178.7540283203125
2540.364501953125
3271.583251953125
5154.341796875
5288.291015625
1331.9193115234375
4659.1220703125
2972.24169921875
2766.985107421875
818.8854370117188
6076.36669921875
4403.8720703125
1274.323974609375
10563.634765625
8498.005859375
2884.599365234375
4095.928466796875
838.4440307617188
2180.828857421875
6039.32470703125
6300.54150390625
1845.9688720703125
995.3776245117188
3616.61181640625
2724.3310546875
2892.661376953125
3680.9248046875
1257.3780517578125
7036.5576171875
945.3385620117188
1652.36279296875
2421.978271484375
1321.51904296875
1181.8519287109375
2655.21435546875
3089.28369140625
1686.118408203125
16028.7099609375
1236.5885009765625
6559.857421875
7784.28466796875
1078.7645263671875
772.5380859375
545.3516235351562
1644.5897216796875
3532.89306640625
5397.7900390625
1573.95654296875
4589.56787109375
5764.62060546875
1052.2811279296875
3594.6298828125
1993.5484619140625
4767.71484375
2390.037109375
2504.346923828125
6836.4736328125
3861.986572265625
2175.741455078125
2167.886962890625
2718.471435546875
1770.1199951171875
7102.48583984375
1084.822021484375
3433.498779296875
1041.4000244140625
1506.7236328125
1012.1823120117188
5714.99755859375
3274.219482421875
2387.493896484375
2065.53125
2667.158935546875
7856.69189453125
2152.307861328125
905.4965209960938
4111.76220703125
3633.75244140625
2531.27099609375
7205.37158203125
1898.3489990234375
7391.48828125
1081.3203125
1591.9456787109375
4813.69775390625
2438.44091796875
3250.605712890625
7151.43701171875
1472.9609375
5348.86474609375
3615.69580078125
4688.486328125
2828.345703125
1908.692138671875
4629.3818359375
2235.59033203125
702.3731689453125
2104.273193359375
3428.83447265625
1021.4827880859375
5232.0126953125
5359.44482421875
