19734.236591996287
23040.736591996287
18491.91843798383
18022.55020960034
19017.55020960034
17982.55020960034
19186.000832428268
18918.55020960034
19142.05020960034
20130.55020960034
19139.128573484217
20404.05020960034
18896.128573484217
17849.56433722931
20350.05020960034
19508.05020960034
20223.55020960034
19641.55020960034
17862.628573484217
19704.05020960034
19719.55020960034
20238.628573484217
20680.05020960034
22060.55020960034
19086.05020960034
19345.05020960034
19991.05020960034
18704.51450179606
19278.005984888514
19855.236591996287
23867.55020960034
19900.41843798383
20609.55020960034
17422.51450179606
21959.55020960034
19344.885348842028
18651.05020960034
19929.057958085952
19357.91843798383
23294.55020960034
17787.41843798383
24464.05020960034
25253.05020960034
22550.05020960034
18701.05020960034
19034.110327856917
21050.05020960034
17519.402354124853
20750.271693348757
19256.55020960034
19622.128573484217
21173.706689504812
17089.500357168738
24290.55020960034
20572.236591996287
20625.55020960034
20630.706689504812
20932.915375133853
21890.158556112827
21789.55020960034
22551.05020960034
25104.55020960034
19266.110327856917
22032.05020960034
23127.885348842028
20482.628573484217
21623.42725132534
21233.385348842028
19958.55020960034
21630.05020960034
23434.658556112827
22257.128573484217
18560.55020960034
17468.05020960034
25614.55020960034
24013.885348842028
26599.736591996287
18624.185878116994
22877.476407044986
20979.128573484217
23959.758666464975
25824.55020960034
23396.628573484217
19429.05020960034
20993.706689504812
24350.610327856917
20386.128573484217
21067.128573484217
21850.05020960034
25088.05020960034
21146.542343354617
22809.55020960034
17948.863598004533
17771.612270471145
21456.10960810106
22223.05020960034
21585.05020960034
22029.05020960034
19104.628573484217
23099.312901615463
25210.628573484217
24129.05020960034
23939.128573484217
23458.835948644984
24589.112270471145
22165.55020960034
26692.55020960034
21697.855283191562
24365.55020960034
24073.55020960034
25132.385348842028
22393.236591996287
22064.83434139906
19904.112270471145
19763.05020960034
24693.55020960034
21917.55020960034
20489.05020960034
20176.91843798383
23478.206689504812
20800.360339594597
20675.55020960034
26346.05020960034
20741.628573484217
25153.678591656677
21030.110327856917
17470.128573484217
25047.513230244465
19273.05020960034
18402.05020960034
20908.112274047002
22432.05020960034
20059.9247915479
21414.05020960034
25108.736591996287
19889.55020960034
17743.110327856917
19648.901972193933
22560.55020960034
18987.236591996287
17809.921173169743
17994.55020960034
18710.55020960034
26350.05020960034
23007.55020960034
19021.05020960034
17760.616027649547
17263.510006331555
21231.55020960034
20164.88551928672
19573.05020960034
20069.128573484217
20315.524135560834
20288.706689504812
20080.128573484217
18210.05020960034
20910.610327856917
18718.612274047002
20449.55020960034
24495.55020960034
19198.41843798383
18447.05020960034
22136.05020960034
19211.527605127558
21452.736591996287
20216.610327856917
20182.610327856917
21676.628573484217
19926.55020960034
24123.459697234288
19654.860339594597
18811.628573484217
21309.112274047002
18622.05020960034
21274.178591656677
20037.05020960034
21208.55020960034
19350.05020960034
20915.05020960034
19718.628573484217
23330.05020960034
19010.901972193933
24114.05020960034
21973.05020960034
23996.55020960034
19829.128573484217
20148.658556112827
22175.91843798383
20454.312901615463
23787.628573484217
19988.55020960034
23408.10960810023
23444.05020960034
19510.55020960034
21283.112270471145
22540.05020960034
19722.55020960034
23225.128573484217
22206.628573484217
21355.128573484217
20950.610327856917
20590.186693565185
21487.128573484217
21882.55020960034
19721.885348842028
21011.05020960034
22841.55020960034
20422.55020960034
22707.05020960034
24017.55020960034
21355.885348842028
20023.55020960034
22993.00598489129
19781.08242155963
22332.05020960034
20776.55020960034
19842.6709668696
22629.05020960034
22836.00598489129
19017.05020960034
23480.05020960034
25743.05020960034
19038.41843798383
18719.05020960034
21220.55020960034
21432.41843798383
20565.628573484217
18190.472635808495
20722.05020960034
19211.05020960034
19246.55020960034
21161.55020960034
19467.05020960034
23664.184661024487
21407.05020960034
20538.628573484217
21504.55020960034
19303.736591996287
19943.05020960034
21594.05020960034
22292.128573484217
21274.05020960034
23820.55020960034
22943.05020960034
22721.55020960034
20936.55020960034
19486.55020960034
24196.55020960034
20498.01450179606
18660.640035287877
21107.610327856917
21426.55020960034
18124.110327856917
21829.55020960034
19575.706689504812
23874.05020960034
22266.55020960034
20591.05020960034
21693.55020960034
21514.55020960034
24202.05020960034
19227.55020960034
19830.55020960034
19401.236989967085
21921.05020960034
19867.05020960034
22664.413225360953
18444.385348842028
21697.901972193933
21013.628573484217
20007.05020960034
21043.511424014236
21303.91843798383
21886.128573484217
21692.610327856917
19848.05020960034
22830.55020960034
20311.902300069494
21284.55020960034
18858.128573484217
22463.593597080224
23697.05020960034
23650.128573484217
19914.52483021213
19284.610327856917
20968.05020960034
21091.5
20207.524135560834
19111.55020960034
24079.55020960034
20200.05020960034
23047.01787271074
22202.110327856917
21513.628573484217
24715.05020960034
21816.128573484217
19384.01450179606
21162.185878116994
22322.55020960034
22266.05020960034
20210.05020960034
20422.628573484217
22869.128573484217
23751.55020960034
19202.110327856917
22696.05020960034
24844.05020960034
20796.05020960034
19597.628573484217
20222.197706671854
24986.33434139906
21384.91843798383
18403.024135560834
21181.55020960034
21869.128573484217
24198.57319705516
22256.110327856917
25604.584376276925
21969.628573484217
25350.697706671854
21542.70261603
19425.05020960034
21652.55020960034
20998.110327856917
22383.05020960034
24245.736591996287
23289.05020960034
21015.529072517613
22393.05020960034
19514.628573484217
22111.128573484217
20617.236591996287
21467.37513546475
19307.55020960034
20497.236591996287
21360.55020960034
21161.706689504812
23428.55020960034
24564.05020960034
22838.05020960034
20158.859067178673
26685.55020960034
18938.110327856917
21057.87376797
21431.05020960034
22019.628573484217
21303.610327856917
21532.05020960034
23063.05020960034
21812.110327856917
21823.628573484217
24811.736591996287
28800.628573484217
25343.05020960034
25296.110327856917
19323.612270471145
27630.55020960034
26108.05020960034
21910.55020960034
22529.05020960034
22162.110327856917
21148.05020960034
22831.628573484217
21287.44182676186
20739.037572608882
23809.01450179606
21724.20560256664
22069.700732233614
22904.05020960034
24516.05020960034
19848.05020960034
20305.112270471145
23098.55020960034
24419.736591996287
21038.628573484217
23244.628573484217
19743.37513546475
22686.05020960034
20018.612270471145
25753.55020960034
22626.005984888514
22666.128573484217
24695.83434139906
22668.55020960034
24595.110327856917
23926.236591996287
19537.55020960034
24828.41843798383
22587.41843798383
23609.610327856917
23100.949877492472
24329.55020960034
24493.86659807971
25623.695869010528
24790.128573484217
25499.51450179606
26314.91843798383
21512.05020960034
24426.05020960034
22814.110327856917
24476.236861769397
22749.55020960034
22523.06740789369
22678.55020960034
21055.610327856917
27604.05020960034
21108.736591996287
17933.2237071676
21361.128573484217
18239.05020960034
20775.55020960034
26902.05020960034
23977.87513546475
21998.05020960034
24097.55020960034
20403.55020960034
23649.110327856917
22252.115953423403
19649.55020960034
24212.3751354709
24328.55020960034
22230.05020960034
23618.35307862539
23919.128573484217
25479.05020960034
22908.736591996287
20572.921173169743
24326.736591996287
19887.628573484217
20251.05107885667
25404.610327856917
23028.860339594597
22131.60960810106
19585.385348842028
26535.628573484217
24099.05020960034
22495.610327856917
27470.55020960034
26991.05020960034
31266.128573484217
29767.88551928672
19179.05020960034
21579.05020960034
24949.057566936288
24578.55020960034
23927.54506477035
23047.110327856917
29246.67222935395
24982.818770826416
21161.55020960034
24505.706689504812
28089.05020960034
25349.05020960034
25942.05020960034
26767.05020960034
23981.10960810106
29848.41843798383
23751.05020960034
30047.55020960034
22093.55020960034
26475.55020960034
25834.55020960034
24461.05020960034
24463.391267528157
30306.55020960034
26697.55020960034
22838.05020960034
22542.128573484217
24860.2894254593
23540.128573484217
18366.543753505724
25068.610327856917
25655.55020960034
26341.05020960034
28000.05020960034
26575.628573484217
26562.697706671854
25200.110327856917
22712.891267528157
21344.05020960034
28987.05020960034
25832.05020960034
29710.55020960034
26464.55020960034
29131.128573484217
22871.55020960034
25194.38551928672
27012.05020960034
20439.110327856917
26726.610327856917
22067.628573484217
26128.05020960034
22565.05020960034
23537.140033875778
26778.05020960034
22829.112270471145
18648.05020960034
22087.736989967085
23303.628573484217
22912.05020960034
22880.05020960034
21713.610327856917
25968.55020960034
22428.05020960034
22000.46035753959
21885.94182676186
24080.55020960034
19217.55020960034
22741.05020960034
22909.55020960034
26632.55020960034
24043.05020960034
20079.736591996287
21802.236591996287
19503.94182676186
21645.128573484217
19515.55020960034
21216.161959784004
19987.41843798383
24525.05020960034
21669.55020960034
24079.05020960034
23847.736591996287
23516.885348842028
24493.55020960034
24282.55020960034
24087.55020960034
27538.557566936288
30745.55020960034
28104.128573484217
22682.05020960034
22144.55020960034
24884.05020960034
31364.05020960034
25559.43485950736
22895.05020960034
23759.55020960034
26059.628573484217
22360.736591996287
29694.05020960034
25338.514534330523
22370.327458994838
22731.128573484217
22197.118826762162
24801.610327856917
24165.05020960034
24809.05020960034
19876.55020960034
20448.05020960034
24858.05020960034
24819.55020960034
25990.128573484217
20584.327458994838
19380.128573484217
24420.55020960034
23692.55020960034
25478.885348842028
21770.888840169846
24027.704198659012
25559.05020960034
22341.658557760544
19422.55114204718
22753.541158918873
24062.55020960034
24606.05020960034
24902.05020960034
22586.05020960034
20285.55020960034
22418.55020960034
25590.05020960034
24602.55020960034
21033.55020960034
21504.610327856917
22381.128573484217
22798.55020960034
28067.543751830162
22470.420469982102
21422.128573484217
28589.112270471145
20369.128573484217
24257.55020960034
20913.236591996287
22915.559204228884
22500.610327856917
24601.427803420116
23928.05020960034
21282.41843798383
25474.05020960034
23130.55020960034
22951.628573484217
24338.401972193933
19509.236591996287
25286.05020960034
26780.736591996287
24603.05020960034
23907.05020960034
24976.736591996287
23132.05020960034
21925.55020960034
30231.128573484217
23973.05020960034
22592.81288306207
22125.91843798383
23426.110327856917
29429.112270471145
21605.110327856917
20243.55020960034
23652.55020960034
23519.55020960034
18558.397131219204
23080.358258738837
22161.612274047002
22632.5179061665
22602.110327856917
22217.128573484217
24089.628573484217
20532.91843798383
21206.170283487467
27101.55020960034
22314.05020960034
23056.55020960034
27744.05020960034
19985.05020960034
22438.128573484217
23692.05020960034
29063.05020960034
24647.55020960034
25792.05020960034
25199.05020960034
22042.05020960034
21534.854025191686
27155.370703193123
19904.05020960034
24359.05020960034
23837.827458994838
26103.05020960034
22737.524135560834
24151.128573484217
25238.55020960034
25172.33434139906
25509.628573484217
26169.94909538159
23516.128573484217
24686.128573484217
22984.386790368608
23954.05020960034
24061.360339594597
24450.05020960034
26905.55020960034
26480.41843798383
23071.11434413373
21922.025383474298
22630.55020960034
19730.736591996287
31036.05020960034
30792.55020960034
27502.05020960034
23996.55020960034
25014.110327856917
23013.55020960034
27060.628573484217
23671.110327856917
25558.05020960034
27306.55020960034
23850.506241701576
30164.05020960034
30292.05020960034
22866.55020960034
21635.397694706706
25420.128573484217
22433.55020960034
25939.658557760544
27628.55020960034
21301.55020960034
22601.05020960034
23659.05020960034
24915.628573484217
23759.736591996287
20410.411920580616
23700.610327856917
20353.55020960034
25820.05020960034
24637.41843798383
20900.628573484217
21631.23304864649
26658.45124124924
22142.112274047002
25889.05020960034
26142.236591996287
27203.70261603
27807.05020960034
30236.628573484217
30262.128573484217
27220.55020960034
27770.55020960034
20838.55020960034
23423.05020960034
25088.110327856917
25853.05020960034
29340.128573484217
25472.610327856917
21113.55020960034
24704.55020960034
23713.05020960034
24145.55020960034
26762.01450179606
24939.51450179606
25155.55020960034
21702.05020960034
24753.55020960034
27941.664651586085
24448.885348842028
20204.112270471145
24968.55020960034
26134.110327856917
23078.91843798383
23047.425125022808
25675.05020960034
25045.55020960034
25269.55020960034
25385.628573484217
26854.331499639222
24694.55020960034
23858.181864801132
27357.05020960034
23095.706689504812
22411.110327856917
24625.195869010528
24343.41843798383
26944.128573484217
22927.236591996287
22488.695869010528
27355.05020960034
28860.41843798383
24850.55020960034
26529.05020960034
25583.05020960034
24672.55020960034
25668.628573484217
24409.05020960034
23119.421173169743
27058.628573484217
23907.82732411782
25498.05020960034
23022.610327856917
29594.05020960034
23841.05020960034
23779.128573484217
24047.55020960034
22517.736591996287
24160.05020960034
24978.628573484217
29261.44182676186
24820.55020960034
26534.628573484217
23959.706689504812
22863.05020960034
23537.05020960034
23870.3751354709
27810.55020960034
21679.413342722357
31353.05020960034
22006.78628845294
27285.55020960034
28440.41843798383
24912.05020960034
27708.05020960034
25268.37376797
25319.55020960034
28585.128573484217
30240.736591996287
26968.55020960034
23387.55020960034
22715.628573484217
23320.706689504812
27346.00598489129
22411.55020960034
22527.05020960034
22826.128573484217
26103.05020960034
27630.91843798383
21139.128573484217
26723.55020960034
24668.05020960034
24278.05020960034
26890.05020960034
26913.63752942381
24398.128573484217
22998.610327856917
24643.05020960034
22827.56536258244
26754.206689504812
24099.05020960034
26312.05020960034
24023.425757406087
35089.05020960034
25103.05020960034
22371.55020960034
25988.55020960034
27713.05020960034
26881.610327856917
26259.94182676186
27648.008276848585
26291.55020960034
21538.05020960034
24160.128573484217
26629.05020960034
23986.41843798383
23624.891267528157
24248.158557760544
25053.55020960034
26261.91843798383
24237.05020960034
23069.05020960034
22396.128573484217
24973.872031778563
27929.05020960034
22137.91843798383
27667.736591996287
23772.55020960034
24632.05020960034
25089.05020960034
20791.128573484217
23133.110327856917
25507.55020960034
27516.628573484217
21763.55020960034
24717.55020960034
24856.55020960034
20951.32513043789
21919.05020960034
20548.885348842028
24638.704198659012
25254.65067994744
23087.55020960034
24372.55020960034
21848.55020960034
25396.05020960034
23945.628573484217
26163.05020960034
23217.628573484217
25901.812901615463
22074.505984888514
22443.05020960034
22509.91843798383
23855.385348842028
23425.05020960034
20193.628573484217
22009.610327856917
20911.612274047002
26392.05020960034
20654.55020960034
24306.55020960034
21501.925120489268
24645.592356058703
21903.128573484217
26547.05020960034
22250.736591996287
25587.695869010528
25279.55020960034
28506.77535713531
25795.41843798383
28539.55020960034
24766.55020960034
19949.91843798383
22971.610327856917
23131.128573484217
23786.860339594597
22070.55020960034
20823.55020960034
24455.05020960034
25676.55020960034
25028.610327856917
23317.10960810106
26585.05020960034
21102.110327856917
24712.55020960034
23989.05020960034
20753.05020960034
23206.236591996287
25884.05020960034
24885.41843798383
22025.05020960034
24609.046464162544
23343.236591996287
24496.612270471145
21875.128573484217
25693.55020960034
22625.128573484217
23892.55020960034
19875.05020960034
21801.628573484217
25032.05020960034
24191.05020960034
27602.55020960034
25271.55020960034
22993.236591996287
23047.55020960034
22437.55020960034
23281.736591996287
21844.110327856917
26356.55020960034
20922.628573484217
23089.55020960034
24603.55020960034
23686.55020960034
20568.128573484217
25479.05020960034
21602.628573484217
24723.67858607476
23088.55020960034
22723.658557760544
26122.55020960034
21837.05020960034
23457.05020960034
24718.05020960034
28341.05020960034
20620.110327856917
23387.05020960034
24653.05020960034
25166.128573484217
24814.628573484217
22110.917931345648
20434.55020960034
21505.98631466419
25259.05020960034
22881.55020960034
20373.385348842028
22818.05020960034
25369.55020960034
23642.55020960034
21109.55020960034
23321.236989967085
29414.236591996287
22403.55020960034
21689.55020960034
28161.05020960034
24851.05020960034
21448.128573484217
25877.05020960034
23527.706689504812
26420.05020960034
24140.05020960034
27166.05020960034
24408.55020960034
29209.05020960034
31534.05020960034
27283.55020960034
22533.05020960034
23590.05020960034
24052.610327856917
27208.55020960034
25710.70478572066
23374.05020960034
23509.55020960034
19808.94182676186
21505.05020960034
26824.55020960034
24560.128573484217
26323.05020960034
23691.610327856917
24188.736591996287
22697.05020960034
27394.05020960034
25191.05020960034
24598.110327856917
24307.745716964546
24861.628573484217
29345.05020960034
25465.185878116994
21568.43485950736
23603.05020960034
25881.55020960034
27643.610327856917
20667.05020960034
23715.093597080224
23433.128573484217
23080.745716964546
30888.128573484217
24511.05020960034
27811.55020960034
26399.524135560834
27148.55020960034
27140.628573484217
32733.05020960034
20382.05020960034
23059.685878116994
22639.64866301255
26916.05020960034
23646.05020960034
24204.628573484217
23994.05020960034
24268.612274047002
22227.05020960034
24118.05020960034
31068.05020960034
25940.736591996287
24081.706689504812
22042.8751354709
23912.55020960034
30535.55020960034
25655.55020960034
26530.91843798383
21622.128573484217
27691.55020960034
26817.61460843875
19977.38551928672
28502.05020960034
27989.01980894629
26572.55020960034
27604.55020960034
23634.043753505724
26523.610327856917
25983.05020960034
29602.05020960034
24075.05020960034
22983.610327856917
20835.128573484217
19165.55020960034
25493.55020960034
28612.05020960034
30608.236989967085
32515.05020960034
25997.185878116994
24376.55020960034
24779.55020960034
28730.112274047002
25165.052302350552
27122.110327856917
27276.628573484217
25741.05020960034
24356.85810030982
29163.55020960034
27557.44182676186
23428.925155478526
25060.112270471145
26364.736989967085
25445.628573484217
26539.628573484217
26522.55020960034
24192.91843798383
25801.736591996287
25577.425761948223
27050.55020960034
26646.05020960034
24788.41843798383
23702.05020960034
26931.05020960034
28538.800304663764
34852.61227047117
25936.385348842028
26249.52358502058
24586.696223664585
22764.610327856917
23892.05020960034
27498.55020960034
26839.83434139906
30320.05020960034
22249.628573484217
25467.128573484217
27955.128573484217
25388.128573484217
25473.55020960034
31440.885348842028
20419.05020960034
29176.128573484217
26123.55020960034
26475.55020960034
28704.236989967085
27098.411920580616
29870.628573484217
28466.128573484217
23806.110327856917
29697.55020960034
26242.55020960034
26208.55020960034
24440.55020960034
25533.51450179606
24626.105011855903
32274.55020960034
23065.200732233614
28869.55020960034
25742.628573484217
26674.628573484217
32676.55020960034
24714.628573484217
25012.05020960034
25400.41843798383
24834.128573484217
26007.05020960034
25217.05020960034
24374.128573484217
25601.628573484217
25111.539955049793
27867.128573484217
30165.628573484217
26215.543751830162
25908.05020960034
25634.628573484217
30071.55020960034
25712.19902726606
23626.628573484217
29212.543751830162
29310.55020960034
24452.55020960034
23080.170283487467
24975.185878116994
22896.610327856917
23354.55020960034
31328.55020960034
25995.55020960034
25032.05020960034
24455.55020960034
31894.05020960034
33630.55020960034
24560.05020960034
23374.91843798383
24948.05020960034
25785.55020960034
26129.628573484217
26031.55020960034
24957.05020960034
24293.41843798383
23095.128573484217
29757.05020960034
23271.236989967085
22210.55020960034
28333.05020960034
23061.55020960034
24434.158557760544
23947.05020960034
26946.05020960034
24531.05020960034
30773.05020960034
30186.421173169743
25776.594801802687
26718.55756970172
24929.128573484217
25742.51450179606
25812.112270471145
22361.610327856917
25322.206689504812
25716.014510820864
28014.587353204868
25520.05020960034
24729.05020960034
26100.41843798383
23444.736989967085
22139.722300125617
26460.706689504812
25481.05020960034
23980.94220623584
28421.05020960034
26660.05020960034
30892.628573484217
23637.83434139906
24848.343066336547
28037.05020960034
26533.05020960034
26045.736591996287
24270.55020960034
33072.05020960034
24394.628573484217
31194.128573484217
29797.55020960034
26891.112270471145
28626.05020960034
30075.55020960034
25259.94182676186
28150.236591996287
28360.05020960034
24298.55020960034
26216.55020960034
27301.55020960034
23869.681256784323
27335.628573484217
24047.74367898469
27070.057566936288
26508.55020960034
24131.05020960034
23015.060522809643
28891.91843798383
29320.110327856917
23599.41843798383
25080.344380151448
26468.55020960034
26922.05020960034
23985.51450179606
30367.05020960034
27654.05020960034
26003.55020960034
24334.524135560834
31098.55020960034
25908.55020960034
24087.628573484217
31079.05020960034
30103.342523252508
26169.05020960034
26990.51450179606
31548.55020960034
27369.55020960034
29743.05020960034
26549.524135560834
24248.05020960034
29450.112270471145
30401.05020960034
24287.628573484217
25683.55020960034
24188.420469982102
24669.427803420116
28611.05020960034
24988.05020960034
26154.05020960034
24602.695351508366
31466.05020960034
28975.628573484217
26989.195869010528
25680.55020960034
27936.05020960034
26995.55020960034
27113.610327856917
22802.05020960034
22936.628573484217
27904.658556112827
25753.05020960034
24842.128573484217
23873.610327856917
25668.94182676186
23600.55020960034
29431.05020960034
27184.128573484217
24816.110327856917
29579.55020960034
28202.05020960034
25345.44182676186
30464.112270471145
25114.55020960034
24623.05756970172
24770.05020960034
27687.55020960034
27415.8751354709
26007.55020960034
24682.05020960034
28071.05020960034
25454.55020960034
24843.83434139906
24041.658556112827
22879.71515735104
25014.05020960034
24788.05020960034
23694.05020960034
24528.128573484217
23816.128573484217
25118.55020960034
24654.05020960034
24221.128573484217
29971.05020960034
25809.385348842028
27923.236591996287
28834.05020960034
26808.3751354709
28202.360962626622
31242.55020960034
24593.529072517613
30020.128573484217
24592.736989967085
28142.55020960034
26375.55020960034
29622.55020960034
25119.05020960034
26744.05020960034
27472.903307044653
30753.000832428268
25574.55020960034
29839.55020960034
30083.55020960034
25366.1239846447
25578.128573484217
31836.05020960034
27190.05020960034
25757.128573484217
32258.05020960034
32098.610327856917
34078.62857348422
33392.05020960034
30094.05020960034
27014.863598004533
26598.05020960034
34260.11227047117
28751.05020960034
31141.612274047002
33242.61032785692
23874.05020960034
27815.00598489129
27687.206689504812
30404.110327856917
29202.05020960034
31198.628573484217
30593.05020960034
29035.55020960034
33148.55020960034
34452.55020960034
30282.110327856917
29984.05020960034
27963.05020960034
28891.391267528157
30200.55020960034
30036.05020960034
23207.610327856917
32100.05020960034
32247.05020960034
29473.628573484217
32177.128573484217
26110.57549491941
30871.05020960034
30601.736591996287
33175.61032785692
33209.505984891264
29097.55020960034
27746.206689504812
28101.610327856917
25271.798903491665
32581.05020960034
28303.05020960034
30001.628573484217
27864.736591996287
23243.128573484217
27398.043753505724
27914.55020960034
29769.612270471145
29700.736591996287
31122.05020960034
29162.05020960034
29137.55020960034
26224.55020960034
32604.736989967085
31916.55020960034
36550.55020960034
24575.685878116994
28159.38551928672
28575.55020960034
33032.66465158516
27473.872655629988
32254.55020960034
33826.05020960034
31902.05020960034
29083.628573484217
27214.05020960034
29983.90253756072
31857.236591996287
31104.128573484217
28419.640035287877
25418.704022496306
31350.55020960034
31658.05020960034
32149.128573484217
27338.55020960034
26890.538167383787
31962.55020960034
28524.05020960034
23930.05020960034
30058.55020960034
26907.039950213613
28950.94182676186
28343.05020960034
31169.55020960034
28694.628573484217
27290.593656308774
29864.236591996287
30304.05020960034
30139.55020960034
23922.685878116994
28228.628573484217
27726.60960810106
29809.628573484217
30620.05020960034
27838.50598489129
27382.05020960034
24599.563327609485
32597.05020960034
33982.05020960034
25923.628573484217
30222.891267528157
24607.05020960034
26766.55020960034
24501.348410511928
31030.55020960034
27888.031147708545
28883.55020960034
27892.988373355125
23859.55020960034
25410.05020960034
30191.628573484217
30586.05020960034
27793.55020960034
30508.197706671854
28713.610327856917
30508.236591996287
23220.05020960034
29491.628573484217
27054.128573484217
28927.55020960034
25104.55020960034
26798.05020960034
24280.110327856917
33022.62857348422
27332.05020960034
25990.55020960034
30436.05020960034
23572.69902726606
32773.05020960034
26062.610327856917
25747.59010912786
25962.05020960034
25293.09491753005
24533.05020960034
24773.628573484217
26146.05020960034
28546.536160644726
30928.55020960034
28095.05020960034
27088.55020960034
28662.55020960034
28602.181864803457
27232.628573484217
26556.05020960034
26089.91843798383
29730.236591996287
27969.05020960034
34688.61227047117
28955.05020960034
30148.628573484217
25597.128573484217
26207.55020960034
30487.110327856917
25058.55020960034
26247.628573484217
28891.236989967085
29640.042343354617
27508.94909538159
28522.55020960034
30233.55020960034
27484.55020960034
28705.91843798383
24981.110327856917
27482.60960810023
23943.388984089
27961.55020960034
25276.128573484217
33469.10960810023
29184.05020960034
24082.00636693741
32456.94182676186
28442.05020960034
25283.55020960034
27072.55020960034
26064.697706671854
28494.128573484217
27029.55020960034
33076.93818533888
25755.057566936288
23545.360339594597
25168.41843798383
27694.83434139906
27143.55020960034
35946.55020960034
24160.745474288462
30726.55020960034
30966.46250503401
35645.62857348422
25348.55020960034
30602.05020960034
28506.543751830162
29058.96335472533
31484.236591996287
31318.557958085952
28154.736989967085
27132.55020960034
28877.610327856917
31840.50598489129
30539.110327856917
33779.05020960034
29458.55020960034
27881.05020960034
28054.05020960034
28352.610327856917
32821.33434139906
32295.736591996287
33357.55020960034
28610.55020960034
29532.05710599433
24733.524135560834
26891.05020960034
28835.05020960034
31405.55020960034
30117.05020960034
34633.12857348422
31375.55020960034
28113.54687028296
30600.55020960034
26845.236591996287
30352.05020960034
30300.236591996287
30125.628573484217
30022.05020960034
31510.05020960034
27638.563076137467
30002.128573484217
35052.55020960034
31582.128573484217
25587.596690293474
26824.628573484217
30497.05020960034
28731.05020960034
23409.05020960034
31890.05020960034
27715.05020960034
29053.8751354709
28042.37094068478
25585.05020960034
26037.736591996287
24275.55020960034
25435.05020960034
29503.55020960034
22561.55020960034
24442.628573484217
29350.91843798383
27367.628573484217
29332.628573484217
23369.385348842028
25686.128573484217
30468.55020960034
25026.05020960034
28858.55020960034
26761.55020960034
23806.206689504812
26435.236591996287
24261.860339594597
28878.628573484217
27425.610327856917
29188.05020960034
27807.337557014955
23633.05020960034
25710.05020960034
29926.610327856917
30738.610327856917
23443.05020960034
25734.128573484217
31678.236591996287
28462.92189645146
29207.05020960034
27289.628573484217
25437.236591996287
29184.46268755735
25937.55020960034
33336.05020960034
31859.05020960034
28396.628573484217
31356.128573484217
28112.41843798383
30738.55020960034
33269.12857348422
30917.05020960034
31548.086505102543
31535.05020960034
30286.628573484217
34537.61032785692
29994.55020960034
27385.056764005873
29352.05020960034
30640.128573484217
30978.05020960034
33242.505984891264
28092.05020960034
32413.05020960034
26322.610327856917
27931.476401903914
31219.128573484217
24358.693553985566
28811.128573484217
27546.05020960034
25298.05020960034
30365.91843798383
25827.55020960034
33033.55020960034
23017.07637792154
29941.55020960034
22494.05020960034
26641.610327856917
26614.852968728475
34208.05020960034
29129.610327856917
29490.128573484217
32177.55020960034
28910.05020960034
31305.05020960034
31356.55020960034
29966.610327856917
26451.55020960034
30106.55020960034
28162.55020960034
34293.55020960034
28429.55020960034
25258.05020960034
30800.55020960034
32950.73659199629
31993.05020960034
29400.05020960034
30548.112270471145
30514.55020960034
28566.55020960034
27683.385348842028
30561.55020960034
25570.55020960034
31597.401972193933
24868.628573484217
25301.700732233614
24767.236591996287
25069.628573484217
30245.628573484217
32842.05020960034
30411.55020960034
29161.128573484217
31797.05020960034
31659.128573484217
25113.110327856917
28809.391267528157
29846.610327856917
30118.55020960034
32509.05020960034
31368.05020960034
34422.55020960034
23579.55020960034
38712.04371125671
33261.55020960034
29067.05020960034
31441.536160644726
29793.05020960034
30190.05020960034
29231.05020960034
31031.55020960034
29528.05020960034
34962.52521201132
32563.628573484217
30248.05020960034
30491.38551928672
33036.55020960034
27088.55020960034
26714.55020960034
30312.05020960034
32252.008654257916
28151.55020960034
28286.706689504812
27803.05020960034
30282.05020960034
26019.05020960034
27637.628573484217
31627.05020960034
30204.05020960034
25475.290341151776
26783.05020960034
25170.140035287877
27799.128573484217
29107.628573484217
25868.05020960034
30085.128573484217
25402.05020960034
28781.628573484217
28621.736591996287
34954.55020960034
27006.342899720024
31952.236591996287
25131.628573484217
29180.38551928672
27096.05020960034
25636.55020960034
32332.05020960034
34204.55020960034
30098.55020960034
30382.41843798383
31507.05020960034
28404.91843798383
31155.685878116994
22222.55020960034
22484.206689504812
32115.628573484217
29667.236591996287
30029.00083442415
28175.05020960034
27180.05020960034
25597.05020960034
30198.05020960034
29411.158556112827
25189.05020960034
26291.112274047002
28144.891267528157
31820.05020960034
28129.55020960034
27952.55020960034
31711.05020960034
29240.55020960034
28780.55020960034
23989.110327856917
29364.610327856917
28924.628573484217
32941.609608101055
25893.110327856917
29362.128573484217
31594.91843798383
30777.55020960034
27840.10960810106
26595.610327856917
30335.610327856917
32865.109608101055
29984.043753505724
29950.128573484217
25759.00083442415
27725.55020960034
31645.628573484217
29061.628573484217
30277.41843798383
33248.39126752817
35767.55020960034
26443.128573484217
28895.55020960034
36931.55020960034
28094.736591996287
29552.55020960034
36481.69770667187
29580.274378093556
31016.05020960034
29033.50598489129
30769.925120489268
28034.55020960034
29171.05020960034
29924.05020960034
25185.628573484217
28393.610327856917
30498.706689504812
26407.41843798383
31261.91843798383
25240.55020960034
30784.233578569354
32873.54074777599
28690.55020960034
23793.628573484217
31812.05020960034
33167.05020960034
27818.754416364067
29032.121523135917
30028.55020960034
28564.557566936288
33120.62857348422
35219.58255182241
30798.41843798383
28956.05020960034
35543.05020960034
35282.55020960034
30491.55020960034
34378.05020960034
30886.927803420116
32648.05020960034
31392.05020960034
31384.55020960034
32086.50598489129
27488.05020960034
35167.55020960034
33498.11032785692
31075.628573484217
37367.05020960034
36373.05020960034
33399.11227404701
39550.05020960034
30252.55020960034
35988.83434139906
35432.55020960034
32283.05020960034
26930.55020960034
31599.55020960034
31886.05020960034
40510.55020960034
32109.05020960034
36641.55020960034
28442.128573484217
31644.05020960034
32811.12857348422
34486.61227404701
37653.55020960034
31357.610327856917
30410.05020960034
37225.44182676186
32913.05020960034
32560.55020960034
35346.70668950481
31270.55020960034
41961.55020960034
30859.128573484217
28980.88551928672
31098.05020960034
34099.61032785692
30679.55020960034
34173.11227404701
36250.61032785692
34625.55020960034
32621.799339791894
34711.46874196485
32128.00598489129
34457.73698996708
36704.55020960034
37534.55020960034
34257.55020960034
32672.812883061295
29031.05020960034
36411.73659199629
33926.62857348422
30933.128573484217
35290.62857348422
29806.55020960034
39774.73659199629
34166.55020960034
29278.55020960034
28445.236989967085
29529.612270471145
36405.05020960034
33475.55020960034
30019.128573484217
34417.71515735108
35267.61032785692
38004.55020960034
38668.55020960034
34674.12857348422
34627.23659199629
31391.55020960034
36862.04375350572
32102.05020960034
35354.15855611284
32815.04375183016
32837.73698996708
30527.736591996287
29868.55020960034
28054.55020960034
29367.55020960034
32387.55020960034
31637.05020960034
28777.92189645146
30430.05020960034
34963.55020960034
32695.05020960034
30021.92189645146
29492.245716964546
27595.94182676186
33139.05020960034
35589.55020960034
28199.91843798383
30705.860339594597
30114.05020960034
30682.55020960034
25566.110327856917
31356.736591996287
27043.05020960034
31658.05020960034
30690.05020960034
31172.05020960034
33828.12857348422
33189.62857348422
36506.852281065316
30098.05020960034
30475.968741964833
30390.195869010528
28826.55020960034
30779.110327856917
32921.05020960034
32753.55020960034
27197.05020960034
29023.91843798383
27757.91843798383
27196.206689504812
28111.888988166887
31225.628573484217
33094.05020960034
36634.05020960034
31911.05020960034
35230.57710551023
33490.55020960034
33423.05020960034
33049.05020960034
32263.05020960034
30032.05020960034
35161.05020960034
35407.05020960034
34538.62857348422
32873.55020960034
36135.55020960034
31688.05020960034
35389.05020960034
33796.55020960034
32827.55020960034
34560.55020960034
34554.05020960034
34459.62857348422
32853.008276847446
35072.158557760544
35019.50503035121
35094.05020960034
27440.610327856917
32890.612270471145
32946.62857348422
39328.41843798383
35669.61032785692
35262.55020960034
30234.628573484217
32515.05020960034
32228.610327856917
34059.55020960034
33929.05020960034
36289.42512048927
31912.05020960034
34974.55020960034
29899.128573484217
29544.05020960034
34928.55020960034
34026.05020960034
30594.91843798383
30968.55020960034
34666.23659199629
32414.628573484217
35781.05020960034
28193.55020960034
36011.05020960034
35768.05020960034
32759.55020960034
39486.20668950481
32380.50598489129
33728.55020960034
31778.55020960034
28143.05020960034
33752.55020960034
36604.55020960034
34415.68782270552
32290.05020960034
29704.110327856917
33269.50598488853
35636.70073853748
29060.05020960034
32880.55020960034
32910.41843798383
31342.91843798383
35680.05020960034
33181.62857348422
26306.610327856917
30574.128573484217
26474.628573484217
29888.05020960034
29542.197706671854
32385.736591996287
29190.55020960034
32956.55020960034
27588.55020960034
27819.55020960034
30533.05020960034
30575.55020960034
32723.41843798383
32887.05020960034
34862.23659199629
29632.736591996287
34197.05020960034
30365.33434139906
34448.61227047117
36520.55020960034
30302.05020960034
27054.55020960034
32058.55020960034
34384.89126752817
33063.41274115212
31467.55020960034
25807.41843798383
38397.05020960034
32056.55020960034
32397.628573484217
34647.05020960034
34126.55020960034
29453.55020960034
27180.128573484217
33980.05020960034
33416.54375350572
32720.05020960034
31714.128573484217
27833.612270471145
36002.55020960034
36606.05020960034
28664.004112922223
32738.55020960034
31051.540747775987
29123.128573484217
30633.05020960034
34348.23659199629
27425.33434139906
37621.55020960034
30473.55020960034
32235.610327856917
32930.05020960034
32314.110327856917
31602.55020960034
34359.686827487676
27633.195869010528
25934.55020960034
35407.55020960034
33391.61032785692
29523.128573484217
29069.55020960034
31547.610327856917
28762.016802046848
35668.42512502281
27564.200732233614
35701.05020960034
37174.05020960034
32923.20668950481
35437.55020960034
30932.927803420116
35214.55020960034
33708.55020960034
32716.05020960034
30501.706689504812
32083.05020960034
31630.55020960034
35710.55020960034
23145.029072517613
30721.425125022808
29927.628573484217
35286.05020960034
35973.05020960034
30518.55020960034
33361.55020960034
32189.112274047002
33380.39126752817
35167.55020960034
29304.284052611485
31987.128573484217
26264.206689504812
29492.468741964833
29853.55020960034
31307.05020960034
31696.05020960034
34507.05020960034
29588.531636302036
31760.91843798383
34105.05020960034
29294.421173169743
27552.05020960034
36886.55020960034
36217.05020960034
29367.05020960034
34175.62857348422
34936.91843798383
32595.05020960034
34200.11032785692
29623.610327856917
32211.628573484217
29922.05020960034
30415.55020960034
36385.55020960034
34167.55020960034
31617.128573484217
32142.05020960034
28677.41843798383
33102.55020960034
27203.55020960034
29617.55020960034
32888.23659199629
35116.11227047117
27924.05020960034
34780.55020960034
35310.12857348422
35249.55020960034
29506.685878116994
29988.736989967085
33203.12857348422
34681.12857348422
32601.610327856917
32262.128573484217
35834.12857348422
31133.05020960034
27006.110327856917
32377.128573484217
30786.41843798383
31396.55020960034
38830.05020960034
30143.05020960034
30488.41843798383
33993.05020960034
33695.55020960034
29137.421173169743
35343.73659199629
31611.05020960034
32536.81288306207
39980.55020960034
32464.128573484217
34833.16465158609
35640.62857348422
35825.55020960034
30687.628573484217
34623.91843798383
30748.128573484217
28146.05020960034
35957.62857348422
33868.05020960034
36689.55020960034
30917.206689504812
31074.55020960034
28523.55020960034
30862.628573484217
30726.360339594597
31467.02943704173
27982.501898472066
28962.05020960034
30519.55020960034
29688.158557760544
29253.628573484217
28911.55020960034
35096.41843798383
27928.05262920731
30599.33434139906
34152.0059848885
27394.55020960034
28620.55020960034
30229.41843798383
31421.401972193933
29215.05020960034
30949.128573484217
33061.05020960034
25334.695869010528
30012.05020960034
33884.80924425999
28756.05020960034
27790.185878116994
30619.236989967085
33557.62857348422
22143.05020960034
24842.658556112827
28205.55020960034
29595.55020960034
30643.05020960034
25451.05020960034
26891.91843798383
25424.236591996287
28118.478933858358
28615.706689504812
26896.55020960034
28944.55020960034
30270.55020960034
28518.55020960034
34837.55020960034
23159.55020960034
30186.23904712318
24606.427803420116
28874.612274047002
25813.736989967085
32771.05020960034
24924.706689504812
30950.628573484217
29448.05020960034
29602.236591996287
27266.05020960034
34394.05020960034
29362.05020960034
24275.610327856917
25033.628573484217
25285.158556112827
29124.628573484217
32366.55020960034
27176.05020960034
23914.236591996287
29476.52943704173
24104.55020960034
24248.55020960034
26629.628573484217
23863.736591996287
29929.05020960034
26478.05020960034
29064.55020960034
26181.55020960034
23020.05020960034
26131.05020960034
28469.628573484217
28417.706689504812
24992.55020960034
24142.05020960034
30960.55020960034
29764.55020960034
23536.610327856917
25423.628573484217
26744.110327856917
27620.128573484217
23697.05020960034
27941.236591996287
27186.05020960034
24651.110327856917
30395.05020960034
25078.05020960034
27442.128573484217
22229.628573484217
28129.05020960034
26113.36659807971
25168.05020960034
29317.55020960034
29815.55020960034
25773.55020960034
25826.05020960034
28131.55020960034
25561.91843798383
22144.05020960034
26223.206689504812
25744.236591996287
21595.05020960034
25294.05020960034
24003.128573484217
30266.736591996287
28138.110327856917
27267.158557760544
24888.91843798383
27866.206689504812
31562.55020960034
31429.05020960034
23987.736591996287
30417.44182676186
22038.128573484217
27082.05020960034
26920.05020960034
27052.55020960034
26468.736591996287
25402.55020960034
27085.583613129507
30684.05020960034
26801.610327856917
24309.351337449552
27746.128573484217
26994.128573484217
30932.94182676186
30863.05020960034
26319.55020960034
27938.128573484217
25234.112270471145
30360.128573484217
27722.128573484217
24355.628573484217
25088.55020960034
29559.05020960034
27052.55020960034
26902.05020960034
25140.55020960034
28255.55020960034
29691.040747775987
24493.736591996287
27621.128573484217
25562.55020960034
25503.628573484217
27432.236591996287
27384.05020960034
23010.55020960034
25959.05020960034
26796.55020960034
24437.55020960034
26531.55020960034
28696.05020960034
27368.628573484217
25840.07637792154
28250.55020960034
28827.128573484217
32443.05020960034
22889.55020960034
29550.05020960034
22042.05020960034
23276.05020960034
23694.658556112827
31516.55020960034
27861.55020960034
27733.05020960034
26151.05020960034
23743.628573484217
25960.55020960034
28219.05020960034
24999.55020960034
27323.05020960034
23355.695869010528
29066.05020960034
21758.140035287877
29882.128573484217
30710.05020960034
29322.05020960034
22710.628573484217
29295.128573484217
32860.05020960034
31945.523591192083
29084.55020960034
25193.335948644984
26654.55020960034
26364.610327856917
32970.55020960034
32087.360339594597
27166.628573484217
22550.610327856917
32146.05020960034
29033.628573484217
26972.05020960034
25290.05020960034
27483.05020960034
23361.55020960034
31067.05020960034
25011.55020960034
31556.55020960034
30239.44182676186
30402.128573484217
28193.05020960034
26784.128573484217
28746.33434139906
26955.55020960034
25309.55020960034
27034.363598004533
29415.891267528157
28586.05020960034
26465.05020960034
29003.55020960034
27670.05020960034
27054.087584182183
28774.55020960034
28707.55020960034
25963.628573484217
25579.200738537478
25247.658557760544
30645.05020960034
24383.128573484217
31702.41843798383
22477.093656308774
22626.05020960034
26759.05020960034
24086.05020960034
26900.05020960034
31877.55020960034
30807.736591996287
23305.05020960034
22535.55020960034
22496.110327856917
26633.1427284094
27801.05020960034
29181.128573484217
26489.700732233614
27087.110327856917
24609.91843798383
24422.628573484217
26706.00598489129
27988.112274047002
22049.112270471145
32724.05020960034
23750.05020960034
25323.91843798383
25375.02153200939
25969.05020960034
26388.05020960034
23081.555503597167
24804.05020960034
25197.05020960034
25188.55020960034
23792.610327856917
24705.206689504812
25171.55020960034
25436.628573484217
29673.885348842028
23593.55020960034
33085.10960810107
32249.05020960034
26137.128573484217
26856.891267528157
33604.55020960034
27681.55020960034
27357.110327856917
28878.41843798383
21448.628573484217
23895.05020960034
28479.55020960034
25656.55020960034
28726.842523252508
22759.16588811241
31977.05020960034
23715.695869010528
28479.112274047002
28311.546951414366
27684.05020960034
26831.128573484217
25637.55020960034
29985.05020960034
25344.612270471145
31990.128573484217
28677.05020960034
23713.628573484217
28486.685878116994
28509.05020960034
27190.158556112827
26950.55020960034
28697.05020960034
26146.55020960034
32454.44182676186
23339.610327856917
26375.55020960034
27091.55020960034
25214.706689504812
29923.681256784323
21148.05020960034
25466.05020960034
22488.05020960034
23354.927803420116
25439.628573484217
20873.53704233038
25489.05020960034
25622.628573484217
22999.017280255266
25973.05020960034
24805.55020960034
24167.110327856917
27707.128573484217
24264.91843798383
25050.55020960034
29775.55020960034
26002.110327856917
28378.128573484217
25636.05020960034
27245.628573484217
22842.312901615463
27143.05020960034
22865.628573484217
25805.05020960034
19747.411920580616
22056.543751830162
25912.05020960034
21537.55020960034
20047.05020960034
24218.681803928102
22902.05020960034
23107.128573484217
28458.55020960034
26389.628573484217
25209.05020960034
20284.05020960034
27357.55020960034
22237.112274047002
24331.736591996287
23710.55020960034
23835.05020960034
24027.05020960034
24549.628573484217
23978.870971136355
25473.8751354709
19575.128573484217
21725.55020960034
20243.05020960034
24496.55020960034
25676.55020960034
20830.921173169743
21116.55020960034
20241.95019703466
23616.391267528157
21375.55020960034
21864.03704233038
20970.112270471145
22869.736591996287
26039.258662546305
20474.56368216165
19841.05275004023
23157.479996611233
24818.05020960034
21950.128573484217
22064.628573484217
22216.87513546475
24258.05020960034
22660.55020960034
19519.05020960034
24614.52728910518
27386.55020960034
22177.610327856917
25392.05020960034
21268.05020960034
23622.000943775347
24883.55020960034
20782.55020960034
23822.55020960034
20609.560049793952
19343.628573484217
19903.55020960034
22943.610327856917
19892.27293591185
19445.901972193933
20504.736591996287
22037.8751354709
25387.628573484217
21705.05020960034
28962.855283191562
21456.236591996287
18480.55020960034
26224.55020960034
20136.41843798383
19010.128573484217
19752.55020960034
23357.05020960034
19463.024135560834
19893.55020960034
19316.02483021213
20064.610327856917
18220.236591996287
19244.55020960034
20261.05020960034
19381.86140089827
20022.55020960034
25658.55020960034
21378.05020960034
23543.55020960034
22276.236591996287
21066.236591996287
19745.55020960034
19559.05020960034
20904.41843798383
19762.024135560834
19555.596522069514
23975.44182676186
19073.05020960034
20923.318770826416
24566.628573484217
20366.563327609485
21352.128573484217
21509.110327856917
20484.55020960034
20150.00083442415
22543.047301171293
21814.05020960034
20053.043751830162
20701.421173169743
21026.33434139906
20275.55020960034
21703.58520441211
22144.685878116994
23246.05020960034
23470.05020960034
23028.55020960034
21300.55020960034
22290.71516407913
19939.55020960034
18366.05020960034
20849.55020960034
18995.55020960034
20998.41843798383
20962.55020960034
22135.628573484217
20400.524135560834
21265.128573484217
20066.55020960034
22562.706689504812
22064.55020960034
19792.110327856917
20608.628573484217
22672.55020960034
24296.628573484217
20285.110327856917
25117.05020960034
20766.128573484217
23561.128573484217
21347.128573484217
20359.05020960034
23443.05020960034
22121.128573484217
21655.05020960034
24123.55020960034
20085.094969459125
18881.55020960034
18742.55020960034
20869.55020960034
24519.55020960034
20347.09491753005
19258.05020960034
21414.425120489268
24521.55020960034
20383.55020960034
20357.55020960034
22059.460789208762
19685.128573484217
22382.05020960034
21062.55020960034
21382.05020960034
20481.55020960034
20934.236989967085
21291.05020960034
18954.05020960034
19392.110327856917
18532.128573484217
19655.05020960034
22684.133910654225
19729.610327856917
17416.05020960034
19914.701509744096
21347.55020960034
20185.55020960034
19902.55020960034
20249.55020960034
21584.05020960034
21548.612270471145
21868.112270471145
22941.05020960034
20102.161959784004
18475.645427286236
21532.628573484217
25305.55020960034
20257.610327856917
24660.91843798383
19867.05020960034
19681.110327856917
21243.05020960034
21773.05020960034
22692.5866498763
22378.736591996287
20251.55020960034
24806.610327856917
21477.44182676186
21081.05020960034
20998.55020960034
23748.55020960034
18373.524135560834
19800.55020960034
20598.05020960034
21723.128573484217
20881.05020960034
21471.55020960034
19628.128573484217
19650.128573484217
19434.401972193933
24898.05020960034
19865.128573484217
20621.55020960034
21333.55020960034
20775.05020960034
20021.05020960034
20161.095951898107
19956.55020960034
21929.05020960034
20366.05020960034
20503.55020960034
21212.628573484217
19271.078434073428
22690.05020960034
20300.589008168918
23464.05020960034
19148.55020960034
19785.05020960034
19333.85922322026
20185.55020960034
20342.024135560834
18005.05020960034
20209.05020960034
23776.05020960034
21145.128573484217
20655.128573484217
20239.55020960034
20276.05020960034
19106.656135232057
20468.55020960034
20002.628573484217
20740.385348842028
19879.55020960034
19924.55020960034
23922.26770550017
21954.55020960034
19792.05020960034
25288.110327856917
20254.55020960034
20485.110327856917
20022.05020960034
20743.628573484217
19865.05020960034
20384.901972193933
19909.55020960034
21561.05020960034
19819.05020960034
20143.110327856917
22983.706689504812
21586.55020960034
21381.633910654225
20496.05020960034
20234.563327609485
23162.05020960034
20240.55020960034
18410.158557760544
20446.05020960034
20776.55020960034
19217.05020960034
20556.55020960034
18933.05020960034
21786.55020960034
20264.05020960034
19929.385348842028
18812.05020960034
20947.05020960034
23380.41843798383
19656.05020960034
22156.55020960034
20481.40253756072
22032.610327856917
18831.55020960034
21349.628573484217
22092.612274047002
19859.523591192083
22690.05020960034
20683.55020960034
21224.05020960034
18965.55020960034
19025.628573484217
18820.19507963051
19525.05020960034
21178.529219059663
23053.05020960034
20146.55020960034
20537.05020960034
20394.55020960034
21911.55020960034
19724.55020960034
21748.05020960034
19673.110327856917
20407.05020960034
20903.55020960034
19871.361372232554
20067.05020960034
19628.110327856917
21845.55020960034
20509.600623827737
21200.05020960034
22917.55020960034
20229.187294571566
23459.05020960034
21363.110327856917
21948.55020960034
20468.55020960034
21914.05020960034
22233.55020960034
22390.110327856917
20172.05020960034
19290.05020960034
19999.610327856917
19213.401972193933
24151.05020960034
20462.55020960034
21469.55020960034
21304.128573484217
21897.197706671854
21941.55020960034
21781.05020960034
20614.55020960034
22718.05020960034
22843.610327856917
25808.05020960034
24455.05020960034
22329.05020960034
22002.05020960034
23776.05020960034
22869.128573484217
23826.128573484217
21909.110327856917
19709.891267528157
25693.610327856917
21458.128573484217
22575.55020960034
22201.05020960034
20083.128573484217
22262.784813601218
19517.05020960034
20353.55020960034
22160.05020960034
20861.05020960034
24868.55020960034
18972.706689504812
22928.05020960034
24500.55020960034
24032.55020960034
21460.44182676186
18970.736591996287
21648.736591996287
21342.043753505724
20192.764121937973
18710.110327856917
22438.05020960034
21623.41843798383
19612.05020960034
21239.612274047002
21917.215168311763
20014.628573484217
24391.55020960034
20131.170283487467
20769.55020960034
23280.05020960034
22725.681864801132
22439.05020960034
23914.55020960034
22092.55020960034
22977.55020960034
20957.478933858358
20786.55020960034
19567.40622382786
18959.05020960034
18310.55020960034
25316.610327856917
23382.05020960034
21945.05020960034
23211.951856712865
25863.05020960034
20344.628573484217
20150.925120489268
19996.55020960034
23828.55020960034
20432.70299094517
26617.55020960034
23036.05020960034
23572.05020960034
21017.55020960034
23448.05020960034
22495.112270471145
22767.55020960034
20267.05020960034
20805.236591996287
27500.60960810106
21239.27131193877
20289.206689504812
25319.416699351565
21962.55020960034
20127.029072517613
24474.55020960034
23203.55020960034
21219.05020960034
21922.05020960034
21608.05020960034
20671.586505102543
23976.55020960034
19787.19854241971
20307.112270471145
21005.128573484217
26091.05020960034
24167.09359866387
22142.658556112827
24272.05020960034
23341.05020960034
21337.53704233038
20425.522812820025
20706.024135560834
25831.543751830162
22880.05020960034
24358.05020960034
20235.05020960034
21111.706689504812
22031.55020960034
22178.05020960034
20715.112270471145
20914.736591996287
22229.05020960034
20734.55020960034
20346.628573484217
20853.628573484217
22959.55020960034
20087.658557760544
20245.55020960034
22016.05020960034
21864.55020960034
22788.05020960034
20816.128573484217
20023.55020960034
22037.685878116994
20523.628573484217
24608.040747775987
21001.628573484217
21649.55020960034
19315.55020960034
23573.128573484217
24031.628573484217
25339.05020960034
19914.425125022808
23144.628573484217
21952.927803420116
24641.55020960034
24652.55020960034
24204.55020960034
21891.55020960034
20235.628573484217
22941.41843798383
21654.05020960034
20630.05020960034
24797.612270471145
20341.05020960034
22190.628573484217
21648.05020960034
23899.19133142936
21702.55020960034
22749.670283487467
24842.05020960034
23041.10960810106
20004.658556112827
22405.05020960034
20733.55020960034
21566.55020960034
23887.55020960034
22637.55020960034
23556.05020960034
22057.911920580616
23821.05020960034
23448.55020960034
23964.610327856917
23119.736591996287
21607.55020960034
21854.05020960034
20230.05020960034
23533.885348842028
24168.55020960034
23739.543751830162
20953.91843798383
21404.05020960034
20955.55020960034
23245.628573484217
22129.128573484217
21433.78036846252
23182.05020960034
21776.128573484217
21755.681749435513
23591.101341297795
21059.110327856917
23031.206689504812
23214.535098931905
20510.55020960034
23260.05020960034
20566.55020960034
21314.05020960034
22957.05020960034
23482.791577920154
22766.41843798383
23867.112270471145
22109.76770550017
22025.885348842028
22565.78036846252
23590.44182676186
22768.55020960034
24391.55020960034
25117.55020960034
26413.55020960034
22314.628573484217
20574.110327856917
19958.03806865541
26051.236591996287
21474.55020960034
19920.55020960034
24031.110327856917
23468.128573484217
22857.128573484217
21089.191142983538
24448.55020960034
19936.110327856917
21396.295350877805
22305.628573484217
21585.55020960034
21929.05020960034
23437.55020960034
20503.55020960034
24245.071844696606
23254.64003690011
23135.524135560834
23933.55020960034
21847.55020960034
21518.05020960034
21215.236591996287
21247.55020960034
22093.05020960034
24217.206689504812
25446.19902726606
24720.05020960034
21209.05020960034
22354.05020960034
21365.55020960034
21339.885348842028
25855.55020960034
20584.05020960034
20763.128573484217
22088.628573484217
26266.236591996287
23005.140035287877
21058.628573484217
25819.860339594597
24679.05020960034
23472.610327856917
23323.093597080224
22624.45124125011
21678.55020960034
27065.628573484217
21853.128573484217
23904.09491753005
25026.128573484217
23830.628573484217
22241.140035287877
22746.25148073313
22104.05020960034
21911.05020960034
22458.236591996287
23236.05020960034
21088.05020960034
20332.41843798383
21258.628573484217
23605.236591996287
21838.984396620814
24797.05020960034
21168.610327856917
22753.508001113565
24050.55020960034
20902.236591996287
22832.55020960034
21542.94182676186
19892.55020960034
26232.91843798383
21667.55020960034
23200.891267528157
21642.05020960034
24624.768865623486
23083.381230186555
21480.024135560834
22688.55020960034
22200.05020960034
22058.05020960034
24921.628573484217
19957.55020960034
21997.63423703499
23848.110327856917
25629.44182676186
22819.05020960034
19552.628573484217
24098.128573484217
23520.05020960034
22052.628573484217
24168.05020960034
19782.85922322026
24514.55020960034
21478.05020960034
20777.05020960034
22024.91843798383
26444.44182676186
25807.55020960034
24694.385348842028
22626.55020960034
27162.05020960034
19770.812565859567
19129.110327856917
24024.05020960034
21101.610327856917
23719.05020960034
21619.112270471145
23820.05020960034
19771.05020960034
21058.05020960034
20750.745912695296
22447.112270471145
23951.05020960034
27891.48631745855
21039.844365027016
22664.25672131928
21674.55020960034
20209.774012544938
22099.55020960034
20222.05020960034
24208.628573484217
22371.05020960034
25439.05020960034
21464.628573484217
22590.584632034726
24454.206689504812
22680.05020960034
22181.55020960034
24367.112270471145
26118.05020960034
26617.05020960034
20830.670351890076
21631.123686437593
25568.925757406087
24329.55020960034
19657.05020960034
23389.05020960034
21530.55020960034
20890.628573484217
20954.55020960034
25894.55020960034
22946.05020960034
22034.158556112827
25550.05020960034
26350.005027989737
23441.05020960034
24462.55020960034
25317.128573484217
23964.55020960034
25108.94182676186
25289.55020960034
23134.05020960034
21848.05020960034
24726.110327856917
24491.05020960034
23902.05020960034
21056.91843798383
26346.55020960034
24049.55020960034
24016.901972193933
21265.55020960034
23378.60960810106
20582.55020960034
25145.55020960034
23427.683918841787
25306.610327856917
21085.90635667877
24407.55020960034
21148.610327856917
20638.610327856917
23054.05020960034
24895.628573484217
21846.128573484217
20959.112274047002
21306.624886411955
19867.13143159388
26497.128573484217
20714.05020960034
26813.44182676186
26221.05020960034
20631.024135560834
21638.331836645408
23167.628573484217
22497.55020960034
19729.123686437593
27083.05020960034
19316.112270471145
24360.628573484217
28200.51214127226
20430.05020960034
22803.55020960034
23858.391267528157
25392.55020960034
26815.05020960034
23335.628573484217
22480.112274047002
22917.05020960034
22545.563088528703
20281.448015685408
21409.05020960034
23525.628573484217
22563.667518492366
20626.158556112827
22138.901445315507
25765.55020960034
24274.05020960034
23788.543751830162
22220.695869010528
24410.736591996287
23807.37513546475
23307.73948325194
21139.05020960034
20882.110327856917
24166.05020960034
21631.813869870064
20740.110327856917
22000.05020960034
20196.968741964833
20109.128573484217
19793.55020960034
22385.55020960034
20862.67057142888
20829.885348842028
20618.05020960034
21626.05020960034
21878.05020960034
21277.05020960034
22000.610327856917
19539.128573484217
23588.401972193933
22012.05020960034
20404.128573484217
21479.91843798383
27911.55020960034
20645.59373720919
20197.269111091286
22404.05020960034
22381.110327856917
20149.128573484217
19390.55020960034
19431.110327856917
20956.05020960034
19725.55020960034
19687.891267528157
18313.55020960034
19764.628573484217
19981.05020960034
21545.736591996287
24305.55020960034
24386.91843798383
23102.05020960034
25494.628573484217
19613.628573484217
23280.05020960034
23288.05020960034
21252.05020960034
20913.697881426895
22291.128573484217
23342.55020960034
21192.110327856917
20477.128573484217
18681.827361074094
19011.05020960034
21648.524135560834
24352.05020960034
20383.55020960034
22486.88551928672
23898.128573484217
21257.55020960034
21302.14272338248
20269.658556112827
20184.05020960034
22969.55020960034
19798.05020960034
19980.610327856917
21925.05020960034
19391.55020960034
20188.610327856917
23283.55020960034
21788.91843798383
20760.161959784004
21057.05020960034
21761.55020960034
21124.55020960034
19622.112270471145
22574.48631466419
20983.391267528157
19984.204026834876
21607.05020960034
21030.55020960034
19592.628573484217
20384.55020960034
23507.55020960034
19671.55020960034
26876.05020960034
17738.110327856917
20492.55020960034
21740.05020960034
19290.05020960034
19792.55020960034
18582.128573484217
26883.128573484217
22559.128573484217
21141.55020960034
19464.628573484217
20081.55020960034
23318.605601552114
24333.55020960034
20522.736591996287
24874.628573484217
20126.41843798383
22414.612270471145
24985.55020960034
17828.612274047002
20376.206689504812
19320.97284667374
21304.05020960034
21094.91843798383
25719.55020960034
19441.72162899245
22404.236989967085
21536.55020960034
22186.55020960034
20965.385348842028
23225.164651586085
21145.05020960034
21756.05020960034
25379.110327856917
24365.628573484217
26296.55020960034
18014.610327856917
21353.128573484217
20591.05020960034
25263.05020960034
24058.610327856917
19062.05020960034
21423.55020960034
20942.91843798383
20761.628573484217
20397.110327856917
20732.05020960034
20428.628573484217
20218.91843798383
20189.55020960034
24994.715175040143
20330.706689504812
18979.55020960034
19442.628573484217
23956.128573484217
21224.524135560834
20069.55020960034
24793.55020960034
20120.05020960034
20514.05020960034
19710.024135560834
20105.05020960034
22396.036160644057
20882.55020960034
22105.05020960034
22499.55020960034
19194.05020960034
23523.05020960034
23655.88551928672
20362.628573484217
19747.55020960034
20472.34261198344
22005.10960810106
21355.628573484217
19341.55020960034
19496.05020960034
21229.55020960034
20862.025502789675
18373.612270471145
21769.38551928672
18590.8220134415
21929.612274047002
21225.128573484217
19952.55020960034
23521.55020960034
20234.121326507196
21228.024135560834
24652.628573484217
21377.55020960034
23601.41843798383
21596.128573484217
19910.55020960034
21626.628573484217
19656.628573484217
20143.658556112827
23070.518904685574
20836.55020960034
25421.55020960034
20136.05020960034
19055.05020960034
24584.245716964546
20749.05020960034
20657.736989967085
21447.628573484217
26905.55020960034
23105.05020960034
21018.628573484217
20353.55020960034
20181.05020960034
20513.41843798383
22166.05020960034
21602.128573484217
20654.05020960034
20541.206689504812
21377.55020960034
20996.55020960034
19908.628573484217
20770.128573484217
19931.55020960034
20709.55020960034
20811.05020960034
20287.55020960034
20439.128573484217
22324.55020960034
20596.05020960034
25154.98631466419
23085.05020960034
21299.05020960034
22454.55020960034
21363.55020960034
21139.55020960034
21104.05020960034
21362.86659807971
20364.161959784004
21251.128573484217
26619.05020960034
19478.55020960034
18886.110327856917
21962.628573484217
24337.91843798383
22470.55020960034
22020.91843798383
19038.425120489268
21193.94182676186
20326.55020960034
29092.55020960034
19824.41843798383
21499.628573484217
19931.41843798383
18878.55020960034
20607.684886166036
21826.612270471145
18533.524135560834
20188.706689504812
21584.55020960034
20566.91843798383
22602.128573484217
22627.55020960034
23185.26770550017
21172.05020960034
19764.656135232057
21045.885348842028
19550.55020960034
19436.128573484217
21543.05020960034
25710.140033875778
19021.05020960034
19039.05020960034
20135.55020960034
19204.05020960034
24976.55020960034
21145.05020960034
20698.236989967085
20738.540994488852
20721.645427286236
20371.05020960034
18669.51450179606
20694.05020960034
22325.360962626622
19999.55020960034
22538.05020960034
20706.05020960034
20122.706689504812
20559.610327856917
22135.128573484217
20637.628573484217
18497.41843798383
22334.391267528157
20827.736591996287
19259.78036846252
20738.05020960034
22368.128573484217
20862.55020960034
19872.112274047002
24158.41843798383
20755.55020960034
18943.05020960034
21118.628573484217
21300.05020960034
25237.55020960034
21909.612270471145
21032.626069063106
20317.05020960034
19425.55020960034
21335.128573484217
20664.628573484217
20090.05020960034
18679.55020960034
20706.21515735104
22943.55020960034
20121.206689504812
21607.55020960034
20210.128573484217
21809.110327856917
19689.05020960034
24199.55020960034
23149.664651586085
23187.110327856917
21817.128573484217
21672.110327856917
21412.05020960034
20357.41843798383
18887.55020960034
21347.385348842028
21133.55020960034
21408.55020960034
21939.236591996287
21742.628573484217
22765.697706671854
20421.10206708769
25723.628573484217
20986.55020960034
20684.112274047002
21725.05020960034
20873.19480470354
23358.55020960034
20503.55020960034
21175.024135560834
19645.05020960034
22447.888984068355
24541.658557760544
20757.05020960034
19692.05020960034
24640.05020960034
19053.513508944765
17850.628573484217
22174.245716964546
19509.628573484217
19637.677668589207
21785.128573484217
20509.628573484217
21413.128573484217
20681.128573484217
19269.069372226157
23247.185878116994
20891.05020960034
19547.05020960034
20399.05020960034
20927.206689504812
19227.128573484217
20098.110327856917
22085.92331031204
19188.68671332101
19769.200732233614
19932.885348842028
21873.55020960034
20311.05020960034
19777.05020960034
21156.05020960034
18815.55020960034
20544.043753505724
23025.55020960034
21448.05020960034
20524.128573484217
22854.197706671854
19394.542334969483
21718.612270471145
22750.523591192083
19516.05020960034
18760.94182676186
19823.206689504812
19983.128573484217
18731.55020960034
20619.05020960034
24210.05020960034
20401.55020960034
20846.236591996287
22538.60960810106
22472.05020960034
20341.05020960034
21783.05020960034
20114.736591996287
20851.55020960034
20322.335948644984
21286.55020960034
20563.05020960034
25850.55020960034
19296.7397672691
19569.55020960034
24959.05020960034
19607.425125022808
19496.612270471145
21766.55020960034
21130.05020960034
19863.161959784004
20785.55020960034
20396.05020960034
20476.612274047002
24084.55020960034
21604.55020960034
21613.736591996287
20375.628573484217
22351.05020960034
20132.52483021213
21269.55020960034
22932.55020960034
21563.05020960034
20650.043751830162
24368.05020960034
21817.05020960034
20748.628573484217
21646.55020960034
24540.628573484217
22554.55020960034
21494.628573484217
23473.112274047002
22635.128573484217
21471.05020960034
21297.628573484217
21220.05020960034
22302.316325084816
19767.610327856917
26659.05020960034
18971.327458994838
24061.628573484217
20252.41843798383
21419.55020960034
24059.55020960034
24158.55020960034
20446.042984020158
21819.05020960034
21841.05020960034
24653.55020960034
24458.55020960034
21305.05020960034
21461.543751830162
22304.44182676186
23190.50598489129
21543.45124125011
24384.55020960034
26116.335948644984
21315.05020960034
20772.939355038725
20869.427803420116
19447.110327856917
24129.654268328428
23122.524135560834
23489.885348842028
24883.05020960034
25106.55020960034
21497.05020960034
22688.05020960034
23341.55020960034
21116.524135560834
24051.024135560834
24450.05020960034
20653.55020960034
21856.55020960034
22690.05020960034
21186.55020960034
23835.128573484217
21584.55020960034
20617.64357847403
21881.04273001561
23477.128573484217
23486.05020960034
23157.611336287013
24971.401972193933
24353.128573484217
20657.41843798383
24946.736591996287
22867.60960810106
23611.55020960034
23448.55020960034
21485.09364551875
22907.05020960034
24618.55020960034
22666.55020960034
22989.05020960034
21364.55020960034
24400.94182676186
24221.55020960034
26090.128573484217
23060.20261603
27550.236591996287
29633.55020960034
21574.55020960034
23841.05020960034
21393.68788261383
24927.94182676186
23122.128573484217
25179.290339440595
24574.55756970172
22954.05020960034
23926.91843798383
26010.685878116994
25337.128573484217
20454.024135560834
21107.05020960034
24171.05020960034
22721.206689504812
24586.736989967085
22288.059204228884
26195.128573484217
21922.05020960034
25353.05020960034
24105.628573484217
26993.236989967085
23971.128573484217
29184.98631466419
23834.10960810106
31153.55020960034
26345.05020960034
22342.05020960034
29276.158557760544
24779.628573484217
29876.05020960034
23321.55020960034
25108.55020960034
26362.05020960034
26627.05020960034
26071.05020960034
25514.55020960034
28029.55020960034
28252.05020960034
26336.55020960034
25573.185878116994
25418.628573484217
25229.05020960034
21457.05020960034
23037.540747775987
24758.305942604442
26602.730565584563
21977.55020960034
23708.110327856917
24087.628573484217
26196.197706671854
25670.128573484217
22237.610327856917
20035.024135560834
21184.55020960034
24086.55020960034
25659.41843798383
24980.05020960034
30110.55020960034
28678.05020960034
23531.55020960034
29864.91843798383
25911.55020960034
25323.128573484217
22766.628573484217
21203.05020960034
23632.236591996287
24240.55020960034
24006.60960810023
24120.557566936288
22252.55020960034
24956.610327856917
26039.55020960034
25450.110327856917
24502.55020960034
22695.10960810106
25239.55020960034
21059.05020960034
25132.110327856917
20663.05020960034
24147.05020960034
23534.128573484217
21776.05020960034
19606.628573484217
25437.812901615463
21169.040747775987
24712.658556112827
20343.55020960034
21309.628573484217
22703.628573484217
24011.427803420116
20695.55020960034
21027.05020960034
20300.024135560834
19715.524135560834
25147.55020960034
19950.55020960034
28383.112270471145
22460.128573484217
21790.05020960034
23583.05020960034
29454.128573484217
20625.55020960034
20517.55020960034
22499.128573484217
24752.605601552114
20860.73304864649
23727.55020960034
25225.628573484217
26166.112270471145
19715.51142642051
24672.110327856917
20786.05020960034
22514.113558531306
24850.41843798383
26958.55020960034
24899.55020960034
24588.55020960034
32713.55020960034
22832.55020960034
24089.55020960034
23204.05020960034
29451.236591996287
26893.55020960034
20094.197706671854
22426.05020960034
24392.024135560834
24759.55020960034
23161.90253756072
23854.128573484217
23367.065604323005
27585.706689504812
24390.127832758128
21939.55020960034
25094.41843798383
20765.55020960034
24411.83434139906
25270.05020960034
26306.05020960034
22299.860339594597
21529.55020960034
25820.195869010528
25045.043753505724
22488.41843798383
25162.610327856917
24715.55020960034
26346.05020960034
24505.05020960034
23722.128573484217
29709.05020960034
24579.05020960034
24921.55020960034
22122.925120489268
25875.812901615463
22866.55020960034
23591.628573484217
20511.628573484217
22865.736591996287
22721.05020960034
27704.05020960034
27196.040747775987
24946.41843798383
23895.55134345802
27269.005984888514
24786.55020960034
23157.05020960034
26792.55020960034
25115.05020960034
20896.05020960034
21571.05020960034
22633.05020960034
20991.610327856917
22223.55020960034
24710.05020960034
21588.05020960034
23794.736989967085
20162.617842873795
21083.024135560834
24646.55020960034
24350.55020960034
21693.005984888514
22601.236591996287
24397.05020960034
23412.05020960034
23844.401972193933
25221.55020960034
24656.901972193933
25396.05020960034
26610.55020960034
21004.024135560834
26121.236591996287
20527.55020960034
19255.610327856917
21509.44182676186
21887.128573484217
22854.55020960034
22495.10960810106
25733.628573484217
23969.628573484217
20738.55020960034
21545.05020960034
27717.128573484217
24602.128573484217
26493.128573484217
24453.05020960034
24117.33434139906
23172.628573484217
26997.55020960034
22129.55020960034
23209.55020960034
27132.05020960034
24296.110327856917
24969.628573484217
23115.55020960034
23947.55020960034
27557.612270471145
24253.55020960034
24135.407151911124
24489.05020960034
20010.123686437593
23249.892760640596
22466.05020960034
24180.05020960034
22611.55020960034
21494.44182676186
22313.610327856917
20199.658557760544
22697.05020960034
24901.55020960034
22096.128573484217
26490.05020960034
20726.05020960034
23641.44182676186
22570.610327856917
21900.610327856917
22928.594801802687
27144.05020960034
24232.55020960034
22743.524135560834
27143.55020960034
26973.110327856917
27632.736591996287
23101.55020960034
27788.55020960034
24284.05020960034
20953.05020960034
23862.128573484217
21194.128573484217
20999.524135560834
24227.05020960034
22982.55020960034
26449.628573484217
25847.55020960034
29681.543751830162
22501.706689504812
24069.55020960034
26170.05020960034
23799.628573484217
23263.706689504812
22585.55020960034
24312.921173169743
27807.612270471145
28823.55020960034
23315.05020960034
25410.55020960034
24112.05020960034
23772.610327856917
22447.658557760544
22834.610327856917
23177.55020960034
22327.086505102543
23991.788396690645
24683.05020960034
23311.20466405258
23197.128573484217
25092.128573484217
25703.055848103104
23734.236591996287
26843.91843798383
24687.05020960034
24096.05020960034
24809.55020960034
23291.01450179606
22720.043751830162
23586.55020960034
23573.628573484217
23912.58591373507
22386.05020960034
22174.05843605816
25974.128573484217
24279.835948644984
24733.55020960034
22471.55020960034
21529.44182676186
24205.427803420116
24243.41843798383
24308.55020960034
26501.55020960034
28225.55020960034
23227.628573484217
25173.363598004533
24499.05020960034
23830.05020960034
24726.55020960034
25135.55020960034
19867.55020960034
22805.812883061295
24076.05020960034
26746.55020960034
21595.55020960034
23183.158557760544
20668.55020960034
25703.44182676186
26533.628573484217
22987.628573484217
22100.628573484217
22349.128573484217
23290.55020960034
24149.05020960034
21265.628573484217
22738.110327856917
24226.01450179606
25680.05020960034
22188.610327856917
23755.05020960034
21817.628573484217
22567.10960810106
25253.55020960034
26867.05020960034
20574.55020960034
20209.05020960034
23472.55020960034
20654.110327856917
21411.628573484217
21587.128573484217
24669.05020960034
25653.05020960034
25122.128573484217
24312.206689504812
24909.05020960034
22084.288812741055
21796.55020960034
23705.55020960034
26488.55020960034
22738.94182676186
25473.55020960034
20264.05020960034
20813.55020960034
20033.128573484217
24031.55020960034
20784.44182676186
21989.610327856917
21440.110327856917
22154.05020960034
21543.05020960034
20774.024135560834
22448.55020960034
23641.043751830162
21202.55020960034
21094.55020960034
22002.754486541886
22444.197706671854
21182.628573484217
19506.128573484217
23414.921173169743
23143.927803420116
