-406.637634537008
-439.50105948453034
-380.66550398905156
-406.509566834453
-384.7842174155887
-359.8300693463881
-390.1537458087985
-416.12496669331665
-382.7834687488065
-406.38766457862
-409.815962575803
-438.61440499212426
-395.9141489336249
-408.19308788710197
-449.4561955127265
-420.20520809572616
-464.4936249734878
-475.0888687635612
-450.52849127620635
-454.0444759273971
-446.5780661224967
-473.640407848407
-460.45116987998586
-495.17208338888133
-421.67050085735576
-440.7167708801859
-461.9040705869809
-475.5014200877025
-436.79888271021207
-468.21903118176107
-422.2563761194074
-491.43615568496926
-504.46919536760066
-458.4941525183746
-491.1552839443105
-495.9753155814552
-519.3747553819949
-491.0006555765588
-517.0925840122854
-524.1212253387671
-490.8952241004514
-521.9377939217314
-492.7153512494487
-504.24432793965275
-538.6468426665884
-492.0834060007809
-521.9043801478517
-517.7202325432581
-535.8125157100144
-497.3032567474237
-472.9032796040842
-476.29913734522506
-500.31097234995553
-495.86588663151593
-495.52560257024055
-477.65681297137183
-487.45254845331914
-500.5038577392951
-510.26501921165027
-530.3995933034793
-552.5702993217944
-548.5340951881783
-518.2172478363576
-539.5788503337335
-541.7471796485092
-522.5883063800197
-537.5443768929267
-526.1420845522567
-530.2905019655553
-517.0939643798005
-535.2471970287215
-526.4809156364817
-553.8877799045554
-486.19272236485307
-554.0136178036469
-518.1090223712833
-542.1112699304831
-520.5212185012481
-532.1995362559971
-506.1268622925697
-525.2718647987156
-523.3111487662651
-507.8155990504025
-534.5952304017152
-493.8914145927281
-513.8545910875775
-547.0566455782218
-523.4894280594752
-526.5889899150204
-530.7355590062133
-523.9214582706724
-510.3669795891497
-527.9937930140749
-492.3828844221674
-562.1899102503196
-513.1455970787279
-491.39778764250275
-525.0483724174956
-499.58810082241234
-491.2318046970819
-542.9823191415369
-510.88293574523686
-503.91399895966964
-514.0088605332193
-523.8797266181489
-498.43598979368346
-524.0096458758985
-526.2518592988254
-499.03068038729634
-526.504214786381
-538.4933561129219
-491.85002422367427
-478.84237829667853
-496.0989648693278
-503.2522348728607
-512.6507222631524
-529.920733718265
-502.57677265318506
-486.7764142464647
-483.8264748456646
-515.8060219993156
-463.5408672118097
-533.95951021617
-475.73327660142195
-507.0158543571381
-474.5701672972182
-471.31871773578587
-516.4350066507454
-459.0918501264728
-473.97309561210557
-494.61644121839953
-457.1149489374667
-459.36770687540263
-444.84434598564513
-488.7062021724505
-433.46317189220235
-501.0241158629385
-516.1178446817431
-520.0631815114054
-498.91618837114567
-470.73216382033945
-463.79028137285735
-426.62789567025345
-514.3910453278174
-518.1015601177977
-509.85676097969986
-427.88271128236147
-439.0016675652757
-492.04560522786255
-482.64802773573524
-450.0855182357858
-462.68998673209114
-484.8286739831159
-457.4365954850543
-496.5540203599473
-437.0880414498391
-415.0899126266746
-474.1292842913619
-422.8403416335945
-488.7714291057973
-421.3319896187671
-470.3623045462638
-454.0395543417557
-456.1048705190229
-432.7036140790514
-461.66408257605156
-452.4257141305952
-469.8550965432022
-401.20179965542934
-425.1516765555307
-413.97839035877564
-417.8911421739406
-462.7182981179952
-457.5122838790301
-423.12521207917325
-450.11341281346324
-466.10201973888434
-401.447503171428
-449.11835561497145
-423.51067657961386
-447.4252959704663
-434.0692945105012
-430.8375196735273
-429.35138357912217
-449.97774507308486
-402.22258529156034
-415.81352356779644
-435.77340832435834
-419.700921718357
-430.02347063614843
-412.7147743954779
-394.94634624017954
-435.8768886968544
-406.46426144621506
-432.98279756047646
-440.0233793385687
-484.1536936194353
-436.2967355106914
-423.2133910608751
-427.8452836565164
-452.6758204083534
-408.51853642478886
-395.9172979852426
-448.22080264748803
-404.6746869783542
-447.61782772910703
-429.0913089913608
-426.61911325823326
-471.3720652424672
-438.6929253182908
-447.578364939913
-448.50225903478014
-405.25168797976085
-406.31538926065514
-456.5268172724793
-431.2714772837808
-428.4041369661453
-452.4073922534802
-450.54000033986483
-444.36786855761693
-464.8006000941599
-405.3685677514341
-466.25464286356987
-435.8458367248767
-418.7418069670414
-423.3318065080023
-415.443894829212
-406.092622211454
-453.7614396675308
-453.4147193956951
-461.78423283165716
-443.27928221862317
-454.320472586648
-441.0077142615387
-442.66999213757094
-444.0815777722136
-493.6018660319799
-490.8453702778183
-458.4747393994288
-494.85967614402244
-493.25438904852126
-497.16891130231056
-478.6167418983292
-507.5623515756969
-495.0215071739147
-479.5719093604449
-472.02668674951457
-502.471985908724
-491.73636140728934
-490.074436888645
-458.7005337902775
-455.60975456364315
-468.28101236923317
-484.4539798418773
-444.8140487573547
-424.4665924457641
-514.8953264807002
-475.1385752076052
-451.34706465443327
-443.9825166361458
-496.16119450352164
-479.9006818886337
-489.0194098908479
-486.9867612485535
-477.7413094512311
-464.1054244269222
-468.49807787734704
-484.1101928210456
-448.50060411037816
-453.1554630955429
-470.8618521029606
-480.4185587569443
-485.06056557281295
-476.8134392171854
-488.9752402143042
-473.9749434716583
-484.96399220586284
-494.3206846962231
-464.56603478503246
-487.88351240286715
-506.0339220922395
-473.56643203571105
-510.48139557058664
-469.1987590199901
-498.209371248342
-513.056619171223
-502.0566421674119
-489.69153621598866
-480.7591154568978
-492.6433394249028
-493.7421405371482
-526.8145259176015
-527.2371559098374
-517.9758802264905
-547.3473325310059
-512.6221374623609
-512.445206255866
-511.9357408111188
-521.2125624155841
-533.322182277423
-561.8884743408646
-534.1653445198309
-524.2983627370102
-540.6533888103527
-515.4325767618925
-555.6127089831501
-560.5960836282511
-539.7306947599743
-548.1160049384396
-536.2669122591947
-557.9835413799392
-552.4585016848023
-547.009437005395
-522.5184350817129
-530.7518855928206
-530.1305442784004
-547.0894758485585
-543.0724234002287
-541.3988498095383
-534.4523167791833
-562.9510366144318
-553.5942546693062
-538.1717012702445
-557.188912261533
-524.5338634336267
-565.9376278201102
-543.8455251199092
-547.9070473659399
-549.6486664999102
-560.4362736930094
-543.2242529679309
-560.8905023973214
-518.65523221506
-545.909429757862
-556.2147655365189
-566.4924352010491
-547.2997575476625
-555.1647468687261
-553.3503400271832
-552.5889225460519
-549.0002341373292
-564.2763175867526
-544.1454813815823
-561.3471306593258
-549.6804636884465
-567.3182508722101
-570.3771530898437
-549.438958275101
-556.4859727220927
-554.4970522489234
-568.6861528785998
-557.8655319577556
-592.8459294318379
-588.416228494586
-568.63409326555
-558.7432751672712
-578.2881422816959
-584.5333985677315
-581.0821551292261
-585.3463780574975
-578.1120681437079
-574.32710466799
-583.3200781019792
-556.18398719525
-576.2491649165443
-598.293348868469
-714.5370742927564
-713.7859866728252
-592.2791942396509
-703.3784609621279
-715.0540868833351
-584.3213100648936
-723.9775597642515
-713.4250864231776
-719.1521260545092
-719.105520491163
-602.6925683591435
-712.1708699922148
-715.423112695435
-699.4349024150492
-703.4033348243981
-708.0340757145325
-697.5575505408299
-705.1762368649835
-710.475287979335
-706.3424970328263
-706.6861987517037
-714.9557499686176
-710.0042199718314
-703.525657011148
-716.3369551164711
-707.8121114683136
-714.9805438871726
-708.5574393690428
-707.7345374985357
-703.9859474231037
-704.2308314777714
-702.5235793042289
-711.0036004165315
-707.2603441150944
-707.8382837969423
-710.8120558616417
-701.4602076978509
-711.0517646154302
-711.0771035848802
-696.3686316703343
-708.7980522088494
-708.2523046256165
-705.5221112200786
-713.8389135397684
-706.8253589199476
-714.3295536683702
-694.8495280307363
-719.150389448733
-708.6976154715544
-709.3901448466494
-704.767052809919
-713.4501878356047
-711.7349795914529
-715.4685918661162
-709.3543141080551
-714.8809899777573
-705.5454109715101
-708.5285337822991
-712.6460066711508
-709.3583787329067
-713.5426812035141
-711.5210718792351
-590.9850045612802
-720.7248570790287
-598.9532365786708
-582.4504066781233
-717.6289976386897
-591.3092275561578
-584.3821224929097
-574.5119809685098
-594.8044936721219
-584.0702559115057
-582.9452648852089
-568.9072337853075
-578.710372417984
-527.9731951278416
-552.9649756727322
-550.5323035068136
-557.4245073194257
-552.602466211219
-510.8451573056415
-529.5307927142724
-524.6534188754737
-532.7968909651163
-533.8812029196264
-535.6547363465229
-524.4565863153503
-535.3026171919478
-551.1896345908704
-518.3219683362986
-549.4308624873668
-542.4897400618205
-545.0776221716574
-526.2676112500252
-541.5420922971741
-530.9305682711931
-546.6012222177565
-559.4018605438664
-538.6751859441538
-539.3190732822965
-528.8850626321271
-518.4530075461159
-539.0378994289657
-523.591026926869
-538.3927743486324
-532.0647543912446
-545.3862726487522
-502.0116221164848
-548.0997445127871
-537.4281453354538
-541.8486046840056
-557.9208858720135
-542.0743538853703
-522.5956199018008
-552.9671167328677
-528.3443391141959
-550.4112269677282
-552.136872066545
-537.7467265610396
-536.6452156919656
-531.4999449919789
-549.3172594151432
-515.6528676119964
-529.6468472660738
-505.8891183326908
-521.6684956543028
-497.041964997165
-517.805670347368
-524.8659679748313
-488.17880866405034
-494.9570499190527
-486.6042014696547
-492.2882669696786
-519.0788337072773
-493.8502028022349
-482.09154574721754
-490.84325650255744
-473.10473611027913
-461.82299011738803
-464.5162126626955
-487.84037903707076
-451.02274886695625
-495.2423536053416
-469.64686568217155
-485.7898315265111
-496.2488706362712
-450.6817041166957
-457.90734165958975
-437.59191182206274
-469.9149993511147
-462.252991129078
-462.5352778926285
-461.40684150093523
-473.5001976278718
-466.2886874570507
-478.8470700030024
-452.08661904077564
-476.1489425867072
-483.30552857876523
-491.3728974979497
-459.7159758605582
-520.890730573469
-503.933831400116
-501.5024049475369
-487.93439731154865
-525.444880069258
-483.12390269377875
-518.694282361108
-512.4278353057546
-469.2495424574205
-488.3820102264531
-483.7218149672886
-490.4111548561143
-486.8265851287609
-472.68242861945146
-488.48094808233657
-498.29507944550267
-496.2050721247298
-479.04811424178615
-463.81469357158244
-460.9787567501918
-501.451870819359
-465.1276138136034
-486.3405600992181
-523.1885473802884
-490.6634155832197
-495.22299930344224
-474.47821885759583
-469.4462835071953
-478.9196854643669
-504.49635884186205
-466.2739178571602
-488.6647072389485
-468.9929860654948
-454.0588954879306
-468.1217691258557
-475.8491064187116
-440.9816608151323
-472.97658218338535
-427.6512936478
-460.33068062700227
-420.7277543230514
-426.88832268843146
-466.49054733134005
-419.20764172601025
-448.79568978677446
-422.0316405635724
-432.1942563810052
-459.2106529316883
-468.7953378370604
-433.10052588241365
-479.55426792538367
-451.26743442281077
-415.17203480370017
-441.2994322397608
-452.7477891539619
-445.089068200211
-477.40088629791666
-447.0639816807118
-444.43057464930047
-477.7843733304695
-482.61150379941193
-456.4506468297154
-481.99248033508854
-449.34124449639387
-445.6299314225744
-489.24182090500085
-447.4592900833148
-477.9774720878122
-452.09041103587214
-455.88921103852385
-502.7757774863164
-469.79859498876823
-482.8006505228208
-443.5575819736337
-486.7273255180835
-436.9310513607335
-482.498908772229
-486.5784513020076
-436.6786061264546
-434.5289355044309
-426.6181483261066
-437.42157158158454
-486.60271122612863
-445.387054485145
-468.1525735114144
-451.51698250603175
-495.5280447426262
-407.32222179837953
-426.1673087026248
-440.8292220088039
-434.2666339636769
-463.43349531072204
-463.7750937489466
-453.90221553009945
-462.91499676252437
-440.72585117608617
-448.30535075967214
-474.4114546715871
-480.7866100161451
-442.007009600006
-450.62526811515704
-454.3630445704372
-462.3006319637733
-466.9510830769062
-493.46188811749505
-456.5489737322364
-481.2898592819081
-482.8490887825312
-475.77628420877204
-487.6118580434868
-474.66256557262864
-480.5457878515309
-508.4333632408088
-492.79030256035577
-480.8463209668995
-412.9860624483073
-450.70761783322087
-446.2254448977152
-464.45406669110764
-459.0582048165208
-450.79155987125444
-488.07322617851185
-477.59348390874277
-475.9081001004665
-450.35774083797673
-484.575304666845
-440.11053846347994
-538.8021298449161
-529.0587476182288
-511.9068307385038
-439.5286745412528
-452.7419441245944
-455.0762236708201
-497.4267385942403
-486.06986358306153
-456.26070351032297
-478.73273364740373
-463.16972098231633
-519.8953936748077
-521.5319777808179
-451.26929300842835
-443.96462923069413
-499.3015384060292
-455.30237210296013
-453.8176108423784
-518.749373454964
-454.566239159919
-463.8130609615138
-469.4011589150297
-502.3444889150045
-493.7648421975748
-488.3624735502057
-480.37414644221553
-454.7483775689932
-504.68215549964225
-480.6722227706264
-485.01076338501036
-494.6252058708883
-494.4854121636307
-460.905891500773
-473.3115447327713
-511.12154439942657
-503.22612169337947
-516.1887943627687
-502.05462486412677
-503.5983527343503
-461.0388238797974
-528.9138333080028
-462.81045927715934
-452.6742028610545
-475.63787491255346
-480.6259769630236
-526.1768253320878
-461.03197681575006
-420.5326810564469
-447.7783864817509
-463.66884630724644
-465.7358784017242
-480.01014563572164
-481.5530322808322
-408.97047531750945
-457.49623432198064
-437.1895007018135
-460.2267817531366
-429.9504004310438
-447.6022076176042
-473.8309495041212
-477.5531142472738
-459.94535330487713
-438.1628232783229
-446.3776616563931
-464.6694023569351
-448.7284394476057
-454.6285617767113
-443.3883027000438
-433.989320872381
-463.5319254711423
-456.8445460191752
-470.1608719932736
-475.9794279684826
-454.24708246650437
-461.995453490435
-472.08526357808427
-477.975913707061
-444.49937662328364
-479.95498213034307
-502.0649697933345
-484.3367607352141
-463.8601371968547
-486.6500772144703
-483.5186489751914
-469.47875081665825
-485.3470365624622
-424.07516141483114
-466.9163645844035
-449.92726425666433
-464.6479449975829
-418.8549093142599
-465.314935844636
-452.00393865112164
-443.4381143679524
-447.34727547523397
-406.76252120982485
-392.36183445333893
-459.57223128141163
-457.9843750739955
-439.61275220233983
-416.5446022366631
-467.3528676355319
-429.0785335456343
-402.6750980402103
-410.0812671274691
-464.6016074206219
-439.178825764221
-464.18382743032305
-405.46275486000906
-457.6875683263671
-402.79019645494157
-392.6503661141072
-429.2178261780364
-413.4634587097976
-423.2186412379769
-432.59093708584703
-505.587481794767
-444.7946977860239
-427.1647135176056
-424.2151069434116
-406.83566387701774
-411.26387763904245
-370.19752729339655
-400.528602426232
-392.9482942643449
-396.08103465514796
-408.25827874851814
-400.1065124176228
-408.88844555107966
-402.7016857038209
-403.44487193571933
-421.3514580064259
-393.5900357085417
-401.40395844241795
-396.6200400546372
-377.47961188403747
-403.236877978494
-377.7824711636974
-389.3749230049512
-399.8057177150346
-399.74716680326753
-474.59079355279073
-382.0833532794978
-417.74366835906744
-451.25963747448577
-392.37857505556565
-405.70605794902895
-383.6123435905872
-379.7814682673053
-377.63551050344427
-384.2210427976171
-398.7467883321878
-382.98365241273063
-390.9742571235141
-357.1785111395578
-379.73963350531415
-394.3586473747662
-357.43436488111286
-383.4027519618733
-355.7880943004093
-397.89496965165574
-385.8976004653037
-382.9400428474331
-391.557461650552
-363.39993534078235
-390.043378537744
-349.9916094764783
-365.80739551634895
-399.4954511224198
-353.15560759224525
-448.7889835619592
-411.01224768317286
-378.78002968903337
-413.21189477370626
-439.923719813903
-399.1628206124925
-398.9305400672228
-374.35845964040846
-404.16246131913016
-412.9158527844427
-399.51102194132136
-397.6110309350921
-371.29588057592287
-391.26598033833545
-464.3952420740352
-396.2563079479867
-405.7108306957566
-435.4459560498831
-398.91097340223655
-396.3438438131816
-438.90297547728994
-445.75634337818565
-480.5325475923995
-480.2062466142604
-454.46224733821816
-513.7031615406707
-466.7056674639575
-483.59967687228993
-436.94453625748633
-498.57727490422565
-433.1480129329784
-522.8857618426925
-450.82349556289864
-418.5273135850375
-447.6628979497781
-465.2064796949343
-445.2302621558757
-450.69861700229467
-436.57928806948155
-457.7824325505334
-422.4978000993523
-437.57028357921286
-460.96978605933793
-459.24853042039285
-484.77930432434164
-449.5366979657162
-435.80883961612403
-463.8513874726557
-456.72249459394266
-432.4432133179939
-461.0235298695667
-480.32227167844883
-446.19512431974607
-460.14292729701714
-431.7425604621113
-490.9605104240529
-443.88156017956305
-446.374859528786
-470.4636321008756
-464.13539316885016
-466.5390602896099
-456.29995134977594
-451.1412906299787
-436.73218560229293
-454.8797236747299
-495.74734625442443
-472.24776012998944
-506.45387832458016
-486.8980608187685
-491.3030700673239
-487.30178931590774
-516.6650968315587
-493.1086589176166
-467.4856631476134
-545.66441607966
-528.2827223991786
-530.8524388678677
-514.8385469701492
-536.9201871824063
-521.7172972468888
-521.0459115871466
-561.1702059969723
-558.3783686137549
-522.9057659206198
-530.15856226851
-548.993968369088
-512.6209999618817
-557.9564126147361
-489.9298093713661
-545.7093839683414
-548.9029243539637
-517.138293464219
-497.59827431790427
-502.2074498940434
-524.1882640487606
-506.7176056460876
-551.9351772039652
-464.2308810682475
-522.6188994219706
-518.7783645858631
-505.9471541476023
-545.1776410069443
-546.0249931985434
-535.1586402401783
-509.9656475165144
-508.69957539634106
-490.57332679035244
-507.4407801075949
-503.10744701701543
-428.83574737048
-464.38524312985805
-452.60612900042753
-410.5630783694389
-421.4999399848452
-464.0936268932646
-446.93727322270604
-420.0881500928364
-410.21513184576827
-397.0408251520912
-448.23087858786437
-419.46145108679127
-399.2752352188162
-421.85852710556406
-444.4702939489459
-441.3736510219568
-438.7016036227004
-418.2190216474515
-470.71109556453206
-428.3847039210036
-442.5609618042348
-429.94344970720294
-450.84469058352215
-419.67796828306444
-398.31452701808576
-424.98860067594615
-425.9585711187866
-420.3813544122273
-427.357306931304
-445.8321050563984
-427.07625940477755
-408.8817678904079
-417.9416214106235
-420.06872591560773
-432.9444725982562
-420.0689470738263
-432.92570730390514
-421.0880388448637
-414.29623462686686
-401.2400562615387
-422.1120119066786
-434.8805207487365
-425.6583961254444
-440.9914977822457
-433.767407913616
-409.8929634282958
-445.4575842988718
-477.44969385608954
-449.9148404122881
-465.63054110213494
-421.8520138710046
-445.40129257106275
-421.15739486582595
-416.8470906668815
-431.1400547616612
-424.63452025713843
-420.17401031282736
-463.4248387732555
-457.82737305846985
-460.5997718937621
-446.71966899886127
-494.0915856458493
-444.9089327695335
-480.36196972106995
-442.1846785434394
-422.7810071973821
-456.8266256232472
-401.79219677164076
-438.5924664210821
-440.5542595939114
-449.9666776098469
-480.3175123004664
-430.53591777076076
-485.0714496009973
-438.28632135883953
-457.9356876112102
-431.0394100531307
-412.7352193332937
-415.462398564477
-464.2650696982896
-440.4006747957494
-424.2766628455922
-414.85747479765564
-439.54649647378415
-496.7796796859708
-436.7301869749141
-449.91097117010474
-420.64066306385115
-444.12146794267693
-442.1911471482748
-372.0870006181385
-404.0279041057562
-415.1062296801525
-408.02369220436356
-435.4826307929469
-396.599536284152
-369.41701241478887
-397.9611315359153
-413.76639157841214
-396.9951481235733
-450.00794973019185
-428.8099525493083
-417.0207405952202
-416.26128259156974
-439.46028323316546
-378.91133884207005
-403.3773547114776
-404.9018923863447
-401.34726831624823
-421.23359357125173
-388.23556681793116
-431.60031314101485
-454.29858475945184
-358.8881925449591
-423.38646391953284
-431.9413325233111
-424.7957780101509
-401.5387397066299
-394.70220323336207
-458.64040931892305
-383.3853698198897
-374.46489759091287
-427.6999068748645
-455.3754858482421
-454.7529064216763
-455.0314590352158
-444.1014648074055
-418.77175162972094
-454.07937532201936
-401.7558393938118
-417.52512987976223
-472.4648312019516
-431.7728056996864
-413.3012546992917
-431.3248403079427
-441.7094957251457
-420.56607782189906
-412.01430748514105
-434.7320555579712
-454.03626899431697
-422.2612867361241
-435.26065377714133
-401.90100728976904
-420.4303635099193
-399.57399632884074
-404.12606790667166
-453.10015093970327
-464.4757990594236
-432.1983264931923
-481.4231490263131
-455.03966470571663
-427.18253674543456
-448.9355255062915
-432.21119757848953
-449.6831541215581
-517.3538437029106
-415.54876955852956
-464.9493634966027
-472.485215871235
-440.19112136410763
-452.3210056890405
-435.1660293763812
-459.4243102161239
-416.76592558726776
-425.65028306872375
-454.16472429407156
-478.3431218893544
-463.27485291443287
-463.5664941719763
-410.6394839414512
-416.64230156629037
-436.9251047564589
-407.1182197387127
-459.59171163405466
-401.85154459236645
-424.23333971965303
-439.1047507919339
-448.4711204142383
-449.08208267998236
-404.08877118068847
-459.33317354104247
-414.8657752403427
-465.45922846916613
-432.79534070048396
-422.6797423708509
-438.4462665816287
-430.86613213350563
-420.04808968608324
-407.80140547243184
-455.61745946732555
-405.7288771274251
-407.41997328128866
-411.1781383050214
-423.28352187649773
-387.37056742641334
-440.0234669630038
-409.6438151332555
-426.8509312943423
-356.6049772403135
-403.65635158664315
-418.9738569581257
-405.8833135033109
-423.91661605277113
-404.693454884865
-381.9146785921392
-397.09727408226547
-404.62038345971985
-433.8768124926899
-377.3678418887124
-404.5284897005416
-373.9456758434028
-386.41457526442036
-394.8958254855178
-393.9490578168486
-372.207325075607
-437.0894385479759
-402.55208351684456
-411.9339652768026
-397.1303274262749
-416.28094383088967
-406.794897289859
-413.73850998135197
-401.54303555491924
-405.57803236432596
-440.57998770439474
-405.7524273444824
-446.78947747596976
-382.8198765137265
-420.23688485573706
-396.12434714161884
-407.75314694572216
-413.0745654136108
-390.2880495959662
-424.4939794295758
-427.48262264706307
-391.2257261759062
-384.040848598532
-375.44241713041004
-378.44629693466425
-436.32788306192936
-412.6624773471806
-377.18454577069565
-446.7875554307332
-416.9099865192953
-420.29851304149577
-424.976961329359
-394.6663767071688
-416.2623069468917
-395.9175015017778
-446.02165470748486
-383.0532613219061
-398.93498316647515
-407.23997151996286
-425.1994245612956
-389.580401596588
-398.1273630000323
-416.0592193141306
-439.34051507020763
-397.3610560824123
-431.18340696603684
-440.6512895560908
-416.79231924397936
-425.00851970394285
-428.06012808561366
-475.7297802575371
-432.0533574448079
-413.6406410887437
-438.59123810128415
-450.9448856219251
-427.529424187768
-474.1542912061112
-456.89620156560545
-474.4544976003264
-478.3243802488279
-412.8206988050434
-444.0311220006939
-430.2874775478823
-446.4643350957721
-435.9927187110542
-453.0919613124955
-483.32724343761777
-468.50247696586996
-444.29966863913495
-448.90531117362696
-448.4404653926317
-433.2999949180347
-432.52061189749713
-439.66844169027297
-441.55765157587894
-420.2870445490237
-400.8576001704218
-460.31013460997076
-463.951485109414
-477.37565544034294
-486.49454576318544
-408.8706323618518
-434.7149691516261
-409.5706911764068
-450.2581277053029
-466.1021899608744
-418.21395167512355
-396.3565727003555
-484.2737290271408
-429.83518196618934
-416.55943746737387
-444.03447316182996
-433.8988725323224
-395.75596525919593
-386.4216214617955
-386.6558766912557
-429.2753128074197
-427.48596867439517
-444.046737780876
-479.25864853559
-441.6236335378704
-430.29669704011883
-447.6050651148478
-441.04064476953556
-426.10776226023165
-428.8308354642801
-449.37908825698617
-455.6432958841152
-446.37838217380965
-437.89842586097376
-457.22557665124333
-478.7304629383933
-476.1991443384255
-457.3072027041021
-462.38996993560386
-449.07523001438415
-424.8452289045265
-460.62463164350515
-417.1158174358382
-461.9648889804654
-472.7218688787911
-468.31919587788195
-460.4120874799827
-420.40688412954603
-499.4574095813031
-472.2938068233685
-443.54061452702496
-445.86385275020064
-460.18098213239995
-457.3904668174439
-498.6720581223569
-443.3535756827848
-492.1970123037103
-465.08506543735166
-461.33581118982147
-475.0713920571867
-474.5294863002069
-448.4034300746639
-509.1501068191308
-475.12202943333216
-509.6005955884641
-461.3060958793767
-468.488886756489
-488.61208460512523
-487.63001563198327
-481.5579146562979
-524.8615553608771
-500.3879793630963
-486.9649436725791
-489.29495488671876
-506.9739230103323
-467.2322262462627
-481.8059329830876
-474.5088897921638
-462.2764555899895
-453.96856358101564
-485.0465188623027
-466.2708858577392
-457.26107634227867
-484.6549432150251
-470.2712246184468
-460.4043819468166
-474.018634090927
-495.15340682904105
-472.48884850706736
-484.11799660155293
-441.8637354135653
-466.8719926717856
-455.86893689361335
-452.4922314451434
-470.6787249135491
-486.5699415310643
-481.6736021767066
-470.33495134691725
-435.52078778471457
-481.5935266248415
-453.614557294686
-469.38275870427697
-458.5142088576878
-460.2302181189962
-482.32462885603104
-452.9906292901535
-469.9830826229694
-488.7276074855306
-433.10079967074194
-440.94248580679516
-429.7447756645548
-449.85194646240456
-460.7296822306444
-436.52485380132487
-507.7327934399207
-426.6489113052233
-444.1479237124044
-441.2946797239651
-477.55742768858073
-438.2940970757433
-465.40713145349537
-476.34587046262516
-458.60455629179626
-477.17434964345716
-473.74617418055146
-488.1709781191727
-486.1384523813621
-443.5271056681015
-448.4218176886362
-441.96408416140184
-465.69186544402334
-493.62965213942846
-491.0833713404537
-454.19865172756397
-431.3266946043081
-472.94970458062096
-460.3665347907487
-455.9490869364995
-427.7154603682783
-438.56281145174887
-431.27494800762173
-443.3638882277328
-454.70639279894874
-427.7272765142061
-422.3950395311694
-460.62247591537175
-418.20405997485545
-451.9392564930108
-396.35578748896717
-415.50814401844644
-397.88651391207065
-430.607176893348
-444.8237203203032
-408.9883964756471
-417.40022114717175
-422.3048038126335
-426.9323318339391
-448.45750314580835
-415.4540679730102
-419.83583014628255
-415.50091147134395
-424.7633690018814
-385.90237156581713
-435.2702137001197
-447.73456782324456
-474.16195942920297
-417.35350875426
-403.28268160628045
-456.9443192729101
-401.81115405909964
-414.5859315473771
-404.64018154605617
-425.72980398197143
-400.24883305727764
-443.21258370932765
-412.6918589124151
-398.04253959150856
-438.7708257189091
-444.6521014854514
-392.7025821659102
-405.3139212765864
-470.9854939950957
-413.12064383998177
-387.4606004795204
-406.9103435628367
-386.6555723378282
-381.15690028090444
-409.90491514583596
-412.1416406235734
-401.6250989021931
-396.3518606117882
-417.73027887455686
-414.04139043860226
-387.8691751069305
-406.28139891724754
-384.0302598666585
-404.13033925825044
-423.160734637656
-408.5509929662884
-420.159915699137
-406.9888813011729
-416.426320350422
-435.37474642806285
-416.1227810163796
-443.1973681956773
-416.48096436206765
-403.00937861479304
-406.0212892186586
-413.2386788952681
-425.5410813996157
-375.5128991248415
-394.30569972056423
-409.9991067117877
-406.5354410667454
-408.93236566313675
-413.8589362882482
-396.336783016501
-408.0178674749349
-402.3108583869059
-385.8057421104345
-409.33597104052603
-401.3686062113926
-420.9498382974225
-399.72533459626675
-423.500270974155
-430.99915925600754
-398.46275999579143
-429.1591691720326
-399.4284397870837
-445.619818424147
-420.9833895722229
-401.64679256255494
-408.2493325667566
-403.65011376524023
-400.5911376672393
-410.75666781183327
-438.6990199100957
-397.873394073649
-411.3426279582785
-389.67537843841717
-437.4787218543837
-450.37782601592465
-515.0711959502444
-398.4142798125697
-466.06656184512485
-445.14269482883293
-470.4033916966395
-396.8290510377444
-438.9878989347482
-404.16570711336226
-435.32943410619043
-407.33604901696964
-419.3410525801163
-417.21163147147826
-439.6355928920211
-419.0798695657741
-428.7192451734295
-445.62329860494265
-425.42827138712806
-411.79924561218166
-411.9302156911723
-439.35009900705734
-445.3380026662895
-452.22574178597495
-444.48612837535086
-458.14966494196113
-416.37305301641044
-434.40695419715826
-431.3558090509228
-448.4219462776979
-438.1674340386116
-432.8370377412226
-453.40206588714784
-462.4483048538574
-440.67305009195314
-399.67320979266935
-450.945544402295
-424.3740617636463
-397.543589478109
-419.2570774977132
-447.25470691571957
-438.9676041235795
-438.2470445327983
-390.3402276508889
-424.01634739656805
-438.2546574735698
-434.6106831527788
-455.33553452816363
-379.98621970463296
-415.2478816658635
-410.8709413491025
-452.0484544594394
-420.8824729923779
-413.94540057034686
-390.04056248305653
-447.2259400355473
-407.0609851573059
-388.0552135272108
-441.4838359862471
-415.68086550655676
-406.4649857928738
-397.9796661487421
-408.1101410381075
-403.9072401318457
-397.46171518913513
-412.60721354786966
-406.97933196703434
-400.1221628056451
-440.0307562472244
-410.33808624736395
-426.90703125407265
-416.4265452279543
-398.55329137418425
-391.7006287238103
-404.30832619571174
-403.17252501886463
-453.13126707821414
-437.97607933096737
-436.00970433021195
-403.3349179365498
-396.9282038948397
-435.4799986022334
-440.06279698190235
-447.3256120810066
-397.13369705565407
-429.57107011396863
-419.10226474868415
-420.40209282285133
-420.71367642139717
-416.87697420831773
-394.63516212540156
-384.9316017676317
-468.034883017581
-425.31286257585333
-438.08051898185033
-418.3666264343991
-399.6618380661163
-429.7967018185145
-451.8418127686492
-416.00200186204916
-417.0121982918065
-411.4638441898179
-433.36298207441854
-480.6877195988148
-455.6291423239862
-444.93156632802214
-447.33673616765134
-439.82119887188037
-417.3296424693888
-453.09713315096764
-435.3600435717836
-462.2290363295728
-431.43798732238054
-429.4917141672779
-445.06405994202726
-420.7042924142316
-421.48269606222254
-418.68470742312337
-432.789305857821
-467.5095504763834
-392.4034042578386
-450.5122667893293
-404.26932641669157
-447.27213274575104
-426.83878364878217
-427.29324389391184
-441.58758818075
-449.9314698384424
-436.04778842566054
-454.07921680281544
-460.71097854126344
-455.68313850793163
-442.11573251408583
-438.519864182124
-447.4719609111847
-408.5301995155833
-429.84492423888855
-438.5785026169003
-448.19325641437393
-441.6994310208679
-427.18168806225106
-464.28448979715176
-456.911543257176
-481.03090537792093
-422.1312208948032
-410.1947152788404
-446.727712399163
-443.2108340074028
-445.1118066034593
-451.1641690316443
-418.74794927782716
-447.7708996613754
-438.84534095752167
-424.9055726445112
-459.86038976668556
-454.3286408106078
-443.5818063076216
-442.25985600202864
-433.3705387586849
-455.6648687868114
-464.9840398689352
-462.60013567646945
-459.31585508445403
-464.7803844944821
-464.32911180213597
-483.6204014955686
-463.74623358333173
-465.0152855340044
-486.46648961894755
-452.20436878515613
-503.2341563116697
-493.1672063929701
-464.9787656157094
-494.20023217500807
-462.7358570399671
-479.69964008897205
-458.70608594669824
-463.7179553502702
-447.8484419423567
-464.5954298660238
-432.7753809114836
-452.72996176177355
-460.70644181461444
-461.4462694035749
-447.0988881078986
-431.28379878303167
-454.6216097111722
-426.97569669910797
-427.71053433717
-419.0027752986106
-459.5726829368217
-424.69450993730857
-430.0507183683785
-413.077955884729
-464.53009985112493
-447.2472528288592
-456.56726648508743
-418.9296546296332
-387.31501799419937
-409.6751330859127
-414.8636032286977
-404.3159844665258
-411.84975802464555
-398.9396612863004
-401.4044824119104
-413.57326938048595
-400.92429324013835
-394.4670193967584
-409.02564796423246
-430.954946553588
-415.75155828323705
-396.44246575760144
-432.8996999917824
-406.96371886328615
-424.64987767810436
-401.4578021099476
-439.92106009420826
-433.3700339250789
-390.02457755318585
-418.0659998418539
-417.7528304696032
-424.5496429643145
-402.49579947974166
-423.1878388474926
-399.72589867591046
-402.84982191153193
-402.7141689070137
-399.26372580691606
-406.9474295203389
-410.16630299948883
-398.2462227275213
-430.9027285904997
-415.21129512072514
-430.7013020710996
-417.85538041566554
-443.11048960084713
-404.0644185961947
-403.2036427676235
-394.6835479632046
-397.1760282158659
-368.2345149121469
-430.1548049909079
-411.9243920729669
-409.36357424683996
-411.3504033112637
-421.6616722871895
-427.38427245289637
-395.18928889214453
-407.95203280370254
-408.7994775302226
-399.1219624581138
-424.3529315805241
-422.1996195643725
-403.6534528414527
-403.2662408409504
-452.6713016627773
-399.86474031343585
-387.94099573470726
-408.53646400349123
-435.9195947648142
-400.7735167725176
-403.64700729135404
-420.72103618957556
-404.2586225567159
-414.0494456274979
-421.2687534706881
-452.1268042842438
-410.5413392052736
-386.92883080079173
-449.4612242582931
-408.72842069107185
-454.80831845676846
-438.8954713344795
-430.134023489942
-410.17157987680184
-443.610420481555
-406.4455378439811
-448.6022393147255
-397.131799433865
-429.8816433787721
-443.31712948188715
-441.0945637689738
-404.85051139963105
-434.18687747546755
-438.69525553036294
-425.47229658172967
-413.6214970489317
-430.04816271101174
-389.1510948556423
-437.16721226053346
-443.32449167150327
-415.2948098780567
-415.88696457602157
-463.2847378362661
-432.48736848202975
-455.1136712624566
-446.8310765099203
-382.4394103644089
-434.83316681182305
-421.19310086573273
-396.51769919209903
-429.7360517808255
-424.31428330115216
-436.98498642952126
-445.61871109166646
-407.1325506100727
-446.42870835346855
-452.8770162500276
-382.85310866850506
-432.1308686624015
-424.86654816471724
-431.0303209784988
-412.72492684843087
-445.35389140009073
-436.8574719592932
-408.2779212637769
-418.4196292882038
-429.060184199882
-451.9580654940247
-402.48099241737924
-402.956919232905
-405.3329230641409
-397.41664249677456
-468.67915156459736
-434.19997134813707
-395.18352006664486
-420.77805386455407
-419.1980125204101
-424.8731641347318
-420.3214998044369
-421.9660373123216
-422.5468246577101
-440.2889818281878
-457.34840973582845
-424.8454862704057
-449.8630230654869
-446.8257868533666
-397.6073421053702
-420.25425240566733
-410.38038151788805
-424.30308026556804
-470.31053414775533
-411.37496336722825
-412.17162179683714
-437.31344942336204
-404.71571924900286
-475.8654358255061
-465.24357777676084
-431.26213926069283
-400.3487473217265
-421.78099358681
-403.92712129581054
-415.14359137507824
-385.1488353567497
-423.1715772539095
-466.04548725615456
-441.3218486170823
-400.95666010369325
-445.64408568887137
-433.4061706979649
-477.0814680572091
-453.4175487652563
-432.77046888496454
-399.4441964470916
-432.3896759534476
-388.47194749161224
-443.9914051565056
-402.7990475797927
-447.14443955426964
-418.4317457438599
-435.83128689427383
-400.44153452356625
-421.4488480064142
-433.0083473253744
-432.266054606431
-451.59728542669836
-394.65259871750425
-413.4414853897887
-395.32889389858144
-423.63722376916604
-394.3036329077554
-385.4778986009451
-428.58716577090576
-439.41991919261415
-412.7304750160665
-388.30796315378205
-408.62156415606114
-370.84440581025547
-416.82266870317864
-433.7294412412034
-385.027491513814
-391.347682907277
-395.89639913251756
-396.32075832358623
-387.0878366502443
-391.448973811845
-407.25839809844354
-398.51562602069464
-387.9043124532118
-386.6400313714478
-391.5756382305776
-411.1188281913326
-376.7260412283718
-364.9465884282696
-381.7231648752217
-357.57836605544935
-371.31273033411077
-384.1952804390504
-391.2553836614076
-362.111784354105
-413.53518510814564
-381.1607554078401
-367.5898571020716
-368.9059982899242
-384.9294092260039
-402.3920471002335
-374.71581113588593
-411.90680585775203
-391.707339879162
-381.3484603282015
-383.52766670307744
-358.05674033498207
-385.695573601137
-419.2545080682112
-422.4692711248115
-358.7984946560613
-406.5490244656484
-365.0826955421087
-362.0469316228856
-371.119914917905
-391.78283822058415
-376.8473662152014
-389.3183097207834
-353.67614692538723
-349.3685716125266
-385.87239950524116
-395.43859480372157
-382.23563089771153
-378.6320002214803
-394.3215935654366
-413.72088166997094
-406.65357965713247
-369.63124256448305
-353.68927930914197
-375.98864838067925
-363.1236673571058
-398.68599198027766
-388.8634955004913
-387.2464748935547
-391.41304982919746
-381.72143248781003
-384.8951893967882
-387.4647330271159
-358.2048208762217
-393.4579578193435
-373.23421092046465
-352.56759834463867
-353.6935008030631
-391.9200368505439
-391.36344579633857
-391.2816638825448
-368.0685805941622
-381.31847493509747
-360.33923386479427
-407.52895415028775
-394.41910639463197
-370.6121297993011
-378.90230834586464
-408.7535232523841
-361.46383185284276
-373.62041267331426
-364.12729349635185
-387.127979367466
-360.09679865264593
-402.25960274515813
-395.0091543182625
-377.52527702216963
-356.3723503157179
-390.9205426783342
-390.32805529328965
-367.628493651488
-353.7688483030937
-386.0202586271226
-389.0647717971902
-407.61230608725083
-400.52393087858076
-409.1348644629742
-357.8811651402622
-367.8914697708817
-419.2597808631884
-370.7320182179244
-378.24903087066764
-398.48997456320177
-408.1732632640591
-383.58940342915355
-377.96506129377866
-385.0905407481739
-380.8429754102052
-371.3884660489115
-375.7738623012616
-363.0039057957282
-375.18245352186375
-389.41687226432106
-405.0630731778885
-415.2144126993328
-416.61845612703326
-381.89329515087115
-387.3930537647932
-376.62008462535954
-377.0812244251883
-356.31039594744686
-382.7284683209199
-369.8303370242043
-411.14862847404765
-369.94143142162875
-387.2424860115803
-394.4132230421096
-365.0689619011558
-405.934114048032
-398.18660999090577
-387.9941134481801
-375.34095518051566
-388.4595028999563
-354.6923163812042
-409.01831074090126
-416.4958607692831
-403.6925730818799
-405.99899879489897
-388.5873001649333
-379.32679246223336
-408.82985182990126
-381.05383544502024
-375.3009883281452
-384.96894938708533
-404.41205284883864
-412.7389791144053
-398.1613052921766
-374.47338686458465
-389.03107726015867
-356.90826799751267
-384.3797393590183
-363.0127152285518
-391.0709471164256
-377.5099196223463
-405.3784883149129
-369.805860904808
-419.61398446291486
-406.39356856036954
-418.3437325276175
-388.33573868582596
-409.6028936659221
-419.1473877481682
-404.478601532882
-391.94408946437403
-388.02824088592314
-382.13767526628374
-370.14293256988685
-403.5433502307078
-400.70374690868096
-375.69168529951367
-427.70875827933946
-389.70552806301316
-382.2201217794202
-419.9411361035839
-417.4312328337961
-367.36354437674436
-421.0386067244342
-411.49307102264277
-417.4340989152347
-405.9371970713376
-410.4140081976399
-412.54156999155316
-394.4415185500429
-411.937647378376
-403.9371738515074
-365.94666073982177
-396.8988345706092
-404.6094700725446
-392.47342588231334
-374.2011916686595
-414.2014244331134
-423.6800890726298
-361.75832175217124
-413.4375364844889
-425.7566302006493
-372.90012929906175
-365.78663415779806
-405.91003072010346
-379.4686322343065
-373.4856899273244
-422.0294480565892
-402.44789154532884
-381.2637077650967
-403.33339110617226
-353.49347758611594
-370.6644836876693
-416.1273431685073
-402.25310975086836
-382.522747561643
-377.1792452300682
-384.11292778563916
-417.1178053905886
-394.36232169442366
-382.30681329956315
-390.66823892347304
-372.4067087602508
-376.8943985243615
-355.2614174271506
-390.87220028643185
-383.10180530735283
-389.0351461367704
-375.0488304054858
-345.13424147196054
-404.806803948517
-397.73349046303315
-383.55020401333246
-374.93877143562247
-390.06576060259493
-380.56768203033334
-341.8853295018009
-407.5089227236929
-390.9319738926216
-375.58807193234804
-369.12572695076847
-387.59693748216233
-375.7138246133701
-365.3197960147039
-389.52271312297535
-353.6871756799353
-365.3585570975017
-358.79856023022717
-382.991391210398
-401.6688011525848
-361.3111930188305
-343.22415488965754
-390.28143523099595
-344.98333179019454
-387.38437302703244
-366.93321717002664
-394.78860088141005
-379.63660412118634
-370.6490710292063
-402.83387415346965
-389.154332161179
-354.9741380000395
-418.41873895991
-390.56376019768084
-374.18668157384684
-385.1640099521217
-368.99602447590144
-382.99527772564954
-371.873282558994
-407.6395202767891
-397.90295921615257
-376.9510317210793
-387.08935524128924
-384.26540679133194
-349.10392427363604
-374.8536635040574
-385.76273240815647
-411.1089824764274
-399.8418494211171
-409.1139603155534
-371.96584455842253
-391.5358100685834
-369.7818583481354
-377.530667897728
-379.976578005425
-360.2449905379122
-409.31412937070206
-373.9364202727307
-385.07678990621196
-401.2856744828028
-409.8340733073361
-420.31977994618643
-402.40919426655523
-435.9833321618722
-395.016805738647
-398.71808518094343
-370.21058486280424
-386.63713069157996
-389.14260648476693
-369.1422511629278
-360.9703554820609
-368.7330510832312
-388.40861131594824
-362.5088893030612
-390.8532774118014
-379.69830333566176
-392.3585774893918
-410.1583887561833
-388.18534003549905
-371.97781925708034
-382.42312991773383
-374.1892198949687
-418.56041043436653
-387.80286988444976
-383.888941578762
-393.21492796582527
-372.9745192760746
-398.0313199341248
-368.37557413307184
-385.4507059315686
-367.4983083016207
-386.05896589687404
-405.42984989716956
-402.3101356383052
-378.15127648091277
-376.5994718144791
-386.15553281146896
-388.48917883953334
-351.8937112252223
-353.74388477635114
-397.2449703607515
-385.367211852237
-360.1756479339674
-379.7641998679476
-390.39976820641573
-380.96243323234603
-355.27454255592403
-398.8619086637576
-358.01594827356803
-412.47744593954144
-384.6014445054172
-374.7345960508408
-381.6166359280836
-374.40455180800296
-397.61787157721767
-367.7608274319534
-380.8183869759143
-380.69262176088006
-387.8881690390199
-378.9339351889973
-365.80195130894856
-409.74164926088804
-380.4556949877489
-358.6225035072098
-336.4878491450689
-372.81991260931875
-368.52765779683455
-388.21706576682067
-354.148530174591
-369.75613319997524
-402.036833077423
-413.7148786368012
-403.4816828182114
-389.23622152620055
-377.0352183511936
-383.2147025154931
-406.4886508565086
-408.3663811528944
-380.5427145823238
-404.49265711180266
-378.4840957037579
-386.6130839308829
-395.17256073094984
-380.0496823402967
-369.2806866878404
-363.4153152022918
-417.59244150803573
-375.3469028298107
-407.96664430514704
-370.61161189950235
-392.61887889918603
-372.05459264377475
-393.6820084716379
-390.9852683336642
-370.776641545442
-350.4403121144072
-384.2108845311475
-383.61094801175784
-357.4261903475079
-385.9136348187751
-361.3426078458951
-393.6019854167564
-387.5703584656883
-397.51585524221383
-396.90999924431003
-377.65367891920494
-378.10431233241417
-386.22674372730705
-344.1643376342865
-379.66235789720827
-374.50142195330466
-388.0584918775751
-402.1191878869307
-337.3688019642857
-374.7484688003432
-390.92477626703123
-371.3518740808029
-437.1018739054278
-373.8291686057396
-395.110020244119
-378.8309611041541
-379.8208580416606
-349.7485972879647
-371.5020497511239
-380.01570715114485
-354.7041549165664
-377.45379522599075
-412.9857637495694
-371.46442001287005
-340.65172435435613
-390.6434591218415
-389.70504611976503
-387.97092313071244
-368.34492691205503
-375.00283709009636
-358.6533680437133
-343.2868941385303
-384.0671726861202
-395.3302066593366
-385.0253447443415
-353.56487167381874
-353.5078573781602
-373.59186464363427
-367.7435794234612
-369.6638749274229
-389.29630072584985
-372.7172297358907
-385.2458679855974
-395.87585110371845
-369.64255471007027
-409.53303758546923
-367.05381442409725
-383.8595201410223
-372.18039911184064
-355.730150070068
-387.1329922388544
-412.9089285269362
-357.69389451875827
-354.42525035628614
-369.6354412778485
-358.8433696221804
-387.21798160639236
-380.8810670262044
-385.02563963080564
-396.542199639953
-380.2561570093816
-397.1415891678542
-377.4626800057469
-368.4918285845199
-385.2380854986297
-364.2716815756778
-374.1588317103466
-362.9651146567062
-390.296075508802
-394.86814217488404
-411.671629209249
-361.23271499507297
-369.3822500672792
-402.30554963355576
-393.71767873315554
-389.8054152877306
-346.96469853143634
-384.0934586641957
-372.88839031444127
-346.1402367374576
-375.31883275877624
-391.92866296617115
-358.4284570746455
-394.4825399645767
-385.7666682454684
-366.52266529895684
-384.1898369497376
-384.1370431542475
-415.3744315268567
-410.05271688863
-409.99766819802846
-355.6102007793635
-347.2827507051629
-366.8197404731335
-378.3178582502554
-352.13251862853826
-390.5739820599466
-411.8408293814267
-375.2835556724718
-379.05938066029364
-353.25118414253507
-347.9140253140248
-386.32687719673845
-357.2108714395222
-358.87248954567053
-387.8838113437745
-398.2670658133926
-415.1922657288077
-408.24854454507715
-377.2719470812259
-374.5788568378048
-383.9240445575986
-370.75863965755354
-416.5109785539868
-374.2736335095909
-369.52811599500467
-372.3435012579582
-430.1163987601926
-376.50098942164095
-400.08791091430766
-374.20771642493867
-379.8968351955228
-366.81754012834557
-388.80537786266507
-372.6628374725959
-374.5906993364838
-406.573852426241
-393.1214870946119
-351.7367446210632
-395.50394857670545
-411.2660391659905
-354.6301555654135
-389.6079548737723
-405.37156754038654
-376.57720163191857
-397.11463722737415
-386.068472520862
-378.64965653490435
-373.2892632928066
-392.0795640869662
-381.8808629633304
-358.88965518373584
-398.424025522359
-397.35873261993476
-406.7831221100878
-371.13596669441336
-396.51408519361087
-373.17537727680724
-376.17081915266317
-388.9967435274626
-365.22209676737214
-387.22381509566395
-400.82423788619883
-388.55670983028773
-373.17320353706236
-389.4478444497625
-420.38635672407065
-404.0344852833981
-362.6417371541383
-378.6795768126175
-397.0836211222294
-357.74876938895306
-391.04282180633186
-332.4904059138575
-380.93186959196635
-381.9739786980376
-383.6774595806501
-382.41656684403307
-361.4641240965317
-360.3997452938123
-388.5965069194753
-398.14040350003773
-377.19345819185514
-378.901693105324
-382.67670094372414
-354.37331744147656
-342.942539768041
-354.6268919379518
-364.9500964347593
-359.66700772123187
-358.6279296116742
-405.5476964704559
-412.4676649193522
-388.2054431441778
-392.01738346587274
-392.6444280962362
-397.9181418285874
-415.851577317384
-376.48658338885724
-382.5589227795462
-379.9304452972225
-363.3894658355089
-380.6555368181398
-384.50943320980105
-356.67408165312474
-378.06099163473846
-370.9001280359007
-380.49128611400323
-377.0211828064565
-381.0952917085623
-389.89718596856653
-394.99550551802383
-410.5669334741697
-390.526143985417
-375.7051568016593
-328.8336362372406
-383.006570160612
-396.95163038484577
-371.55645164925926
-344.85683068715446
-346.311123352706
-391.98340916756797
-380.3107930810356
-368.75548279859413
-372.0553090627935
-387.5957222933502
-387.5826197169756
-370.99414718821237
-367.8149840869102
-392.28894264518294
-397.62521480171347
-385.85800319723955
-393.0333090235017
-402.3224059567309
-387.72504703959146
-377.3814503853922
-391.39074796270495
-400.6205069687518
-408.2512474128923
-393.12151289321844
-364.3010174941022
-377.17255137797133
-407.88953336567465
-379.978260448806
-374.4618246476859
-412.24520504673194
-364.9263488263607
-379.29641961172274
-358.40063227426174
-392.6144865202823
-420.07127214012246
-424.13410090701416
-393.37136419366004
-394.09359005364183
-366.58194007473287
-375.67162692169404
-413.59488415783983
-402.013371252473
-355.73191851825084
-364.52781787214064
-355.17693910142225
-368.70943826405755
-376.31263493497954
-377.2940845636937
-373.2648540265649
-389.6053454730652
-382.3219888739151
-396.5035098110826
-359.9403150077653
-374.18587926294504
-373.75871636686054
-402.9534281593643
-359.94356945171245
-356.58852671713134
-413.2066159638399
-384.44883930622444
-392.6441509076089
-400.93007964567
-406.53941293600036
-395.8621726250997
-366.07489108652715
-399.6743499438004
-374.35829021463746
-358.3530918304981
-419.99179781498356
-380.17310512919966
-410.7755814553867
-392.89853440486024
-395.7133532539745
-382.375986334442
-404.10420118160243
-365.2027858268607
-361.09847269088203
-374.0361533237083
-384.4834630468949
-378.293663496602
-404.5937960211995
-377.6914857654407
-341.901704178783
-415.1949915528397
-408.97571903411585
-355.60046310719804
-387.96216685034835
-392.61121717178713
-375.9464543185238
-406.4388251982331
-372.52431142850753
-379.12497510666697
-376.590550141442
-355.9161759940275
-383.30144180502145
-378.3345919773499
-389.57629570188624
-359.3183105797874
-398.07569791254275
-390.0869225738859
-382.59554071401305
-408.7444743595448
-391.63780050842365
-349.1428664849816
-362.6405702725734
-396.2323282780718
-400.1982974879142
-362.3342314445914
-368.9858242588739
-360.1824808473219
-359.46363255181205
-384.950916364987
-365.9787423938278
-372.4900722264989
-384.6368077150525
-399.74779227194267
-365.52849506072636
-368.515880975825
-393.1129826972426
-383.2686926127857
-350.68053370215716
-422.51164435704084
-404.74447070016754
-349.9975576353305
-353.31988229232724
-360.8955489975872
-407.96443324422427
-384.8181934948959
-363.4448560547017
-385.1587787787257
-434.8900671520697
-358.98442618743195
-354.3212300744623
-376.7255003605843
-369.7726871005412
-374.62791822224807
-375.74061323533107
-373.7101961329363
-362.88318907356097
-360.35603259332385
-373.09782804832196
-413.1318190941787
-359.2502995842498
-352.54195262627724
-393.130688134499
-380.97474310465986
-373.7460265212318
-362.84618365306784
-350.0184648070749
-403.5252337011344
-376.12512566315655
-406.6766721380063
-384.9679421021443
-367.58314517727615
-345.8162753947678
-384.93855042832865
-367.70992070579433
-364.52965738502235
-363.46480490032025
-402.33754093515904
-380.2343109102553
-353.6751165492851
-403.0646622652579
-368.97970370559597
-333.0362449184059
-366.1811098764998
-398.5289331765077
-376.9265248557243
-352.9681101565334
-365.9992409435077
-356.38813742241973
-367.32207522300405
-387.9822087684107
-347.5578813083464
-393.1234644224925
-374.1551773608782
-376.02576344166266
-376.49160476566715
-421.4534173845285
-345.01807958354834
-404.9928645253168
-387.33784172040953
-374.3585068475662
-384.1371617132492
-413.1893660023332
-342.79851461539346
-375.66192565113727
-375.0141551656862
-377.9048058964594
-362.2859637119131
-391.6534167847173
-398.8874040819395
-348.1260585958488
-373.95843277772053
-371.23595383073905
-353.3590571346712
-373.20365326896456
-375.68875970976194
-392.788826895919
-409.11167449369543
-380.3196422221964
-415.9744689442076
-357.2031532377228
-356.57861606722724
-384.42166607944387
-378.6131013681603
-362.78582554217485
-448.68065673037177
-373.27438164389
-374.9860987656107
-350.6400150271849
-352.3847958857746
-411.0114847909887
-358.3732718454091
-379.532066414008
-363.4112588774555
-366.2725104972707
-364.56670643099676
-374.0108087443258
-396.82828371528024
-374.14373673837576
-364.6383290435904
-363.4903068549529
-383.94247621350604
-360.48106735978496
-366.82057032695184
-364.1159247468137
-363.45795406780235
-348.3991501249916
-403.97414260324683
-398.2226810670646
-375.933750369872
-368.1919517804604
-372.22083211268347
-367.3245309372528
-390.8463795799195
-381.5076630160267
-393.1111920295778
-389.93538920599576
-390.7699664981058
-382.1126926062881
-357.67741138438623
-404.75795503889196
-382.8721330829528
-339.2258710133253
-401.0379042317807
-395.16272417753055
-369.6742413154693
-381.56612736920385
-390.48196707810393
-383.16755131387026
-358.44225547822685
-371.69166163447085
-372.2947393229472
-375.4003382202449
-380.0407370269502
-395.27038099593426
-411.9525859758759
-400.9578141163667
-378.2972224607905
-402.3973065675777
-365.9003911307131
-362.9376494526948
-383.5645704067646
-372.09493018478827
-391.3624229877989
-377.0099137454996
-374.58266769602056
-411.8828354743018
-377.37372115815685
-347.61828855405463
-401.354216146045
-440.4525198579353
-366.0903499878264
-347.83289141921443
-346.31020707610253
-376.16222445540274
-349.241941208508
-349.188508735116
-362.8515943911956
-362.1474443552016
-378.49935094730563
-377.99217868310154
-371.70899941049964
-385.5747257732341
-387.5751411853511
-396.4429117965931
-376.31659593312037
-398.45023737710267
-368.918593665259
-374.8666380802191
-402.08858669325315
-381.73167885334675
-349.18928388510375
-350.20980420227784
-355.07776861338857
-402.67965375038494
-366.25373335241267
-402.31857094728923
-350.3906120974285
-359.7930192769919
-367.79304469400836
-371.989751393691
-379.84516243505135
-365.29322098999234
-358.3609065079796
-427.0838704168681
-392.88770019971577
-371.9551830247095
-363.5386635437048
-376.9551111675091
-366.95930142773454
-379.32958153963546
-395.20301357973653
-361.90019196965056
-416.5518732843563
-333.04691064493915
-388.02005930823
-345.75007425207684
-412.08528158197134
-340.1252609954988
-350.62250189618044
-389.6263839777801
-370.6169834812047
-362.27131626203504
-402.5431633961716
-353.1759451239032
-416.76190802306223
-394.09115372227825
-381.3099612560268
-368.6852335166491
-359.0238449219088
-409.1575344314931
-352.87697591034043
-369.5120719386839
-448.46166432343875
-401.5658830927324
-361.45863256103615
-356.60025030699785
-367.4315721699519
-347.5372518032026
-352.66228102720453
-390.94551723331483
-371.3203179670258
-398.35440118795384
-394.38085289692776
-381.6149594813844
-362.1748464291762
-353.96192790023315
-411.21377841239627
-381.66568217731964
-358.211760093914
-382.86683043006974
-382.6865704634116
-361.6084192150214
-370.9666568376564
-404.35892978523907
-382.0653964677201
-368.8112791590238
-393.650390847271
-399.00587340638737
-368.29745304967594
-379.717997094026
-374.258306202547
-365.185858514507
-389.80978564208283
-361.7303598920928
-378.467974525967
-374.3774518243813
-359.75461419759296
-388.39743260056156
-378.75284736800234
-375.4908321850457
-383.3198719283469
-378.03687809990276
-411.50882527829503
-377.84944768828893
-393.21268442907615
-374.9857539841088
-358.48706404072163
-377.9215904821958
-361.386584076194
-372.2481274714544
-383.2490656916026
-401.29118446520636
-358.9110795462442
-379.9880701786232
-379.9173879617104
-373.3900509288136
-388.93889783382065
-352.26530649180404
-400.5122791981867
-393.58680272500783
-404.844483883552
-382.48798568706343
-385.40977715795503
-391.38554364413324
-353.69418787498785
-410.9695902922987
-356.9122183058512
-376.1053382357349
-400.8836620987877
-344.7629472368521
-349.6204883211786
-374.86590663566574
-387.73542142597
-381.52232692386804
-370.6214992085231
-361.61460384206976
-386.51523627568304
-366.13081046965425
-377.07362745002615
-390.0342328551719
-379.5016429973958
-352.31846642628136
-393.11024853132426
-364.46472092981105
-378.9816991554526
-367.9020925982311
-371.6713265868948
-379.72867272683663
-331.2107379029536
-355.3205279604173
-373.5245150575451
-398.6782689708169
-370.8480670446863
-382.7950408380226
-384.85364920930465
-364.6231570453117
-368.4528692462132
-345.24138684445046
-390.3067589131351
-392.8833537588983
-376.01208075932493
-378.62135331011905
-363.43099134808466
-365.32103704391966
-382.17315978468696
-377.3991862433453
-402.3240574021359
-408.197997959571
-350.505471940682
-359.6749827697419
-384.8344092818657
-375.00458070175245
-372.7663481960842
-352.7259242884878
-371.7211753287214
-344.5228147505338
-406.622985801093
-367.0040732099199
-385.9997500464508
-364.38691144877106
-383.6699474641209
-369.37481659523223
-385.09906269590766
-354.3958334748268
-412.2651422649084
-365.92245568649514
-381.82948024195736
-401.11791180129285
-359.033308119437
-403.3676684106896
-373.4452063923451
-386.54967224643383
-402.93922106491056
-356.1259436679028
-372.9489874944438
-347.081693499807
-376.1858226163633
-380.1375940133836
-374.9194498023573
-384.8286460854796
-407.16454250168465
-355.4092719156978
-342.25295053297526
-370.56136489348035
-362.659056512274
-380.1709037170492
-415.1692154989578
-396.5209647992175
-372.3222640318337
-411.0526821686805
-368.3118420716985
-380.1672198672086
-414.4623168918355
-405.9765337323888
-378.0350285379975
-370.4778714894544
-397.05954803423333
-369.9563028095696
-399.1517638777369
-391.17539580244
-375.75396663370066
-356.92417304731725
-348.80926676238516
-398.68206537809607
-374.91734352345577
-366.1291155002269
-371.03495284981636
-404.1165563556152
-342.8372104016328
-378.63977102214767
-357.3014323557529
-405.50942306538235
-354.46923389201413
-422.4253607303907
-358.01033925310117
-365.134421584715
-362.7604111167539
-377.29076545173893
-362.9612365803714
-370.2771827625136
-352.25572758000726
-384.2504845808875
-340.368493078127
-378.12988568074616
-370.9606048245995
-401.11832299263665
-367.9997978455883
-390.84285046760215
-348.661136467239
-373.2656843143436
-375.8068007033855
-374.343062315839
-428.0792832145526
-375.8666530620892
-380.47670927564354
-397.7623795787749
-406.1178906643058
-392.0250138320399
-370.51391659460717
-389.62603161332237
-373.0912877430857
-370.7999355772808
-398.59872918861464
-334.981553759549
-368.8916054815326
-341.70996536100216
-366.42648389996305
-358.1963011851442
-398.73342823582715
-358.9200666433841
-393.02868179123095
-369.19647819350365
-356.82683844275493
-372.9689083864952
-358.06449947886955
-416.4286820016989
-378.029892089663
-378.8002840741186
-368.6599127329172
-397.2201854280105
-416.8279478400859
-402.389086459492
-359.38183182818966
-367.1711855025443
-370.19361193409
-383.1083568722015
-371.6719335634898
-404.386483987421
-373.7376068662253
-355.4295314556898
-388.5621043949648
-383.2870678911373
-368.6244496800357
-378.8392088676511
-363.0141753249785
-364.20149673801905
-364.9461335546066
-397.1358067819625
-401.30647529975124
-376.74540796124217
-368.50702718350385
-366.0283116302408
-382.28750183765624
-369.25510186730804
-358.6867120923836
-389.21130929289075
-390.07596868653434
-393.68922619828754
-370.3943466139373
-383.5709443583243
-390.54142239875364
-354.581015703425
-434.44059560759615
-385.21659215903367
-384.03834812761886
-365.30685319450504
-361.2851059786178
-404.40239805036884
-326.04458920612626
-412.1754991069547
-366.0890755283689
-345.0621682312968
-354.7479175389165
-363.58646895324273
-395.87347021030536
-356.47649818920434
-386.2456295779333
-398.88554667250656
-383.6686081592165
-343.896909414214
-358.8878543291436
-411.3897852306254
-387.2209067047989
-356.0126219929076
-357.17646583080557
-352.77776678034814
-360.35061683101105
-389.86148073126856
-378.088514220521
-351.05260953736706
-387.601248423185
-344.1428458765904
-367.81578080504863
-389.10092080974835
-377.90269954156406
-365.5243993904004
-386.9752518130442
-363.836132385109
-381.9215568063031
-373.8888716085546
-359.68410585152554
-341.6819663079591
-341.11465784776465
-362.0417157772914
-400.0348438781642
-350.2294796515457
-410.327481416088
-361.68573085710284
-360.0497087816947
-404.82981403189467
-402.017347022414
-384.315976656168
-358.4410457794118
-359.3887564472901
-366.74424522943286
-345.9850748472837
-378.0652100457602
-372.0403969590552
-384.28963581539165
-365.1421703444131
-369.2731374834726
-356.19516616475323
-368.5664069938601
-400.73259170140807
-373.9568078403289
-371.4599518187059
-406.48223764002967
-384.841323659836
-388.5135797060247
-362.49440761022925
-361.05997891855316
-387.6719646606015
-390.90085928564156
-385.2757802064532
-375.6548493731546
-384.17423525778366
-363.15591720548935
-373.29024152447676
-351.5317177977901
-386.18009571139896
-370.98077465593644
-394.0250697617063
-384.34942971053044
-369.59952478697835
-425.02253059392075
-347.67633891673006
-371.97630506895814
-394.2448629273005
-365.1491775454616
-376.80177134103326
-370.38345125903584
-374.974135510255
-401.92412823213033
-384.15155025193746
-412.22085218507164
-398.83346937992087
-383.10181596066764
-395.49397418936024
-373.7720957222497
-359.83358739114533
-388.6542916386848
-374.7632538358378
-385.2868248490174
-397.4882798994306
-397.3910238106238
-381.7942339800973
-421.50622430412767
-404.09745938970946
-433.57703803374386
-392.2491040084569
-375.6772856171239
-364.6423725820342
-382.76860459937177
-371.81998487481883
-378.77582325880786
-370.3675602703124
-429.6191793564037
-376.6122906415685
-349.5058953707413
-450.7431648306341
-362.1737533792484
-373.4738985320517
-394.58807858808086
-388.39054535800307
-354.59868577064805
-398.3863844472803
-400.6216869286799
-421.2789365091121
-376.38228787733016
-391.39967082377797
-406.695745408545
-370.1119626973344
-385.05431887195687
-383.871870134721
-386.42620188284207
-381.22141821190894
-378.43210575744735
-400.00834802189786
-364.0491750364256
-400.5657114075491
-400.1470611978308
-364.97081757406045
-398.841610410234
-383.12591010410955
-387.9461763766488
-374.36306863463574
-391.16260566749816
-344.88461031059694
-406.8340118984389
-413.06653881377053
-361.98667706230015
-369.19348470132354
-347.52588762550806
-373.93824128551137
-361.93322046896594
-367.39450290321906
-365.75533310354473
-410.0486859249146
-391.99483590070395
-400.03227880100377
-378.5086316005868
-371.7839962523552
-379.2680950523736
-367.2206749308254
-421.2893132911358
-378.1355543006074
-364.0782845489499
-370.81631318549154
-384.3996215772361
-373.95029928046625
-420.65238037212794
-389.2934663781708
-416.9251768481851
-368.72893909810614
-396.1479339379032
-378.6234762827879
-392.65684487840565
-412.4389116192658
-360.0254684476302
-425.4305927071064
-371.96171607671357
-472.18311539061483
-380.43623711715793
-409.1988408730251
-409.0124559127066
-404.052755110502
-389.3742381313397
-344.8109934556162
-363.3432195757613
-395.8182643510586
-384.89138832016215
-390.8646089742389
-382.6612084257891
-393.3630827771635
-401.5970903830171
-407.4588415734603
-407.8068578443816
-385.49240946995303
-415.455638550659
-381.3738271696805
-374.88045932226066
-385.9834198469082
-400.9989431308469
-365.4403449865471
-383.78587075464213
-391.8077147817592
-410.2840215387282
-383.094217979428
-353.32202796451924
-386.63176789370857
-385.1018397636384
-382.58838704700895
-393.4567431050958
-411.46735899305634
-408.2506918702671
-357.3759645006938
-395.35525574442784
-371.74083521031815
-405.0263061177187
-405.1917823069281
-382.0651670242944
-374.83806151883147
-382.5848321827634
-384.6806874783675
-353.8879360628803
-361.0778731208163
-377.7242988153981
-352.80036032974465
-396.5536370123724
-385.78384179287565
-399.71341492526557
-420.29398280696483
-384.4344028309314
-387.1433866297434
-381.24867914996094
-418.44658032617616
-412.02591969199625
-406.4314292581555
-391.583258375646
-414.3761791695546
-402.70715089649593
-390.6934407184437
-383.6294581566244
-406.3308642393298
-373.02528034607025
-426.3698076190631
-389.1016244854285
-402.40247394346375
-370.53864948176806
-412.68170400091947
-359.85243158449987
-411.6511192151137
-402.95000999112483
-389.8490605759964
-407.36196977314773
-385.6294470930044
-413.8447041161359
-378.5847122826894
-361.9166315584366
-341.74342665847416
-431.92311472326116
-378.817523771089
-362.1795752895599
-396.8633156319258
-373.398875121907
-389.89993177177655
-380.26323157384763
-396.39238855969916
-374.5016312425638
-353.3881392265581
-377.2773183279617
-360.4475207983496
-379.9610839757585
-389.4559296454107
-390.82080155994345
-359.3285508204047
-347.1117774230969
-374.7323974128874
-382.1338292702744
-385.9771761078366
-363.41622553163273
-401.92656310501957
-372.00083363868686
-399.06942533889764
-414.29025635749315
-396.28546368259845
-381.3997343877679
-342.9071754435681
-349.9236725361168
-352.509737261442
-387.88059958208817
-357.5873103721231
-356.3821653907075
-370.8401798378326
-404.13007878901243
-383.62615274087364
-367.8188367783708
-381.9556108999071
-347.08519269826394
-347.69385450640004
-369.54670114539545
-367.1050996756574
-381.6980826639681
-361.84054299226426
-400.09140500733884
-382.88226907509977
-352.6130903164358
-340.7626872635277
-373.93965581337926
-369.6146692687502
-362.29246562093533
-382.59182874106034
-380.84839307937295
-365.50305198842545
-356.97463860336154
-382.93090410955904
-375.21037039830884
-356.58882153365454
-364.0271210738366
-404.7689390939307
-363.6958637029462
-363.94966524572453
-381.8884321961053
-380.1999917919337
-394.0676633518058
-383.8432027090854
-354.43037822354927
-356.597483026748
-394.6899526504144
-401.7252439426234
-388.29829545487496
-369.32190572882485
-420.52098719794435
-447.7484265610017
-400.7990547944741
-377.2954565977548
-414.8117635996965
-391.2136150426252
-373.2669853279964
-381.7025902179176
-409.53567857327425
-366.29987716127016
-353.33963041782147
-406.81802834687517
-344.02624618866764
-363.54551177774
-405.6132579916488
-353.6546483081893
-379.39752958891154
-372.41502698193005
-389.7803165245074
-334.2051494969714
-389.2612674946085
-365.2910215038729
-361.6186819281386
-387.20004408599783
-356.84814208860905
-358.759376259334
-364.86411750658067
-383.5981677636835
-383.5283941587614
-401.5623482070371
-363.2078861337005
-363.09996735601317
-396.1468782450162
-418.9307977175132
-394.38897648642796
-398.43260238614954
-368.01039560936033
-348.4280796054218
-420.74380629088864
-354.9590502520283
-380.4884138429011
-399.3276752308942
-410.56821633427717
-386.22344912538165
-396.66314766056905
-372.6189323251276
-424.9837697487399
-383.59182343818543
-404.1296684892471
-381.6535634713099
-369.273818142358
-424.17560273437846
-371.54569795998646
-394.3762101876913
-353.5085562554526
-359.4424250348651
-382.52770358951483
-383.74395780989676
-361.23277663542217
-397.0738890555066
-353.9067927294357
-384.2227940894482
-394.7385050866217
-412.8074617596783
-403.5969421737232
-425.1556847093261
-359.61868658591675
-359.53601434514786
-376.82162027366485
-377.02632972317735
-396.7344047279046
-390.9737805249289
-370.3271722074748
-366.10937315423735
-340.48481622156646
-376.9652602575646
-375.33701443742257
-340.7162431350252
-374.8026317805747
-378.75785110866696
-375.2296721211933
-355.47991380614644
-366.7929253146002
-367.1802850162955
-368.1468881140494
-375.28429387448057
-376.4567990362248
-377.8468860051631
-383.8018778491035
-384.602734632237
-376.97532510696
-357.14537257797804
-368.47659574684576
-356.5256363840331
-383.49520992181266
-357.23624087275476
-378.85297173884544
-398.7250389512258
-375.81610685001
-382.91233714007143
-402.60240140584267
-400.58268336346896
-381.4617769642389
-385.21122900117984
-384.67815945945995
-393.22675485718673
-380.9103552195228
-381.67599283243936
-366.51038930531035
-410.9063251085761
-350.03825457256124
-357.4927563943688
-391.61619464604894
-410.594543359054
-357.7549985849815
-382.0905200462493
-367.4632729747392
-383.9312332308258
-390.9720210736788
-353.0652934295901
-389.7259740763732
-386.2894858765905
-388.15404920163394
-393.2826475243409
-385.4715031502737
-371.1638149448561
-375.63055248518236
-408.2694713794398
-413.56148775227933
-352.55574172507863
-373.0627038338854
-379.23791717232916
-360.10701346036217
-406.3398548700196
-403.3890911726006
-384.2394459359582
-367.7416529875458
-369.34603198730474
-407.8133986706208
-392.45547660101033
-397.1816559820484
-373.2846997038394
-367.6185681239308
-393.7740242837268
-391.66877553152
-376.3559143987072
-397.50423025116004
-388.1884755132309
-430.52141131657095
-383.0958568396914
-388.13500439389105
-377.2317669976477
-400.382887756997
-385.83525377194115
-413.8457134806496
-421.42226892452743
-363.21628800790876
-395.66473809156395
-385.8937408539632
-401.41312378749546
-394.8751598583282
-385.82848790042726
-381.8704155649821
-394.70542908583377
-390.29405888973463
-405.20853343161207
-368.5293451195798
-398.4488825076277
-375.84596423555695
-413.17685434020257
-388.54889769735246
-388.2459864768542
-382.6481929145383
-415.37112106151346
-406.2388710417379
-397.22549926539796
-410.64103928150547
-402.62305812228027
-411.9750214083441
-421.481748215588
-451.986124737914
-420.8776684284725
-419.26856030805936
-381.9288378239586
-392.05031194599826
-408.96541508170316
-399.7258096147834
-385.3491294513524
-403.2115102212332
-403.7422520065437
-424.02685879276294
-399.03909466025027
-393.84897398394537
-378.25024816360235
-373.6708246683692
-432.90884837712497
-391.4302140816401
-404.2062719128184
-361.78824439550755
-415.74936330720993
-383.1776058001936
-407.17753337277605
-389.45765542598036
-358.04593675075944
-382.652923445203
-401.3836984285615
-369.463159941222
-390.32662254524007
-404.8447542481939
-378.9570049767325
-379.89609045210096
-384.3982184998018
-367.68379874054494
-405.0633261174564
-426.8100229798017
-399.3353414987349
-390.86217318586597
-376.2973473839685
-367.23422526431284
-351.6108842804362
-398.75629403185235
-367.0210097490269
-374.22757425534894
-363.55453447645397
-360.0879650412339
-374.8487164762147
-393.60062679218436
-351.54879950203565
-367.51719265582653
-386.44402976434037
-394.3640395815041
-373.77410413158435
-389.8322195714934
-351.3722685318503
-384.9784272432472
-398.0502224014354
-387.0279249875375
-392.8131215645344
-379.06204977658615
-391.4007914282199
-405.93189996849827
-377.6432856004715
-411.6707011656474
-363.7405199463949
-363.4759668478088
-406.65690832350765
-370.9213358040994
-395.2263678251819
-361.4711633272596
-367.86048218305626
-415.00001644292934
-380.79571658829923
-385.5991024271483
-374.04248200394545
-359.2542476064643
-351.8740510028857
-384.2186298494788
-402.4084070248524
-372.54388382819144
-389.0599584609321
-366.72473650459983
-359.7409745604147
-374.89945989058003
-387.6681224566977
-378.95722227561134
-384.3778621088252
-390.9188542090966
-381.20333048767736
-423.1674015512451
-460.9632532159834
-379.96568074717607
-412.59331302769033
-414.668277787947
-406.9185528876218
-411.5913341931815
-377.91383444378704
-393.61194143038836
-390.6215604978921
-371.1567987901094
-383.8913827653722
-388.76281513848824
-420.48258940351593
-377.6999980073784
-396.6537689814811
-398.72464971551744
-390.56118909633585
-381.28993143509695
-387.5322274076738
-393.28574412516446
-381.45857225960344
-362.1724267190234
-371.50061916121376
-421.82908542367477
-375.5962083829952
-409.4655939391437
-392.9091292481022
-392.7173118747527
-393.0009800469536
-402.33936537338906
-358.7178608865847
-382.6672172013568
-379.80825310722327
-374.640531359659
-362.8050608632924
-384.4037128843143
-353.8851252260167
-414.40327344858247
-418.6222824485511
-359.7207806064734
-395.6364940466213
-387.0111346046966
-352.30592935507826
-396.542873312836
-369.37126044745355
-406.1572457146792
-383.95306045644736
-366.058158385816
-382.7517062298009
-361.6052604805067
-372.1797302329909
-365.3697492316886
-388.68299849159257
-360.91099411774337
-373.7954364448495
-419.21206998247
-358.7943501473834
-427.46456533305934
-395.46369686101957
-391.81717573115014
-408.4095848085424
-367.96786047469686
-351.47201108544436
-377.99608785809573
-365.288239912385
-398.2426347044049
-350.864823442032
-368.493079175002
-362.4061291765009
-357.82759763780274
-358.3173730857374
-364.3266096844919
-371.7554263683644
-361.0381731870749
-360.0937291683371
-361.03144522662535
-392.27789442671553
-388.70009012861635
-366.6880982290987
-352.6232417030852
-391.90173355576155
-375.0485747264437
-396.12823326184093
-396.5920711429077
-347.3736628465419
-384.2952320517111
-401.55213014401517
-398.883548329134
-365.75289434958006
-422.90950822802165
-400.2833973071714
-376.2095657532151
-350.7907135137892
-368.59816448882816
-372.1342687005342
-425.9065955720678
-359.15405622277467
-393.2850822302627
-387.4565564337164
-380.07140237015153
-389.9891432287825
-375.20096678897903
-365.02248271802625
-412.4642194706004
-387.7570293727157
-413.63449678441617
-357.75804950943007
-373.28787963424065
-364.8643433248211
-371.1172737456495
-387.0345235508058
-350.82809456683515
-392.1439905481284
-389.45031720867416
-384.99619817835526
-423.6547466861979
-350.9052203746534
-359.0380522174325
-428.811038683413
-404.8017872366629
-407.69554568433466
-415.9681025138416
-391.4977845929423
-385.00005496594486
-498.2568033326085
-380.38222215001474
-440.3374990190266
-387.7049353245958
-391.86151559222117
-415.66682796770823
-378.77959696887785
-362.76994917050513
-389.762469930775
-405.1830504433491
-390.1065361750368
-397.53350714750843
-385.53555158065546
-393.7060481998095
-376.3418660791185
-391.2918199330133
-389.966761578257
-364.1747692666721
-399.7978490569329
-409.4661062849352
-401.63056060314096
-346.75010491044935
-366.721351879899
-422.78469571958436
-359.61898013258946
-366.6801627895968
-378.4107513955699
-401.01794012876894
-371.0278314911318
-370.43364714097504
-371.56985774179606
-392.89354399613103
-396.7318350691909
-361.0943435072359
-427.6763000159122
-362.0166706644353
-406.62558935634627
-381.6366132371787
-409.1152344632776
-383.16250724565816
-389.0359124481425
-378.67084186245927
-370.15937894206957
-378.2763621372847
-397.13389921454115
-375.45815769438275
-376.08298000809276
-421.2277573194111
-349.52924153592403
-385.91364321754526
-377.08331062500235
-360.3930185797386
-383.94405138057266
-352.0241682612783
-350.22098135309477
-405.634373568098
-384.23369977853343
-405.13419084683756
-361.7489956188273
-396.7323873582908
-402.00901760973454
-359.5421460648555
-357.81625956562397
-383.49619914497634
-358.4774996440907
-361.5090239791755
-374.206627583873
-394.45243997764214
-420.3069499961489
-395.5309444432029
-367.79304138224234
-400.08810212408844
-360.65196254240016
-372.98271538773315
-382.40087353636216
-341.19538949773437
-366.5402657326835
-368.78266374676815
-373.7126011567401
-397.80942656790023
-374.168472634921
-362.91279821037534
-372.4585268864252
-346.8471955642109
-391.285455373003
-346.212118478701
-356.118647748453
-396.80949512856466
-369.1611247793252
-384.90654604912356
-375.76919114318713
-382.12266571510065
-378.3038091457596
-379.35540898938615
-363.33236693048525
-411.415162456526
-363.5434956973986
-368.3473411945937
-345.96070199292944
-367.6832767423374
-352.5910098828618
-332.2880444152943
-360.44814755105915
-366.90828051376286
-376.53057901587897
-378.77679476400345
-378.64973939532786
-381.94969082962047
-374.03537856450976
-400.55282865351853
-376.12593007491813
-409.23023973401564
-352.4819686249626
-373.3322650301744
-381.419258989853
-376.31259458307744
-405.8182828065596
-374.8669281483214
-345.12275887865417
-398.20638833589953
-370.1205097562095
-364.73207678413456
-396.46812854168036
-380.86539196810133
-361.16916923683925
-403.2515263203332
-376.71484703751
-388.175206547765
-390.62541565381264
-399.3963188254839
-360.37988817668844
-384.6811582153207
-410.8058738267325
-366.9460661667278
-399.312685191866
-394.02765073135953
-372.8550305085182
-376.8343096138218
-392.3962002103689
-395.1362642373773
-413.72413457724707
-396.6955800314324
-369.57177428072407
-411.0205614908047
-390.1055316691079
-395.45468125699335
-404.4694049157015
-367.54589550129106
-383.42942637676265
-383.2097931842997
-366.1092087607782
-347.5933269672554
-426.61802351741335
-368.8355304818527
-363.0875209829395
-454.79314843377136
-361.2360294865916
-362.71843182795544
-347.25853089423435
-390.12625637432757
-396.38087650181313
-393.9175483392562
-373.8048514028693
-386.1997839680997
-417.64323197734336
-372.8280932408231
-369.9845122950103
-352.6102217869915
-400.3178606832706
-384.2079182656921
-389.4031856762517
-394.14166990074085
-384.05119880176653
-395.2568425188309
-373.73124376374193
-384.43161178254695
-413.88623193079155
-392.0883507254422
-363.5615628681981
-373.47035311451464
-404.6639030307729
-342.7597850263853
-354.27042735406013
-398.0354113506444
-385.17943217925426
-359.35830371379643
-380.3391277637244
-406.1339669468454
-377.2853802126608
-390.37627314658766
-403.9723215983597
-373.72389992875253
-395.52183419373597
-424.3882226823398
-396.032774503762
-374.47751814196636
-410.66581311383266
-365.68537901389504
-393.73472750714495
-416.3800354634502
-384.2184373996097
-413.07274540420406
-386.6164444834279
-410.8336246922313
-381.676868575291
-371.77799272078585
-401.54137750043844
-416.4805253348264
-360.5658218644784
-365.79067155705644
-391.78664578824436
-369.2740848981265
-371.2714402112776
-360.1122783048239
-372.42947939528744
-397.3868268384591
-380.8489314063073
-395.8388340000263
-382.9572106226997
-388.3986947227771
-363.9151664815656
-374.19907935876057
-373.205164516372
-384.7651516134313
-420.2441204198079
-377.01033871476295
-358.44010710259704
-355.5097780259951
-355.02576663166104
-381.55531192577814
-400.3599555889389
-407.79429921728047
-360.6937679783857
-394.29974010159515
-417.2156873668772
-417.4630008980811
-388.54037797915043
-413.6899666601256
-377.65024890822673
-404.6265963589647
-367.2189291125003
-395.6024501993684
-403.04727410279315
-374.0646818141744
-350.73430168567074
