-363.38512875019677
-375.9051667259197
-355.0101968130336
-380.647982724028
-368.7849591495474
-352.3364687481047
-397.67351182933396
-356.436621405482
-370.21532218167476
-415.3545090773289
-365.52342840822
-382.73447040290944
-412.3393846078644
-407.60078698456937
-401.86235327956297
-380.9392534113115
-382.6519151737683
-387.986643938293
-350.9830250516226
-358.68716124648256
-372.6181362758582
-360.5471680265642
-359.21048561873425
-385.5339016196895
-397.38563190483944
-376.27961557035565
-373.4687241588381
-362.34409512852073
-364.71474877982297
-369.39936846878413
-395.8191965266591
-382.2127955920139
-378.0264636053566
-378.3329531446533
-372.9930829097884
-373.3202532138255
-357.13068400309925
-358.0991031888723
-366.82697546093914
-397.4461360827932
-393.95061837098524
-381.61981124432674
-404.9869062131846
-364.24952769965887
-389.3715592192851
-342.2451592018003
-373.53802857462125
-369.5943279740935
-379.7358246199925
-373.97033570692565
-364.0315501548883
-368.08327128062524
-363.34810114529455
-376.3742181764528
-371.7536741561739
-368.6295505306155
-388.2354697716307
-369.72772394528323
-391.75958541283865
-372.68838778484474
-398.5456230377662
-390.4594402853206
-358.97533040765177
-348.51270927706014
-394.0849579032215
-349.1884716600315
-380.05878588773044
-350.59019603962054
-372.3191613338867
-399.2704351866573
-397.3214289297846
-377.04186498793956
-377.2995996932094
-365.63006550096276
-378.29850032938714
-400.263854014234
-397.119277799336
-363.0369545127586
-361.52950173639306
-358.6094451942764
-398.4723457088227
-390.08545055117094
-395.0594166357437
-357.8077121291015
-361.2992533775068
-401.15523335774094
-357.3459142893011
-383.64790799244355
-371.90364411664854
-371.1911001194683
-394.04885604027794
-396.62942067791244
-389.8237394591599
-405.86923438966255
-390.08173493208994
-373.95617162674506
-388.58641817578086
-372.40369604180876
-387.60880429219714
-377.93894212330054
-382.6246937453194
-381.1355579920869
-373.6693846788014
-396.4988314524413
-353.6198779886603
-403.01591699023027
-419.35908291669057
-363.67914269932527
-388.6665883075072
-394.97393181831495
-378.1733671871357
-382.2616159758695
-393.8080214072253
-368.9924626597252
-391.46375927318763
-397.1478796802353
-372.801320720425
-369.90478263317124
-338.0874238110787
-403.73177318547414
-363.10855417008185
-392.23796581233995
-394.22377198637565
-370.17886335971866
-361.4591264043197
-408.0850444222003
-375.2845280838481
-390.13644499371424
-401.53208887996993
-418.3692458971974
-365.2601276742574
-354.7770132470213
-364.2192169670791
-382.57342940740295
-401.60434391932347
-396.5471901438182
-382.00991462729075
-394.69984450952506
-370.46893244207826
-354.3009409978207
-362.17759285644746
-384.03401346225934
-381.47680583452757
-437.47833286292587
-393.50723717116347
-375.17577240710364
-397.0389427979895
-382.75830471077705
-366.4454602614453
-383.1225896344176
-388.97571369323094
-417.1129521979359
-352.66004194125117
-371.8800657213437
-377.76148004223717
-373.05178010743373
-340.57587319799336
-401.96864114265975
-374.76565370669096
-389.4626995462023
-384.949008276782
-368.6375776006751
-400.5457325707714
-359.90538781353297
-358.731058298771
-401.07614828499777
-377.6074882119515
-394.87895317986005
-401.9638192769388
-361.4064113342121
-376.0906177939659
-387.68508447266356
-384.9064613744406
-383.11773634815256
-405.80007713997736
-377.0881189283314
-382.9077863078902
-346.4735369441316
-402.59357075729605
-370.85403935306266
-391.5700713451782
-383.9635060998154
-382.96115472185363
-358.12859045587106
-415.4128628292966
-394.10876474659824
-371.41983569813044
-400.61107342593317
-353.2262945530656
-387.67209586381273
-399.7216394872911
-396.68575310497965
-398.51738093419306
-390.8524652991031
-358.8153039882656
-373.75326262017273
-408.0014535822577
-369.19552898254005
-384.4314431550713
-394.5594819914953
-395.32998276857677
-405.8688154693118
-357.6605160874466
-417.12801341346176
-364.037842160177
-394.9962463825187
-383.7914460925451
-412.72003854637705
-381.6720793775862
-402.67055065661907
-364.3929813193855
-364.75801007710936
-402.1913813675221
-407.7476936531692
-385.0499782425082
-401.0041363078302
-344.0065630352974
-378.26292916788816
-384.4961085264513
-377.25467274126936
-406.97767731495054
-386.7159628888848
-375.0841905696468
-371.66810540746167
-362.02353144629217
-377.9200091164759
-345.0312768885754
-376.4645766601976
-361.87530157183505
-366.7992829127376
-357.4957011748447
-435.66801817989955
-397.62339283508754
-407.24711120740415
-422.37946884958586
-373.34838912616067
-381.6983510204659
-381.3738735468892
-387.4468838505743
-414.99243279752716
-399.41865668942296
-380.24356670986015
-396.3808573899713
-386.66073022053797
-434.1240309251149
-377.10471618782606
-337.4304449402084
-408.49350865468784
-368.9127359624873
-365.3151286451699
-398.4914332022524
-429.1569744713563
-376.68201157958157
-399.30151326450886
-414.8699721903323
-388.98605335651484
-439.80412763383276
-359.9670118419233
-411.7493550950062
-391.47701907581984
-411.8923679611729
-386.54310189139755
-374.7488314242452
-376.7776562827963
-363.2400524387251
-361.83802409801086
-380.3750904277635
-383.03397326368497
-374.47503427562674
-384.33034764494784
-379.24433257730374
-342.3172427328091
-360.54072914420044
-371.68026745107693
-368.47567855728187
-348.0934628576973
-376.75064612280687
-392.57756911479464
-385.2614467847724
-344.8712394353897
-363.5502720896533
-361.6422548965703
-400.83586887935496
-399.81313276169834
-396.75799845046197
-376.9117300722994
-388.6063475645892
-372.4795411675882
-409.59380701518137
-374.5677912702398
-381.0334215250562
-380.0966865020058
-354.54012190404944
-406.6060340248358
-429.9744336204074
-392.90209764318007
-421.00726794814614
-360.6711695419931
-359.5946081184227
-410.43743677975965
-356.20806908156027
-389.45081204188557
-380.0035519205015
-394.94576826338056
-357.9653631306451
-383.6152974600716
-387.32124122321306
-391.53459754339076
-376.2545587083756
-357.3138213472189
-399.2669678040265
-373.2241851355854
-374.8308859018111
-383.7892130339794
-361.72180381558314
-376.0817325652555
-368.06841916714814
-368.8823999989955
-366.5446627738279
-388.40049624401576
-380.2171770949663
-376.46538286034115
-401.47884334686137
-394.1815168604524
-374.1048895955968
-369.46114572578733
-406.0738093938387
-354.2948649183129
-376.2391878508639
-380.7003095561014
-371.4691765688501
-388.49022619365644
-368.97586200878504
-365.59479618840675
-366.17189238771675
-379.6490268559206
-372.93508673432825
-369.5770692520944
-366.99453841346894
-375.4589915769083
-359.1897443635422
-433.8171924340086
-366.69557508724165
-415.81523683008777
-345.36918189158087
-387.72574502285937
-383.473615471138
-400.18959339886794
-386.38609631520944
-332.75858624277754
-422.82136033963116
-378.4917929527878
-393.4009289957178
-418.339724653637
-393.9312226895936
-373.39493475202755
-402.4200306435695
-399.6861164907617
-408.3366048691437
-377.81187632187925
-399.36925287370366
-368.7230711711485
-383.6245990491562
-393.5374091057985
-403.73518871688077
-405.26983916074545
-374.2847460065348
-409.2191787982816
-382.21899203024475
-434.49608749795334
-384.44184446065856
-357.774545371204
-346.66333761497935
-431.07202859895756
-375.06251646183455
-404.4823036301814
-391.60787551269925
-365.25863017585834
-356.59347199753574
-390.20970119467006
-385.0137234993938
-398.07324031672715
-406.5054080389425
-386.5269261465242
-409.4540115910019
-397.091940533179
-374.29431352161964
-368.1308637111415
-391.3430291577055
-380.537118560178
-362.92296982250286
-395.4624534775601
-374.6901193041348
-400.13939269527975
-383.09911094383915
-378.7702602413268
-412.0001611273236
-402.5790471026351
-418.5031740478312
-380.95702168856536
-403.9575332552996
-344.82928405528463
-407.57512774532995
-395.7378946207996
-401.73519632614136
-402.59330442264456
-408.89445921069114
-368.31618154239436
-372.9251636774503
-380.5832252073019
-343.50821786418464
-382.8648181258772
-403.7996578090157
-402.3871652588775
-342.5442727557684
-361.4034515620135
-418.0921620000679
-398.33952093891253
-390.96859817181655
-386.0736179257633
-399.75115414316565
-356.1669995850241
-371.6388738582076
-387.1783987513529
-360.72972825372267
-366.3927953557715
-375.6766856219592
-359.4939257308613
-370.5171616651462
-374.9465188578053
-387.20415414608647
-404.34382741029253
-354.5309819291949
-372.91293046011685
-368.66093424342387
-380.54734912617664
-379.53963500245186
-384.29821218488223
-373.8830280234991
-435.00129998015615
-385.61260394279407
-378.37962257852257
-351.5172721752682
-362.28807710800567
-405.09802449224776
-382.6416268081937
-375.81058580099506
-409.4767460960321
-391.9993870649076
-405.51536569507186
-356.6491048435097
-404.08310809042246
-431.8950754699796
-383.9243768773691
-392.3108280714606
-399.089152304898
-360.3642300496631
-365.7258982946255
-397.2636349919277
-389.18870417908846
-411.9874044688205
-400.81302636723325
-371.81596655451585
-366.0041790827611
-442.91126720325525
-405.97783214874306
-439.8055845208829
-383.0852825580604
-365.7730995442967
-387.42759437935956
-368.0122098931573
-385.6601038205391
-420.0327133137621
-376.241489382898
-381.9425584899825
-398.744992866533
-404.2246567956839
-358.7175980054144
-357.6320495339839
-371.13921084588975
-405.9553373084074
-388.2418069088661
-387.0956791851779
-376.6888114504544
-385.60048637545617
-390.6413203756169
-410.1163245615446
-379.36766051986086
-406.0347254976629
-375.10065284726824
-366.8712815709498
-365.07891940112444
-379.407745676723
-394.3768956649593
-379.6885093803012
-381.3548786073444
-372.8841587853646
-350.6127273906177
-377.0855717302232
-389.01156360458
-353.38276597239235
-345.4063721791325
-419.5423570178491
-372.20824193681244
-386.4714674879448
-369.4163113668828
-419.08064572015263
-372.9822249083286
-399.72563697059786
-396.5960527633613
-398.3449510042608
-393.8430136858834
-347.3792061207573
-366.44171374447006
-359.4338251549724
-378.4042668379669
-357.62718085271837
-373.5702192992858
-356.1739061753183
-406.9318963728281
-370.06543783108464
-394.45988635115543
-387.5449037695207
-401.61822715307943
-397.0101013769987
-372.3177886911026
-371.7240759567238
-415.23179665102214
-411.80911924677696
-381.0519613243648
-383.57474376290713
-391.1147792364694
-395.19320234864284
-438.7364175952936
-409.2453665168848
-383.7986583404586
-391.10904694101254
-395.3374817478468
-371.29569679662006
-409.0931143587054
-370.46596373262696
-400.44062643110846
-348.2854733529521
-362.7345849625932
-377.5375961479749
-388.6057854866739
-363.2724362325215
-352.92898652574974
-380.4008760603185
-379.2498153771355
-400.7815561032478
-346.8862448392598
-348.6909487145339
-400.6745748778279
-375.8835238941358
-377.70139677159216
-418.31095352144354
-388.0528019259948
-372.5905324229735
-410.129076191041
-429.95353677346225
-388.0836976534998
-386.12286450140425
-384.06743822682995
-383.2160928463501
-396.2096260875604
-402.837902898058
-399.8516920946536
-384.75086664264484
-408.1527726256553
-392.3412213010805
-390.74688790655074
-359.4119708794399
-370.9649859437727
-367.27748308722465
-381.97351701201757
-390.0289427671995
-353.3243364671911
-361.838967293275
-356.72513369351765
-345.59120077578996
-381.30895143819777
-357.1905709455683
-385.9315094278536
-418.26593272787926
-382.29632411189374
-341.61273144077944
-401.363558071281
-396.1950288619895
-406.1445818576509
-396.9150923311388
-363.8517852669951
-386.6836057183717
-353.8107908270224
-394.3619294232375
-379.4841929745254
-369.9520425376887
-403.77409253500116
-360.71151428504095
-422.7302215472172
-373.71671318095946
-362.6415096724924
-405.8884553071807
-387.9215004238757
-388.33688826640093
-367.5256733070104
-379.92839329541846
-383.22953745484165
-401.939287368852
-396.92267810406327
-387.58319144192967
-408.5595057239715
-389.8947846728353
-408.9877837859852
-390.5670632417714
-381.323954620682
-398.23537008214464
-362.90565726435796
-373.94424690304425
-399.0671622513831
-420.2702875258275
-395.2625390244858
-398.24361628287437
-387.06954996308434
-383.68291721225694
-389.1334449627195
-365.58568336513383
-363.40046272414645
-388.96349387025873
-358.0883159533173
-372.97729518029126
-405.6417147625551
-383.85894853526474
-349.6660633715409
-385.9021781848206
-423.04483969189835
-385.76697212705994
-408.3209249664666
-377.37355532486686
-383.20017576376813
-392.09838049436553
-378.10395850988465
-386.59808744776865
-398.4824445454609
-408.16425584935274
-380.08225516566006
-373.94669032092304
-364.28739143675324
-377.2879852826396
-388.2533405279015
-410.35688904140056
-397.0119985376758
-406.44860415426655
-374.1968982083041
-406.72349504219585
-408.88645308660773
-395.4851456483259
-377.663121180423
-367.6700956061874
-396.96304580913744
-367.4260627970317
-416.3082928193101
-371.5195406516284
-377.72357496441015
-368.17541792729196
-388.7332281801023
-412.16130291042714
-382.1976552996029
-356.3070066068455
-397.85740664643924
-378.7277847555066
-387.9269110678217
-403.0816096044266
-403.60855006288034
-369.85987612051827
-408.01363367859483
-366.5147242072532
-384.03299130826855
-372.45888390441934
-378.7234053526884
-371.2493354327372
-387.77660724130305
-412.92672778571716
-381.1405023892029
-357.7709876310315
-401.6618968879769
-389.208200527008
-419.68120673493337
-386.50128968643276
-407.6677900297643
-392.4738045527702
-373.8038491855848
-407.3539156207229
-408.71279791593577
-365.19011042701356
-389.78128081962114
-401.9545683679395
-402.8686209364864
-342.6094367018359
-364.40274469716155
-381.4592365546899
-421.5662451757645
-399.9838519016824
-419.83725266996555
-357.5733159656777
-424.4583019322471
-386.05464810927197
-380.3361586234445
-387.638352716521
-394.9689795087241
-392.0237569552088
-443.9634067562122
-420.10045839497053
-397.29953379786673
-401.53006341295634
-392.1835008953737
-372.374452966228
-365.86507059576445
-413.21353579332606
-348.81415772864443
-391.24740779344495
-383.34368653700596
-417.93617344291664
-374.1068865900612
-374.91236563546863
-381.1078302823851
-382.0569222658684
-407.7241807689165
-394.5397318883787
-395.21366928054624
-395.33532390503876
-357.9244244995465
-378.5518222827634
-395.56880675518926
-376.0314969187219
-449.1702686956314
-427.0673466332055
-371.3700133275679
-401.2050681312903
-393.3957387418768
-376.8328595115766
-371.3626799422665
-359.6473753605967
-376.6450065058933
-385.84525183655705
-368.81852951665496
-363.63931532219397
-372.61338969266717
-396.1144975225302
-388.9323369871293
-387.2673150573517
-385.2658742350369
-410.9029461466291
-360.7341260101052
-391.8491785574013
-394.79283479993387
-403.43488673710715
-382.3045817836908
-396.97601456625375
-394.61732335666875
-371.5951379091824
-386.5096314640783
-363.5393993121587
-406.0296695779615
-378.6040439384604
-392.2187015480081
-406.8216222936927
-375.73949161804785
-353.40409519478123
-385.3420789018659
-435.29272030339723
-400.3720006962727
-373.88144148811074
-348.01717361804924
-369.5166982996144
-394.2727187824906
-365.203254077514
-349.8614857759839
-371.6396139050946
-403.23001065301776
-405.2886232642976
-387.0907451783702
-402.67034566137954
-401.04821914216046
-336.68051806203675
-388.04135716020517
-343.82156089043457
-372.9340129717783
-377.47851033202215
-381.4222636110425
-381.1393388893168
-334.3124979933728
-371.4228735426019
-374.7274971770457
-351.0163683209445
-441.53417812853934
-376.0217153198603
-398.78210005697747
-401.1551960914793
-380.62080765193684
-407.22697182069487
-405.62412332037275
-391.47138589603475
-360.1837669155394
-359.8516631701322
-406.46654015678916
-402.316634755408
-341.6451426101979
-382.31513046483
-405.723691175308
-374.7613329022496
-352.8130042241917
-408.3413180530922
-384.5613824174599
-353.85641062796265
-328.9862817287325
-402.60696835140243
-385.9843080227739
-391.07434605199705
-401.21591767289567
-384.45001094693623
-391.6999922744127
-358.39179118719954
-354.72276345287037
-384.9055324767753
-408.5834480972649
-382.49937057549465
-412.1837856408219
-388.8597471959792
-381.79708780519104
-363.4793256686376
-409.86517418900286
-369.7356202452988
-397.38132436451417
-393.81042764861627
-371.73975076260666
-369.308019002341
-393.13184865413825
-380.0484417659203
-362.18760138268317
-382.3640904271791
-393.6889719042129
-364.84711410566797
-355.3320705076152
-359.34616334392206
-341.57613462905624
-401.03735074586757
-356.28649575887556
-406.2919040100732
-356.721403950299
-383.0622855269081
-385.6677384027072
-378.18010515367723
-388.4567497616957
-437.1016246314185
-398.0453618265069
-383.43849540350476
-384.03840448041166
-363.65531675218097
-341.64154420970647
-408.8105179514251
-369.5640814574467
-382.6412413545655
-391.29853044645716
-358.7644971371884
-399.27962817714564
-372.6246971344814
-355.8217889295753
-368.804089052387
-388.6231704548171
-362.7549180087994
-362.71762690486855
-391.86284245319524
-407.2469598587261
-389.3569086109609
-390.7746523114672
-365.5090278202639
-355.18855657842573
-399.142079619529
-386.099155418957
-398.26185279315143
-369.80680510864477
-374.79184690667483
-394.0394394506609
-384.28802641560367
-385.308902013184
-367.0997461712891
-406.2532201311792
-375.3724054441315
-393.88685974233744
-360.17722709561036
-341.2544686116497
-393.238668737118
-366.2373902114879
-367.3176744613296
-396.23658460396257
-368.6928215654571
-376.61637651299554
-403.9001762935749
-389.5224452080006
-364.16687990875374
-369.27983522970464
-375.5088638381052
-415.5475304353941
-365.9695555153845
-367.83301574090103
-405.53883853196817
-358.6919145573359
-378.18190829253774
-384.88927585148076
-369.078382992413
-373.2203811342587
-414.0182235572689
-398.8997299649851
-395.1208315749974
-386.1550600582707
-404.7216111815245
-384.88874154841085
-391.40254164708267
-377.38784032306637
-361.7607189906396
-368.79759231541937
-370.8401932780871
-380.20236145013826
-374.78515312315824
-405.7490210425191
-384.29593048573474
-393.5047538613186
-365.3325303602393
-404.7241522244823
-372.7856395440198
-375.0330388582652
-371.4864142881024
-392.838546291095
-402.55732619717685
-374.6297542339596
-393.8266768955086
-350.29407525175634
-416.0629571479525
-399.1271809067081
-391.11331289638724
-374.8804649858148
-359.6474375922825
-372.54518974506954
-403.2758010772294
-379.0967288517667
-400.89901082049073
-366.6127257201023
-377.035208379654
-388.2000508311637
-352.29020269349013
-411.7485569963627
-388.25545971425015
-391.6324289977616
-414.5305072027345
-373.66169864097
-374.34293399960916
-401.56795081798396
-419.19208496334466
-385.4376892810445
-370.76962664727904
-358.7689997599182
-405.3552304678028
-368.52262423650745
-420.5922568867773
-382.2441423531677
-375.4620008891935
-390.2907350887462
-385.308057640317
-390.60689557463246
-359.2164183391028
-357.4501077331891
-418.5385297554981
-362.11809607852143
-378.0535908060609
-360.2129054541991
-391.38226328288476
-373.12063076048366
-429.36563129645117
-350.76562313539023
-439.207088238015
-425.0302885342114
-405.1526684815027
-387.4041799648262
-386.31331092975313
-407.56786584437356
-358.58197226093495
-390.4600135342663
-392.8388097088116
-411.86948326219846
-343.9359850921493
-392.9196215058984
-352.686257080353
-413.4801831772819
-365.1553583363125
-391.65314567872406
-371.8912696560441
-379.5041360537173
-387.05455607016097
-378.1895176407316
-370.0083776862141
-396.22301219353443
-370.9236072395013
-352.06648924718434
-363.7604818038027
-399.09359775162613
-345.40747688488943
-394.40610988446275
-385.555045979814
-361.74104182212085
-366.33288107751537
-375.344426147327
-381.53156429955993
-342.5994287758133
-372.35022218566263
-436.5675749694141
-372.02592571698284
-374.2089119297849
-400.5521655211491
-405.8085805899892
-403.3063967134408
-390.4327023837962
-410.04088439411316
-384.23620871488095
-373.82822587319754
-370.3641968136453
-379.65978929518155
-401.3639760630942
-398.83531890060914
-341.1313677517119
-362.82956907486107
-384.51213648714946
-384.1494107631559
-378.3891242765351
-391.5302059140905
-401.5185440402271
-397.2356677557636
-412.5477462512183
-379.9047294850344
-359.38184818765365
-363.6111920454666
-383.72856237284196
-416.440244120719
-355.5031675688998
-402.85609102733144
-377.50766610118774
-387.1675163657202
-402.8355866971018
-362.212705422823
-413.7816549462723
-382.75245939456136
-392.56711912363767
-365.82742705637406
-374.53765000728345
-365.4845324426716
-384.5715566815171
-385.4862695032667
-380.17898971134986
-357.42058569293033
-376.3322486808614
-415.1990575397124
-381.6723031831859
-372.8538044257619
-384.50067898479654
-388.47435928931077
-398.9145670961989
-409.14099209758274
-391.34593363852065
-348.16731556165286
-387.9272696348205
-360.36643718912575
-392.3073597150718
-357.3769811037466
-395.81526322075706
-378.0836183631217
-331.08207828072847
-362.9958894406338
-393.29272319326645
-409.17459129761164
-411.5935136097073
-370.3902964463596
-382.4462957510423
-398.9141050450893
-393.2566882680007
-352.2361716787808
-360.3670706878957
-387.6703578185851
-396.55430149341714
-409.56797368766286
-404.3845121374554
-421.1857680196033
-381.2785833048355
-331.20234266188766
-364.32921593203685
-409.0731822003686
-398.11128111436403
-392.63221652469804
-371.2245036309656
-355.06914423423666
-397.5613836419308
-388.72090803778826
-370.4207911878725
-365.9789263688165
-370.36256236829365
-366.4969134837653
-373.9490051212082
-379.02753050463093
-344.5832780132746
-393.1698508373332
-411.7836073502045
-392.38012078969064
-375.95678055488986
-384.7939194640707
-357.78670169980785
-414.4024262282358
-388.77413022395774
-372.818937603206
-401.01982429031506
-365.4054071297678
-377.42870341530113
-398.26090157911096
-395.79592681334327
-424.6778883569192
-371.76695011180334
-397.9094279413755
-390.61589657192036
-389.9115459113029
-378.515809813096
-387.9951286542862
-385.40815993252943
-395.9844815741045
-408.35777276563687
-378.6169267995097
-373.00597094709394
-392.53195810630746
-397.3821641654534
-392.54388376481074
-417.0590256813166
-392.08987992347704
-401.831431066893
-400.5613992262006
-384.0605716044452
-368.4689457361412
-401.8427878882836
-375.77609619779713
-420.88382600640495
-377.52620485262185
-389.1828304700015
-390.5162626453001
-375.8618412064992
-359.765207634199
-390.99612918089156
-384.9029725962176
-405.2083659296709
-382.92874658710167
-388.687534449871
-366.5040454733978
-369.8169567669173
-389.54490098536974
-410.9791739636631
-398.40054454406277
-390.5104929560838
-391.01411975630685
-373.8598493757695
-370.4840745557392
-362.3575705857192
-407.20794502083766
-349.32287301032795
-396.9219342184766
-389.21657202458744
-383.6152972232664
-380.0823365428395
-399.9752689937437
-408.78416191150876
-407.9985887868629
-372.7014918460744
-386.06539356196447
-388.6177780482644
-383.3208111109225
-376.0399771077167
-441.9829960185194
-380.4389033940505
-385.08383245293066
-363.1777699102554
-401.48710936089117
-364.67446887898177
-364.8379059773657
-375.9451739240596
-400.930872077094
-366.8706675159981
-373.77856841162645
-380.71962937056855
-397.44854230883516
-366.4561991346255
-412.01465257087784
-422.3476588304368
-411.16983854541024
-395.8102672853347
-405.2551442354867
-396.73093076584166
-390.5922153047024
-455.359290216831
-382.17008047892955
-349.9874605428123
-371.2238102714791
-391.18795436692255
-384.70028078299595
-396.76644776072123
-381.15995979628144
-400.4656844820596
-378.036121991192
-365.873997368852
-391.46473029531717
-387.2652531464893
-405.04930880042923
-390.4979927155849
-433.7509426328236
-367.7566340239298
-372.252426409549
-372.0594409375061
-404.16580342762654
-401.65950728437195
-381.4667664557505
-382.4997669137136
-394.93070364796836
-380.76545130353344
-384.0891510958825
-425.436967900902
-369.08112947419875
-386.48976642878654
-395.7777195740572
-371.0121094892197
-418.2981927724022
-410.7492723755858
-426.645969354003
-391.2700992151864
-388.704714476007
-372.79029824887215
-330.7250635006997
-354.9873793520895
-405.30123980660693
-380.32265943994054
-395.92624997400253
-381.81892858643073
-391.67502235737044
-371.0740636155566
-401.7061014970609
-385.6235164132686
-365.58182224573034
-375.12072617361997
-350.44638340506225
-362.5098884236553
-381.00546624825887
-358.917393204927
-379.68664159421616
-438.09739115406444
-410.7263014969823
-432.7882007853807
-382.5915860586514
-413.3856630888459
-359.83891379313627
-371.6924377139822
-395.81128726408974
-357.0917297832105
-371.5708074154634
-356.56962134584364
-385.98102332580584
-395.5179225796071
-387.9328879906078
-374.10543492248416
-384.7186857504796
-403.0759448383701
-377.7930331385059
-385.3706647888989
-387.5232961900699
-411.5271197922037
-398.77468744103356
-411.0183298753498
-372.7304645511109
-381.4845941700601
-382.6818390390749
-403.8269478353642
-387.1250295740401
-390.7229086011747
-389.37337085454794
-409.89245607517717
-354.26461439436423
-443.1081780103191
-409.0013051100441
-351.1562665406841
-412.81262978816926
-406.66658015064513
-428.32602870744415
-385.4164514155116
-412.028367573261
-414.66329275384476
-366.5319574458281
-407.0553517833836
-412.4102694237795
-371.4823703294655
-389.22531113021074
-438.88633378990824
-400.70812651836354
-383.1493984629009
-389.9729723682664
-344.55809638247365
-406.671430540043
-390.7743300344001
-415.7258580647129
-404.7573048914445
-458.4089398255711
-395.5588587977203
-403.4413856052977
-383.76370338022036
-426.37231870536294
-355.27291833491734
-387.86714112938944
-393.9244842861802
-386.75009057210025
-383.34905611633894
-400.8043908731162
-384.34425253738283
-394.98712231486945
-386.2282952255822
-414.5846463362308
-400.1848032386306
-408.747567674426
-443.1251729565398
-384.79024344224683
-388.8874355839016
-395.3209694115767
-376.75055590196735
-367.3205429365373
-400.0760968247415
-362.3396865012912
-384.41750115868615
-368.7061143191074
-418.90748514216614
-384.8690909130511
-363.7421794633936
-345.6435686129677
-368.1643578574707
-394.4437128013835
-389.0789712271586
-401.1403473399927
-388.6830838662729
-376.09726405933833
-390.0651895287025
-388.073244470135
-411.11372854095123
-390.8575696079495
-383.8429122926623
-402.6980324218231
-392.6640083042678
-412.64258509475485
-389.2701168565213
-375.11856219442177
-381.31506535231597
-390.7362401818749
-386.7843234740644
-393.5581522978089
-373.5877164477786
-369.08449072383996
-374.7664781713337
-386.71405688513215
-396.1122411417672
-384.82168901199316
-353.6521881538963
-406.96470920426725
-365.3132182700054
-391.64197774453913
-412.9082355453321
-383.96881826398976
-375.6887030489936
-372.5654906470842
-394.1617415480824
-358.71455987404056
-420.01982336299807
-398.6472409059413
-375.38507681173917
-403.0437607114683
-409.00208103445664
-400.2759847848798
-392.1691251103276
-347.5422461206639
-362.212455952018
-400.34810874405207
-374.0656983339576
-364.50964241837255
-378.71000316480416
-378.28779768026936
-366.46833189959665
-374.4173340876803
-375.0750852031176
-390.3809028890905
-384.1596329441438
-391.8397153044336
-398.3620349207683
-362.97771657944156
-382.0999674019662
-398.4327916164352
-427.32075627440895
-391.7758198242393
-361.8188947223308
-376.84877895924853
-418.5271820538284
-391.87475576413516
-413.85802243597914
-381.05602459421016
-375.6715577265726
-419.79422030926685
-389.1040038532004
-376.10127146511945
-373.4282166882331
-363.87398363466866
-373.2619156530714
-370.4368278324652
-402.22824285469704
-398.0699778781791
-411.786344446376
-379.3664123845118
-424.90550583773273
-382.14131439793124
-399.6125721389726
-366.7236628917823
-353.2737413825072
-390.8321219531591
-411.18427527165795
-369.9175784762034
-397.35762764748245
-388.8912681019474
-423.497368867667
-358.3316938173233
-349.13793445847654
-387.3532267642646
-379.98579640432934
-405.7975715512125
-376.86565738445734
-402.4650434676063
-378.4467843656034
-409.16973569078834
-380.39761113804417
-340.1989496284938
-379.86265008321004
-393.6781875763164
-390.7814423793748
-367.4311419597067
-369.39187778605833
-389.076840766976
-388.7970303570712
-412.2558685309708
-400.3529720647184
-406.43453102162493
-394.00152635286327
-424.8936618511446
-408.99906857935014
-387.4432734903949
-370.0945802633447
-399.06756989715507
-401.2648445959851
-415.2017512417586
-381.70061466955593
-361.2312652978556
-406.7651862610115
-427.10859478936266
-463.63642375143564
-372.7582176197862
-403.22568517097943
-417.8754733455453
-432.122997790688
-379.7779090245837
-391.1299814756819
-359.4662826301337
-355.32863602684426
-370.3424852922448
-373.2116230951757
-409.8533819730418
-375.73750070953787
-393.00943322791466
-399.4623562618877
-376.41937448942906
-363.406961687514
-358.3123179037749
-393.0870684838452
-394.6358694794392
-389.10280103596835
-384.9330550672503
-391.0595826972985
-397.7418043126954
-353.04312729434855
-385.08028262033133
-388.87692344154243
-387.435749180036
-360.37798019449303
-391.68204737352283
-368.63954294820485
-406.0928493082008
-391.0289258963675
-350.49393269994744
-368.87207620056904
-376.3483253099061
-395.9823408347868
-364.26034386187416
-373.7234561158924
-404.6736565113259
-392.16990053168956
-403.57973888137485
-389.71811400952026
-406.42535878518976
-418.35565236718617
-376.8534299367176
-408.13321142929374
-380.6881515312426
-397.15343616802693
-404.54560648439224
-365.7309636608545
-390.8812376212732
-366.08197810471285
-404.0982838475672
-371.31144346085205
-378.5920527886171
-364.60198668449345
-396.5459258183573
-402.2038043186959
-362.0320882188778
-400.1554925314506
-397.4329248566132
-361.3365616062531
-365.39792079387576
-405.81056788753006
-391.1483160853976
-373.6739613347419
-425.32144672755646
-414.7122705989932
-331.91090384949575
-348.2671387434815
-383.3779681707659
-369.6002423882897
-392.4313817469948
-384.52092755629087
-396.4312420134317
-361.4214293231658
-357.8650223582839
-400.1167011698341
-387.44092651783285
-398.2744389519702
-426.4884617159514
-376.32566458363823
-360.3925467153191
-363.5244104542363
-380.96788487417496
-371.65979627311424
-380.36902421746237
-353.0324998163444
-386.44888112769377
-387.5230911717107
-373.84435458903624
-365.58206091911836
-379.5891215617962
-390.8449443996213
-379.8086074707888
-402.568569557793
-385.17696666867306
-391.3106756703464
-373.3557162213132
-338.7699361430725
-391.27512873498597
-394.7241112003692
-361.2689281141528
-359.27673327069493
-360.4566981184313
-358.193290589477
-377.92825696535874
-373.77141982375275
-389.3502966550648
-351.53348665475096
-355.03204643929973
-354.65380243585764
-397.68863617784905
-368.47150524293943
-391.8732521892208
-367.57037238557695
-372.6923222753692
-342.7804961343153
-389.9534319741849
-390.5454064537748
-381.8207264141705
-400.45037275319567
-387.2891841107851
-394.3421293331168
-384.21450309526256
-361.69469195887854
-384.65831974078435
-403.05028070516283
-383.3863722456372
-408.7313047301043
-372.60992161996444
-388.1216473908274
-370.8117430264922
-371.8456316347682
-383.4073015978481
-388.82071817919075
-425.9873683730489
-394.7467892977065
-392.7471144380939
-376.41062528280236
-364.82542361665196
-400.09435063735214
-375.92084335825393
-398.95511099710626
-395.11639756944646
-372.9100787645589
-378.58161684314075
-363.57824816266714
-396.4683116565602
-372.47905697619535
-371.33672855980865
-376.68086429172035
-372.5689177773459
-407.7162928564235
-402.58479937552875
-351.41308973971934
-364.74055854168193
-381.7001214102413
-387.83081909110524
-371.6611011110441
-400.0740765728316
-383.1649492026005
-409.318327453092
-391.4931430398699
-381.1994618359769
-385.0343492734431
-405.9258037706493
-397.74143251906776
-390.52557370446164
-387.53172556868697
-378.11621735117416
-342.598684905489
-393.9607481870455
-366.5457433260199
-397.5861499062976
-375.76957445827884
-395.2532760964855
-414.10610991695876
-397.39799841907734
-390.36374283064094
-423.32876128501323
-382.18261302631083
-437.2629329385704
-395.0251541643702
-393.476708530122
-349.93540664050414
-392.5746553826309
-375.4564904077301
-404.78077609352727
-374.45534585977896
-386.77054373634974
-389.339018119614
-366.298865122607
-371.39181729097254
-380.11325736960384
-403.007676080746
-377.047605527967
-407.03794764731856
-389.32308842591715
-402.65526695982567
-375.9820178696174
-355.0307123206917
-359.65815185509257
-415.6786284932433
-357.18699437815746
-403.88607570134286
-391.03572045038226
-328.4846195461105
-387.22929999040133
-387.4722415479478
-370.84704089042043
-379.9228309146048
-392.5967371051522
-359.47968605511716
-396.1685498548509
-380.22048176881344
-379.9919711984794
-375.43851670257266
-376.6591189452262
-397.833711127373
-385.1604207868758
-351.10244427542347
-384.3622886834495
-364.7667481919318
-369.3283935278623
-396.9402835829092
-392.2677796496571
-396.3975214487383
-374.3456723033034
-392.1622241381665
-393.6508931748491
-378.90616550587754
-408.123441740813
-384.3929598974494
-362.45503969536037
-373.6058500197885
-342.7577500716725
-401.05270450717984
-381.99158693571917
-442.0296423424157
-405.0813254091447
-383.2904153213623
-374.3768560282949
-406.6436602167925
-416.2688298353256
-361.68161010988763
-384.5304849313982
-402.98891101310716
-364.4847850932022
-404.53102204373965
-367.276265797473
-405.9906367370004
-417.1532941715067
-383.07807294727553
-394.41451302871394
-385.7644838132343
-392.3047212459047
-355.73658507348625
-350.59810851156067
-423.84057796064155
-410.6205066788076
-360.1551282316409
-411.51411752039456
-399.66688902540596
-363.3422470392809
-379.25435047614155
-378.50254330368256
-357.6879750606884
-403.87299105292277
-359.21838618332214
-382.7483024398108
-379.3357395211136
-393.6652021584856
-356.6396161056449
-397.94216586138054
-392.00306627671864
-410.78712309937026
-388.1790759901188
-400.6816201343102
-375.1303645288451
-374.06579233890886
-382.2748220335735
-399.4946557207344
-380.6380336731327
-360.7070709101356
-408.8181780940659
-381.9886538059809
-405.096019466348
-375.256051634792
-358.9144149289939
-393.77166547128434
-412.96024068775824
-433.90999225004384
-396.09136038468375
-353.27310000224213
-381.752923523606
-391.1359525825143
-397.04962631230546
-398.524056135788
-388.33603395661623
-390.45879446821357
-393.04388570346305
-374.85222309267965
-398.51448690743314
-416.9280663161953
-399.4498307924507
-436.1593679845247
-371.76687215251934
-410.170960398992
-368.8722320432569
-385.1222777961091
-374.23420135513743
-397.8558638456303
-406.67055022973807
-404.46345442517213
-432.74916454807504
-406.99493591684103
-410.11765081707495
-375.96682557884327
-402.951976616485
-400.7086053078052
-396.86908777381433
-400.1170172722194
-414.53160624307475
-379.4058021465062
-407.7153648298154
-403.6449478970892
-384.02970573592916
-349.2141773598041
-415.4164244244246
-421.1368186654096
-391.23833642995714
-394.418749537114
-386.47417021595527
-383.83121026814933
-388.6304345953905
-383.85763876948187
-419.8596151272694
-422.1308400958428
-409.9401071918001
-393.8833987340656
-424.3321821978568
-378.7005422234362
-422.707605780084
-448.6491088420726
-404.9720697499416
-381.17918203866316
-390.8860881814951
-389.02849426644536
-399.35949825508237
-381.75757787563157
-385.3929748258087
-400.39482200762586
-376.34823867362434
-386.29255036342886
-379.52054089006066
-387.4112337894802
-414.9417498284415
-402.64891004052663
-434.3932366683895
-397.2022284746656
-388.8841905214482
-385.20702021622367
-427.3032936948081
-395.13539207205395
-426.9200884697331
-418.15725576949626
-386.01936355641175
-389.68689959163
-396.13662127967797
-390.15258894515165
-419.22104007559597
-409.1181999441116
-389.11691513125277
-397.68679956749946
-415.75010874872936
-371.5852890075924
-373.0053321161792
-409.02776829433105
-364.9249013695496
-430.26952382631896
-415.9002375957051
-387.70776356313957
-414.01058797433745
-384.2438837082338
-412.50349396408967
-379.9974049830995
-434.5636859172215
-403.9318161471341
-439.1503920585514
-398.16475597327997
-431.0723001329377
-397.66155838037105
-397.9324972020122
-385.18436061011073
-423.75094802721605
-360.95131883029785
-393.4653854948278
-397.9089527016115
-397.43356759543263
-420.0987137498146
-402.5834561862178
-375.28388478155836
-371.83898036832693
-383.66316509663613
-404.3770365178341
-373.768650173698
-402.7911752829616
-367.859074532028
-380.3331736163255
-361.498004028591
-354.1775260607832
-403.4279994996548
-395.65505956443747
-411.58902020278845
-402.62607590481286
-416.4047961456423
-374.4535712582041
-377.91705023385293
-395.2711870539392
-391.66767826211805
-436.5650840811671
-369.87615194103773
-380.21137870067344
-376.0253193058529
-406.7778248693299
-408.397230200316
-398.4607598635249
-401.99282299737035
-377.7315612210781
-378.54487829639106
-392.4398023810319
-386.2941463894459
-381.8400719003177
-376.2380380033011
-394.5541652725233
-382.1668578172654
-371.23188946409914
-378.3580336300716
-364.92547850638186
-356.89130079636374
-400.9808682359102
-385.82962133869967
-415.0996179098036
-419.7488512220024
-381.5571146662941
-404.87937288911905
-397.03011652395264
-399.2633574523349
-423.73439036157686
-410.1574216340874
-393.20484626682867
-389.2305684734149
-435.9420664556799
-383.0797651760954
-372.1857851806668
-359.94405978058137
-364.24452496306094
-381.52259134632
-383.18298947493395
-405.69004894022197
-374.96001017935885
-398.81874438691176
-366.59504111867847
-351.28213615717715
-416.1533760964063
-360.44593878250146
-380.8374126583145
-359.9064845465189
-390.97991580687597
-386.34009947325615
-390.95714401782095
-387.07208215705964
-366.89549402940725
-360.2507874501731
-352.2534453255839
-371.6364416488911
-347.7552149406449
-378.09326995922834
-357.0703791323825
-383.9070908455599
-411.4232905162014
-383.45349842826704
-385.12087815260963
-393.5974028680107
-391.6278573590171
-378.78566041895084
-361.8531140869245
-371.88208953728804
-393.02026378708433
-419.45103793724036
-368.01726713703516
-362.31100961108143
-383.1272966614484
-401.496257538029
-357.40293389854037
-390.3193724710301
-363.467637110923
-383.8180129595361
-391.12787258882133
-395.5061279617669
-413.22557535044837
-392.3252142167612
-359.5168673794883
-413.16135931632755
-393.7114620130972
-358.4098350123969
-371.7221701057997
-365.7282005867729
-410.3080361663251
-422.30711481828655
-396.78517687651845
-375.6978092071985
-392.6600450407059
-361.24346459258106
-378.0878972740137
-379.51142682917003
-387.0646944177506
-387.4691825745436
-375.27730770247115
-367.8843450303084
-360.1163487728312
-383.42589380297466
-359.1116850430692
-383.4259532491707
-382.08950333324066
-361.37087357588064
-362.9165313637523
-409.20567545603404
-370.65901345728935
-369.848270040864
-418.4829852807188
-376.63382193066957
-410.11486098427326
-347.7919667819588
-369.8488630844912
-403.12489428077146
-352.52333337626385
-375.50512053763384
-406.53700740759507
-357.4262735925532
-405.81129190352834
-386.0173274740828
-404.2525578162732
-412.47311333534714
-392.1031679600885
-376.8631145908717
-350.0324015012226
-378.2793245501937
-369.71483836409976
-364.841375500186
-405.29092960473196
-376.0287489109078
-401.1242170200413
-419.243747543003
-382.11259471244927
-366.0690978241347
-388.84748299751243
-411.47411932935654
-358.81845600472
-393.2605942332152
-345.8010246610641
-402.87044328960604
-389.96979666531496
-380.0417746267261
-364.49287254566036
-409.3988265844381
-365.30704017076584
-400.6197500688986
-406.62723300262155
-385.14908465200926
-387.5620607698726
-373.6056552997188
-382.2258908671967
-383.0434316208243
-364.9231099449678
-365.60588806580296
-379.14621622611577
-356.5556904028407
-374.6514981760086
-387.4906579951361
-371.0031005135496
-345.5383568743948
-403.7173657132444
-392.0246943982198
-351.7714375629164
-379.74212960854925
-382.126385104172
-374.0661332306479
-370.6876758094099
-378.042857092313
-388.96442020903066
-352.72208833408536
-354.57136798225434
-392.5577749097864
-375.06853704116895
-359.6624456898711
-372.8658657207829
-383.641767277109
-351.43297984298124
-360.11783211332806
-406.21243702186246
-389.4146319070537
-361.85391713444767
-414.4714570610648
-374.33236122160724
-363.7578722797874
-385.58487897413784
-370.8332674832262
-362.28289029373707
-413.64396047252535
-419.7407678122418
-379.3939699416902
-382.9027648297371
-402.90980932562843
-390.09309407894085
-368.3895268033491
-376.4710844974285
-397.45339772243625
-345.6298936990043
-397.52831421270395
-394.7114161840658
-399.12245443271854
-398.42986935397334
-408.34360171306156
-353.40717813944
-379.6140038494101
-371.266078326467
-378.3752094998557
-392.19027432313317
-377.5459546310462
-381.57657115480004
-366.745424843258
-406.8307156248673
-358.63869045086665
-379.7914375760771
-361.04503938397994
-374.9757208530085
-393.3201457587658
-399.30322610839994
-403.39147658708737
-388.79792215386846
-376.7944969390552
-379.42881764746426
-367.87378574279546
-352.4708368339619
-357.83225949543345
-344.49953112448924
-401.26471969369373
-380.7996427098059
-382.3813669087717
-359.95201956796893
-404.3950652295598
-393.9472824359409
-386.57242929783126
-409.20435454595463
-407.4218464851051
-384.4061696950031
-362.90794867466553
-395.2433809771852
-394.3417746809762
-350.7232102969182
-392.9053665005165
-372.1115855297925
-392.6318493124095
-382.84250951085005
-382.4536208080307
-364.6455345193185
-416.12097855215103
-418.1980939545101
-400.1787676189533
-379.79663394160843
-372.80956341736004
-416.62502288362657
-388.25807832384027
-370.71973859191496
-402.83720190186057
-348.1471894007593
-396.1318820787641
-357.34282416664587
-365.44492420673
-381.75657000734964
-380.38505049371025
-386.3776104878376
-341.3098163358509
-389.265012703638
-374.66442770072814
-363.07756199784626
-380.9398950071568
-394.4986803835955
-413.92528493472935
-388.5385890084822
-353.18826135105144
-385.8379821692149
-352.0614900397096
-368.25871650713293
-351.7113247954293
-378.63592366940827
-382.9506489413817
-363.9829814690693
-417.45383485909446
-362.2973920560015
-376.67534392924654
-415.2900980481413
-379.816825585139
-350.85150996975403
-368.0958895913734
-352.9986689136149
-371.44936535515365
-394.932288062006
-400.3992966102644
-364.5994048398695
-372.2798234105648
-370.21372107366665
-369.11963770521845
-370.96301327886056
-387.53555595211094
-382.76694293408053
-386.71249884378636
-389.5520195020565
-364.6325783993576
-409.53819024067826
-402.06277830818976
-390.1348857747038
-395.3515116209445
-357.3967000236421
-403.4969882205623
-396.03137581752674
-393.7659325742039
-375.2899705646952
-389.2403100737286
-409.41306493523155
-396.1843543756684
-348.35029868072445
-367.3303888512048
-396.35491545342484
-375.9746379974865
-341.32695205163685
-348.26440566208896
-365.7961779731658
-345.89508311241707
-376.3429017010353
-369.98429691421575
-388.2608846687042
-370.4594060918687
-415.31228579674234
-363.36515558062626
-383.58188010252115
-363.1107484547206
-354.20693203977237
-378.73391328886976
-367.4346079191049
-377.2531952979806
-353.2226737441034
-384.72652202670645
-366.58397356172793
-371.4205486107544
-384.1292931944082
-400.2873058557278
-373.0230095569092
-385.0859760824768
-337.4251203660275
-393.63496591797434
-344.36437675812465
-382.8738631957825
-360.8548866155294
-395.4736816643707
-393.4847427059466
-372.73138477814746
-380.77621487371937
-383.90622888001883
-379.8476400821056
-372.09890511372066
-420.74322951598606
-375.5358515040558
-361.1534997010069
-391.263306982891
-369.7473950168471
-356.5354613163121
-371.87933688998226
-417.18889096697626
-336.36787291992204
-360.20949279432205
-377.6485247381596
-366.94594797815586
-368.82848419053516
-382.4652685340587
-386.86973394541263
-384.1383225457467
-400.8142438611226
-375.3156177558327
-399.8774405859392
-362.45658645550634
-383.84608770824445
-382.1970268321059
-367.2998514713616
-372.5983033217951
-399.5852785269569
-386.6064178368066
-347.4345127255651
-360.6984904957164
-378.48222387128374
-381.99408437010254
-381.0135905819286
-364.27934102213794
-369.286736157335
-347.2631111638833
-331.2846824566829
-423.92543552038865
-377.30876373855983
-362.4668360841712
-394.19667833723264
-362.01342032157504
-384.26251480178973
-369.5059408283131
-355.64155372987295
-360.6949791165196
-406.2917067775569
-356.43793145810344
-356.00398509500315
-377.69629547213947
-386.3427972306405
-365.20055499604086
-364.44772217730804
-357.4392778098129
-388.75234851191294
-402.1533989376002
-386.7788723565802
-341.7204361096634
-369.5856323878844
-380.44507587849637
-376.63880541691356
-386.38252218436844
-380.7929832937137
-396.3715899387357
-411.9971487360009
-397.75605948119255
-370.2408840249372
-345.0994949752567
-364.86409562826657
-384.19749058865517
-379.78573647861725
-374.8655269028426
-395.61897479313075
-412.59953973217534
-386.1567789525757
-348.7634335650747
-389.165694042008
-363.61941914243585
-382.83768832304924
-386.39978986532174
-361.89760439816257
-360.2581872792137
-357.9753674556712
-388.3242246618938
-383.47973364395284
-386.27741376639324
-349.9437917581271
-372.52946697097934
-380.86125418961774
-349.5243340815571
-363.04035011834253
-376.30504818238444
-402.7038419147041
-371.78655067556065
-426.07320475671816
-362.92554030635245
-331.0027852524854
-385.83573009066663
-359.8144643619711
-366.8460336478347
-430.3578671478638
-374.9455575893768
-401.8961732487038
-383.00082441980055
-360.07593249578497
-379.7634404731226
-389.50444971385355
-363.10520247016973
-404.52600382660717
-378.4086888959585
-378.3132780991331
-363.7125954011385
-357.08304024599875
-365.57480893133334
-360.05040305217835
-374.1271380253513
-384.27886207706297
-345.9393514718144
-391.4075211369787
-350.51186358499325
-361.8539509701974
-361.88405503642764
-407.75425923425183
-368.7193553893399
-386.2035608175868
-360.77414599999736
-403.18005113152424
-377.4663627399391
-390.7012863754429
-366.9237439971618
-394.3880854794935
-381.65381788942847
-374.5011047953102
-387.15237575271397
-417.0587872307489
-406.90276847118326
-365.7219503769112
-403.84336253244476
-370.0039536378351
-342.6838875813957
-373.4208689695718
-387.7426338966292
-404.7970609750093
-374.7700825880628
-369.7435502736661
-381.43299221670003
-383.1076503319214
-390.79819434330443
-391.0789905175915
-374.38954756299677
-395.5795849628695
-375.01660425057514
-367.724149050743
-381.0291042083132
-347.7405474996019
-371.5568646828706
-403.64359477068524
-377.282122234441
-395.5954881276426
-384.42893149674785
-378.4666725266153
-395.1090896675893
-374.42007498714577
-411.2724183798124
-367.1177160312326
-394.17255593018
-354.95943839051836
-347.6914798057674
-378.7091199750819
-373.56121129846116
-369.5870487287663
-371.3254299885793
-381.6565843671694
-365.0302975752245
-400.0063343527431
-392.20603469668475
-374.78070890125196
-357.38459477196284
-382.10293932324635
-359.09577812911414
-389.32482507183704
-348.6918637195819
-331.7896937195835
-374.28264513583804
-379.0643430779704
-384.4309719679062
-357.1724042892808
-388.7912526457739
-363.136038900559
-386.57354378994785
-369.16772509874227
-388.73867726098024
-371.61045905793924
-361.65064365504236
-377.2252172582652
-388.08812886803764
-383.11562490501433
-414.93494968988284
-362.7147393340681
-363.8496447573334
-368.75767895235555
-381.15172529126596
-363.19654918377944
-364.1641170892352
-376.91278430369266
-401.577379432724
-409.880811335642
-379.0214798512452
-407.4961773285246
-401.7077431036407
-367.0887499883731
-346.7317110628759
-414.35129990334417
-347.9995470417483
-404.2589424467076
-427.7642443166737
-354.17715007597195
-388.9886153841202
-336.0576689403439
-355.62155559929954
-364.08490406824836
-358.33126256454943
-386.47708743621024
-393.51902317543625
-410.58431574596875
-359.6654535636418
-360.19676078019734
-392.1174148827791
-393.5686953859694
-410.11349731038615
-405.82286883276373
-401.94208212123124
-383.8133276591168
-387.0336358259398
-370.1155559123157
-375.9907589785193
-397.502435677344
-386.5840770955649
-405.3049205710915
-367.7039975841964
-362.030783726309
-366.5681552196154
-390.9945533694297
-408.70399741742483
-420.8495278760918
-398.37379781043455
-402.9888197292976
-410.0357130085612
-365.15649486636636
-368.73781466798596
-384.4796003943542
-406.4657154970821
-392.6402264901572
-367.8544343731469
-342.1756551376617
-395.00272554993353
-378.3439058725278
-393.20672664702124
-381.8229453553457
-426.28651640164185
-379.8859364893534
-366.67847364764094
-388.37696424475996
-397.20987924383996
-397.3388362757511
-371.30060350363885
-354.9946849855989
-400.4925174233135
-379.6877890446379
-373.2834355217633
-378.0274112521167
-371.6216287296277
-374.8923404061985
-378.02427635142004
-355.8898742437371
-414.71731505197073
-385.7919510394398
-354.39470839201294
-387.9119656988644
-353.07526922386
-379.7716936277822
-378.07569719982894
-379.0548309872041
-357.49653597442733
-421.92485336076817
-390.84891645039204
-404.2380412208912
-357.19942133572977
-384.5617495741325
-345.3386749345813
-356.41228216842853
-380.91295379250073
-386.2323206211262
-413.5913709635745
-403.96395305698843
-373.7733519031529
-399.9217647420203
-388.82984889106325
-375.15631915028905
-396.4517051463525
-400.16703196287983
-372.09530882251926
-399.17939945457977
-377.24631268210265
-398.83741234911463
-377.89245245040195
-387.43939709504355
-371.4752153126189
-360.3819420176072
-412.83138089140107
-387.2761891410104
-378.3745589269424
-363.7587073077399
-389.6831777499073
-359.0698489400666
-408.3242168726141
-380.22224731660106
-370.0024065402543
-365.453780350523
-387.98744762064393
-375.1964984889614
-385.5217240889662
-400.1309235601772
-375.97167984189645
-371.6067003107137
-400.31698535718704
-387.12149412817837
-378.2562624127263
-383.97384052320433
-380.2305618889535
-395.59641017156173
-397.975649831972
-384.23697356452914
-375.78915266333325
-397.2107836445763
-388.0443649996161
-437.2815322370144
-360.4820685378101
-370.26483137997036
-363.65070436635006
-400.16559911044965
-401.55618695308135
-359.3572719488471
-403.40503085146213
-389.1164647610707
-375.2506504197398
-407.68992338734654
-359.7064523934824
-381.41739840643817
-410.5175027722074
-411.28187495969564
-414.6283243493333
-371.79553265606216
-372.5840187442597
-375.7719662301256
-400.95538624894925
-379.441643387421
-414.8075590313572
-360.7355550423938
-403.7304963926832
-391.9154790889843
-408.45217324190673
-392.28552027920045
-416.10557099905316
-366.90894086236136
-397.38286394610043
-347.5953612496845
-384.5320725884885
-367.53211308321534
-390.2804711439236
-376.89094390965477
-384.7348568664308
-417.9673737080177
-371.90535022027643
-348.24460322501267
-375.59965135279185
-360.640174520512
-416.8917111010526
-395.7533484338278
-347.9415238416095
-356.6075814919893
-385.572445137152
-355.9861064278109
-371.74672154195645
-379.66900191046216
-381.3963007369002
-379.9447188163035
-388.48961046677914
-358.53254418854215
-344.45781257300905
-359.69233636905574
-390.9177932192039
-386.2283473192471
-375.96159903657235
-409.8086022962143
-360.990839026442
-353.41444888956937
-378.3868042071294
-371.2569986840784
-347.7910518152407
-390.6402414675973
-358.34545664224953
-375.77758890552684
-382.5499253721066
-377.17710618165734
-414.9839033760792
-349.3655772323428
-405.0172365428611
-378.55774572534233
-410.5033154242643
-396.0422073837947
-398.40510920092834
-368.0645821184165
-406.79569283179984
-383.7035398938017
-380.23443384207707
-374.95011419208674
-404.14056678988027
-387.58325899145393
-364.37400943029814
-352.60894874403084
-353.58757294715394
-381.38221092174024
-373.3930053613727
-365.54127928079225
-402.8857564762519
-392.79248189734267
-380.4460304155883
-384.35096191714683
-407.1016921579429
-383.521259625447
-387.6652291188676
-375.67593031638853
-370.3024030309807
-370.2687961692708
-396.34276943326904
-362.2129300736799
-382.91285270074576
-411.8530594093123
-401.84912932641043
-394.5264927932169
-394.955328106157
-390.1601493151791
-348.75558957942724
-375.78950500226455
-374.6767593568099
-382.0377263973704
-385.93405177146957
-404.7509448262144
-403.58616523434495
-397.7999916394582
-367.7498079950568
-369.07482591807843
-397.2444164877802
-407.63047361753564
-395.96165389415097
-383.6039583960155
-381.68532404499143
-375.0695220439036
-374.21915222853
-394.3578791475845
-398.33141641400164
-385.25619567592264
-431.83518466558974
-381.7307258061286
-361.707085570284
-372.31743610264414
-387.69450737670536
-380.71839418889317
-394.3371868171039
-394.16124702343745
-383.8299812797941
-383.9200712948489
-404.063452237446
-340.1541599001548
-367.6664131137792
-362.04805051337695
-419.3118898541053
-367.27174205504014
-396.6898614255259
-400.24493975176455
-408.1163618456317
-407.28045647034065
-376.6032556635164
-366.47533200854303
-381.072531519193
-391.19153569727473
-404.4513592287603
-359.33825556146934
-389.44052578733124
-375.01504307719097
-363.5234805493625
-416.2632870429346
-405.4739465907319
-416.45316983694534
-384.859484281513
-398.6129207042029
-384.4489920287713
-430.84327123271385
-384.2516803095424
-375.7867181782235
-397.40097243804837
-359.5658326303727
-356.0064350069152
-396.5434443046312
-358.8425479947255
-412.1533021515172
-367.78379802976417
-407.02333112908826
-409.797972191544
-401.84834996973973
-374.60301009430856
-400.07482755711555
-377.2897371227572
-404.4022098700733
-421.1491059575644
-358.3636928565885
-379.1709646221498
-382.6557802902473
-366.5896597375953
-372.51306806483717
-395.7526075917881
-411.6844873846983
-383.65908088421224
-405.83707761934255
-403.1933480017648
-379.7950175954746
-436.3087675075611
-372.1897919748293
-429.88250781715885
-381.3789728591842
-395.86625934669473
-414.81357152288433
-367.59712347640186
-377.1068486177506
-415.1070380822623
-378.5104542719007
-399.57771975514777
-394.3667285042719
-376.6363855878949
-383.55616149869707
-431.2797975705881
-329.0470595106701
-358.945298346762
-380.6738702524774
-391.5388779517258
-392.627477404135
-407.2421780652037
-350.7182985266271
-393.37661631865865
-417.658230395263
-384.0783800924522
-398.8013126134334
-375.71420725026474
-381.2379479459951
-410.69151507364654
-398.1990262789782
-407.4652564259464
-422.5343794727536
-391.80693021386537
-368.6783526729778
-385.2029401827742
-388.16940474015973
-366.30312875561333
-378.98528385945673
-377.27481781902645
-387.58072477448053
-397.670420290253
-387.29853868293003
-388.3015638928797
-400.1637441531984
-375.2840937984457
-409.08518515104146
-381.39447698530387
-401.2863449792618
-396.5415897862751
-399.1782802171661
-357.7522000191392
-408.43415431570634
-356.0619986093823
-370.4548367947637
-397.12600060641705
-394.5588037514111
-384.1578987493016
-370.8715325088792
-423.879303867977
-403.4318876176329
-353.47272273759995
-385.1735277689703
-401.15458414624015
-423.359772325189
-414.5515166834672
-402.4918966969959
-421.2066988368914
-417.6865786280077
-398.78055804985627
-400.6268101673911
-394.39195011375887
-386.62799805217844
-360.3215388421614
-406.1563871603447
-411.0654188440983
-355.87581698741604
-405.3264779096504
-409.4692640839837
-363.096641276814
-355.19563425212317
-410.04247608472417
-390.3020588006434
-378.39376851208607
-380.3419707312911
-397.2408779266459
-364.2684025702396
-373.3502886602862
-376.6229448964001
-406.1390504391717
-424.94649562092746
-406.1661579940996
-384.86656914421565
-380.4561892666551
-385.80749172523645
-352.67849603226466
-408.78999741264397
-365.0529459333642
-414.738765730846
-383.98136129103284
-374.0493426868852
-393.18285859536184
-407.27022080792347
-387.971851630762
-397.7157013950471
-368.67298430251947
-414.9557262392277
-423.5602853559916
-395.49094614575574
-375.8323877341599
-395.1155926798845
-382.9773022136684
-393.24156659151896
-374.01577089554974
-389.54389762767516
-421.7693669115224
-392.87536058537535
-423.87544725346856
-401.66748350707695
-412.31631247396905
-380.3921217703328
-388.3991921158896
-385.6762962655325
-357.15148339465645
-403.2200553321876
-396.70384120339145
-397.2270025792957
-365.55701056865274
-419.2132051996457
-378.06329364082126
-392.5789030996755
-386.33293243397725
-414.3297597651462
-376.1562200661791
-377.25955342920565
-425.3128193473532
-384.57673641813886
-428.1822759138757
-388.42647786649934
-405.87371703263966
-409.20872643790403
-368.7016504340249
-392.84633816182543
-367.91693340336093
-414.22639390093366
-374.15606323667066
-405.11374425591976
-368.7580753735722
-381.977338596477
-414.1001735316612
-425.4879866153754
-343.35734115683294
-372.3129071740475
-365.3647804959288
-391.38371896170486
-398.5249350632545
-364.95456568223244
-358.7127776392749
-401.8677651291616
-385.0208836826379
-378.3396201920984
-388.67128306277294
-389.83420849815684
-383.08811556359586
-361.1893115445438
-396.0785601122855
-392.4046637949323
-372.3885180270024
-408.6120050556244
-378.14041132936114
-387.18317726000953
-415.70569674115643
-395.2892706037041
-395.43712852878025
-411.6765093240249
-384.8830696554059
-394.33153987379694
-403.93390528535804
-401.87816034491715
-394.143892058515
-354.66177355158356
-380.2823729215486
-395.76630007839077
-421.0144454305169
-378.468238999781
-411.99794418564113
-408.44048006539373
-367.3636078088018
-398.55980652452
-385.2442297618471
-389.03569899521375
-411.8946906621844
-362.3573175615889
-381.8730098952908
-406.0054089004159
-370.70630086554877
-365.36850762195945
-358.42498292746694
-408.7273964642303
-374.52048540913813
-391.2920124764207
-400.20183615101166
-434.42479313564564
-387.8814674027655
-399.4639526863798
-372.29946257830443
-390.6092159484597
-399.4308385474551
-377.77622479388515
-402.0304798411359
-379.73819865833946
-393.5741950913187
-381.877092682558
-408.544779364764
-418.04391767110644
-377.750604697928
-391.5630429389031
-402.27916141278024
-399.6822742369078
-426.4326397700986
-363.38435956396495
-429.54806751072465
-377.08288099429944
-402.9796396322091
-400.80770868942244
-376.85804619666783
-344.7997426374608
-386.17766111253286
-391.8606987415597
-435.310352561576
-371.29058462039706
-379.0433033725251
-392.5729114969439
-360.25400076457925
-363.9988327131443
-378.78471131400624
-385.5767119475606
-359.90395524685573
-392.529475294336
-382.15298589010797
-366.86365540769964
-371.4498886577218
-429.3645035493168
-409.32587429701437
-392.28149776901176
-361.41674519708374
-424.2894253252667
-406.9388632773548
-389.1571375796441
-399.4150928229251
-372.1811437385363
-411.3319426428496
-367.4728707152316
-404.32459492954547
-368.3841788706262
-389.21869903921527
-410.65320161073146
-375.65777292133896
-382.9810469351098
-426.3076533554772
-387.121133999456
-449.8775995373787
-403.09807669868366
-388.0493234236266
-378.267208017033
-432.5048054317182
-400.15477923477647
-399.0115342556916
-383.0036847207234
-396.4339871250961
-391.6911529545373
-410.7307950037484
-364.47034150301374
-381.8204152780337
-360.6733570839348
-347.65324557266854
-371.898792298806
-411.5700102273811
-436.030875289208
-415.5235749571315
-407.43895878946284
-407.1959065131233
-379.3853605422604
-386.875821317131
-395.8300750662031
-386.41855677512035
-364.1999722684973
-421.1083138601613
-388.2665366134161
-390.70292117969313
-397.87227184256847
-334.45170467648825
-369.9869218205588
-386.17037425158105
-370.4122294039237
-385.9260894744297
-380.430868572898
-359.8425498756051
-348.8081219822857
-364.8344106041851
-378.1844283786461
-377.86970611376853
-373.3546317248734
-389.92261812002334
-361.8145804570105
-412.07700594163373
-371.2943715940018
-397.847384703707
-417.1647411188384
-379.81485216879435
-398.26774143497806
-402.73598330243476
-373.4670984740351
-405.5215792936724
-402.15395076479274
-415.76775624968224
-351.327373596298
-406.52553923980497
-383.8922006937823
-389.3638888220139
-378.3438650457364
-358.4094757408544
-405.9893903863172
-345.39960302839745
-387.1883985914865
-386.5225912139398
-381.73450638845765
-393.0290655514716
-387.98174382091037
-413.671844472538
-376.54040708352613
-374.01344580721
-373.67348406753956
-358.7258232613966
-403.7616233644132
-405.16827580448364
-396.2276815265729
-362.08539601329807
-400.2123243811478
-420.7837542770869
-388.3678301049142
-389.426882177857
-381.25375280720095
-377.78723831744543
-404.1196677856377
-390.2986541049271
-402.8422249276501
-367.74840930115323
-412.31768514866087
-391.40752957578525
-388.2004709370308
-397.03368103003595
-394.9089728689264
-421.58929478368475
-414.246017670226
-366.6716900090694
-405.8103331289244
-366.49418560791196
-361.90442907902775
-407.6636160247776
-405.2773579521308
-364.57634832264716
-368.26821649594973
-400.7386358286665
-405.54822920377916
-360.5086432896278
-365.8378182821258
-360.12586147258264
-404.69941839487495
-405.8654803101093
-387.0967904633536
-389.7285373891667
-401.6212594039611
-408.77402621976313
-400.78000100170436
-342.5864348350988
-368.5214074507227
-393.8411543170067
-397.1256704177452
-376.8199844286319
-402.95097824858976
-354.5096236941823
-401.9112611465637
-349.8637215875127
-378.4310162859123
-389.54698353966353
-375.4848818740264
-407.1948437469915
-399.0227538668305
-400.05590413344464
-387.10431205520706
-386.8652886409796
-428.7358831087672
-391.849294577683
-389.344514245872
-370.23878123318116
-346.1545688147089
-390.96738075410485
-412.1536862689007
-380.57471486761483
-421.5290738717862
-386.81299373526065
-358.23150195977087
-351.4116524322667
-398.4163654127546
-380.4419845695096
-393.4343680590133
-362.2885863767543
-346.5430460569348
-384.2675295374172
-403.8240123674948
-388.8377097563126
-408.86853242991305
-372.56087314754143
-450.0128064866451
-379.8913327151531
-389.95996143087916
-374.4893985016534
-405.05032577353626
-354.8403966670153
-376.6912347759952
-397.342102093913
-385.05548510347705
-369.05670402027204
-353.9849241164512
-376.9295313337275
-374.2642705582509
-372.07216196829836
-371.9074678414365
-370.1322457502056
-357.52602629733167
-394.1505235767663
-393.4037459670782
-360.11290157870917
-413.2273992212398
-418.3208746471338
-379.35856446743026
-389.64561712998307
-363.7570470707872
-394.96535756707954
-396.3404400387835
-353.2666736398784
-387.6081971328639
-357.98486294620125
-400.19238748873863
-385.10230704564947
-386.91545785251986
-362.4514135758899
-436.15073131925647
-387.91243236579436
-393.8362193502246
-367.08875518670413
-372.0195071321769
-369.1871491609031
-388.26211573654325
-379.73402380640664
-405.5833849253512
-371.4270587367725
-377.4532224123931
-372.9413408487359
-361.4736811761656
-375.93911965715205
-360.21190853109727
-390.25172717589334
-381.23748777008586
-364.50903998209776
-352.1412507194919
-361.76854300943546
-356.6373790335732
-401.963277439771
-378.34862146178017
-358.74972689854746
-377.8684888890799
-370.7647279244891
-392.9380094188417
-373.19667408632085
-391.54866475536784
-386.6836618968689
-390.647401706948
-399.3171360593208
-401.1263637787588
-396.8471771156935
-402.1704260031663
-376.25056633958445
-371.03686843544125
-368.4906677158983
-402.22750580342097
-392.7499866205544
-366.3577836463727
-378.3852550706986
-347.3916700510439
-358.74485756728615
-358.5001206595491
-357.6299778886469
-367.3399067669736
-377.0483170856909
-328.2961502755121
-397.2356673168928
-401.37646044524195
-402.0960832304339
-362.2121999302267
-355.33879201321525
-360.8762954311494
-379.23046639278766
-386.03410105540706
-432.81838608525277
-380.9572062968235
-372.183175198521
-352.6914401789248
-375.20062134326054
-425.4385500583663
-368.1511832505606
-372.69787106153626
-396.18637830026864
-419.11093683156304
-359.0628617982111
-373.65715731527393
-335.2416369413935
-359.15116227407765
-361.29250417901557
-361.36695140216614
-395.32645059841434
-361.7972387069593
-396.0126560720478
-368.5360586684824
-378.35160692747104
-342.0591373347128
-381.4441969605361
-364.6348837484003
-356.30479281764417
-409.16071773720194
-393.07282669559186
-388.9944607453567
-361.25600021662575
-358.9918660279699
-363.00320465418065
-359.84707633738077
-386.9022429336004
-391.0288763543702
-408.1048423002352
-414.6750004676231
-420.7966620567518
-397.18837693690955
-370.4601118537703
-386.8874894576268
-352.0299153226683
-377.91252580604623
-399.99051109214
-338.2251112983921
-368.6170872393573
-340.03142943182604
-398.50188740394174
-371.6320189514631
-406.7169219873503
-362.0409736260301
-366.70888947618596
-361.53635292273975
-344.5360573749261
-367.300733032602
-383.4915997966466
-372.28514651242415
-383.05938079914733
-372.4226622094533
-402.07798632583285
-348.6062796821286
-370.0193748009872
-379.4511994908464
-389.7451335304942
-354.1596667586874
-416.67539319746624
-362.21994934215263
-377.5991617005096
-337.2026663523553
-369.48084162384316
-370.51582019754545
-378.2187774267817
-365.6051792587334
-376.07785236787396
-381.9882250586693
-354.1228444926953
-357.84333181852156
-347.18348457736124
-369.0318716849715
-390.55240595723274
-392.24683780395355
-376.1693885689885
-367.4603971553813
-345.7780411784396
-380.6286996192984
-365.3159228690316
-376.9905713081765
-403.5541414874167
-394.4440120508915
-368.8010100093393
-374.63468287062483
-364.0408636149444
-397.0571727127257
-352.9139277460476
-386.5402637315574
-365.22196679862265
-438.6135590322455
-398.15045823290166
-356.8992092326174
-429.20172686166126
-381.31934623245104
-378.92238696844095
-353.93525615256175
-400.9559354438079
-376.3863114207021
-381.11451715940166
-399.89095675481286
-361.7358647639192
-371.5154276161111
-403.17884529058443
-373.9195285422727
-363.8807678508536
-343.5437833604517
-372.3279785536454
-368.1148842968658
-382.6850748229113
-400.7676724989274
-416.76311521779166
-356.74333413959636
-358.39318550308406
-377.6133138888065
-351.98028639224674
-365.5022732643552
-380.07622096652756
-360.034176904602
-400.7481393100568
-361.4753531594082
-359.49681994978624
-405.9402224715303
-412.7725453034468
-415.9232273786128
-374.7546141940185
-338.62105635688897
-358.49506995469096
-386.26268587436795
-385.3676469302104
-400.41019114908966
-362.1220164738595
-388.21321943654357
-405.68976527596243
-367.7232453846483
-401.4497394779273
-371.8976626823119
-379.84371941527286
-396.186626388155
-355.29768634141595
-405.198783019586
-345.4449034174911
-361.58893235588687
-402.8544814286958
-359.2163394215622
-344.0442484356355
-356.46693253224
-363.32359207022785
-421.5627085919682
-380.6317031970141
-352.4533603867185
-407.60570912478954
-415.06225657519605
-379.1655035977534
-394.8437984575762
-361.27718728568294
-334.8164198093214
-365.05047959740784
-369.12031977986277
-414.3335090546449
-396.8150091215896
-348.37725865155465
-363.84175552376746
-380.9696905355314
-380.9215872174493
-379.067676888851
-390.70010529044043
-367.01346577017875
-397.99174156927495
-367.4120008635073
-351.23523457700253
-368.85001054628697
-361.7684924332753
-367.78211281333085
-385.8486906153503
-387.5403825867909
-395.0687649965394
-378.8455182204066
-343.12533823049534
-371.2999193606944
-368.55300332483114
-363.28030487353453
-344.2493566341319
-400.23529945122596
-376.8476229685053
-353.22879686913836
-364.7226879295701
-338.8970867955795
-376.49585115193815
-407.96387571337493
-358.55693284100437
-347.2401841910131
-382.2664259602126
-387.03868362276364
-379.0922169848417
-373.43839530016834
-370.41968793600483
-358.2603278788063
-398.0250891230198
-370.6021699192917
-373.90084800719035
-351.38111702735216
-407.39780679218654
-370.7781433620637
-385.67593198010536
-396.0453506780836
-363.39162102330795
-376.2620332078906
-382.37297862726507
-366.4585906034466
-390.92749352878593
-417.3833105801455
-402.5551143349519
-357.8463935925269
-360.7209876789678
-369.00279432541294
-360.64124646826474
-378.0801005090716
-365.03604326919447
-363.30666366164564
-348.26844155960623
-366.299877729909
-372.5071412802266
-366.84984507719855
-358.364182225477
-392.38597031217637
-377.51408264204906
-385.3813713616586
-384.2956743745624
-367.59187679602326
-398.43092397049475
-394.60260811115825
-405.42808440497004
-401.1230455792637
-374.2234900228895
-374.30531020509386
-388.311480439603
-358.34847190860546
-358.20736477580925
-386.3413076150547
-353.88356327769964
-360.82276398223416
-400.18061203688205
-372.44460270136494
-372.14495425801215
-374.6418578594712
-361.5868421191114
-380.48400817938705
-366.8720564507498
-369.5381878907724
-355.4648208829616
-390.1955188674626
-349.9112043154155
-353.86156043470055
-371.734556655613
-378.4795988420403
-356.3627008642877
-357.49819582019734
-377.5714156918592
-408.26303749442286
-372.8520944085037
-414.55715391063643
-403.36745011345386
-411.2822036276258
-421.5688028943877
-382.41346570681725
-372.5756203699848
-398.92083373579067
-389.7125083778133
-406.92922091442836
-371.0604291288126
-418.36280949477
-403.02421014229145
-401.246321061252
-370.61593712163534
-369.21794313209807
-373.17459245510963
-377.44928272223456
-393.8266384813828
-404.839840193127
-383.8818357357128
-367.362667030607
-369.6669900787343
-387.86708954182717
-375.9564823746374
-388.6662145130095
-360.04937080685386
-380.6629881551204
-397.2715661886764
-391.92160963541437
-370.06510622511723
-377.55741721204777
-400.3700078565622
-396.2715796868836
-354.61429042061394
-396.5006104756643
-376.08453161302225
-421.5582509860107
-404.36691460092396
-390.04094588533474
-371.92314919157866
-395.77739979556327
-428.6471588348527
-425.5629872562083
-392.50746186101026
-383.85213247015133
-370.5447707317421
-388.9420713974909
-420.3285050399545
-357.97801735408166
-390.53654860265453
-365.5878272840026
-412.44738111852234
-359.191034168859
-383.74467876647134
-347.48381552280046
-381.1764672933509
-371.6303129907243
-384.5773550015899
-410.35369074276775
-363.4251630690839
-374.4672249347749
-369.492573948213
-389.42668266069506
-418.84531268506134
-385.214057403471
-388.9830780467764
-390.9279122107589
-370.0368548559453
-386.0805488312691
-415.28820455997413
-354.8885956019858
-389.62464289879176
-355.7729840263715
-407.0119954608451
-395.018657772909
-402.1853393421094
-369.87845610530104
-358.76253778223486
-388.7364686689208
-379.9626692564826
-371.31890878082066
-403.45773062075494
-384.7102821607878
-375.4184430993054
-397.21612117152745
-359.48675884262525
-381.17590568134176
-391.3597854114313
-367.1043111056048
-392.65138142550654
-375.9527494697495
-348.5611219382772
-392.9373133836855
-368.4325987919375
-370.8075571022471
-379.3128525735091
-362.4050432707167
-409.06852349292467
-409.52151387951756
-404.82422723686636
-374.98179385558996
-352.70861754103146
-378.50390035231135
-371.7814416998047
-370.31530281446277
-388.4374884963886
-391.2289262639847
-380.02389315021503
-356.7343576781884
-395.0891477873629
-392.62252272087983
-378.76252172711037
-390.29910956614214
-376.36493981632134
-360.14873312550037
-354.22690018511184
-355.9401507362992
-381.7939562811483
-362.4073394963659
-396.99460939008827
-376.1542912783104
-405.50192365642096
-395.4070722125815
-419.8277969392646
-382.77819731370863
-435.13691137852595
-402.6540789923435
-384.06355403266156
-370.72029122517876
-372.03057396403483
-411.5233299447089
-355.14306699253575
-398.86838200472937
-401.11537660044235
-388.309521792959
-462.52027691068724
-396.53861244575893
-409.14797122543405
-401.8310502642555
-377.2729414546552
-423.8915632119623
-407.7015150233
-404.42422645648026
-394.564607897618
-378.5678562293134
-414.15547688257107
-346.9836925439264
-387.30194406335244
-367.2284482868199
-378.37749455826236
-430.87597813679565
-406.2221813449778
-406.465007020792
-386.29860906845784
-339.2172064985151
-397.5095032706451
-398.1365290342644
-392.15933542930964
-390.56881794682874
-379.00701195040057
-365.42386632917635
-419.9323878840548
-413.21676631662694
-403.25343994326204
-386.24003751985924
-357.7256723271875
-352.82441499747
-360.84514796904097
-392.4672899534331
-359.4056756754303
-407.13081227678504
-388.6059738573105
-362.8196448635764
-398.3689470494043
-374.7713865134545
-405.4016857155375
-361.09376491542037
-374.9301645048775
-375.0210448064656
-383.9547532419099
-420.31433259325604
-349.4401630917997
-401.1782335911637
-365.54362756685816
-377.24188195373017
-371.03302767116213
-390.63407600563096
-368.6598205738881
-387.9878237733837
-401.61771921611466
-400.93120016559817
-343.7716115853409
-336.9059965399439
-378.16786553718856
-385.79957999064044
-362.0569432535566
-409.44127042606374
-400.1649625344917
-393.2118708588058
-372.26106939514676
-351.9401397909534
-375.64158923369297
-409.6371651766372
-362.827923252849
-382.63778589088565
-385.27725838371157
-375.29910322320023
-392.62751480905285
-399.15121144764066
-351.546388516924
-385.29120695546743
-360.3264131232604
-398.80946511337066
-400.1730999019603
-358.3294366456255
-394.5357655676353
-394.9640586574342
-389.74440382226027
-409.44074316529833
-385.30075963838044
-368.03591885631636
-401.95931441237406
-393.8967832223942
-404.7301982291981
-379.3496780358181
-377.97000104109975
-385.8927631723745
-364.8655884625806
-387.2298851081292
-379.7887304409303
-376.2048887045909
-368.7745806033365
-398.60528411705707
-385.288930744788
-393.4522285159552
-352.63418991396725
-372.94513885166026
-369.37577255442625
-379.4774018758668
-365.34270380077464
-356.9603507901081
-410.67324720742926
-368.33889687925415
-375.6734049512952
-434.46154753405995
-364.0222393112
-407.5464089599252
-376.98661184321816
-391.16332870507324
-356.2793818174548
-391.1075644386556
-407.34151236707584
-364.37389502041424
-406.4820369844458
-368.6050978543909
-371.588157817298
-357.57674032380584
-400.7016632896184
-374.1355030126849
-385.7871606208196
-390.64449071827215
-380.8624246977804
-367.7856843387193
-398.7326126366881
-370.66715537838184
-383.11522928267
-409.03976941496654
-389.2376332694455
-415.5914002891308
-393.57116303853763
-393.6860721584411
-363.29213144640363
-368.4046346929973
-391.3772065376435
-368.4858590884071
-368.81659887074414
-372.3714312993917
-380.5638225079099
-398.4890609570035
-384.0768284540933
-377.1651201030504
-366.1104271302263
-398.6139008009055
-358.00558259744645
-391.151939355702
-363.65106913973347
-357.5234898033295
-394.209438291277
-413.7686458148297
-396.0655908847489
-395.19306989129814
-368.3802614139023
-368.38805273992995
-376.9840399025573
-345.3808481910383
-366.96144754229977
-404.4998376215058
-387.9037513532901
-366.7829107091776
-375.11454662230744
-388.160866548219
-393.9005839563574
-368.1357391874035
-380.39302315014953
-378.7237189173925
-381.22093710459984
-354.7145912336256
-399.3268616083782
-366.600199813911
-361.45756435932867
-371.0201592003993
-373.3330060364948
-371.767390478567
-389.29218572181946
-384.04934582271835
-393.18732856613315
-382.89592946093967
-349.72763561554865
-390.92964019104124
-364.64370497467405
-361.5346108532646
-394.44978570791363
-394.2306092335947
-366.8802990476194
-394.87042366369917
-369.0598780745469
-388.7556304605854
-372.91633274616123
-364.0451146883353
-375.92997481834436
-377.1186135796915
-359.76448258485766
-355.7434273130086
-374.71396394939325
-332.24933739039795
-366.69828918556084
-382.26384610604
-366.57281479109605
-359.7569354271256
-366.57684337875133
-367.2919626162052
-402.2756411917046
-363.7036401036025
-360.1345012717127
-387.96595401801244
-359.7067375254561
-393.88490957116414
-393.89738169898027
-359.5048334922733
-374.58742478665965
-386.1576999230038
-402.91843718653104
-401.9419812031827
-432.4974258259445
-338.2422137886788
-349.4880513110196
-390.18311940712425
-364.5691779350698
-384.4829701059844
-377.46628376224544
-349.1193084857897
-425.9028153405991
-358.14986337800394
-377.22141230611055
-385.6898211061939
-354.431151188649
-387.1812622213172
-356.8369738749571
-399.47192405465273
-355.13126388234525
-371.9976374093379
-371.1299460663846
-408.06577557604305
-366.29662696996434
-358.2417286497485
-389.3940777511565
-436.8169073757208
-360.07718288057686
-397.8123012949412
-355.8999660216596
-368.29108106661164
-390.70230226207707
-404.80788025530444
-372.2061470839794
-414.9812655015704
-393.1940562051415
-352.5813041276572
-384.8006164137843
-358.75232718544817
-361.96610286570785
-369.3347881258427
-370.4173442992495
-407.4255104527674
-402.9703336672418
-398.5525980825689
-384.8975295780359
-360.1152768401545
-371.1889464669662
-364.39770000394014
-400.5954102245745
-347.9459329462436
-384.5185660227428
-363.3142447852946
-344.09535562454147
-378.14877045877824
-397.05684200275135
-368.97628289723474
-377.34780254281884
-409.7185265992855
-374.1239934086239
-374.3856255846274
-357.8985806613557
-330.4335379113093
-381.18369956352115
-388.781734530966
-338.32374372307316
-377.0255658290321
-406.4176541963253
-372.0789946344954
-354.8309035250733
-371.2427834965914
-349.7077034472206
-404.41986827675976
-373.12294993246894
-388.6761474874387
-394.500501470848
-361.2203726466494
-400.96210559463975
-408.93042485982437
-376.59232289118324
-360.70538931932174
-348.2866731570659
-344.1325164296622
-349.2432395729999
-374.2257422683408
-374.8418608157834
-421.34229310483903
-388.3398191513845
-402.75842952230636
-387.07550949186077
-393.93540009315325
-377.86911456479663
-368.89122399460587
-390.67449206799324
-372.9111072512692
-368.37046999777016
-356.7651236785955
-346.63633846040614
-382.34342407202723
-385.4848149762496
-374.1508776008168
-366.2050508813184
-370.019584669976
-367.2407607065908
-374.8447700503069
-368.1874631692512
-343.1477762205848
-394.6403678293303
-359.69402406206643
-428.74240198814175
-412.0335074841875
-356.11540363728386
-379.7262720445328
-345.87634570097794
-358.9069795955411
-383.91009691684684
