-9.237055564881302e-14
-9.237055564881302e-14
1.2079226507921703e-13
-1.7763568394002505e-14
-1.3855583347321954e-13
-1.1013412404281553e-13
-1.0302869668521453e-13
-8.348877145181177e-14
-7.815970093361102e-14
-1.0658141036401503e-13
5.684341886080802e-14
-6.039613253960852e-14
-4.973799150320701e-14
7.105427357601002e-15
-4.440892098500626e-14
1.3145040611561853e-13
2.3803181647963356e-13
-7.105427357601002e-15
2.8066438062523957e-13
-2.0605739337042905e-13
-1.6697754290362354e-13
6.750155989720952e-14
1.2789769243681803e-13
-3.197442310920451e-14
-4.618527782440651e-14
0.0
-1.9184653865522705e-13
-7.105427357601002e-14
-5.684341886080802e-14
-1.4210854715202004e-13
1.5631940186722204e-13
9.237055564881302e-14
-5.329070518200751e-15
-3.872457909892546e-13
-9.947598300641403e-14
-5.3290705182007514e-14
-1.5987211554602254e-13
-9.592326932761353e-14
1.0658141036401503e-14
1.509903313490213e-13
2.4158453015843406e-13
-2.362554596402333e-13
2.7000623958883807e-13
-4.263256414560601e-14
-3.304023721284466e-13
1.8474111129762605e-13
-2.1316282072803006e-13
-2.3803181647963356e-13
1.5631940186722204e-13
4.263256414560601e-14
-1.7053025658242404e-13
4.263256414560601e-14
7.105427357601002e-14
-7.993605777301127e-14
2.1316282072803006e-14
-2.842170943040401e-14
-1.0302869668521453e-13
2.113864638886298e-13
-7.815970093361102e-14
-1.0658141036401503e-14
7.460698725481052e-14
-1.8474111129762605e-13
1.8474111129762605e-13
-1.2789769243681803e-13
4.440892098500626e-14
2.5579538487363607e-13
1.6697754290362354e-13
8.881784197001252e-14
6.394884621840902e-14
4.973799150320701e-14
1.4210854715202004e-13
-7.283063041541027e-14
8.171241461241152e-14
-2.3092638912203256e-13
-1.4921397450962104e-13
1.4566126083082054e-13
2.0605739337042905e-13
-1.1723955140041653e-13
-3.197442310920451e-14
3.161915174132446e-13
2.0961010704922955e-13
3.055333763768431e-13
-1.4921397450962104e-13
-3.090860900556436e-13
-2.0250467969162855e-13
2.6645352591003757e-14
1.829647544582258e-13
-1.3500311979441904e-13
-8.171241461241152e-14
-5.684341886080802e-14
1.1013412404281553e-13
-1.5987211554602254e-13
1.3855583347321954e-13
4.973799150320701e-14
2.4158453015843406e-13
1.3500311979441904e-13
1.0125233984581428e-13
-3.694822225952521e-13
-2.0605739337042905e-13
-3.552713678800501e-15
-2.3092638912203256e-14
1.1368683772161603e-13
-6.217248937900877e-14
-1.2434497875801753e-14
2.6645352591003757e-14
-2.5579538487363607e-13
-1.0302869668521453e-13
-6.750155989720952e-14
3.552713678800501e-14
1.1013412404281553e-13
-1.5276668818842154e-13
-1.723066134218243e-13
1.4566126083082054e-13
4.263256414560601e-14
-1.4921397450962104e-13
1.794120407794253e-13
3.019806626980426e-14
7.460698725481052e-14
-4.263256414560601e-14
-1.9539925233402755e-13
-1.1723955140041653e-13
1.5987211554602254e-13
-2.2026824808563106e-13
1.0658141036401503e-13
-2.2026824808563106e-13
1.2434497875801753e-13
7.105427357601002e-15
1.7763568394002505e-14
-2.5224267119483557e-13
-9.947598300641403e-14
-4.263256414560601e-14
-1.4210854715202004e-14
3.375077994860476e-13
1.0302869668521453e-13
1.438849039914203e-13
-2.1316282072803006e-14
1.7763568394002505e-13
-2.7711166694643907e-13
-7.105427357601002e-14
-3.055333763768431e-13
-6.394884621840902e-14
4.263256414560601e-14
1.0658141036401503e-13
-1.0658141036401503e-13
-1.3677947663381929e-13
-1.7763568394002505e-14
-2.3447910280083306e-13
3.446132268436486e-13
5.3290705182007514e-14
7.105427357601002e-15
-2.859934511434403e-13
4.263256414560601e-14
2.842170943040401e-14
1.0302869668521453e-13
-2.3803181647963356e-13
1.7763568394002505e-14
-4.263256414560601e-14
-2.3092638912203256e-13
1.4033219031261979e-13
9.237055564881302e-14
-2.1316282072803006e-13
-4.050093593832571e-13
-1.1723955140041653e-13
-1.4566126083082054e-13
3.552713678800501e-15
2.362554596402333e-13
2.4158453015843406e-13
-1.0658141036401503e-13
-1.5987211554602254e-13
-3.197442310920451e-14
-3.304023721284466e-13
3.552713678800501e-14
6.039613253960852e-14
-7.460698725481052e-14
-6.394884621840902e-14
2.504663143554353e-13
2.0961010704922955e-13
-2.0961010704922955e-13
-7.105427357601002e-15
-7.105427357601002e-14
2.0961010704922955e-13
8.881784197001252e-14
1.1368683772161603e-13
7.105427357601002e-15
-3.552713678800501e-14
-2.7355895326763857e-13
1.2789769243681803e-13
3.197442310920451e-14
3.552713678800501e-14
-1.0302869668521453e-13
-7.638334409421077e-14
2.0961010704922955e-13
-1.0658141036401503e-14
6.750155989720952e-14
-8.881784197001252e-14
-7.105427357601002e-14
-4.263256414560601e-14
4.263256414560601e-14
-8.881784197001252e-14
-1.8474111129762605e-13
-2.291500322826323e-13
1.0480505352461478e-13
-6.039613253960852e-14
-1.2434497875801753e-13
1.0658141036401503e-13
1.9895196601282805e-13
-6.217248937900877e-14
1.7763568394002505e-15
2.4868995751603507e-14
3.552713678800501e-15
1.8474111129762605e-13
-9.237055564881302e-14
1.8829382497642655e-13
-1.474376176702208e-13
3.552713678800501e-15
-6.394884621840902e-14
-1.9895196601282805e-13
3.055333763768431e-13
-5.684341886080802e-14
-9.592326932761353e-14
-5.3290705182007514e-14
2.7000623958883807e-13
2.7000623958883807e-13
-8.526512829121202e-14
1.4921397450962104e-13
2.842170943040401e-14
9.592326932761353e-14
2.0605739337042905e-13
8.526512829121202e-14
-1.5987211554602254e-14
1.0658141036401503e-13
-2.1316282072803006e-14
3.907985046680551e-14
4.263256414560601e-14
5.329070518200751e-15
3.907985046680551e-14
-3.552713678800501e-14
-1.5987211554602254e-13
-7.815970093361102e-14
4.618527782440651e-14
-7.105427357601002e-14
3.1441516057384433e-13
7.105427357601002e-14
-1.5631940186722204e-13
-2.5934809855243657e-13
-2.0961010704922955e-13
-4.263256414560601e-14
-2.4513724383723456e-13
2.4868995751603507e-14
3.375077994860476e-14
0.0
-6.039613253960852e-14
2.4868995751603507e-14
1.9539925233402755e-13
-3.907985046680551e-14
-1.4921397450962104e-13
7.815970093361102e-14
1.2079226507921703e-13
6.039613253960852e-14
1.3855583347321954e-13
4.973799150320701e-14
1.3500311979441904e-13
-9.592326932761353e-14
-1.8474111129762605e-13
3.552713678800501e-15
1.8474111129762605e-13
2.1671553440683056e-13
-9.947598300641403e-14
-1.4921397450962104e-13
-1.4921397450962104e-13
4.973799150320701e-14
1.7763568394002505e-14
-8.881784197001252e-14
1.4210854715202004e-14
1.4921397450962104e-13
8.171241461241152e-14
-5.329070518200751e-15
4.973799150320701e-14
1.1013412404281553e-13
4.618527782440651e-14
-3.907985046680551e-14
-1.9539925233402755e-14
8.171241461241152e-14
-1.1191048088221578e-13
-1.2434497875801753e-13
-7.638334409421077e-14
-9.947598300641403e-14
-1.9184653865522705e-13
5.684341886080802e-14
1.1723955140041653e-13
-2.1316282072803006e-14
5.861977570020827e-14
1.7763568394002505e-14
-2.469136006766348e-13
-1.7763568394002505e-14
1.8474111129762605e-13
8.881784197001252e-14
-1.1013412404281553e-13
1.7763568394002505e-14
1.0658141036401503e-13
9.947598300641403e-14
6.394884621840902e-14
-3.197442310920451e-14
-1.0302869668521453e-13
1.6342482922482304e-13
-1.0302869668521453e-13
-1.5631940186722204e-13
2.1671553440683056e-13
-2.3447910280083306e-13
-5.950795411990839e-14
1.1723955140041653e-13
6.750155989720952e-14
-4.618527782440651e-14
3.197442310920451e-14
-4.618527782440651e-14
-3.019806626980426e-14
1.8474111129762605e-13
2.913225216616411e-13
1.2079226507921703e-13
2.149391775674303e-13
1.8829382497642655e-13
2.4158453015843406e-13
6.750155989720952e-14
-8.526512829121202e-14
7.815970093361102e-14
-4.618527782440651e-14
9.592326932761353e-14
-1.1723955140041653e-13
4.618527782440651e-14
-1.1191048088221578e-13
-1.0658141036401503e-13
-5.3290705182007514e-14
-2.2737367544323206e-13
2.3447910280083306e-13
1.7763568394002505e-14
1.5276668818842154e-13
2.8066438062523957e-13
-8.171241461241152e-14
5.3290705182007514e-14
-9.947598300641403e-14
-8.526512829121202e-14
7.815970093361102e-14
-6.750155989720952e-14
7.105427357601002e-15
-7.815970093361102e-14
-5.861977570020827e-14
1.6697754290362354e-13
2.7711166694643907e-13
1.5987211554602254e-13
-1.4210854715202004e-14
1.6342482922482304e-13
-2.1671553440683056e-13
-9.592326932761353e-14
3.552713678800501e-14
-2.3092638912203256e-13
-2.7355895326763857e-13
-1.5987211554602254e-13
-1.5987211554602254e-14
1.0302869668521453e-13
-2.2382096176443156e-13
-2.1316282072803006e-14
-4.654054919228656e-13
-4.973799150320701e-14
-1.4921397450962104e-13
-1.5987211554602254e-13
-1.0658141036401503e-14
1.0658141036401503e-14
-1.0658141036401503e-14
1.8474111129762605e-13
6.394884621840902e-14
-1.509903313490213e-13
2.0605739337042905e-13
-6.394884621840902e-14
7.460698725481052e-14
3.730349362740526e-14
-7.993605777301127e-14
-3.055333763768431e-13
5.3290705182007514e-14
-8.171241461241152e-14
-1.0658141036401503e-14
-1.0658141036401503e-14
1.2434497875801753e-13
-6.039613253960852e-14
2.3092638912203256e-14
-2.327027459614328e-13
-6.750155989720952e-14
-2.7000623958883807e-13
1.4921397450962104e-13
9.947598300641403e-14
1.4210854715202004e-13
-2.6645352591003757e-13
9.947598300641403e-14
-1.8829382497642655e-13
-3.552713678800501e-14
-2.149391775674303e-13
1.4210854715202004e-14
3.410605131648481e-13
-8.526512829121202e-14
1.8474111129762605e-13
-1.3145040611561853e-13
-5.5067062021407764e-14
8.526512829121202e-14
7.105427357601002e-15
2.5224267119483557e-13
-1.3855583347321954e-13
1.1723955140041653e-13
-1.0658141036401503e-14
8.171241461241152e-14
-1.6342482922482304e-13
4.618527782440651e-14
1.2434497875801753e-13
-1.1723955140041653e-13
2.2737367544323206e-13
7.105427357601002e-15
-1.1368683772161603e-13
1.1368683772161603e-13
5.684341886080802e-14
4.618527782440651e-14
5.3290705182007514e-14
-3.552713678800501e-15
-1.7408297026122455e-13
-4.618527782440651e-14
-1.0658141036401503e-13
-1.4210854715202004e-14
-3.552713678800501e-15
4.973799150320701e-14
1.1013412404281553e-13
-3.907985046680551e-14
-3.588240815588506e-13
4.440892098500626e-14
0.0
-4.263256414560601e-14
-1.0302869668521453e-13
6.750155989720952e-14
-9.237055564881302e-14
1.0302869668521453e-13
9.947598300641403e-14
-8.171241461241152e-14
-9.237055564881302e-14
5.329070518200751e-15
1.9539925233402755e-14
1.0658141036401503e-14
-1.7763568394002505e-14
-2.913225216616411e-13
-4.973799150320701e-14
-1.0658141036401503e-13
-3.552713678800501e-15
-1.7763568394002505e-14
-1.4921397450962104e-13
-3.907985046680551e-14
2.6645352591003757e-15
-1.5631940186722204e-13
-1.7053025658242404e-13
1.8829382497642655e-13
-2.842170943040401e-14
-6.927791673660977e-14
-1.7763568394002505e-14
1.9539925233402755e-13
-1.900701818158268e-13
-1.6697754290362354e-13
1.1368683772161603e-13
1.0658141036401503e-13
1.2789769243681803e-13
-4.334310688136611e-13
-2.7355895326763857e-13
-1.4566126083082054e-13
6.217248937900877e-14
6.394884621840902e-14
1.794120407794253e-13
9.592326932761353e-14
4.440892098500626e-14
8.171241461241152e-14
-9.592326932761353e-14
-1.3855583347321954e-13
9.947598300641403e-14
3.161915174132446e-13
-1.7763568394002505e-14
-1.5276668818842154e-13
-3.907985046680551e-14
9.592326932761353e-14
2.7000623958883807e-13
1.7763568394002505e-13
2.3092638912203256e-13
6.927791673660977e-14
-2.6645352591003757e-13
-2.7355895326763857e-13
-3.197442310920451e-14
1.7053025658242404e-13
-4.618527782440651e-14
-1.4210854715202004e-13
-8.526512829121202e-14
3.126388037344441e-13
1.3500311979441904e-13
5.3290705182007514e-14
-1.7408297026122455e-13
-1.7408297026122455e-13
-1.5276668818842154e-13
-6.039613253960852e-14
7.460698725481052e-14
6.750155989720952e-14
-4.263256414560601e-14
7.815970093361102e-14
3.552713678800501e-15
1.4210854715202004e-13
-7.105427357601002e-15
-1.8118839761882555e-13
3.730349362740526e-14
1.0302869668521453e-13
-4.618527782440651e-14
-1.7053025658242404e-13
1.4921397450962104e-13
-1.5987211554602254e-13
-1.5987211554602254e-14
3.4638958368304884e-14
3.0375701953744283e-13
-1.2434497875801753e-13
2.1316282072803006e-14
-9.237055564881302e-14
6.039613253960852e-14
1.1191048088221578e-13
-1.7408297026122455e-13
1.0302869668521453e-13
1.5631940186722204e-13
1.7763568394002505e-14
1.2079226507921703e-13
-7.993605777301127e-14
-4.263256414560601e-14
8.171241461241152e-14
-1.3677947663381929e-13
5.3290705182007514e-14
-2.4868995751603507e-14
-2.4868995751603507e-14
8.704148513061227e-14
1.5631940186722204e-13
-3.126388037344441e-13
1.4566126083082054e-13
1.7763568394002505e-14
-4.796163466380676e-14
-5.684341886080802e-14
2.5224267119483557e-13
1.7763568394002505e-13
1.7408297026122455e-13
2.1316282072803006e-14
1.4210854715202004e-13
-2.7711166694643907e-13
-1.0658141036401503e-14
1.2434497875801753e-14
-7.460698725481052e-14
3.197442310920451e-14
-1.2434497875801753e-14
-1.4566126083082054e-13
2.7000623958883807e-13
3.836930773104541e-13
-1.9184653865522705e-13
9.237055564881302e-14
8.881784197001252e-14
-2.1316282072803006e-14
-1.5987211554602254e-13
1.4566126083082054e-13
1.1013412404281553e-13
2.1316282072803006e-13
1.3855583347321954e-13
0.0
2.291500322826323e-13
-2.5224267119483557e-13
5.861977570020827e-14
4.263256414560601e-14
2.6290081223123707e-13
7.105427357601002e-15
3.552713678800501e-14
2.984279490192421e-13
6.394884621840902e-14
3.197442310920451e-14
1.0302869668521453e-13
-4.440892098500626e-14
-1.1723955140041653e-13
6.217248937900877e-14
5.151434834260726e-13
3.197442310920451e-14
-1.1368683772161603e-13
2.1671553440683056e-13
1.9184653865522705e-13
1.7763568394002505e-15
-1.616484723854228e-13
-3.410605131648481e-13
1.9184653865522705e-13
-3.197442310920451e-14
-2.3447910280083306e-13
2.842170943040401e-14
-2.318145675417327e-13
2.1316282072803006e-13
-8.526512829121202e-14
-4.618527782440651e-14
1.6697754290362354e-13
-1.3855583347321954e-13
-2.2026824808563106e-13
7.105427357601002e-15
2.2026824808563106e-13
7.105427357601002e-15
-1.2079226507921703e-13
-9.237055564881302e-14
-2.0961010704922955e-13
-4.263256414560601e-14
-2.4868995751603507e-14
-2.6290081223123707e-13
1.4566126083082054e-13
1.2789769243681803e-13
6.039613253960852e-14
-3.126388037344441e-13
2.6645352591003757e-14
-1.6342482922482304e-13
-4.618527782440651e-14
-3.907985046680551e-14
-7.460698725481052e-14
4.973799150320701e-14
-1.5987211554602254e-13
-1.2789769243681803e-13
-2.4868995751603507e-14
3.552713678800501e-14
3.907985046680551e-13
-1.6697754290362354e-13
-3.019806626980426e-14
-7.993605777301127e-14
2.255973186038318e-13
9.592326932761353e-14
4.689582056016661e-13
1.3855583347321954e-13
-2.7000623958883807e-13
3.907985046680551e-14
1.5987211554602254e-13
1.7053025658242404e-13
1.616484723854228e-13
1.0658141036401503e-14
1.8474111129762605e-13
-4.263256414560601e-14
-2.842170943040401e-14
1.7408297026122455e-13
9.592326932761353e-14
2.842170943040401e-14
8.881784197001252e-14
-4.618527782440651e-14
-2.0961010704922955e-13
-2.2737367544323206e-13
8.171241461241152e-14
0.0
-3.481659405224491e-13
1.1368683772161603e-13
-2.9665159217984183e-13
3.979039320256561e-13
-1.1723955140041653e-13
3.161915174132446e-13
-1.0835776720341528e-13
5.1514348342607263e-14
9.947598300641403e-14
2.948752353404416e-13
-1.1723955140041653e-13
-1.4921397450962104e-13
2.2737367544323206e-13
-3.2507330161024584e-13
-1.0835776720341528e-13
1.5631940186722204e-13
-1.9539925233402755e-13
-1.2789769243681803e-13
-9.947598300641403e-14
-3.197442310920451e-14
2.3803181647963356e-13
-1.8474111129762605e-13
1.2789769243681803e-13
3.197442310920451e-14
-3.268496584496461e-13
-4.618527782440651e-14
-1.4566126083082054e-13
-3.019806626980426e-13
-4.440892098500626e-14
1.2434497875801753e-13
1.5987211554602254e-13
2.842170943040401e-14
-1.2079226507921703e-13
2.4868995751603507e-14
-1.9539925233402755e-13
2.327027459614328e-13
2.113864638886298e-13
1.5631940186722204e-13
1.3855583347321954e-13
-2.007283228522283e-13
-1.2434497875801753e-13
1.7763568394002505e-14
-2.327027459614328e-13
1.8118839761882555e-13
-2.4868995751603507e-14
4.405364961712621e-13
-2.1671553440683056e-13
1.687538997430238e-13
2.1316282072803006e-14
-1.4210854715202004e-13
-1.4921397450962104e-13
7.993605777301127e-14
-3.019806626980426e-13
-2.1316282072803006e-14
-1.9184653865522705e-13
-9.947598300641403e-14
1.1723955140041653e-13
-4.440892098500626e-14
9.237055564881302e-14
4.973799150320701e-14
-7.105427357601002e-14
-2.4158453015843406e-13
-1.4210854715202004e-14
-3.907985046680551e-14
4.156675004196586e-13
2.7000623958883807e-13
2.842170943040401e-14
-1.1191048088221578e-13
2.0250467969162855e-13
-2.3803181647963356e-13
1.1368683772161603e-13
-1.4566126083082054e-13
-1.3145040611561853e-13
1.9539925233402755e-13
-3.907985046680551e-14
1.5987211554602254e-13
1.4921397450962104e-13
-7.105427357601002e-15
3.552713678800501e-15
0.0
-1.900701818158268e-13
3.552713678800501e-15
-1.1723955140041653e-13
-2.4868995751603507e-14
2.948752353404416e-13
-8.881784197001252e-14
-2.948752353404416e-13
6.394884621840902e-14
-3.232969447708456e-13
1.6342482922482304e-13
-1.2079226507921703e-13
2.4868995751603507e-14
-5.5067062021407764e-14
4.902744876744691e-13
2.4868995751603507e-14
-4.973799150320701e-14
2.220446049250313e-13
3.197442310920451e-14
-1.9895196601282805e-13
6.750155989720952e-14
5.542233338928781e-13
1.1013412404281553e-13
1.7763568394002505e-14
2.3092638912203256e-13
4.831690603168681e-13
9.769962616701378e-14
-3.730349362740526e-14
-4.618527782440651e-14
2.1671553440683056e-13
-5.684341886080802e-14
1.4921397450962104e-13
2.0605739337042905e-13
1.2612133559741778e-13
-1.0658141036401503e-14
0.0
-3.694822225952521e-13
-1.0302869668521453e-13
3.872457909892546e-13
-1.0658141036401503e-13
-2.220446049250313e-13
2.575717417130363e-13
4.050093593832571e-13
-1.4210854715202004e-13
3.481659405224491e-13
1.8829382497642655e-13
-7.460698725481052e-14
8.171241461241152e-14
-1.0658141036401503e-13
3.268496584496461e-13
9.947598300641403e-14
-1.0658141036401503e-13
4.263256414560601e-14
-1.7763568394002505e-14
-2.3092638912203256e-13
-3.552713678800501e-15
-1.5631940186722204e-13
2.4868995751603507e-14
3.694822225952521e-13
-3.623767952376511e-13
-1.3145040611561853e-13
-3.765876499528531e-13
1.4210854715202004e-14
-5.506706202140776e-13
1.758593271006248e-13
-7.105427357601002e-15
1.829647544582258e-13
-1.0658141036401503e-14
1.4921397450962104e-13
-1.7763568394002505e-14
2.362554596402333e-13
2.1316282072803006e-13
-3.4994229736184934e-13
2.6645352591003757e-13
-9.947598300641403e-14
-1.4921397450962104e-13
-3.481659405224491e-13
4.369837824924616e-13
1.3500311979441904e-13
2.842170943040401e-14
4.618527782440651e-13
1.2789769243681803e-13
-6.394884621840902e-14
3.552713678800501e-14
3.8902214782865485e-13
-1.6342482922482304e-13
-1.5276668818842154e-13
1.0480505352461478e-13
9.237055564881302e-14
1.2079226507921703e-13
-6.217248937900877e-14
8.171241461241152e-14
2.788880237858393e-13
-1.8829382497642655e-13
3.055333763768431e-13
-4.014566457044566e-13
-1.0658141036401503e-13
8.526512829121202e-14
-9.947598300641403e-14
-2.2737367544323206e-13
-4.440892098500626e-14
1.8474111129762605e-13
1.3145040611561853e-13
-1.9539925233402755e-14
1.1191048088221578e-13
-3.907985046680551e-14
-3.588240815588506e-13
-3.979039320256561e-13
-8.171241461241152e-14
1.2434497875801753e-13
2.220446049250313e-13
-1.3855583347321954e-13
2.8954616482224083e-13
-9.592326932761353e-14
-1.438849039914203e-13
-3.304023721284466e-13
3.446132268436486e-13
3.907985046680551e-14
-1.7408297026122455e-13
9.947598300641403e-14
5.897504706808832e-13
-2.4158453015843406e-13
-2.0605739337042905e-13
8.526512829121202e-14
3.872457909892546e-13
1.7053025658242404e-13
-1.545430450278218e-13
-1.4210854715202004e-13
2.7000623958883807e-13
1.2079226507921703e-13
-1.3855583347321954e-13
9.592326932761353e-14
2.1316282072803006e-13
-1.5987211554602254e-13
-1.5987211554602254e-13
-4.263256414560601e-14
-3.375077994860476e-13
1.9895196601282805e-13
1.7408297026122455e-13
2.682298827494378e-13
-5.684341886080802e-14
-2.4158453015843406e-13
2.4868995751603507e-14
-4.618527782440651e-14
-2.007283228522283e-13
-4.618527782440651e-14
-1.1723955140041653e-13
-3.552713678800501e-14
3.552713678800501e-14
-7.105427357601002e-14
-1.5987211554602254e-13
8.171241461241152e-14
-1.6697754290362354e-13
-1.1013412404281553e-13
-1.8118839761882555e-13
-5.222489107836736e-13
7.105427357601002e-14
-7.105427357601002e-14
-3.979039320256561e-13
5.684341886080802e-14
3.019806626980426e-13
3.019806626980426e-13
7.815970093361102e-14
4.654054919228656e-13
-3.552713678800501e-15
-2.913225216616411e-13
1.3855583347321954e-13
-1.8474111129762605e-13
1.5276668818842154e-13
1.4210854715202004e-14
-2.7711166694643907e-13
-4.263256414560601e-14
-2.3447910280083306e-13
-3.765876499528531e-13
-1.0302869668521453e-13
-2.842170943040401e-14
-1.1368683772161603e-13
3.552713678800501e-15
3.872457909892546e-13
-2.1316282072803006e-13
2.2026824808563106e-13
-3.268496584496461e-13
1.936228954946273e-13
4.369837824924616e-13
1.5987211554602254e-13
-5.080380560684716e-13
2.842170943040401e-14
-7.815970093361102e-14
3.907985046680551e-14
-3.517186542012496e-13
1.2434497875801753e-13
-2.291500322826323e-13
-1.7763568394002505e-13
9.237055564881302e-14
-1.1368683772161603e-13
-4.050093593832571e-13
2.0250467969162855e-13
1.5987211554602254e-13
-2.3447910280083306e-13
-1.7763568394002505e-14
3.197442310920451e-14
1.2079226507921703e-13
-3.588240815588506e-13
-3.268496584496461e-13
2.8421709430404007e-13
-2.362554596402333e-13
-3.801403636316536e-13
-1.4566126083082054e-13
-1.4566126083082054e-13
3.090860900556436e-13
-1.270095140171179e-13
-3.552713678800501e-15
5.719869022868806e-13
3.410605131648481e-13
-9.592326932761353e-14
-1.9184653865522705e-13
-4.618527782440651e-14
-3.019806626980426e-13
4.796163466380676e-13
-8.526512829121202e-14
1.0302869668521453e-13
-3.872457909892546e-13
-2.753353101070388e-13
-4.298783551348606e-13
1.8474111129762605e-13
2.4513724383723456e-13
-5.684341886080802e-14
-1.545430450278218e-13
-9.592326932761353e-14
5.258016244624741e-13
-4.369837824924616e-13
-2.1316282072803006e-13
-3.907985046680551e-13
-5.400124791776761e-13
1.509903313490213e-13
-7.815970093361102e-14
7.105427357601002e-15
-6.039613253960852e-14
-1.7763568394002505e-14
-6.146194664324867e-13
-4.192202140984591e-13
2.2737367544323206e-13
-3.694822225952521e-13
-3.375077994860476e-13
3.552713678800501e-13
1.1013412404281553e-13
-2.842170943040401e-14
1.4921397450962104e-13
4.014566457044566e-13
-2.504663143554353e-13
-3.872457909892546e-13
0.0
-6.359357485052897e-13
8.526512829121202e-14
1.1368683772161603e-13
6.004086117172847e-13
-4.547473508864641e-13
3.197442310920451e-13
-2.7000623958883807e-13
-1.829647544582258e-13
-7.105427357601002e-14
1.8829382497642655e-13
4.618527782440651e-13
-2.5224267119483557e-13
2.5224267119483557e-13
-2.1671553440683056e-13
-3.055333763768431e-13
5.417888360170764e-13
8.881784197001252e-14
-6.394884621840902e-14
1.1013412404281553e-13
2.6290081223123707e-13
-3.765876499528531e-13
1.5276668818842154e-13
9.592326932761353e-14
-1.0658141036401503e-14
-9.769962616701378e-14
-7.105427357601002e-15
-4.121147867408581e-13
-1.7763568394002505e-14
2.2026824808563106e-13
-7.815970093361102e-14
1.8740564655672642e-13
1.1013412404281553e-13
3.339550858072471e-13
6.821210263296962e-13
-5.684341886080802e-14
5.400124791776761e-13
-1.2434497875801753e-13
-3.659295089164516e-13
1.6364687382974807e-13
-5.861977570020827e-14
2.291500322826323e-13
1.5276668818842154e-13
4.867217739956686e-13
2.1671553440683056e-13
5.080380560684716e-13
5.044853423896711e-13
-7.105427357601002e-15
4.085620730620576e-14
-4.796163466380676e-13
-1.4210854715202004e-14
-1.7763568394002505e-13
-4.973799150320701e-13
6.394884621840902e-14
1.4210854715202004e-14
-4.440892098500626e-14
-2.4868995751603507e-14
-3.979039320256561e-13
1.9539925233402755e-13
1.8829382497642655e-13
9.947598300641403e-14
3.339550858072471e-13
5.542233338928781e-13
-5.3290705182007514e-14
4.618527782440651e-14
5.684341886080802e-14
-1.7763568394002505e-14
2.8066438062523957e-13
-3.730349362740526e-14
1.8474111129762605e-13
1.6697754290362354e-13
-1.2789769243681803e-13
3.481659405224491e-13
2.1316282072803006e-13
-1.758593271006248e-13
-3.730349362740526e-13
9.414691248821327e-14
7.815970093361102e-14
9.059419880941277e-14
-1.4210854715202004e-13
2.5579538487363607e-13
-6.750155989720952e-14
4.085620730620576e-14
-8.881784197001252e-14
1.0658141036401503e-14
-2.575717417130363e-13
4.263256414560601e-14
-1.4210854715202004e-14
1.3855583347321954e-13
2.913225216616411e-13
7.105427357601002e-14
2.184918912462308e-13
-1.0658141036401503e-14
-1.4210854715202004e-13
-3.055333763768431e-13
-3.019806626980426e-13
-2.1316282072803006e-14
2.2382096176443156e-13
-7.105427357601002e-15
-2.1316282072803006e-14
8.881784197001252e-14
-2.1316282072803006e-14
3.019806626980426e-13
-9.592326932761353e-14
1.3855583347321954e-13
-3.5438318946034997e-13
3.446132268436486e-13
3.552713678800501e-15
-5.231370892033738e-13
-1.6342482922482304e-13
1.1368683772161603e-13
-1.0658141036401503e-13
4.085620730620576e-13
2.824407374646398e-13
1.0658141036401503e-14
6.750155989720952e-14
-1.865174681370263e-13
3.019806626980426e-13
8.348877145181177e-14
1.7763568394002505e-13
1.9539925233402755e-13
2.1671553440683056e-13
3.659295089164516e-13
1.7053025658242404e-13
1.2612133559741778e-13
1.2789769243681803e-13
-1.4921397450962104e-13
-2.2382096176443156e-13
0.0
2.5934809855243657e-13
0.0
-8.704148513061227e-14
1.0658141036401503e-13
2.1671553440683056e-13
-2.8066438062523957e-13
7.105427357601002e-15
-5.1514348342607263e-14
-1.5631940186722204e-13
-1.4921397450962104e-13
-4.973799150320701e-14
1.4210854715202004e-14
2.842170943040401e-14
-5.3290705182007514e-14
-1.9184653865522705e-13
-8.881784197001252e-15
1.9184653865522705e-13
1.1723955140041653e-13
3.552713678800501e-15
-3.304023721284466e-13
-8.171241461241152e-14
-9.947598300641403e-14
2.078337502098293e-13
-2.7000623958883807e-13
4.618527782440651e-14
-4.973799150320701e-14
1.6697754290362354e-13
-3.090860900556436e-13
-1.9539925233402755e-13
1.900701818158268e-13
1.0658141036401503e-14
-2.2382096176443156e-13
-2.5579538487363607e-13
-3.055333763768431e-13
-2.2737367544323206e-13
-1.0835776720341528e-13
6.750155989720952e-14
8.526512829121202e-14
-6.394884621840902e-14
-1.3500311979441904e-13
-1.4210854715202004e-14
3.552713678800501e-15
-1.6342482922482304e-13
-7.638334409421077e-14
-3.552713678800501e-15
1.9184653865522705e-13
1.1901590823981678e-13
2.3092638912203256e-13
-9.592326932761353e-14
-1.0835776720341528e-13
1.4210854715202004e-14
-1.0658141036401503e-13
-1.4210854715202004e-14
-2.5934809855243657e-13
2.948752353404416e-13
1.4210854715202004e-13
1.3500311979441904e-13
-6.750155989720952e-14
-3.552713678800501e-15
1.5631940186722204e-13
2.7355895326763857e-13
-1.971756091734278e-13
2.4868995751603507e-14
-2.0961010704922955e-13
2.1316282072803006e-14
2.4868995751603507e-14
2.1316282072803006e-13
-1.7763568394002505e-14
-1.2079226507921703e-13
-1.3145040611561853e-13
-2.2382096176443156e-13
5.3290705182007514e-14
8.881784197001252e-14
6.039613253960852e-14
2.842170943040401e-14
8.704148513061227e-14
6.394884621840902e-14
-1.4210854715202004e-14
-2.3447910280083306e-13
6.039613253960852e-14
-2.3803181647963356e-13
-1.2256862191861728e-13
-1.4210854715202004e-14
4.263256414560601e-14
8.526512829121202e-14
-3.552713678800501e-14
-8.348877145181177e-14
5.329070518200751e-15
1.5631940186722204e-13
7.815970093361102e-14
-3.907985046680551e-14
4.796163466380676e-14
2.842170943040401e-14
-5.3290705182007514e-14
8.171241461241152e-14
-1.5631940186722204e-13
1.4210854715202004e-14
1.829647544582258e-13
-4.263256414560601e-14
9.947598300641403e-14
2.0605739337042905e-13
1.6342482922482304e-13
1.4210854715202004e-14
1.3855583347321954e-13
-3.0730973321624333e-13
2.1316282072803006e-14
-1.5276668818842154e-13
1.9184653865522705e-13
1.2789769243681803e-13
1.1546319456101628e-13
2.842170943040401e-14
-7.815970093361102e-14
6.039613253960852e-14
-1.0125233984581428e-13
-1.3855583347321954e-13
5.5067062021407764e-14
5.3290705182007514e-14
1.5276668818842154e-13
-1.4210854715202004e-14
-3.907985046680551e-14
-1.7763568394002505e-14
8.526512829121202e-14
1.1546319456101628e-13
-1.7408297026122455e-13
-2.1316282072803006e-13
9.237055564881302e-14
2.3092638912203256e-13
6.927791673660977e-14
-1.3855583347321954e-13
-3.552713678800501e-14
-1.1901590823981678e-13
-2.2382096176443156e-13
1.3855583347321954e-13
4.263256414560601e-14
-1.3145040611561853e-13
-8.171241461241152e-14
-2.2026824808563106e-13
1.9895196601282805e-13
-7.993605777301127e-14
-2.4868995751603507e-14
4.973799150320701e-14
7.37188088351104e-14
2.2026824808563106e-13
-2.5224267119483557e-13
-6.750155989720952e-14
1.4921397450962104e-13
-5.3290705182007514e-14
-2.4868995751603507e-14
-1.9539925233402755e-13
-8.526512829121202e-14
3.197442310920451e-14
-1.0302869668521453e-13
-1.3500311979441904e-13
-1.0658141036401503e-14
-7.105427357601002e-15
1.3855583347321954e-13
1.6342482922482304e-13
-1.6342482922482304e-13
-8.881784197001252e-14
9.592326932761353e-14
1.4210854715202004e-14
9.592326932761353e-14
9.947598300641403e-14
5.684341886080802e-14
-2.0250467969162855e-13
-2.0961010704922955e-13
-3.552713678800501e-15
-7.815970093361102e-14
2.5934809855243657e-13
-2.6290081223123707e-13
-8.881784197001252e-14
9.769962616701378e-14
-9.592326932761353e-14
1.4566126083082054e-13
7.460698725481052e-14
-3.197442310920451e-14
-2.0961010704922955e-13
3.197442310920451e-14
1.1191048088221578e-13
7.105427357601002e-15
8.526512829121202e-14
-2.4868995751603507e-14
-1.9895196601282805e-13
-1.9184653865522705e-13
-1.3500311979441904e-13
-3.552713678800501e-15
-1.3500311979441904e-13
-1.9184653865522705e-13
2.0250467969162855e-13
-6.750155989720952e-14
-1.7541523789077473e-13
-7.105427357601002e-14
-1.6342482922482304e-13
1.4921397450962104e-13
-2.2026824808563106e-13
-8.881784197001252e-14
2.5224267119483557e-13
5.684341886080802e-14
-8.526512829121202e-14
1.9895196601282805e-13
-1.936228954946273e-13
6.217248937900877e-14
-1.8118839761882555e-13
-8.970602038971265e-14
-2.2382096176443156e-13
-9.947598300641403e-14
-1.4210854715202004e-14
-2.540190280342358e-13
-7.105427357601002e-14
8.881784197001252e-14
-1.580957587066223e-13
8.348877145181177e-14
1.0658141036401503e-14
2.2026824808563106e-13
5.684341886080802e-14
-1.971756091734278e-13
-4.973799150320701e-14
4.973799150320701e-14
-4.263256414560601e-14
-1.9895196601282805e-13
-2.842170943040401e-14
1.4210854715202004e-14
-1.6697754290362354e-13
1.5987211554602254e-14
5.3290705182007514e-14
-2.842170943040401e-14
-2.4868995751603507e-14
-1.3855583347321954e-13
-1.5276668818842154e-13
-3.410605131648481e-13
3.055333763768431e-13
1.0658141036401503e-13
7.105427357601002e-14
9.947598300641403e-14
1.829647544582258e-13
-1.5276668818842154e-13
9.947598300641403e-14
-1.9895196601282805e-13
-1.7408297026122455e-13
2.078337502098293e-13
-1.0658141036401503e-14
-2.4513724383723456e-13
-1.5987211554602254e-13
-1.4921397450962104e-13
4.085620730620576e-14
7.993605777301127e-14
3.019806626980426e-14
1.0302869668521453e-13
1.8829382497642655e-13
1.0835776720341528e-13
8.526512829121202e-14
1.8829382497642655e-13
6.394884621840902e-14
-4.618527782440651e-14
-1.4210854715202004e-13
0.0
-8.881784197001252e-14
-1.2079226507921703e-13
6.394884621840902e-14
8.171241461241152e-14
6.394884621840902e-14
1.4210854715202004e-14
2.2382096176443156e-13
1.1013412404281553e-13
-1.1013412404281553e-13
0.0
7.460698725481052e-14
-1.4210854715202004e-13
-1.2434497875801753e-13
1.2612133559741778e-13
2.327027459614328e-13
-1.580957587066223e-13
-1.0480505352461478e-13
-3.552713678800501e-15
6.039613253960852e-14
-3.232969447708456e-13
4.973799150320701e-14
-6.039613253960852e-14
1.3500311979441904e-13
2.1671553440683056e-13
3.552713678800501e-14
2.6645352591003757e-13
7.460698725481052e-14
3.907985046680551e-14
-1.4566126083082054e-13
6.039613253960852e-14
-1.3500311979441904e-13
-6.039613253960852e-14
-3.552713678800501e-14
1.6697754290362354e-13
2.2737367544323206e-13
-1.0125233984581428e-13
-9.947598300641403e-14
2.7355895326763857e-13
2.7355895326763857e-13
-2.6645352591003757e-13
-1.8118839761882555e-13
6.039613253960852e-14
7.815970093361102e-14
-1.0658141036401503e-13
1.0658141036401503e-14
-1.1368683772161603e-13
-8.526512829121202e-14
1.9539925233402755e-13
7.460698725481052e-14
2.3092638912203256e-13
8.171241461241152e-14
-1.8474111129762605e-13
2.1316282072803006e-14
6.394884621840902e-14
5.950795411990839e-14
-5.3290705182007514e-14
-3.552713678800501e-14
-1.0302869668521453e-13
6.394884621840902e-14
2.3803181647963356e-13
-4.263256414560601e-14
-6.394884621840902e-14
-3.907985046680551e-14
3.552713678800501e-15
9.237055564881302e-14
7.815970093361102e-14
1.6697754290362354e-13
4.796163466380676e-14
2.2382096176443156e-13
1.7763568394002505e-14
-1.438849039914203e-13
-7.105427357601002e-15
-2.1316282072803006e-14
1.7408297026122455e-13
1.2434497875801753e-13
7.460698725481052e-14
3.552713678800501e-14
-2.913225216616411e-13
-1.1013412404281553e-13
1.1013412404281553e-13
1.8829382497642655e-13
7.815970093361102e-14
2.1316282072803006e-14
-3.197442310920451e-14
1.1013412404281553e-13
9.947598300641403e-14
-1.5987211554602254e-13
2.6645352591003757e-14
-9.237055564881302e-14
-1.9184653865522705e-13
9.592326932761353e-14
-1.0480505352461478e-13
-1.509903313490213e-13
9.237055564881302e-14
2.3803181647963356e-13
-3.019806626980426e-14
1.1723955140041653e-13
1.0658141036401503e-13
-2.220446049250313e-13
-7.815970093361102e-14
6.039613253960852e-14
-1.6342482922482304e-13
1.4566126083082054e-13
-1.3855583347321954e-13
7.105427357601002e-14
-9.947598300641403e-14
2.5224267119483557e-13
-5.684341886080802e-14
-2.4868995751603507e-14
2.3092638912203256e-14
-1.7763568394002505e-14
1.2434497875801753e-13
4.263256414560601e-14
-8.881784197001252e-14
9.947598300641403e-14
-7.105427357601002e-15
1.0658141036401503e-13
-8.881784197001252e-14
1.1368683772161603e-13
2.8066438062523957e-13
2.1671553440683056e-13
-3.552713678800501e-14
-3.943512183468556e-13
-1.0658141036401503e-14
4.973799150320701e-14
-4.263256414560601e-14
3.552713678800501e-14
1.9895196601282805e-13
9.947598300641403e-14
-2.1360690993788012e-13
-1.1368683772161603e-13
8.881784197001252e-14
6.750155989720952e-14
1.9539925233402755e-13
-7.105427357601002e-15
-2.1316282072803006e-14
1.5987211554602254e-13
4.618527782440651e-14
5.3290705182007514e-14
-9.947598300641403e-14
-1.2434497875801753e-14
3.552713678800501e-15
3.197442310920451e-14
1.4210854715202004e-14
2.078337502098293e-13
-9.947598300641403e-14
-3.552713678800501e-14
1.2967404927621828e-13
-1.0658141036401503e-14
-4.973799150320701e-14
1.3855583347321954e-13
-7.815970093361102e-14
-8.171241461241152e-14
-1.7408297026122455e-13
3.552713678800501e-14
-1.9539925233402755e-14
1.6342482922482304e-13
-5.3290705182007514e-14
2.2737367544323206e-13
9.769962616701378e-14
-2.3803181647963356e-13
-1.2789769243681803e-13
-7.815970093361102e-14
-2.7000623958883807e-13
1.1368683772161603e-13
1.0302869668521453e-13
-1.4210854715202004e-14
-1.2789769243681803e-13
7.815970093361102e-14
-1.5987211554602254e-13
1.0302869668521453e-13
3.375077994860476e-14
6.039613253960852e-14
1.6697754290362354e-13
-1.7763568394002505e-14
2.4868995751603507e-14
1.3500311979441904e-13
-3.197442310920451e-14
3.552713678800501e-15
2.2382096176443156e-13
1.0658141036401503e-14
1.0658141036401503e-14
4.263256414560601e-14
1.5631940186722204e-13
-7.105427357601002e-14
-1.9895196601282805e-13
-7.105427357601002e-15
-1.3855583347321954e-13
4.263256414560601e-14
3.410605131648481e-13
-1.3145040611561853e-13
4.973799150320701e-14
-3.552713678800501e-15
-1.7763568394002505e-14
-8.526512829121202e-14
-1.2434497875801753e-14
-1.4210854715202004e-14
-1.3855583347321954e-13
2.1671553440683056e-13
1.5987211554602254e-14
1.3500311979441904e-13
-6.039613253960852e-14
1.2967404927621828e-13
3.197442310920451e-14
1.5631940186722204e-13
-1.4566126083082054e-13
3.907985046680551e-14
-1.6342482922482304e-13
-1.8474111129762605e-13
8.881784197001252e-14
-7.460698725481052e-14
-2.1316282072803006e-13
9.947598300641403e-14
-8.881784197001252e-14
1.1013412404281553e-13
7.105427357601002e-14
-4.263256414560601e-14
1.900701818158268e-13
6.039613253960852e-14
-1.9895196601282805e-13
1.2967404927621828e-13
7.105427357601002e-15
-3.552713678800501e-15
-4.973799150320701e-14
-3.552713678800501e-14
-9.592326932761353e-14
2.5934809855243657e-13
3.552713678800501e-14
3.552713678800501e-15
-6.394884621840902e-14
2.4158453015843406e-13
3.659295089164516e-13
1.3855583347321954e-13
7.815970093361102e-14
-1.4210854715202004e-13
4.263256414560601e-14
6.039613253960852e-14
1.5276668818842154e-13
-1.7053025658242404e-13
3.019806626980426e-14
-1.6342482922482304e-13
-2.4158453015843406e-13
3.126388037344441e-13
7.638334409421077e-14
-1.5631940186722204e-13
1.2434497875801753e-14
-7.105427357601002e-14
2.842170943040401e-14
-1.580957587066223e-13
-3.481659405224491e-13
8.526512829121202e-14
-1.5631940186722204e-13
1.7763568394002505e-14
7.105427357601002e-14
-1.936228954946273e-13
-2.4868995751603507e-14
1.474376176702208e-13
-6.394884621840902e-14
1.7763568394002505e-13
-1.794120407794253e-13
1.2434497875801753e-14
7.105427357601002e-14
1.0302869668521453e-13
-3.907985046680551e-14
6.039613253960852e-14
-1.2789769243681803e-13
1.936228954946273e-13
-2.4513724383723456e-13
8.704148513061227e-14
-1.4210854715202004e-14
2.1316282072803006e-13
-2.1316282072803006e-14
-1.4566126083082054e-13
7.460698725481052e-14
-1.4210854715202004e-14
2.842170943040401e-14
-6.750155989720952e-14
-1.4210854715202004e-13
2.1316282072803006e-14
-2.842170943040401e-14
-2.842170943040401e-14
1.4210854715202004e-14
-8.881784197001252e-14
1.3500311979441904e-13
2.984279490192421e-13
1.0835776720341528e-13
-1.0658141036401503e-14
4.796163466380676e-14
5.3290705182007514e-14
-2.4868995751603507e-14
8.171241461241152e-14
-5.3290705182007514e-14
-2.6645352591003757e-13
-3.907985046680551e-14
3.197442310920451e-14
1.936228954946273e-13
-9.592326932761353e-14
-4.973799150320701e-14
1.6342482922482304e-13
-3.730349362740526e-14
1.2789769243681803e-13
6.394884621840902e-14
1.5631940186722204e-13
5.329070518200751e-15
1.4210854715202004e-14
3.552713678800501e-14
-1.0658141036401503e-13
-6.750155989720952e-14
-1.545430450278218e-13
8.526512829121202e-14
0.0
-3.552713678800501e-15
1.1723955140041653e-13
-6.394884621840902e-14
-3.090860900556436e-13
-1.1723955140041653e-13
8.526512829121202e-14
-3.907985046680551e-14
1.2079226507921703e-13
-4.973799150320701e-14
-1.8829382497642655e-13
-4.973799150320701e-14
2.4868995751603507e-14
-8.171241461241152e-14
-6.394884621840902e-14
7.815970093361102e-14
-2.842170943040401e-14
-1.3145040611561853e-13
1.4210854715202004e-14
1.1013412404281553e-13
-3.552713678800501e-14
-2.842170943040401e-14
-1.4566126083082054e-13
-1.1368683772161603e-13
-1.2434497875801753e-13
1.652011860642233e-13
1.1368683772161603e-13
7.815970093361102e-14
0.0
-2.7711166694643907e-13
-5.1514348342607263e-14
-5.684341886080802e-14
-6.750155989720952e-14
8.171241461241152e-14
-8.881784197001252e-14
-8.171241461241152e-14
-3.552713678800501e-15
4.618527782440651e-14
-7.105427357601002e-15
1.9539925233402755e-13
-1.5987211554602254e-13
4.263256414560601e-14
-1.9539925233402755e-14
-6.750155989720952e-14
0.0
1.5631940186722204e-13
-1.6342482922482304e-13
-1.3500311979441904e-13
-1.758593271006248e-13
7.460698725481052e-14
-6.927791673660977e-14
8.881784197001252e-14
1.7053025658242404e-13
3.552713678800501e-15
5.684341886080802e-14
1.2079226507921703e-13
2.5934809855243657e-13
-3.552713678800501e-15
3.197442310920451e-13
-2.1316282072803006e-13
1.4210854715202004e-14
3.126388037344441e-13
-4.973799150320701e-14
1.545430450278218e-13
1.2079226507921703e-13
-2.2737367544323206e-13
1.0658141036401503e-13
2.4158453015843406e-13
2.5579538487363607e-13
1.9184653865522705e-13
-4.973799150320701e-14
-1.1723955140041653e-13
7.105427357601002e-15
9.947598300641403e-14
7.105427357601002e-15
-6.217248937900877e-14
-2.4158453015843406e-13
1.4210854715202004e-14
-8.171241461241152e-14
-1.1368683772161603e-13
1.1723955140041653e-13
-9.947598300641403e-14
2.433608869978343e-13
-7.460698725481052e-14
1.3500311979441904e-13
1.3322676295501878e-13
-2.0250467969162855e-13
-1.9895196601282805e-13
-3.907985046680551e-14
1.4210854715202004e-13
8.881784197001252e-14
-1.6697754290362354e-13
1.4921397450962104e-13
-1.3500311979441904e-13
2.1316282072803006e-13
6.039613253960852e-14
-1.1723955140041653e-13
1.0658141036401503e-13
-2.5934809855243657e-13
2.4158453015843406e-13
-1.1723955140041653e-13
8.171241461241152e-14
-2.842170943040401e-14
-1.2789769243681803e-13
-1.7763568394002505e-14
-1.0658141036401503e-13
3.907985046680551e-14
-1.7053025658242404e-13
2.5579538487363607e-13
-8.881784197001252e-14
-2.5224267119483557e-13
5.3290705182007514e-14
-7.105427357601002e-15
-3.197442310920451e-14
-7.105427357601002e-15
-2.0605739337042905e-13
1.6697754290362354e-13
1.0658141036401503e-14
-6.394884621840902e-14
-4.263256414560601e-14
2.0250467969162855e-13
-1.2434497875801753e-13
-1.6342482922482304e-13
-4.618527782440651e-14
-1.0302869668521453e-13
-1.7763568394002505e-14
3.552713678800501e-14
-4.973799150320701e-14
8.881784197001252e-14
-1.2079226507921703e-13
-2.1316282072803006e-14
-7.815970093361102e-14
4.973799150320701e-14
-1.1013412404281553e-13
3.907985046680551e-14
-8.171241461241152e-14
-5.3290705182007514e-14
2.842170943040401e-14
1.0658141036401503e-14
-1.2079226507921703e-13
1.8118839761882555e-13
6.750155989720952e-14
1.6697754290362354e-13
-1.2612133559741778e-13
-1.616484723854228e-13
-1.4921397450962104e-13
-2.4868995751603507e-14
-1.6697754290362354e-13
1.0302869668521453e-13
-3.161915174132446e-13
5.684341886080802e-14
9.947598300641403e-14
-1.0302869668521453e-13
-9.237055564881302e-14
-7.105427357601002e-15
6.927791673660977e-14
-5.3290705182007514e-14
2.7711166694643907e-13
3.552713678800501e-14
-7.105427357601002e-14
-1.6697754290362354e-13
8.526512829121202e-14
2.4868995751603507e-14
6.039613253960852e-14
-1.6342482922482304e-13
-1.2434497875801753e-13
-1.7763568394002505e-13
2.2026824808563106e-13
-1.758593271006248e-13
1.4921397450962104e-13
1.2967404927621828e-13
1.4921397450962104e-13
2.3803181647963356e-13
-2.078337502098293e-13
3.552713678800501e-14
2.5934809855243657e-13
7.105427357601002e-14
-1.4210854715202004e-14
8.881784197001252e-14
2.398081733190338e-13
-1.2079226507921703e-13
1.1013412404281553e-13
-1.4210854715202004e-14
5.3290705182007514e-14
3.552713678800501e-14
-1.2256862191861728e-13
1.9895196601282805e-13
-2.1316282072803006e-13
4.973799150320701e-14
-2.993161274389422e-13
7.460698725481052e-14
4.618527782440651e-14
3.552713678800501e-15
-2.1316282072803006e-14
6.394884621840902e-14
1.758593271006248e-13
-1.4210854715202004e-14
-6.039613253960852e-14
8.171241461241152e-14
-9.592326932761353e-14
1.6697754290362354e-13
1.2789769243681803e-13
-2.3092638912203256e-14
-1.4210854715202004e-14
2.5579538487363607e-13
4.618527782440651e-14
-6.394884621840902e-14
9.592326932761353e-14
-6.750155989720952e-14
2.1316282072803006e-13
1.2256862191861728e-13
8.171241461241152e-14
-9.947598300641403e-14
1.8118839761882555e-13
0.0
7.815970093361102e-14
-1.6697754290362354e-13
1.3145040611561853e-13
-1.3145040611561853e-13
0.0
7.105427357601002e-15
-1.5987211554602254e-13
2.842170943040401e-14
2.4868995751603507e-14
-1.1013412404281553e-13
-1.9539925233402755e-13
-5.684341886080802e-14
-1.1368683772161603e-13
-2.4513724383723456e-13
-3.552713678800501e-15
-2.4868995751603507e-14
-5.3290705182007514e-14
1.8474111129762605e-13
1.3500311979441904e-13
1.4210854715202004e-14
1.0302869668521453e-13
3.268496584496461e-13
8.171241461241152e-14
2.4868995751603507e-14
-9.237055564881302e-14
5.5067062021407764e-14
-1.7763568394002505e-14
4.973799150320701e-14
-2.1671553440683056e-13
1.0658141036401503e-14
1.1191048088221578e-13
-1.8118839761882555e-13
4.263256414560601e-14
-6.394884621840902e-14
3.2507330161024584e-13
1.2434497875801753e-13
3.907985046680551e-14
-4.263256414560601e-14
-1.8829382497642655e-13
2.0605739337042905e-13
4.618527782440651e-14
4.263256414560601e-14
9.947598300641403e-14
1.4921397450962104e-13
2.6290081223123707e-13
-1.1013412404281553e-13
2.842170943040401e-14
-1.5987211554602254e-13
-2.842170943040401e-14
0.0
1.4210854715202004e-13
1.0658141036401503e-14
-5.3290705182007514e-14
-1.8829382497642655e-13
1.7763568394002505e-14
9.237055564881302e-14
-9.947598300641403e-14
2.5579538487363607e-13
1.1368683772161603e-13
-8.171241461241152e-14
6.750155989720952e-14
1.1013412404281553e-13
-6.039613253960852e-14
-1.8118839761882555e-13
-1.1368683772161603e-13
-3.090860900556436e-13
7.105427357601002e-15
3.552713678800501e-14
-1.2079226507921703e-13
-1.4566126083082054e-13
-1.6697754290362354e-13
-4.263256414560601e-14
-1.0658141036401503e-14
-8.348877145181177e-14
7.815970093361102e-14
2.0250467969162855e-13
-2.2737367544323206e-13
-1.9184653865522705e-13
9.947598300641403e-14
-2.4513724383723456e-13
2.4158453015843406e-13
-3.410605131648481e-13
1.5276668818842154e-13
6.394884621840902e-14
3.588240815588506e-13
-5.5067062021407764e-14
-1.9184653865522705e-13
2.3803181647963356e-13
3.232969447708456e-13
3.552713678800501e-15
5.684341886080802e-14
1.6697754290362354e-13
-5.684341886080802e-14
3.552713678800501e-14
2.540190280342358e-13
-3.1796787425264483e-13
-9.592326932761353e-14
9.592326932761353e-14
2.3092638912203256e-14
2.0605739337042905e-13
2.0605739337042905e-13
-1.1901590823981678e-13
1.0658141036401503e-14
-1.1368683772161603e-13
-6.750155989720952e-14
1.0658141036401503e-13
3.552713678800501e-15
1.2789769243681803e-13
-5.861977570020827e-14
9.237055564881302e-14
-2.4868995751603507e-14
-4.618527782440651e-14
1.0302869668521453e-13
0.0
4.263256414560601e-14
