61.59184265136719
12.858201026916504
-24.05927276611328
-15.445592880249023
11.18408203125
1.3145365715026855
28.213502883911133
5.352390289306641
2.201737880706787
1.108781337738037
29.836341857910156
-18.13942527770996
-6.825399398803711
66.12120819091797
-5.431979179382324
-3.4580862522125244
1.1131643056869507
-20.655900955200195
-13.864740371704102
-25.281431198120117
-19.307024002075195
20.811384201049805
32.04511260986328
15.53423023223877
-34.676456451416016
28.771808624267578
-32.392974853515625
-34.058250427246094
-27.995664596557617
13.536690711975098
-11.40344524383545
38.87960433959961
-10.225339889526367
-6.056352138519287
6.881077289581299
-37.89097595214844
-13.259415626525879
-33.96550750732422
-9.015847206115723
-10.14710521697998
6.631412982940674
13.584006309509277
2.5818982124328613
-9.011248588562012
30.24700164794922
-16.69782066345215
-24.112289428710938
23.911136627197266
-29.676786422729492
-16.19080352783203
-23.202308654785156
-11.829626083374023
-0.5910903811454773
-5.675894737243652
6.566111087799072
10.609570503234863
7.113714694976807
55.80796813964844
-0.29373571276664734
-20.132884979248047
-23.136638641357422
-15.978854179382324
-3.911120891571045
-13.656332015991211
-6.247570514678955
-23.759172439575195
-69.52037811279297
-5.662988185882568
12.998122215270996
-21.689695358276367
-0.6347019076347351
39.184234619140625
-4.254367351531982
34.71509552001953
-25.366453170776367
18.08202362060547
-21.851015090942383
23.84309196472168
-25.345481872558594
-20.397594451904297
-10.568825721740723
-23.97808265686035
32.967445373535156
22.095260620117188
15.483863830566406
16.589962005615234
3.7420125007629395
-44.6335334777832
-2.486691951751709
-39.747745513916016
-28.11142921447754
-35.30955123901367
-23.65955924987793
47.600563049316406
-13.384612083435059
15.271834373474121
23.115249633789062
114.13687133789062
12.247876167297363
-15.925527572631836
-17.09326934814453
-20.693710327148438
-38.185211181640625
35.943904876708984
48.78266525268555
1.4613276720046997
-15.7510404586792
-24.3901309967041
12.21779727935791
0.8666520118713379
-17.293699264526367
5.558732509613037
-5.116474628448486
0.9390541315078735
-15.60212230682373
-9.376604080200195
-8.712316513061523
-6.064701080322266
-39.98905563354492
72.04405212402344
3.3824124336242676
-10.198859214782715
-38.06681823730469
38.01631164550781
-37.93626403808594
-5.0054826736450195
-15.163501739501953
51.78730773925781
19.802982330322266
-10.737621307373047
36.56288146972656
-32.862945556640625
130.7821044921875
-2.4146409034729004
12.793981552124023
85.49812316894531
-36.41678237915039
-4.169659614562988
62.9467658996582
14.769989013671875
8.440868377685547
-8.983814239501953
7.333822727203369
-13.718243598937988
-22.862808227539062
99.62117767333984
7.2264814376831055
6.460271835327148
16.028974533081055
59.56419372558594
-20.284934997558594
-3.893357992172241
-33.665138244628906
11.77593994140625
-17.021926879882812
10.666629791259766
-7.043776512145996
35.43312072753906
-2.3340353965759277
-51.595794677734375
43.79631805419922
13.855420112609863
-20.1763858795166
-17.257034301757812
29.60590171813965
14.028682708740234
-3.9366843700408936
4.037299633026123
-19.108196258544922
-45.506263732910156
-22.10456657409668
-27.200361251831055
56.904937744140625
9.901347160339355
12.675394058227539
-12.589075088500977
29.224205017089844
27.968538284301758
27.701013565063477
2.5589752197265625
-25.569843292236328
20.225933074951172
9.85334300994873
-5.099277019500732
-25.48545265197754
71.42395782470703
-21.65375328063965
18.300870895385742
-0.975959837436676
32.17240524291992
-19.444011688232422
48.87179946899414
17.927595138549805
-45.529815673828125
34.71320724487305
-15.46811294555664
-12.713284492492676
-29.767549514770508
74.76222229003906
-9.143380165100098
-5.353812217712402
98.88313293457031
-16.44435691833496
16.012754440307617
-38.31523895263672
17.28859519958496
20.546876907348633
-24.68144416809082
8.261938095092773
-18.981142044067383
18.024614334106445
-34.6042594909668
64.1716079711914
13.485257148742676
29.096389770507812
1.3956454992294312
19.72777557373047
7.927596569061279
23.951143264770508
28.3355770111084
-12.289135932922363
21.16950035095215
0.15536561608314514
-3.1098875999450684
11.571043014526367
13.5807466506958
24.066776275634766
-35.24592208862305
30.81740951538086
-24.768552780151367
-23.666946411132812
-58.84465026855469
132.68515014648438
-3.638448715209961
12.581856727600098
-30.339086532592773
9.963723182678223
-18.620763778686523
1.1180424690246582
4.836449146270752
21.5350284576416
13.618949890136719
-0.4993324875831604
-1.4007976055145264
-45.5605354309082
-30.522655487060547
-42.056739807128906
2.1949658393859863
10.386091232299805
20.009355545043945
-8.678899765014648
153.02572631835938
-45.338741302490234
17.236921310424805
-34.749855041503906
-0.15675856173038483
18.382665634155273
38.29580307006836
11.37655258178711
-14.702933311462402
-20.71805191040039
79.82113647460938
-23.260560989379883
10.571332931518555
-3.1674787998199463
-26.341474533081055
-37.852134704589844
42.529823303222656
7.0647783279418945
-18.331052780151367
-6.148296356201172
-30.211877822875977
-10.665409088134766
5.797054290771484
-18.67641258239746
-15.943300247192383
-33.043548583984375
-25.274656295776367
-8.639575958251953
-44.98995590209961
-33.84080123901367
72.04969787597656
-22.15121841430664
-15.956356048583984
-52.278194427490234
-26.836030960083008
2.9188857078552246
-12.376717567443848
-4.140266418457031
30.453929901123047
16.595273971557617
-55.21334457397461
-14.186972618103027
-53.04676055908203
-12.534409523010254
-19.822690963745117
-29.691831588745117
43.5277099609375
-23.00448226928711
-13.71134090423584
-22.52381134033203
-14.696067810058594
68.08393096923828
13.724447250366211
17.459636688232422
-40.018978118896484
6.878966331481934
-51.74946212768555
-14.940335273742676
1.4071286916732788
24.280397415161133
22.361162185668945
9.642789840698242
14.604104995727539
-24.83745002746582
-1.4980401992797852
-4.241847515106201
-8.083551406860352
-30.47231674194336
-8.797648429870605
44.9844970703125
-14.199673652648926
-13.928426742553711
-17.746599197387695
-3.331667900085449
-38.05609893798828
-15.09920597076416
13.100025177001953
22.200708389282227
31.021682739257812
5.312109470367432
-26.815122604370117
-20.57401466369629
65.70956420898438
14.9248685836792
27.638736724853516
50.8790168762207
-37.83884048461914
-26.690845489501953
20.020614624023438
-9.853569030761719
43.83720016479492
2.9845588207244873
-1.6891428232192993
8.414996147155762
-28.61046600341797
-44.807708740234375
-6.563702583312988
-35.62464904785156
13.92194652557373
-7.011959552764893
2.0135068893432617
-46.44206619262695
-21.44870948791504
-41.7745246887207
-13.578166007995605
29.73992347717285
14.746030807495117
5.784465789794922
-5.014973163604736
37.61597442626953
43.808773040771484
5.289789199829102
-9.039859771728516
-1.229019284248352
-19.37824249267578
-0.7096247673034668
-27.487049102783203
-11.838662147521973
-37.68115234375
31.523221969604492
-5.278380393981934
-0.8749090433120728
-6.22070837020874
-15.132102966308594
-53.67827224731445
-4.396162033081055
-12.025284767150879
-40.22492980957031
296.1084289550781
-17.480857849121094
61.06755065917969
-24.921566009521484
23.74917984008789
-30.390562057495117
-2.8035216331481934
59.472816467285156
24.99054718017578
-4.083759307861328
14.091320037841797
49.700809478759766
-8.285701751708984
-14.054023742675781
9.66101360321045
35.00843048095703
-29.646257400512695
-36.85299301147461
-24.81382942199707
9.711753845214844
-19.44330406188965
10.923364639282227
21.06014060974121
-12.701363563537598
-13.36513614654541
15.697049140930176
-26.804353713989258
10.667814254760742
-28.12682342529297
13.26608657836914
-4.656450271606445
-17.918441772460938
-30.293275833129883
-11.934755325317383
-28.684871673583984
-3.431851863861084
67.29188537597656
-16.492525100708008
17.783985137939453
-45.04399490356445
31.795852661132812
50.27573013305664
-14.664048194885254
36.72383117675781
-46.27442169189453
3.749647617340088
-29.498092651367188
24.800779342651367
-18.57660484313965
-2.112884044647217
-16.861499786376953
2.1656670570373535
-8.611153602600098
29.870180130004883
0.7169973850250244
54.6662483215332
2.9843552112579346
-33.3502311706543
-17.702999114990234
3.457454204559326
45.11027145385742
-34.21488952636719
33.571380615234375
12.870298385620117
-10.077996253967285
19.894088745117188
37.8306770324707
32.77619552612305
9.129579544067383
-13.656331062316895
-12.902329444885254
3.284198522567749
-17.406251907348633
-13.493246078491211
-13.251298904418945
-47.34868621826172
-17.502836227416992
-21.97890281677246
4.900119304656982
-16.156612396240234
-0.918027400970459
-60.78243637084961
-7.414825439453125
6.715114116668701
-1.2343652248382568
5.393423080444336
-10.097746849060059
-15.75922679901123
-5.56589937210083
-21.132978439331055
-0.7782975435256958
4.356350898742676
19.666156768798828
35.83906555175781
-14.19353199005127
-28.621583938598633
22.54131507873535
31.555049896240234
-30.556339263916016
-14.162027359008789
-32.60615539550781
-17.43868637084961
-19.778547286987305
43.08431625366211
-18.77266502380371
-1.8774174451828003
-27.512317657470703
-7.107440948486328
-27.23439598083496
-50.60103225708008
60.059688568115234
56.843658447265625
32.88392639160156
-26.79188346862793
-2.8426358699798584
-21.227218627929688
-44.560935974121094
12.487748146057129
-34.818050384521484
3.9114251136779785
-10.441740989685059
-2.026212692260742
-35.206939697265625
-56.64040756225586
-18.533203125
1.626223087310791
45.10495376586914
11.583130836486816
-45.14082336425781
-6.792899131774902
13.951873779296875
0.7626805305480957
-5.876918792724609
-30.815048217773438
52.108558654785156
34.72879409790039
-16.806058883666992
18.01976776123047
-14.412723541259766
-24.07326316833496
46.58615493774414
23.98639678955078
-10.995796203613281
10.485669136047363
-5.997025489807129
-3.1924591064453125
-1.8750314712524414
16.019052505493164
4.1424360275268555
30.194156646728516
-2.082268476486206
-5.953887939453125
-1.8629446029663086
-30.447547912597656
-35.674434661865234
30.486719131469727
0.9375143647193909
144.25128173828125
-28.06273078918457
-36.135536193847656
-39.22634506225586
23.187231063842773
-33.27804183959961
7.4264607429504395
4.62232780456543
56.51775360107422
-25.686765670776367
77.52302551269531
122.11972045898438
51.581016540527344
20.948806762695312
21.73406410217285
15.43786907196045
57.88860321044922
75.69697570800781
-3.5945513248443604
43.723995208740234
-5.695152759552002
27.163822174072266
-29.596176147460938
-24.032283782958984
11.03026294708252
-1.417653203010559
-30.89250373840332
-0.5446128249168396
-8.049226760864258
1.3307032585144043
-19.650297164916992
-13.927573204040527
-0.597327709197998
4.871100902557373
73.86442565917969
5.0000901222229
-34.2792854309082
-20.555810928344727
14.28192138671875
72.85966491699219
-8.97913932800293
-25.934843063354492
-33.99409484863281
-30.655576705932617
-38.816768646240234
-12.298542976379395
-4.895553112030029
4.665274143218994
17.593109130859375
-29.83559226989746
-15.287154197692871
-11.528775215148926
-9.451578140258789
100.05292510986328
-29.67453956604004
14.353816986083984
-2.4111669063568115
63.00379180908203
-31.96860694885254
-15.075626373291016
-33.34553909301758
-41.076988220214844
33.58378982543945
-31.04541778564453
0.1893772929906845
32.543487548828125
-15.441086769104004
-14.155060768127441
5.516098499298096
-15.172783851623535
-46.07939529418945
23.512653350830078
-37.88912582397461
0.818187952041626
-14.78519344329834
37.13459777832031
8.996411323547363
74.18439483642578
8.871573448181152
8.418161392211914
-20.717090606689453
6.5737080574035645
36.453426361083984
-58.19414138793945
-68.54771423339844
36.35157012939453
18.35245704650879
10.43504524230957
2.537869691848755
19.000917434692383
-20.306909561157227
-23.38873863220215
5.094675064086914
59.12598419189453
-3.1339948177337646
-28.52212905883789
73.02528381347656
-31.92245864868164
-34.984092712402344
-2.4202756881713867
28.07967185974121
-28.957212448120117
-8.856060981750488
16.001834869384766
-5.976901531219482
2.496246814727783
24.16239356994629
13.631294250488281
-7.118781566619873
6.417666435241699
-30.160568237304688
35.85567092895508
32.79611587524414
-36.950931549072266
31.342166900634766
-24.44918441772461
-7.850852012634277
-28.756391525268555
-18.374528884887695
-41.89704895019531
-19.22081756591797
0.10924965888261795
-3.330012559890747
-5.894519329071045
-38.41080093383789
-18.202730178833008
-26.204931259155273
-18.128170013427734
-17.234033584594727
4.71943473815918
11.877702713012695
4.994126796722412
79.40846252441406
19.878124237060547
-20.433244705200195
-11.039094924926758
48.05445861816406
-9.753264427185059
-42.1165885925293
-1.2971855401992798
77.9725570678711
-6.087416172027588
-17.542261123657227
-8.224759101867676
-23.022737503051758
20.30360984802246
-23.330663681030273
1.7142236232757568
12.928991317749023
22.752323150634766
159.44110107421875
-2.4307892322540283
-6.297271728515625
-13.689813613891602
-21.274181365966797
0.23622013628482819
14.056679725646973
-1.1809518337249756
0.8609821796417236
29.76140785217285
-3.582608222961426
23.12116050720215
-18.35662269592285
-7.872116565704346
6.259408950805664
-15.395861625671387
-17.08832359313965
-17.291988372802734
-3.257688522338867
3.0765480995178223
-6.783291816711426
-7.922139644622803
-10.966721534729004
29.522296905517578
22.801029205322266
-37.442893981933594
-9.684088706970215
-41.404075622558594
23.727069854736328
-13.949328422546387
9.806598663330078
54.04042053222656
-9.683878898620605
45.20931625366211
-15.657501220703125
-21.942493438720703
-2.396388053894043
-11.469512939453125
-29.87394142150879
4.492186069488525
15.231809616088867
7.624675750732422
3.0664045810699463
-8.319382667541504
6.9934468269348145
-7.047994136810303
-2.389984130859375
16.157299041748047
19.7241153717041
3.811940908432007
12.993368148803711
-18.24469566345215
-2.42240834236145
1.566604733467102
-30.691789627075195
31.70359230041504
-43.9611701965332
-32.52190017700195
-17.477048873901367
-20.70661163330078
-23.70054817199707
-27.92626953125
71.05648040771484
3.3538153171539307
25.763307571411133
22.16646385192871
19.73133087158203
30.547286987304688
-16.698728561401367
-8.059222221374512
22.230852127075195
-1.9954371452331543
15.816507339477539
-2.410707950592041
45.3225212097168
9.097241401672363
19.890657424926758
-34.88521194458008
-7.801976680755615
-36.27959442138672
-0.8148874640464783
1.6026787757873535
18.92339515686035
-34.20419692993164
-21.33615493774414
-4.329861640930176
29.546934127807617
-2.1434683799743652
-3.221402168273926
-17.90824317932129
-7.930914402008057
-1.5942507982254028
-7.614137649536133
12.71654224395752
51.8292236328125
15.971332550048828
6.433095932006836
47.40096664428711
-16.17137336730957
-15.394171714782715
-11.919814109802246
-21.254287719726562
-31.282976150512695
-18.06422996520996
-13.474252700805664
-30.756620407104492
33.78682327270508
11.492926597595215
-7.245391845703125
33.757022857666016
37.004146575927734
7.778438091278076
57.96579360961914
-2.9800221920013428
2.0199475288391113
-2.311448574066162
56.633216857910156
20.89631462097168
-15.95901870727539
88.50022888183594
-18.32202911376953
-21.985118865966797
-5.081409454345703
21.96481704711914
-70.89568328857422
-24.861146926879883
3.0757927894592285
-17.688634872436523
-14.178620338439941
-0.45577484369277954
2.067486047744751
-19.174318313598633
17.22968292236328
-30.393701553344727
-32.886661529541016
-7.364142417907715
73.1912612915039
-29.042558670043945
-37.600852966308594
-11.867645263671875
-30.50441551208496
41.723392486572266
-12.421365737915039
-18.85978889465332
15.307534217834473
-22.74954605102539
7.725372314453125
-40.202754974365234
2.9952995777130127
-5.82560920715332
-2.085632562637329
48.4275016784668
-14.47734546661377
-7.468799591064453
20.906452178955078
2.5784075260162354
61.13373947143555
-7.055908203125
70.33771514892578
-39.28314971923828
-30.25821876525879
17.890846252441406
1.9864790439605713
19.01395606994629
18.759729385375977
-2.977717638015747
-5.873958110809326
-36.260658264160156
-56.906890869140625
-4.971542835235596
36.678218841552734
-11.691264152526855
-31.887939453125
-38.93696975708008
-29.63276481628418
35.81476974487305
-14.654265403747559
10.535398483276367
-11.084375381469727
3.443281412124634
17.183757781982422
0.11668626964092255
14.211729049682617
4.149527549743652
19.247480392456055
84.63462829589844
-43.87346649169922
2.4198763370513916
-15.920633316040039
21.837495803833008
16.241073608398438
-24.96800994873047
5.2237701416015625
-8.463869094848633
127.11260986328125
-4.653354644775391
-4.275237560272217
-29.039953231811523
12.401551246643066
38.10655212402344
-11.66299819946289
-54.747154235839844
8.473121643066406
11.337408065795898
-22.456981658935547
-42.208229064941406
19.603717803955078
-44.29004669189453
-35.033935546875
38.27484893798828
20.11235809326172
43.524024963378906
16.209278106689453
67.8586654663086
8.744684219360352
-30.702775955200195
14.700967788696289
56.63645935058594
26.586750030517578
-43.71983337402344
5.240828037261963
-4.248871326446533
8.934648513793945
-0.6029559373855591
-12.241146087646484
-39.24941635131836
-40.63188171386719
-21.4797306060791
13.278705596923828
3.267000436782837
-24.893638610839844
53.844139099121094
-11.647050857543945
-21.49803352355957
-9.800448417663574
10.78178596496582
-40.74760818481445
-28.198326110839844
-13.248052597045898
4.489268779754639
-5.526523590087891
-14.48254108428955
8.914132118225098
6.533092021942139
-8.342455863952637
11.556814193725586
70.38046264648438
86.59274291992188
22.021297454833984
-12.613049507141113
-23.15655517578125
3.875152826309204
-16.874927520751953
-13.065140724182129
-24.00067901611328
-47.41387176513672
-14.896121978759766
-7.12168550491333
-8.698697090148926
9.082053184509277
2.4724953174591064
117.40577697753906
3.7381536960601807
7.69347620010376
12.092144012451172
-0.014078637585043907
-33.597801208496094
-31.1072998046875
-36.94694519042969
-17.213972091674805
-16.318023681640625
3.205110549926758
35.75129699707031
5.477415084838867
56.627010345458984
-45.14152908325195
-17.627300262451172
54.52754211425781
-28.25330352783203
42.03763198852539
-26.224592208862305
22.179914474487305
-28.792848587036133
-56.67007827758789
37.9826545715332
3.3780665397644043
-29.55905532836914
-10.681743621826172
-17.516874313354492
10.522454261779785
-34.055091857910156
-58.87317657470703
-37.60405349731445
-24.618114471435547
2.1339025497436523
-9.98420238494873
58.909637451171875
-47.97575759887695
-36.295074462890625
-30.959741592407227
13.38377857208252
7.767564296722412
60.3387336730957
59.42997741699219
-13.105367660522461
58.36880111694336
8.744030952453613
51.445045471191406
-16.035627365112305
25.447603225708008
-50.448577880859375
-22.92518424987793
12.482210159301758
0.42986956238746643
3.5981674194335938
-21.291337966918945
46.21810531616211
13.36801815032959
20.68437385559082
44.14860153198242
39.56916809082031
13.018304824829102
-33.079612731933594
18.585493087768555
-31.351221084594727
-43.545780181884766
23.55962371826172
-14.670151710510254
-44.98579788208008
-37.319908142089844
27.149864196777344
-7.869629383087158
36.229000091552734
-15.157293319702148
-11.33079719543457
29.965290069580078
3.4471285343170166
-32.1778678894043
-17.03799057006836
-9.958600044250488
44.165836334228516
-9.245209693908691
-19.56636619567871
-40.98073959350586
-18.516056060791016
-13.3646879196167
-27.596004486083984
32.940975189208984
-41.76826858520508
-16.033815383911133
23.12717056274414
26.80318260192871
26.083698272705078
-6.509868621826172
12.17555046081543
-1.194892168045044
91.96971893310547
-14.932271957397461
-6.155233383178711
-47.56000900268555
-47.574424743652344
2.278564453125
18.65619468688965
18.55423927307129
55.31184387207031
6.117413520812988
24.474424362182617
-8.29567813873291
-3.8815722465515137
-33.490882873535156
-40.552513122558594
-39.09437561035156
9.097600936889648
32.00874328613281
42.22882843017578
6.211075782775879
-13.31749153137207
-4.879353046417236
-12.34526538848877
-3.92966628074646
20.40845489501953
-16.227981567382812
-10.182802200317383
-31.980491638183594
11.704508781433105
4.764093399047852
8.813708305358887
-0.3306084871292114
-10.118370056152344
8.569975852966309
-19.391319274902344
43.29078674316406
-14.551616668701172
6.144835472106934
-31.8413143157959
-2.8634612560272217
106.66250610351562
23.54010009765625
54.76189041137695
9.824033737182617
-11.812007904052734
20.44808578491211
17.212146759033203
-5.951100826263428
-39.79252243041992
-8.632281303405762
7.46375036239624
-5.7871503829956055
-19.062854766845703
-15.690690994262695
-36.83049392700195
-10.349002838134766
13.55044937133789
6.729149341583252
6.162221431732178
-28.753746032714844
-27.27086639404297
-5.841440200805664
-16.166738510131836
-22.792484283447266
-51.37557601928711
6.570340156555176
-19.611492156982422
14.813850402832031
-13.986642837524414
1.5884530544281006
102.6946792602539
-21.394615173339844
26.134923934936523
-9.781293869018555
-18.694255828857422
-12.514646530151367
-48.29782485961914
-21.062606811523438
-48.94629669189453
-10.763457298278809
-19.845462799072266
15.175027847290039
1.033087134361267
-17.027545928955078
-12.458952903747559
8.8567533493042
-1.4837621450424194
-31.211410522460938
-40.273990631103516
-43.11717224121094
5.225205898284912
-29.783836364746094
-0.9376463890075684
0.572126030921936
-24.324771881103516
2.7375495433807373
0.34026509523391724
-16.352293014526367
-23.7044677734375
1.6821287870407104
-5.2303080558776855
56.15925598144531
26.387733459472656
2.3836588859558105
-33.888187408447266
-17.58770179748535
24.119495391845703
-35.94443130493164
-1.7225215435028076
-23.88638687133789
-18.58245277404785
1.5025269985198975
-1.1660921573638916
-25.249164581298828
33.294742584228516
-7.418506622314453
-6.801403999328613
25.389429092407227
-6.818488121032715
-38.19173049926758
6.144399166107178
-7.103269577026367
13.220569610595703
35.717098236083984
39.89754867553711
21.26409339904785
-30.687461853027344
5.810975551605225
22.772544860839844
-24.274818420410156
18.597700119018555
27.127355575561523
-6.001791000366211
-14.111886978149414
-16.01450538635254
-22.220338821411133
5.335092544555664
-25.156415939331055
-27.667068481445312
45.21586990356445
2.3537137508392334
20.181434631347656
-9.211371421813965
-24.855030059814453
17.102262496948242
-27.296188354492188
-2.486987590789795
-32.643192291259766
-4.110074043273926
-24.21522331237793
21.18562889099121
31.97676658630371
14.867696762084961
12.183160781860352
8.59157657623291
-39.30449676513672
-20.305089950561523
35.44437789916992
16.604896545410156
18.791831970214844
-6.62670373916626
5.839766979217529
42.45286560058594
-19.83636474609375
-50.24244689941406
-43.03127670288086
-3.5874733924865723
2.2635610103607178
10.832856178283691
-7.5045881271362305
19.66668701171875
2.230664014816284
-22.06374168395996
-8.06063461303711
-27.392723083496094
-19.665769577026367
-14.488626480102539
-16.980327606201172
-44.564453125
9.134535789489746
10.956132888793945
-50.16307067871094
22.345796585083008
-12.058440208435059
11.750129699707031
3.2844998836517334
26.858247756958008
-19.32927894592285
27.98333168029785
30.9384708404541
-6.876773357391357
-1.1964024305343628
-12.757596969604492
-9.113243103027344
0.5208408832550049
-26.33306884765625
-19.484128952026367
-30.223604202270508
-9.559967994689941
-14.687987327575684
-8.068058013916016
25.06896209716797
-26.234621047973633
-6.963603496551514
-14.430256843566895
104.4663314819336
-10.308209419250488
-39.97196578979492
-12.227743148803711
-4.647294044494629
-1.568558931350708
-30.28945541381836
-7.771154880523682
-6.712825775146484
-31.352127075195312
13.579436302185059
29.945232391357422
76.49044799804688
-5.960683345794678
17.758899688720703
2.3657147884368896
16.08330535888672
39.58259963989258
-7.184814453125
24.658769607543945
-4.826979637145996
13.913687705993652
29.26974105834961
-18.484861373901367
-48.39875411987305
-17.843233108520508
-19.45511817932129
-4.882104873657227
-2.486692190170288
-5.116282939910889
12.571723937988281
-17.545175552368164
14.599617958068848
21.4873104095459
16.817167282104492
20.038673400878906
16.936538696289062
-11.5447416305542
-57.89702606201172
11.673946380615234
44.733726501464844
-22.773088455200195
9.215080261230469
-11.64542007446289
38.84370422363281
-18.685888290405273
-28.75263023376465
-12.952022552490234
10.073819160461426
3.871133327484131
1.992897391319275
2.8014023303985596
-20.650062561035156
21.345251083374023
17.125215530395508
-14.135697364807129
-15.160438537597656
24.479381561279297
22.56412696838379
7.333953380584717
19.527786254882812
-29.333147048950195
15.324724197387695
-21.65129852294922
10.906660079956055
-9.127856254577637
-10.522448539733887
44.030357360839844
49.655120849609375
-27.80252456665039
-21.006542205810547
14.53905963897705
40.4676399230957
4.859856605529785
-1.9012371301651
-3.067319393157959
-29.605043411254883
-12.654837608337402
-20.304519653320312
24.569313049316406
-0.44490236043930054
26.068479537963867
7.057858467102051
23.32660484313965
-12.716109275817871
-26.50562286376953
-25.76602554321289
6.836531639099121
-11.505409240722656
-28.40262222290039
-10.085346221923828
27.559345245361328
-2.469255208969116
-6.895100116729736
0.1271325945854187
-20.50238609313965
9.979326248168945
-35.420719146728516
14.169971466064453
-6.470208644866943
13.952216148376465
2.0112662315368652
-5.101576328277588
34.15751647949219
63.469608306884766
0.31857234239578247
6.863844871520996
54.121788024902344
26.794113159179688
7.091307640075684
-29.096817016601562
-18.6983585357666
-5.531030178070068
-10.41871452331543
-45.399566650390625
9.834961891174316
30.59701156616211
-33.241512298583984
-26.371150970458984
-36.53987121582031
3.6296937465667725
38.23577117919922
8.115105628967285
-13.248169898986816
-22.652448654174805
-11.581289291381836
15.305880546569824
1.8590174913406372
-2.0695886611938477
-1.5541877746582031
-0.9444823861122131
-25.95644187927246
2.825293779373169
8.062243461608887
-9.828265190124512
83.96549987792969
-9.947813034057617
-15.59738826751709
7.114118576049805
9.062447547912598
-8.543720245361328
67.19373321533203
62.5837287902832
-10.787530899047852
-33.54216766357422
27.51996421813965
-41.086605072021484
10.963672637939453
-5.243350505828857
78.35981750488281
25.87531280517578
-41.62699890136719
4.995981693267822
-10.34908676147461
8.51554012298584
12.373210906982422
5.91831636428833
-25.886232376098633
-4.849867820739746
-46.13492965698242
0.8128794431686401
19.00386619567871
-23.050806045532227
-0.777422308921814
-3.3928062915802
-7.237391948699951
-10.73752498626709
-30.525104522705078
-3.456967353820801
-16.68124008178711
-13.680367469787598
-23.76741600036621
-19.465002059936523
3.1563241481781006
-14.532944679260254
-17.493181228637695
-8.047965049743652
-26.4764404296875
-30.87737274169922
6.517208576202393
-14.260536193847656
-13.50070571899414
5.974520683288574
-2.120887279510498
-26.168872833251953
-35.567039489746094
55.45608901977539
6.967683792114258
-9.214496612548828
28.89838409423828
24.37721824645996
-21.927120208740234
27.802732467651367
7.959868431091309
33.94418716430664
-22.015409469604492
25.65688705444336
9.053808212280273
-9.969535827636719
-2.9777753353118896
11.87858772277832
-13.36159610748291
23.113597869873047
-29.533702850341797
-11.67463207244873
51.34749221801758
-17.64564323425293
-8.749894142150879
-1.0274724960327148
-15.791378021240234
-6.586240768432617
-12.620321273803711
-9.355192184448242
18.381681442260742
-20.126691818237305
9.899148941040039
12.83559799194336
8.472804069519043
4.323994159698486
8.178359031677246
1.2242528200149536
42.9554443359375
-7.099783897399902
-1.289068579673767
42.65470504760742
83.1760482788086
-23.491397857666016
12.486459732055664
23.215299606323242
-26.317092895507812
-1.784732460975647
-6.775791168212891
7.621674060821533
0.717828094959259
60.927860260009766
-22.49930191040039
1.199295163154602
-40.356468200683594
-21.29291343688965
-27.803552627563477
3.6429784297943115
48.50483322143555
-23.698637008666992
52.15066146850586
16.580522537231445
-22.61501121520996
16.484012603759766
9.842663764953613
-27.048812866210938
-1.9754422903060913
87.76338195800781
-12.734819412231445
-6.341310501098633
-18.11608123779297
-39.32929611206055
9.893546104431152
-2.2868263721466064
5.444779872894287
-32.717140197753906
-16.674488067626953
2.565272569656372
2.9355885982513428
46.159332275390625
-2.786297559738159
13.508166313171387
19.59768295288086
56.17089080810547
31.099653244018555
1.1377757787704468
73.08781433105469
-12.23238754272461
-12.4686861038208
87.58219146728516
-31.485885620117188
82.47731018066406
-28.388668060302734
-29.53216552734375
-23.589420318603516
20.184873580932617
-15.661643981933594
-0.8514283895492554
-15.216877937316895
11.967644691467285
-21.196775436401367
16.52004051208496
-21.304784774780273
2.1147732734680176
-2.9476258754730225
-38.10871124267578
-46.92698669433594
-15.818605422973633
-30.633609771728516
8.013300895690918
-33.703094482421875
-0.177423357963562
-2.861661195755005
19.201343536376953
-4.496445655822754
49.16232681274414
-4.655498027801514
54.382118225097656
-5.557696342468262
10.560447692871094
-21.072656631469727
0.8168900609016418
-2.951047658920288
31.987024307250977
-0.11904864758253098
-13.163045883178711
-57.882083892822266
-46.2545051574707
80.70941925048828
24.21898078918457
-15.392391204833984
-3.3090882301330566
-6.9827117919921875
24.959184646606445
31.70865821838379
-18.720703125
80.26870727539062
16.503873825073242
-6.601806163787842
8.4558687210083
8.66518783569336
31.47150993347168
-2.03006911277771
-4.269745826721191
-1.795317530632019
-37.30429458618164
48.82856750488281
-38.25975036621094
22.503856658935547
-6.785342693328857
7.170212268829346
-21.28534698486328
-2.3431904315948486
-13.135787010192871
-16.8957462310791
10.02025318145752
-0.7956366539001465
6.895908832550049
9.034346580505371
-15.463140487670898
43.320945739746094
-36.691768646240234
-66.31784057617188
-9.126996994018555
0.3432649075984955
1.6928129196166992
-17.356502532958984
-17.67971420288086
-10.818774223327637
11.302653312683105
13.895488739013672
68.7049560546875
-28.936477661132812
-8.696622848510742
-28.86897850036621
30.10884666442871
61.511940002441406
-2.7084224224090576
-20.59931755065918
5.187256813049316
13.004067420959473
23.05457878112793
5.997725963592529
1.3934229612350464
14.371847152709961
-12.211873054504395
5.567618370056152
-14.134138107299805
17.922395706176758
-11.974283218383789
2.2709014415740967
16.0694580078125
34.18598175048828
4.3467559814453125
-28.413612365722656
2.62304425239563
-31.89373779296875
-8.308882713317871
19.866836547851562
-7.431698322296143
17.935562133789062
34.008331298828125
-44.3167610168457
23.158262252807617
-32.07769775390625
29.775314331054688
24.92753028869629
19.377429962158203
17.430932998657227
3.136406660079956
-16.646167755126953
-4.755214214324951
-34.74664306640625
-24.103132247924805
-40.42305374145508
-13.191303253173828
-24.684263229370117
-20.309049606323242
8.965643882751465
25.784360885620117
-23.98358154296875
-32.584625244140625
29.6376953125
-7.103690147399902
22.002626419067383
39.7310905456543
-1.3290693759918213
-34.469112396240234
104.71134948730469
8.437555313110352
-11.528135299682617
-4.517181873321533
-2.184230089187622
-22.53875160217285
-7.795156478881836
134.79974365234375
-25.816448211669922
-8.192795753479004
30.470273971557617
-8.009766578674316
-25.011075973510742
-12.726085662841797
-6.40704870223999
11.598546981811523
2.6672234535217285
-16.78093147277832
-10.090627670288086
-32.6859130859375
7.689101219177246
-12.456920623779297
-16.469871520996094
-22.56045913696289
0.6538982391357422
-9.28460693359375
-12.435698509216309
-5.613137245178223
-29.00977897644043
13.39844036102295
-40.871036529541016
-48.140052795410156
-28.263309478759766
46.04512405395508
44.94171905517578
37.62738800048828
10.067963600158691
11.789918899536133
0.46306735277175903
0.6738740801811218
7.360632419586182
19.244487762451172
85.63321685791016
-21.430387496948242
-23.397920608520508
-38.952327728271484
-20.903743743896484
7.7232818603515625
24.273799896240234
-6.8780927658081055
10.00216293334961
18.409879684448242
16.51628875732422
8.632272720336914
32.29084777832031
-3.3742830753326416
-8.654000282287598
13.51622200012207
16.525354385375977
-7.746504783630371
-21.700681686401367
-9.371686935424805
-22.53525161743164
4.797051906585693
-33.06366729736328
49.90566635131836
-20.835308074951172
36.13821029663086
-33.966739654541016
-0.8894946575164795
-15.208844184875488
43.5391845703125
-10.052469253540039
-12.166098594665527
-17.03338623046875
17.407960891723633
0.542782187461853
-29.28660011291504
-12.422687530517578
-50.424888610839844
3.7953169345855713
-2.56109356880188
-42.62080764770508
5.000360012054443
5.820651531219482
-15.644867897033691
14.03009033203125
-0.842359721660614
-25.1419734954834
-29.347898483276367
6.4043288230896
-8.760170936584473
7.183953762054443
-13.481029510498047
-19.52020263671875
-29.63119125366211
47.81711196899414
17.094812393188477
3.773627758026123
4.152644634246826
2.5900304317474365
30.05742835998535
10.57076644897461
36.644657135009766
-1.0991441011428833
-0.3784850537776947
-20.713960647583008
-20.517311096191406
-0.9831961393356323
29.137678146362305
16.170833587646484
-1.6587672233581543
41.47433090209961
-8.002910614013672
-21.213422775268555
8.750699043273926
-8.479562759399414
8.747625350952148
4.662598133087158
5.695730209350586
-34.06208038330078
19.199522018432617
-21.386411666870117
-6.000682353973389
5.609583377838135
-14.206677436828613
-15.774072647094727
-63.086814880371094
-11.061147689819336
7.148108959197998
-10.491995811462402
-48.092079162597656
-18.8725643157959
-21.00876808166504
-17.82634735107422
4.5516510009765625
7.706126689910889
-0.040534112602472305
-37.55358123779297
-9.429689407348633
-8.184883117675781
44.686893463134766
-49.57368087768555
44.621971130371094
21.29494857788086
10.123479843139648
19.957599639892578
-35.93977355957031
-16.56060028076172
-10.115164756774902
-21.509180068969727
-16.229537963867188
45.54077911376953
41.24014663696289
76.26968383789062
-17.747886657714844
-3.3116395473480225
3.071664571762085
3.6913154125213623
-12.621768951416016
15.6251859664917
-0.5848751664161682
-18.212539672851562
-9.008439064025879
88.1350326538086
80.09519958496094
0.4000133275985718
-16.666135787963867
-0.43963977694511414
156.56396484375
-11.5652437210083
63.91636657714844
18.692346572875977
-8.189420700073242
30.95092010498047
-21.865314483642578
31.574663162231445
-7.889681816101074
12.492877006530762
-28.835023880004883
26.20538902282715
-32.6263313293457
8.564635276794434
102.93799591064453
-33.8626823425293
13.854504585266113
-6.872145175933838
13.772829055786133
37.42521667480469
-20.864988327026367
-39.6272087097168
-43.270423889160156
9.461386680603027
0.05964083597064018
29.324905395507812
31.229568481445312
23.527206420898438
32.74248123168945
-28.90346336364746
3.9566099643707275
-25.438034057617188
-6.235047817230225
-34.1015510559082
79.37612915039062
-8.164693832397461
-7.929790496826172
1.8806239366531372
55.88675308227539
-9.44364070892334
-5.690945148468018
24.338838577270508
1.9185320138931274
-10.361329078674316
-2.849942922592163
37.185646057128906
-22.202342987060547
-7.595651149749756
-21.012165069580078
14.089611053466797
-28.595176696777344
-18.383323669433594
-16.637897491455078
-14.889007568359375
37.124977111816406
14.877447128295898
0.22794762253761292
-22.653194427490234
20.869709014892578
-4.709994792938232
82.26870727539062
32.106929779052734
-39.773319244384766
-0.36337393522262573
-12.013633728027344
2.3861544132232666
-45.485435485839844
1.0436087846755981
-13.099886894226074
1.290515661239624
-5.492040157318115
68.71886444091797
-12.215058326721191
-8.601078033447266
-27.224483489990234
7.967330455780029
0.6105673313140869
-47.28409194946289
4.571685791015625
25.734642028808594
78.63152313232422
-1.6988317966461182
8.467815399169922
17.33380126953125
-8.89291763305664
-33.3637809753418
-0.9130017757415771
19.379911422729492
-12.950194358825684
18.65795135498047
29.775196075439453
-33.28926086425781
-15.954243659973145
-28.09025001525879
-9.16040325164795
-23.083938598632812
84.88177490234375
10.373920440673828
16.865114212036133
-52.741905212402344
6.767777919769287
0.15520711243152618
-6.071684837341309
-54.55634307861328
31.489944458007812
79.77582550048828
-5.032524585723877
-28.714580535888672
26.7276611328125
33.56035614013672
10.702080726623535
1.7836467027664185
-18.073850631713867
-4.967239856719971
10.755324363708496
10.903923988342285
37.047462463378906
-49.3783073425293
36.79181671142578
-47.33686828613281
-37.487247467041016
1.9587488174438477
-13.1064453125
-4.458293437957764
4.3797807693481445
-30.337806701660156
-6.744015216827393
-19.85159683227539
23.3031005859375
0.5822262167930603
-4.573916435241699
37.05619812011719
-29.37035369873047
-30.41624641418457
27.083520889282227
-31.47936248779297
132.50115966796875
-49.4492073059082
-0.4661969244480133
-12.459439277648926
40.42058563232422
29.12140655517578
-13.485698699951172
-21.72323989868164
-27.909290313720703
-29.367586135864258
-27.683040618896484
-2.1921939849853516
22.43972396850586
22.557357788085938
-12.780961036682129
-13.277771949768066
-16.890777587890625
-10.286959648132324
-29.412216186523438
-22.191709518432617
40.52460861206055
6.744147777557373
35.534385681152344
8.352670669555664
35.545082092285156
52.755516052246094
1.3228973150253296
4.672636985778809
37.54265213012695
-5.9829630851745605
56.84477996826172
-36.334163665771484
16.064302444458008
-11.261807441711426
-38.884307861328125
8.499577522277832
-11.906699180603027
-0.9866863489151001
-30.603084564208984
39.99698257446289
-9.558098793029785
33.46318054199219
288.75579833984375
-29.747413635253906
-10.819672584533691
47.111026763916016
-14.237159729003906
-21.5909423828125
31.938417434692383
-23.491004943847656
16.59406280517578
-1.7909612655639648
-31.7935733795166
87.79247283935547
21.290861129760742
-29.260709762573242
-0.69864821434021
-28.35368537902832
3.918210506439209
-4.223584175109863
10.69008731842041
-20.94225311279297
-21.89440155029297
52.97822189331055
40.79014587402344
-28.768457412719727
36.3515510559082
-32.07648468017578
-12.904648780822754
44.16630172729492
-11.29136848449707
-11.364701271057129
-1.8729757070541382
0.9834672808647156
2.1420373916625977
-12.803556442260742
-16.452362060546875
-36.92037582397461
9.213057518005371
47.251365661621094
-5.595559120178223
32.24610137939453
-51.782527923583984
59.34657287597656
4.603182792663574
69.55017852783203
-4.253657341003418
-28.355741500854492
0.5329666137695312
-2.3693909645080566
15.536652565002441
-11.108399391174316
106.53807067871094
-45.353328704833984
6.094367027282715
-10.417731285095215
-7.542308807373047
17.174564361572266
-38.33006286621094
13.367956161499023
-12.503681182861328
-25.72640037536621
22.77674674987793
12.83189868927002
0.4013078510761261
-42.05567932128906
103.62415313720703
-20.276905059814453
-21.89665985107422
-5.728009223937988
25.871871948242188
21.875776290893555
18.06204605102539
-19.34164047241211
125.21662902832031
-10.713738441467285
17.307214736938477
-14.103172302246094
-7.900028705596924
-14.166275978088379
14.318855285644531
-34.231903076171875
17.812498092651367
-39.236324310302734
49.36250686645508
-50.592803955078125
-12.591226577758789
4.657983303070068
1.27324378490448
35.13399887084961
6.9440083503723145
5.537745475769043
27.56028175354004
3.2579522132873535
50.0391845703125
11.345528602600098
-28.02840805053711
19.386051177978516
88.13287353515625
-8.906052589416504
13.022279739379883
37.517452239990234
-10.77538013458252
-36.28974533081055
21.539379119873047
117.78483581542969
-10.9705810546875
-30.026899337768555
-6.550202369689941
26.624515533447266
-3.7379777431488037
16.041086196899414
12.856402397155762
5.648836135864258
19.96177864074707
-20.646865844726562
19.59787368774414
56.57069396972656
-11.622393608093262
-17.44314193725586
192.8711395263672
-3.1496901512145996
-4.642452239990234
13.041622161865234
18.486894607543945
1.7512602806091309
31.02640724182129
-27.380817413330078
-24.86285972595215
-27.257898330688477
-19.386558532714844
34.034156799316406
63.297279357910156
9.855130195617676
-47.355228424072266
25.458086013793945
-5.402356147766113
6.511372089385986
9.259903907775879
-22.77814483642578
-2.3423523902893066
-43.777915954589844
13.866615295410156
21.1650390625
34.613037109375
-58.652896881103516
-48.78588104248047
22.09464454650879
-28.189926147460938
-19.629243850708008
48.995025634765625
-7.449801921844482
-19.54157066345215
164.0076904296875
2.431516647338867
6.909061908721924
11.573160171508789
-2.3651816844940186
5.3422746658325195
-39.940391540527344
-12.724363327026367
-25.2725772857666
-13.144853591918945
48.289859771728516
11.94811725616455
4.388904094696045
30.416444778442383
-35.24955749511719
10.557602882385254
-7.639002799987793
-5.382143020629883
-27.523822784423828
13.274229049682617
-12.829621315002441
-5.399903774261475
20.622251510620117
-15.386162757873535
-0.012660871259868145
-7.658050537109375
-17.785526275634766
-7.08583927154541
-2.921020984649658
39.063289642333984
117.03475189208984
-19.210710525512695
-19.743961334228516
-6.802956581115723
23.56596565246582
-2.088609218597412
-18.805744171142578
-11.222484588623047
6.318683624267578
50.50007247924805
-16.469804763793945
-2.2454702854156494
-48.92741775512695
1.625916838645935
-32.0565185546875
16.995384216308594
-5.997540473937988
-18.809768676757812
-5.278837203979492
-16.343624114990234
53.09036636352539
6.883175849914551
-12.45703411102295
5.557557582855225
3.3979296684265137
0.3525942862033844
34.641265869140625
7.108493328094482
0.49360883235931396
10.83983325958252
34.03102111816406
84.97711944580078
-20.900711059570312
9.975385665893555
-4.331366062164307
-15.002205848693848
82.41442108154297
-15.988150596618652
-38.089683532714844
60.72720718383789
-18.6926212310791
-25.068099975585938
-3.9401934146881104
25.222536087036133
18.458492279052734
27.579221725463867
-15.92655086517334
-11.141304969787598
-19.402324676513672
27.670730590820312
-21.782337188720703
45.90269470214844
-17.866304397583008
17.64481544494629
-17.7044677734375
8.142561912536621
37.17055892944336
-21.03895378112793
53.79031753540039
-15.201993942260742
-7.573512554168701
18.989498138427734
-0.30298301577568054
-26.923603057861328
20.299955368041992
34.78471755981445
-44.109779357910156
6.810967922210693
-15.312509536743164
-19.122303009033203
-39.051021575927734
14.799842834472656
-9.681049346923828
-7.451297283172607
-29.81836700439453
6.0072479248046875
-6.007465362548828
11.33839225769043
-42.67229461669922
4.175183296203613
-2.3689818382263184
-2.523973226547241
23.39160919189453
-15.494668006896973
-7.716141700744629
10.747302055358887
-11.910078048706055
43.46603775024414
-20.25973129272461
-13.754903793334961
15.46298885345459
-17.62405014038086
4.114711284637451
26.276874542236328
41.26398849487305
64.61808013916016
17.47032928466797
-17.734148025512695
21.151535034179688
-42.570655822753906
-20.23251724243164
-17.425853729248047
-3.0435073375701904
-13.490771293640137
-39.81757736206055
25.99783706665039
16.528383255004883
-1.726187825202942
-35.931522369384766
-9.948601722717285
6.401620864868164
20.292219161987305
54.089664459228516
-3.1370816230773926
-10.344940185546875
9.86856460571289
5.269703388214111
-18.572450637817383
-1.0883471965789795
12.726964950561523
-3.6198270320892334
13.817992210388184
-3.917693614959717
27.46179962158203
-18.21164321899414
-49.5645751953125
-3.0265660285949707
48.42760467529297
30.510194778442383
-8.12728500366211
8.772982597351074
15.654189109802246
15.960567474365234
8.166942596435547
-4.164091110229492
-41.55481719970703
18.902284622192383
-3.0045039653778076
-31.765060424804688
-28.232027053833008
-2.688728094100952
-19.51023292541504
-44.665428161621094
32.40336990356445
-14.517497062683105
5.991303443908691
-25.90304946899414
-18.027141571044922
-15.539441108703613
-5.874238014221191
5.079230308532715
24.546977996826172
-13.037954330444336
-7.16757869720459
-22.257219314575195
15.314048767089844
24.388626098632812
-1.3555865287780762
34.964420318603516
-1.1838281154632568
-14.710887908935547
63.387855529785156
-1.038787603378296
5.434231281280518
-25.995283126831055
-1.8226139545440674
11.985796928405762
-10.351645469665527
12.343966484069824
-5.162715911865234
-10.351826667785645
-35.755680084228516
-30.37710952758789
22.630474090576172
8.838298797607422
6.304536819458008
-41.40330505371094
-31.208967208862305
-11.472237586975098
64.15818786621094
-31.139644622802734
-19.63605308532715
-29.947616577148438
4.405699729919434
62.15029525756836
3.608273983001709
11.612253189086914
21.4401912689209
6.569738864898682
2.613359212875366
20.815488815307617
18.538576126098633
-29.611268997192383
-23.014812469482422
30.070405960083008
-27.283878326416016
41.36884689331055
0.4989381432533264
-8.947370529174805
15.061992645263672
47.751197814941406
16.471731185913086
-16.256364822387695
-0.2829439043998718
33.53449630737305
-16.983003616333008
94.37299346923828
18.627473831176758
-5.652618408203125
-12.47386360168457
38.523216247558594
-1.107991099357605
-17.63774299621582
35.02545928955078
15.727880477905273
5.7112016677856445
-16.955541610717773
26.43815040588379
-38.48597717285156
-26.744831085205078
-33.75048065185547
41.48506164550781
18.888866424560547
74.48900604248047
-7.836124420166016
3.9409539699554443
-31.154512405395508
-1.4393572807312012
-38.26070785522461
-22.471569061279297
15.146363258361816
-5.316539764404297
6.653852939605713
-29.64122772216797
9.703133583068848
-3.985442638397217
59.67261505126953
26.748998641967773
23.90765380859375
-0.1668674200773239
4.430936813354492
-18.18465232849121
25.350847244262695
-18.565996170043945
24.17023468017578
-13.11043930053711
-57.82151794433594
16.19965362548828
-16.66512680053711
11.471643447875977
-17.75937271118164
-14.254029273986816
0.8723770380020142
5.813941478729248
-5.312264442443848
-17.027902603149414
4.336812973022461
14.514433860778809
-45.55522537231445
-2.2362008094787598
47.778289794921875
-4.047382354736328
39.2691535949707
-3.3034777641296387
-28.674589157104492
-24.871864318847656
-23.064697265625
-8.262226104736328
-25.26584815979004
74.9885482788086
-7.891798496246338
-27.67384910583496
-25.431163787841797
19.546964645385742
-18.681806564331055
-3.3070473670959473
-21.30718421936035
27.619956970214844
-10.730538368225098
-4.708167552947998
12.888195991516113
-8.792450904846191
-11.338890075683594
11.638391494750977
27.34170150756836
-4.81360387802124
42.647010803222656
26.946033477783203
33.46262741088867
-35.30885696411133
-12.023073196411133
13.519457817077637
-1.8134121894836426
-4.884280204772949
28.504793167114258
-27.102336883544922
22.837928771972656
40.084537506103516
-16.092079162597656
-16.582077026367188
12.441343307495117
-0.060202788561582565
-56.50353240966797
46.946590423583984
24.965234756469727
-25.371315002441406
-16.65168571472168
-41.964500427246094
30.54589080810547
10.22708511352539
-15.962337493896484
-17.376657485961914
-42.27653503417969
8.82501220703125
30.455890655517578
-10.089617729187012
-11.768324851989746
-27.853622436523438
44.800506591796875
35.77835464477539
-25.565105438232422
81.50541687011719
-1.4014198780059814
72.97136688232422
4.433748245239258
-25.524751663208008
21.866012573242188
19.209125518798828
9.569360733032227
-4.112903594970703
14.71970272064209
5.955480575561523
-11.450984954833984
-31.391878128051758
-18.041213989257812
-12.369263648986816
24.128280639648438
-14.885842323303223
-36.922420501708984
-17.801298141479492
-7.843174457550049
-16.24262237548828
25.156085968017578
-25.875818252563477
31.889768600463867
10.163704872131348
-24.48648452758789
-8.271531105041504
14.686190605163574
48.722930908203125
-25.79669189453125
-44.602088928222656
-28.30478858947754
-20.625858306884766
-30.586688995361328
-28.9759464263916
-15.73304271697998
-8.94774341583252
-12.411065101623535
-4.628503322601318
-12.704623222351074
-12.323193550109863
10.412339210510254
36.52562713623047
40.13566970825195
2.0430102348327637
-42.183929443359375
-16.91935920715332
-10.835702896118164
-24.553932189941406
11.799745559692383
-8.80927848815918
-33.19986343383789
24.91170883178711
6.33154821395874
65.82832336425781
62.822444915771484
19.196861267089844
3.047687292098999
31.487613677978516
0.5577518939971924
1.4605779647827148
-42.36454772949219
-13.440810203552246
-20.29497718811035
7.545705795288086
-9.271288871765137
-23.39852523803711
-17.352500915527344
47.78173065185547
1.6600487232208252
9.168663024902344
-41.955726623535156
11.335367202758789
-9.20637035369873
6.212990760803223
8.555665969848633
14.780953407287598
3.2990307807922363
-33.93610763549805
-33.44599151611328
-30.598865509033203
-15.190705299377441
36.39191436767578
14.401225090026855
6.066936492919922
17.540016174316406
-17.580223083496094
18.92626953125
8.084400177001953
-11.114823341369629
19.268260955810547
-16.17540168762207
4.433539390563965
-17.451148986816406
-0.7144624590873718
23.998449325561523
-11.068748474121094
-3.490281105041504
-14.760079383850098
-16.889942169189453
-6.758550643920898
-11.70281982421875
12.1484956741333
-25.57198715209961
16.869972229003906
-48.54206466674805
13.427226066589355
-0.5370470285415649
-16.92042350769043
6.054411888122559
9.266828536987305
4.640524387359619
10.968047142028809
-18.38820457458496
2.649890184402466
-0.24635431170463562
0.4763145446777344
-25.556535720825195
7.785649299621582
36.26432418823242
-12.939698219299316
16.71630096435547
-27.47695541381836
14.90015983581543
65.00653076171875
1.1893997192382812
-0.4835498034954071
-22.811681747436523
31.604942321777344
-49.61532974243164
-38.72433090209961
-8.452313423156738
-1.1872516870498657
-18.151430130004883
-5.606682777404785
-30.961652755737305
-11.901688575744629
-39.98430633544922
0.8853253126144409
11.771698951721191
-47.23512268066406
-14.659538269042969
-31.76653289794922
14.065640449523926
-19.422452926635742
3.175424575805664
67.8848648071289
-20.38091278076172
-24.638212203979492
25.027132034301758
12.47568130493164
0.8911381363868713
-38.331478118896484
4.226521015167236
-5.895744800567627
44.72748565673828
15.689159393310547
-34.84821701049805
50.6028938293457
5.639786720275879
-3.7017247676849365
-35.7441291809082
26.357105255126953
93.17623901367188
-40.111167907714844
15.275236129760742
112.50823974609375
33.42770004272461
-5.261012077331543
-33.40544891357422
-17.68671226501465
26.311201095581055
-24.757408142089844
-50.09619903564453
21.675447463989258
-17.2833194732666
23.078853607177734
-40.67311096191406
-32.86174011230469
11.480216026306152
19.10159683227539
16.64863395690918
15.12026309967041
-18.536300659179688
-7.116885185241699
-6.590677261352539
-27.29010772705078
-1.5739874839782715
14.575968742370605
-23.273147583007812
-19.174915313720703
-36.330142974853516
-17.259098052978516
-24.25755500793457
-28.79663848876953
33.89769744873047
13.789628028869629
-20.981287002563477
107.69635009765625
6.541935920715332
44.06250762939453
19.1661434173584
-31.384563446044922
-36.60869598388672
-29.734729766845703
-28.993114471435547
7.999477863311768
-2.593505382537842
7.256097316741943
4.469368934631348
-19.234310150146484
28.55083656311035
-36.6497802734375
41.68305587768555
3.167449712753296
11.18226146697998
-15.048287391662598
16.822423934936523
5.524312496185303
-5.378195762634277
-7.229949474334717
-21.712072372436523
15.64892292022705
-19.653484344482422
37.797489166259766
-27.22042465209961
126.87322998046875
29.107749938964844
15.334961891174316
-29.58782196044922
3.656057834625244
-20.348798751831055
-15.642578125
0.6515082120895386
-27.02219581604004
19.953914642333984
-9.022538185119629
-0.5954558253288269
10.848341941833496
-18.779781341552734
53.52738952636719
-12.465243339538574
-41.82062530517578
2.0845727920532227
-19.904619216918945
-9.17772102355957
-21.234031677246094
48.755859375
28.385967254638672
-24.009462356567383
-9.015043258666992
-23.813352584838867
-2.533352851867676
50.506492614746094
-16.687788009643555
12.319971084594727
-26.34857749938965
3.241368293762207
4.578911304473877
-4.659239768981934
-27.290935516357422
-1.3789359331130981
-2.654545783996582
-33.91152572631836
-14.0568265914917
-5.154426097869873
6.456997394561768
-2.0890700817108154
-12.532003402709961
19.034318923950195
13.720948219299316
-21.71766471862793
26.657873153686523
25.112525939941406
-37.634925842285156
11.21728801727295
-37.10757064819336
26.70433235168457
-6.4917073249816895
-8.967192649841309
54.570709228515625
-19.723085403442383
-13.274765968322754
3.4545583724975586
9.174417495727539
-11.326592445373535
-15.409409523010254
-12.096353530883789
15.381965637207031
-13.105435371398926
-10.191102981567383
-14.001569747924805
17.33994483947754
-14.200774192810059
-2.2469544410705566
42.66912078857422
-33.58697509765625
-11.431288719177246
7.964240074157715
29.585954666137695
26.573328018188477
-0.7723463177680969
48.80215835571289
35.439971923828125
-26.508838653564453
-9.191458702087402
-38.97650909423828
-8.625702857971191
-22.8986873626709
-1.2780215740203857
-5.940896987915039
2.739717721939087
3.209012985229492
-11.869078636169434
23.916357040405273
-6.816807746887207
6.3360395431518555
4.15755558013916
36.35678482055664
-48.23384475708008
-40.03064727783203
39.573760986328125
-19.12017250061035
-20.28338623046875
13.88827896118164
-6.28380823135376
-7.767009735107422
39.26618957519531
7.267419338226318
27.321060180664062
-5.800044059753418
-24.620832443237305
48.457054138183594
9.934057235717773
19.039525985717773
20.402484893798828
-1.5041108131408691
2.228511333465576
5.310816287994385
64.61833953857422
20.378341674804688
13.024837493896484
-7.3702850341796875
10.23006820678711
-15.04515552520752
-4.79867696762085
22.91343879699707
-13.188346862792969
-38.55418395996094
54.33583068847656
-3.7148168087005615
-19.788618087768555
39.484310150146484
20.71421241760254
-17.79072380065918
-7.335453987121582
43.36544418334961
-9.195645332336426
-23.18320083618164
-13.275223731994629
4.747581958770752
-13.139849662780762
-7.567934036254883
-8.962839126586914
-28.03120231628418
3.5676167011260986
29.281129837036133
3.3692703247070312
-5.891399383544922
-21.117979049682617
29.963794708251953
14.858240127563477
18.733837127685547
-22.062524795532227
10.377466201782227
-8.295963287353516
-18.312028884887695
-60.026241302490234
-41.42462921142578
-17.634098052978516
-24.659971237182617
-24.130346298217773
24.840164184570312
-4.01393985748291
-2.978821039199829
9.877950668334961
-15.608832359313965
-6.301245212554932
12.277457237243652
-15.118391036987305
14.07928466796875
14.530670166015625
18.429288864135742
18.60239028930664
22.788652420043945
11.520915985107422
-29.49104881286621
-15.021059036254883
-18.791475296020508
14.240253448486328
71.05110931396484
-24.921648025512695
43.102867126464844
17.889461517333984
-5.011322975158691
-35.20625305175781
48.79463577270508
-27.262340545654297
-25.048866271972656
55.998252868652344
-13.57907772064209
18.452999114990234
-30.520570755004883
-20.664051055908203
14.114724159240723
0.6858886480331421
13.008524894714355
-0.04001220688223839
14.879980087280273
34.19583511352539
25.058778762817383
-28.411487579345703
40.881980895996094
22.76570701599121
-39.64498519897461
-19.83902931213379
4.175108432769775
-12.15589714050293
21.175884246826172
-1.5508219003677368
-24.502395629882812
-22.396848678588867
-21.026485443115234
-8.815471649169922
24.149564743041992
0.04443394020199776
33.050392150878906
18.534074783325195
-48.4987678527832
-18.30315399169922
11.027203559875488
-6.830593109130859
13.976478576660156
-19.7854061126709
10.782085418701172
-39.269561767578125
-9.60348129272461
11.164944648742676
-21.342891693115234
-24.147747039794922
1.4272007942199707
-17.349443435668945
-2.056264638900757
30.757068634033203
-18.362245559692383
24.97309112548828
-2.7619965076446533
33.0579833984375
-6.332583904266357
-6.2611494064331055
-20.8790225982666
12.907556533813477
14.473298072814941
18.851045608520508
9.477629661560059
-22.157812118530273
-9.755029678344727
-37.62110900878906
-3.2352776527404785
-3.153794288635254
-4.8795552253723145
-11.783402442932129
6.008893013000488
-35.76070022583008
22.48525619506836
-14.619153022766113
73.61875915527344
-9.048905372619629
27.18236541748047
45.435813903808594
33.09464645385742
-9.773453712463379
-43.05476379394531
-36.959014892578125
2.6985886096954346
-19.685440063476562
-48.20785140991211
8.676782608032227
2.2583484649658203
0.4370768964290619
12.423165321350098
7.278819561004639
37.92424774169922
