-52.010318756103516
-62.3960075378418
-64.83831024169922
-78.18319702148438
-72.0546875
-67.30638885498047
-72.33357238769531
-80.96502685546875
-86.1239242553711
-81.88078308105469
-76.46221923828125
-66.08897399902344
-70.07975006103516
-76.12890625
-74.3429183959961
-63.057960510253906
-67.30559539794922
-50.12394714355469
-79.12020111083984
-80.34957885742188
-73.6904525756836
-73.10005187988281
-66.38154602050781
-69.94237518310547
-72.5076904296875
-73.40943145751953
-73.39666748046875
-76.50213623046875
-66.87237548828125
-57.95325469970703
-74.5665512084961
-52.67222213745117
-69.07957458496094
-76.91348266601562
-78.3390884399414
-80.31355285644531
-64.51652526855469
-89.89872741699219
-71.29715728759766
-49.4486198425293
-77.0571517944336
-75.81028747558594
-73.36197662353516
-65.3279800415039
-60.649993896484375
-63.786312103271484
-51.302330017089844
-75.77873992919922
-80.89139556884766
-78.13220977783203
-85.00337982177734
-86.48309326171875
-54.744232177734375
-45.625614166259766
-80.96038055419922
-49.28318786621094
-59.3669548034668
-37.97697448730469
-69.2490463256836
-94.37774658203125
-78.99502563476562
-68.84735870361328
-57.08191680908203
-58.08784866333008
-66.33914947509766
-61.82926940917969
-53.02716064453125
-74.99352264404297
-69.00542449951172
-67.88451385498047
-62.20380783081055
-54.50029373168945
-71.46920013427734
-53.1186637878418
-78.7748031616211
-45.60498809814453
-69.80435180664062
-68.59854888916016
-69.4249496459961
-68.50843811035156
-64.61259460449219
-48.54623794555664
-59.59432601928711
-70.35511016845703
-62.22663879394531
-66.706787109375
-68.87989807128906
-63.88637924194336
-63.837379455566406
-61.6421012878418
-68.12203216552734
-58.072994232177734
-73.43675994873047
-44.6960334777832
-59.326114654541016
-51.25596237182617
-54.005489349365234
-42.42205810546875
-57.94184875488281
-52.00993728637695
-70.69116973876953
-77.08746337890625
-70.21194458007812
-58.70224380493164
-42.62990951538086
-44.062705993652344
-73.07373809814453
-68.45411682128906
-62.01067352294922
-45.802982330322266
-64.28875732421875
-47.254085540771484
-65.96636199951172
-67.94882202148438
-92.9677734375
-62.9775505065918
-64.45484924316406
-73.51405334472656
-54.35224914550781
-62.778594970703125
-52.1837272644043
-56.00279235839844
-57.53023147583008
-52.668983459472656
-43.75416946411133
-61.48136901855469
-95.02762603759766
-71.54756927490234
-53.86217498779297
-78.04437255859375
-67.71434783935547
-64.78923034667969
-56.54153060913086
-91.27610778808594
-58.43962860107422
-76.32435607910156
-69.2155532836914
-63.14250564575195
-62.799800872802734
-59.27101516723633
-66.36720275878906
-71.18762969970703
-60.86324691772461
-64.67447662353516
-51.35243606567383
-46.42924499511719
-81.48484802246094
-79.34442138671875
-71.94266510009766
-69.95919036865234
-69.20591735839844
-57.42073440551758
-62.06338119506836
-56.367244720458984
-75.6952896118164
-72.41236877441406
-59.70148468017578
-70.22486877441406
-42.178192138671875
-64.92522430419922
-58.20240783691406
-57.53965377807617
-86.98309326171875
-67.41339874267578
-72.84103393554688
-85.02206420898438
-66.44547271728516
-59.8784294128418
-64.50782012939453
-86.00151062011719
-66.18047332763672
-43.69846725463867
-63.616817474365234
-79.50553131103516
-67.60213470458984
-57.00501251220703
-62.63492202758789
-73.83137512207031
-74.37171936035156
-54.561241149902344
-63.14933395385742
-30.946779251098633
-63.077911376953125
-65.4544906616211
-69.70468139648438
-56.35942840576172
-59.973941802978516
-62.83442306518555
-64.09660339355469
-73.67716979980469
-65.29472351074219
-63.71653366088867
-81.243408203125
-75.3848876953125
-64.08533477783203
-64.1512680053711
-67.72863006591797
-50.809879302978516
-75.31652069091797
-60.27919006347656
-82.50487518310547
-85.63587188720703
-55.2165641784668
-72.9244613647461
-82.656005859375
-65.5165023803711
-75.9966812133789
-64.09373474121094
-65.20635223388672
-68.50700378417969
-82.92222595214844
-45.25631332397461
-80.66860961914062
-59.02952575683594
-49.9239387512207
-59.355648040771484
-73.0792007446289
-75.68245697021484
-67.6998291015625
-74.44647979736328
-63.40674591064453
-62.63327407836914
-62.78887176513672
-74.36311340332031
-60.159481048583984
-56.13764953613281
-70.19422149658203
-69.34626007080078
-65.52693176269531
-59.56186294555664
-75.31265258789062
-81.55647277832031
-59.3329963684082
-65.34741973876953
-69.9303207397461
-46.75230026245117
-47.62229919433594
-62.5678825378418
-56.90280532836914
-61.93450927734375
-51.65434646606445
-54.08850860595703
-55.12297439575195
-75.55147552490234
-72.72820281982422
-52.663719177246094
-75.25869750976562
-45.78504180908203
-68.1416015625
-60.12626266479492
-67.81060791015625
-68.85198211669922
-72.04615783691406
-80.54595947265625
-74.04813385009766
-69.31410217285156
-69.3364028930664
-48.133522033691406
-58.37819290161133
-48.87105941772461
-60.418514251708984
-57.34584045410156
-61.877201080322266
-64.65702819824219
-64.13479614257812
-47.59172058105469
-63.433040618896484
-41.36371612548828
-71.62088012695312
-54.71335983276367
-77.0955581665039
-63.573673248291016
-64.38493347167969
-66.51847839355469
-77.73175048828125
-78.79844665527344
-59.69102096557617
-64.62618255615234
-53.17308807373047
-45.74024963378906
-66.7936782836914
-70.29815673828125
-49.29975128173828
-66.70943450927734
-71.3478012084961
-37.35050964355469
-69.24386596679688
-69.36688995361328
-33.74115753173828
-49.710514068603516
-46.08000946044922
-52.56547164916992
-74.90636444091797
-50.45905685424805
-82.40361785888672
-73.10157012939453
-56.942569732666016
-58.347251892089844
-65.2680435180664
-71.70635986328125
-58.19694137573242
-57.55706787109375
-43.88520431518555
-83.84542846679688
-62.74953079223633
-67.29241180419922
-55.14590835571289
-67.21075439453125
-58.84164047241211
-53.481136322021484
-54.35912322998047
-54.71632766723633
-64.28482818603516
-44.908199310302734
-54.955047607421875
-44.73818588256836
-72.84913635253906
-70.06842803955078
-59.68689727783203
-61.04096603393555
-71.49026489257812
-52.40507125854492
-61.87041091918945
-66.53612518310547
-74.99483489990234
-72.87305450439453
-65.83073425292969
-56.88273239135742
-66.52204132080078
-64.15354919433594
-83.01001739501953
-56.75112533569336
-45.99755859375
-63.775726318359375
-77.99716186523438
-78.37010955810547
-67.84322357177734
-65.4970703125
-69.87783813476562
-53.139068603515625
-60.124454498291016
-61.726959228515625
-45.85066223144531
-53.49287033081055
-66.37973022460938
-56.773826599121094
-61.30940246582031
-57.29819869995117
-67.11588287353516
-76.61320495605469
-73.67316436767578
-58.30634307861328
-45.71788024902344
-72.52789306640625
-71.68663024902344
-73.42174530029297
-67.132080078125
-49.661258697509766
-62.607322692871094
-79.94499206542969
-64.86830139160156
-67.83910369873047
-70.07703399658203
-68.61377716064453
-68.01832580566406
-73.92535400390625
-48.65456771850586
-60.61783218383789
-61.68708038330078
-73.3476791381836
-69.87467193603516
-54.93827438354492
-51.682621002197266
-67.69181060791016
-60.29197311401367
-59.33280563354492
-47.26211929321289
-51.03400802612305
-54.44746780395508
-63.945064544677734
-57.65735626220703
-68.35157775878906
-86.26908874511719
-74.39772033691406
-60.17198944091797
-61.87190246582031
-51.4434814453125
-57.280677795410156
-37.2091064453125
-60.39725112915039
-63.82796096801758
-70.2415542602539
-60.830284118652344
-57.74624252319336
-59.850162506103516
-57.15257263183594
-73.94660949707031
-67.73699951171875
-67.62919616699219
-59.8648796081543
-67.04570007324219
-68.48590087890625
-59.69685363769531
-56.342769622802734
-67.7820816040039
-51.341468811035156
-60.29914855957031
-80.10540008544922
-61.7852783203125
-55.53474044799805
-72.803466796875
-75.2300033569336
-59.74445343017578
-77.19656372070312
-77.99979400634766
-58.65655517578125
-63.833499908447266
-63.021305084228516
-77.1174545288086
-50.18013000488281
-71.93765258789062
-51.52501678466797
-45.4915885925293
-67.98493957519531
-48.10443878173828
-63.074466705322266
-52.2036018371582
-52.35086441040039
-64.02220153808594
-64.53752899169922
-62.639991760253906
-72.07328033447266
-55.47968292236328
-79.61416625976562
-60.24849319458008
-66.43010711669922
-61.086326599121094
-53.91205978393555
-82.94194793701172
-78.03482818603516
-64.42909240722656
-75.92481994628906
-58.66587448120117
-57.60432434082031
-56.015289306640625
-91.01673889160156
-52.110286712646484
-51.967952728271484
-47.424903869628906
-34.669921875
-69.03099060058594
-66.96605682373047
-60.7956657409668
-54.495262145996094
-62.32688903808594
-72.8895492553711
-50.288265228271484
-61.72445297241211
-43.071754455566406
-52.637332916259766
-42.385536193847656
-58.90982437133789
-78.956298828125
-64.7801284790039
-62.91719436645508
-57.17123794555664
-47.475502014160156
-67.44546508789062
-60.58154296875
-60.52839660644531
-65.03933715820312
-48.38148880004883
-65.48130798339844
-66.54330444335938
-54.22310256958008
-56.86061096191406
-72.24080657958984
-61.182498931884766
-65.17291259765625
-76.04226684570312
-78.84017944335938
-61.78289794921875
-73.14256286621094
-71.3562240600586
-73.11579132080078
-57.97314453125
-65.43264770507812
-49.168701171875
-58.32252502441406
-82.16741180419922
-54.91592788696289
-61.417236328125
-53.043426513671875
-61.54743576049805
-68.76051330566406
-66.5272216796875
-77.38613891601562
-63.97549819946289
-74.78528594970703
-61.23434066772461
-40.20530700683594
-68.08733367919922
-58.318199157714844
-74.03282165527344
-60.23563766479492
-59.334999084472656
-46.33401107788086
-65.53988647460938
-56.10931396484375
-62.81099319458008
-75.52130889892578
-43.844642639160156
-63.37247085571289
-50.91013717651367
-61.74004364013672
-46.64655303955078
-62.10596466064453
-46.28596878051758
-62.27887725830078
-48.13875961303711
-50.09122848510742
-59.42595291137695
-63.98183822631836
-46.93442916870117
-50.908443450927734
-60.469383239746094
-65.04403686523438
-58.3781623840332
-39.38125228881836
-59.7813720703125
-87.03910827636719
-56.130252838134766
-68.7879867553711
-75.15343475341797
-59.35490417480469
-50.11014175415039
-66.74903869628906
-58.149112701416016
-65.67501068115234
-64.81668090820312
-66.99388885498047
-50.48359680175781
-56.799156188964844
-58.306129455566406
-78.90689086914062
-53.417659759521484
-48.14821243286133
-50.44846725463867
-61.283714294433594
-55.658782958984375
-53.27213668823242
-79.45878601074219
-65.49357604980469
-65.68521881103516
-47.682273864746094
-62.64012908935547
-87.54806518554688
-61.14823913574219
-72.88236999511719
-60.27902603149414
-68.60511016845703
-54.10653305053711
-55.22141647338867
-60.12622833251953
-73.97245788574219
-62.670318603515625
-45.62192153930664
-84.05839538574219
-44.20597839355469
-63.86161804199219
-69.67542266845703
-69.688720703125
-84.0710678100586
-68.80450439453125
-65.34974670410156
-61.01032638549805
-53.27857208251953
-52.36127853393555
-60.794681549072266
-46.51418685913086
-64.35712432861328
-48.536766052246094
-49.188045501708984
-78.75125122070312
-54.355796813964844
-54.84444808959961
-74.4991226196289
-53.94677734375
-66.21900177001953
-67.7309341430664
-72.547607421875
-62.40134811401367
-49.711753845214844
-61.274658203125
-52.965049743652344
-64.11302185058594
-64.16049194335938
-56.79121780395508
-45.937625885009766
-65.69751739501953
-62.62815475463867
-71.87022399902344
-40.85395812988281
-53.654544830322266
-61.959651947021484
-58.72575378417969
-61.25968933105469
-60.27388381958008
-65.96842193603516
-84.1400146484375
-62.45990753173828
-55.448238372802734
-75.05406188964844
-51.76729202270508
-71.76417541503906
-65.74685668945312
-61.435726165771484
-52.43488693237305
-60.935340881347656
-54.34523391723633
-69.38522338867188
-77.581298828125
-55.21790313720703
-45.846824645996094
-66.49610900878906
-64.870849609375
-84.57001495361328
-43.67781066894531
-85.77013397216797
-61.0296516418457
-50.3537483215332
-77.5676498413086
-53.163150787353516
-77.5553970336914
-65.396728515625
-58.845848083496094
-72.29204559326172
-46.202640533447266
-46.55821990966797
-56.260459899902344
-65.05016326904297
-61.386959075927734
-60.1550407409668
-51.57192611694336
-63.47657775878906
-64.86978912353516
-64.52787017822266
-54.40023422241211
-67.65281677246094
-83.4767074584961
-72.39570617675781
-75.9719009399414
-49.073516845703125
-57.20306396484375
-70.6767349243164
-66.83256530761719
-42.26719665527344
-71.95252990722656
-76.5820541381836
-61.85957336425781
-73.99347686767578
-68.21173858642578
-63.51849365234375
-68.15702056884766
-64.40735626220703
-61.092132568359375
-76.16783905029297
-71.29971313476562
-53.56523132324219
-74.55706787109375
-66.39936065673828
-56.92097473144531
-60.715999603271484
-74.39061737060547
-72.19605255126953
-64.57546997070312
-47.78513717651367
-50.29838943481445
-50.354774475097656
-60.03181076049805
-45.68838882446289
-42.11894226074219
-74.61090850830078
-46.02695083618164
-64.89379119873047
-72.85675048828125
-63.549217224121094
-60.80618667602539
-58.76923370361328
-55.05480194091797
-45.25771713256836
-46.012516021728516
-56.71630096435547
-84.1604995727539
-75.7290267944336
-74.99588012695312
-68.92680358886719
-66.4736328125
-74.06124114990234
-67.80848693847656
-74.7846908569336
-78.30181121826172
-48.5410041809082
-57.62070083618164
-43.99982833862305
-52.53754806518555
-40.93745040893555
-70.03176879882812
-75.80516815185547
-46.373844146728516
-82.25387573242188
-91.97395324707031
-65.54825592041016
-51.56831741333008
-67.7951431274414
-60.994781494140625
-67.62535858154297
-67.46837615966797
-65.13800048828125
-74.80017852783203
-76.78113555908203
-39.388607025146484
-60.19780349731445
-45.79463577270508
-57.293212890625
-60.52146911621094
-56.37120056152344
-63.322486877441406
-56.376747131347656
-57.67267608642578
-40.81592559814453
-60.197998046875
-61.45652770996094
-71.8757553100586
-66.75909423828125
-53.131229400634766
-64.61933898925781
-55.840484619140625
-61.605690002441406
-65.29976654052734
-66.63848876953125
-42.939483642578125
-71.94075775146484
-61.5763053894043
-76.48812103271484
-58.247623443603516
-43.062862396240234
-62.83539962768555
-66.72990417480469
-78.16168212890625
-75.09605407714844
-60.552452087402344
-48.42201614379883
-34.1641731262207
-79.29219818115234
-75.0855712890625
-46.516815185546875
-48.919307708740234
-53.27534866333008
-42.125282287597656
-58.32167434692383
-43.34613037109375
-51.68454360961914
-58.14317321777344
-57.126190185546875
-67.42218017578125
-51.37397766113281
-62.25556945800781
-59.37329864501953
-66.38409423828125
-69.62327575683594
-64.3222427368164
-53.06884765625
-57.37520217895508
-42.108428955078125
-72.20921325683594
-71.76780700683594
-72.5948715209961
-80.7519302368164
-70.88873291015625
-50.38383865356445
-67.8484878540039
-66.137451171875
-74.91926574707031
-66.72702026367188
-40.50149154663086
-55.60283279418945
-56.95358657836914
-59.193443298339844
-51.15715026855469
-58.228660583496094
-52.30177688598633
-66.64422607421875
-55.329689025878906
-68.9476547241211
-50.34616470336914
-68.2551498413086
-41.47763442993164
-79.00565338134766
-61.48346710205078
-58.809818267822266
-53.46635818481445
-56.172733306884766
-51.68532943725586
-51.97748565673828
-51.77511978149414
-49.67382049560547
-68.3637466430664
-46.46268081665039
-77.6117172241211
-48.124961853027344
-63.060150146484375
-66.70854187011719
-67.68946838378906
-60.070404052734375
-57.30198669433594
-65.67575073242188
-54.20795440673828
-76.24464416503906
-91.36538696289062
-48.53373718261719
-95.3924789428711
-84.38533020019531
-56.76357650756836
-52.39206314086914
-71.05091857910156
-67.59883880615234
-56.45064926147461
-77.39686584472656
-65.33140563964844
-60.341400146484375
-55.220916748046875
-56.15531539916992
-66.16546630859375
-49.234649658203125
-55.2075080871582
-73.18488311767578
-59.53147888183594
-70.5625
-69.6729507446289
-80.45503234863281
-67.81881713867188
-30.865497589111328
-67.8812255859375
-83.67398834228516
-58.46084213256836
-73.4184341430664
-79.98963165283203
-80.71194458007812
-69.34534454345703
-49.988922119140625
-64.96464538574219
-55.28858947753906
-52.709495544433594
-68.73422241210938
-60.695396423339844
-42.24066925048828
-60.64552688598633
-77.61090087890625
-64.30506896972656
-63.344261169433594
-76.3469467163086
-74.7358627319336
-43.63574981689453
-67.35757446289062
-56.398555755615234
-67.03096771240234
-72.94674682617188
-56.36185073852539
-37.28942108154297
-66.7087173461914
-59.02226638793945
-73.66712951660156
-70.43513488769531
-58.97794723510742
-78.74514770507812
-78.73133087158203
-64.9845962524414
-57.74348068237305
-55.603546142578125
-77.0528793334961
-60.359622955322266
-79.23773956298828
-58.727264404296875
-61.312747955322266
-70.16250610351562
-62.07563400268555
-36.65306854248047
-69.67037963867188
-58.80147171020508
-48.742164611816406
-43.205780029296875
-60.64384841918945
-46.63645935058594
-55.065486907958984
-70.71365356445312
-61.43213653564453
-59.784183502197266
-68.43214416503906
-46.99211502075195
-71.96517944335938
-67.42605590820312
-65.32064056396484
-68.24789428710938
-59.509944915771484
-68.24679565429688
-53.00917434692383
-52.70233917236328
-52.923954010009766
-47.1016960144043
-67.00682830810547
-69.29209899902344
-66.7926025390625
-71.8727035522461
-67.7779769897461
-74.85488891601562
-60.7312126159668
-44.692378997802734
-53.8407096862793
-47.40045166015625
-58.97891616821289
-60.762874603271484
-76.05743408203125
-61.00103759765625
-51.098636627197266
-51.33647537231445
-47.43571853637695
-63.37070846557617
-58.45713806152344
-60.77079391479492
-95.42133331298828
-66.03885650634766
-65.07478332519531
-71.5887680053711
-55.26148986816406
-56.47198486328125
-57.56498718261719
-53.443626403808594
-53.61391067504883
-59.16217803955078
-52.88951873779297
-56.50418472290039
-68.22045135498047
-70.80225372314453
-48.33924102783203
-48.17138671875
-65.44429779052734
-45.23351287841797
-78.11825561523438
-71.93963623046875
-76.22027587890625
-74.96556091308594
-82.76023864746094
-68.03539276123047
-53.37440490722656
-71.3110122680664
-71.81277465820312
-68.35665130615234
-53.229679107666016
-52.75621795654297
-61.72216033935547
-47.333038330078125
-80.69116973876953
-63.08100891113281
-58.249977111816406
-46.2641716003418
-67.34945678710938
-66.5512466430664
-57.4286994934082
-62.616851806640625
-81.8718032836914
-51.228755950927734
-64.73239135742188
-54.91824722290039
-50.73884963989258
-62.870460510253906
-83.56200408935547
-55.14619445800781
-53.36686325073242
-70.1815414428711
-89.71755981445312
-64.77718353271484
-68.89134979248047
-66.46533203125
-66.83475494384766
-66.48230743408203
-63.4398078918457
-58.041011810302734
-50.61150360107422
-67.88761901855469
-55.99776077270508
-67.4609375
-75.62576293945312
-49.13323974609375
-90.541748046875
-59.88385009765625
-61.98560333251953
-63.42382049560547
-56.46564865112305
-65.95965576171875
-68.35880279541016
-51.84024429321289
-52.144447326660156
-54.08344268798828
-51.6744384765625
-68.17059326171875
-54.7013053894043
-65.27677917480469
-72.7377700805664
-51.661407470703125
-58.16389846801758
-45.308101654052734
-69.46189880371094
-62.41664123535156
-59.910335540771484
-61.10739517211914
-43.17015075683594
-71.15482330322266
-62.875099182128906
-63.15769958496094
-65.37117767333984
-91.4057846069336
-83.06810760498047
-64.60957336425781
-70.7031021118164
-58.79491424560547
-63.13947296142578
-54.96155548095703
-55.279273986816406
-72.02864837646484
-59.44386291503906
-46.704017639160156
-58.02986526489258
-56.0102653503418
-53.93705368041992
-59.01810073852539
-59.72977828979492
-51.903900146484375
-62.49433135986328
-79.24125671386719
-57.461151123046875
-52.305015563964844
-64.9232406616211
-46.60266876220703
-59.003170013427734
-59.149654388427734
-79.7984848022461
-73.81512451171875
-49.5861930847168
-90.32581329345703
-51.89456558227539
-42.283939361572266
-62.833587646484375
-53.584712982177734
-54.52102279663086
-52.80086898803711
-71.15894317626953
-70.20051574707031
-49.0889778137207
-59.871376037597656
-56.44195556640625
-71.00263977050781
-62.52159118652344
-66.06372833251953
-62.54323959350586
-66.0155258178711
-57.07608413696289
-59.69168472290039
-49.83011245727539
-50.864322662353516
-41.157100677490234
-54.71167755126953
-53.091773986816406
-62.19441604614258
-64.09549713134766
-79.61621856689453
-55.27072525024414
-40.782264709472656
-47.777565002441406
-63.404815673828125
-71.49880981445312
-56.14329528808594
-66.06151580810547
-50.84553527832031
-51.80617904663086
-65.1906509399414
-58.94754409790039
-64.78581237792969
-43.698455810546875
-80.25774383544922
-57.80710220336914
-58.22597122192383
-62.29986572265625
-35.0858268737793
-51.85606002807617
-39.05382537841797
-37.83679962158203
-65.04936981201172
-68.38838195800781
-51.00558853149414
-58.7507438659668
-57.85682678222656
-54.422752380371094
-50.54682159423828
-61.944950103759766
-59.97278594970703
-74.0522232055664
-43.507476806640625
-62.50405502319336
-72.00843811035156
-52.16486740112305
-38.50830841064453
-46.985130310058594
-72.69976806640625
-56.464324951171875
-52.55349349975586
-58.500457763671875
-58.880001068115234
-59.5377311706543
-59.72882080078125
-62.83313751220703
-52.470985412597656
-61.97269821166992
-52.53092575073242
-59.294219970703125
-70.94058990478516
-63.671546936035156
-80.98589324951172
-64.5989761352539
-54.59199523925781
-66.89652252197266
-70.58435821533203
-57.6508903503418
-35.30890655517578
-37.43687438964844
-45.21544647216797
-51.965576171875
-71.30907440185547
-59.03696823120117
-58.86214065551758
-47.19791793823242
-42.71377182006836
-79.81769561767578
-54.46487808227539
-68.47926330566406
-49.2346305847168
-61.4289436340332
-39.20103454589844
-56.91962432861328
-48.948883056640625
-45.80931854248047
-37.0534553527832
-61.39967346191406
-44.1807975769043
-61.09627151489258
-70.21942138671875
-70.19127655029297
-34.67962646484375
-60.19588088989258
-52.824317932128906
-40.51072692871094
-63.55021286010742
-43.33802795410156
-41.97482681274414
-50.22142028808594
-60.9480094909668
-57.59294891357422
-67.28670501708984
-49.731563568115234
-54.969417572021484
-58.41917037963867
-82.24095153808594
-51.41385269165039
-60.55500793457031
-57.51359558105469
-77.95233917236328
-52.76188278198242
-47.512699127197266
-71.76195526123047
-57.13100051879883
-40.00425338745117
-52.18800735473633
-49.716495513916016
-55.63991928100586
-72.32901000976562
-51.8540153503418
-49.87952423095703
-52.336830139160156
-60.7302131652832
-52.57124328613281
-68.27010345458984
-53.566104888916016
-51.954750061035156
-53.95641326904297
-49.72003173828125
-51.60221862792969
-46.9743766784668
-59.22113800048828
-51.457420349121094
-59.077415466308594
-65.73619842529297
-65.70259094238281
-72.49394226074219
-57.64410400390625
-75.73052978515625
-60.97970199584961
-36.19411087036133
-64.4878921508789
-68.74714660644531
-51.354827880859375
-48.058311462402344
-56.390655517578125
-56.146240234375
-62.41495132446289
-64.15564727783203
-59.44784927368164
-70.23761749267578
-49.89057922363281
-52.99372482299805
-41.00419616699219
-57.77080535888672
-36.54472351074219
-44.92903518676758
-59.21017074584961
-59.5880241394043
-65.58100891113281
-59.38844299316406
-57.658477783203125
-65.28952026367188
-63.96323776245117
-52.79206085205078
-58.78752136230469
-46.61185836791992
-48.42824935913086
-68.99626922607422
-63.366214752197266
-54.57691955566406
-59.39653015136719
-46.21091842651367
-63.51921081542969
-62.91965866088867
-54.40458679199219
-72.53687286376953
-53.47175979614258
-89.10330963134766
-49.01499938964844
-65.58827209472656
-58.419960021972656
-80.51614379882812
-57.25377655029297
-72.30107116699219
-42.060997009277344
-62.649837493896484
-35.89618682861328
-69.36238861083984
-54.82065963745117
-82.25015258789062
-88.22822570800781
-66.94390869140625
-70.10438537597656
-52.55092239379883
-80.0755386352539
-52.686668395996094
-50.69234848022461
-48.37028121948242
-53.795719146728516
-53.35207748413086
-55.61830520629883
-67.62135314941406
-66.93485260009766
-60.056427001953125
-61.67504119873047
-53.235225677490234
-59.545772552490234
-42.377254486083984
-57.15793228149414
-73.31947326660156
-62.844032287597656
-60.32717514038086
-68.37333679199219
-59.86604309082031
-37.33623504638672
-69.01789093017578
-54.061988830566406
-65.18016052246094
-58.23357391357422
-52.35006332397461
-53.30347442626953
-71.4322280883789
-65.07585144042969
-62.224971771240234
-65.81230163574219
-58.89872360229492
-68.79496002197266
-66.13873291015625
-70.0892333984375
-53.102630615234375
-50.210296630859375
-56.93816375732422
-58.836647033691406
-52.84844970703125
-43.241180419921875
-67.96170043945312
-49.02277755737305
-54.58012008666992
-61.077003479003906
-68.50015258789062
-44.37125778198242
-41.698699951171875
-62.20149230957031
-55.558074951171875
-57.98625183105469
-63.928401947021484
-71.28732299804688
-45.35065460205078
-67.33305358886719
-68.34022521972656
-72.97404479980469
-67.89221954345703
-34.520057678222656
-28.85418128967285
-61.73158264160156
-63.23286819458008
-58.613983154296875
-73.8650131225586
-55.764686584472656
-38.90980529785156
-54.98565673828125
-62.1971435546875
-67.83960723876953
-50.028926849365234
-59.15776443481445
-64.83528137207031
-61.96738052368164
-67.47064971923828
-45.068973541259766
-56.20769119262695
-44.10640335083008
-58.91905975341797
-57.005653381347656
-42.15258026123047
-41.43565368652344
-60.85335922241211
-53.05992889404297
-50.226890563964844
-62.95051193237305
-59.517234802246094
-53.07304382324219
-32.28806686401367
-47.70165252685547
-59.73966598510742
-41.65743637084961
-59.71870040893555
-61.2990608215332
-55.29256057739258
-66.64328002929688
-40.66552734375
-57.48946762084961
-57.66352462768555
-73.10551452636719
-37.37395095825195
-52.542476654052734
-61.781341552734375
-55.99302291870117
-64.55474090576172
-59.995452880859375
-64.43606567382812
-62.4157600402832
-45.56474685668945
-57.92253494262695
-63.76956558227539
-79.4359130859375
-53.01322937011719
-77.92278289794922
-55.84778594970703
-79.82125091552734
-63.20928955078125
-74.60759735107422
-71.03147888183594
-60.19894790649414
-54.794673919677734
-59.72267150878906
-69.50797271728516
-53.53712463378906
-66.84803771972656
-58.350921630859375
-58.623531341552734
-68.14301300048828
-68.03568267822266
-59.233028411865234
-56.21406173706055
-71.6495590209961
-50.46535873413086
-49.855690002441406
-67.89456176757812
-48.859466552734375
-57.609130859375
-46.8175048828125
-52.90861892700195
-57.03709411621094
-77.50383758544922
-56.856075286865234
-58.76798629760742
-73.5200424194336
-63.70582962036133
-67.90818786621094
-76.45549011230469
-39.57798767089844
-60.039573669433594
-60.702720642089844
-32.767879486083984
-49.834529876708984
-60.61404037475586
-77.85266876220703
-84.8226089477539
-68.55353546142578
-48.878299713134766
-47.22047805786133
-66.04430389404297
-57.70368957519531
-64.28594207763672
-61.64931869506836
-57.06527328491211
-95.483154296875
-56.273590087890625
-58.779327392578125
-47.36973190307617
-58.48141860961914
-43.831851959228516
-47.959869384765625
-62.172122955322266
-52.999732971191406
-41.48777770996094
-41.03132629394531
-48.448734283447266
-54.583702087402344
-48.83905029296875
-55.27534484863281
-57.86457824707031
-36.98478317260742
-43.1502685546875
-37.44148254394531
-73.54730987548828
-47.423606872558594
-59.45760726928711
-72.42717742919922
-59.056766510009766
-46.17795944213867
-56.206153869628906
-63.21556854248047
-64.8934555053711
-74.42574310302734
-65.60762786865234
-55.89583969116211
-62.16555404663086
-55.144622802734375
-79.3839340209961
-61.79899215698242
-53.50189208984375
-40.619667053222656
-46.74529266357422
-72.33007049560547
-59.002567291259766
-63.6154899597168
-52.481529235839844
-59.02463912963867
-53.034461975097656
-75.0892562866211
-41.57237243652344
-52.51177215576172
-69.44099426269531
-58.46247100830078
-67.24059295654297
-66.49996948242188
-52.27469253540039
-67.78716278076172
-32.92411804199219
-69.511962890625
-73.33109283447266
-76.78114318847656
-64.84788513183594
-57.495948791503906
-52.191593170166016
-55.37995147705078
-63.79299545288086
-77.32100677490234
-46.0352897644043
-62.866939544677734
-56.19240951538086
-43.89250183105469
-69.35310363769531
-70.60589599609375
-70.75980377197266
-54.492897033691406
-41.5947380065918
-58.2872314453125
-35.91401290893555
-57.016361236572266
-68.10881042480469
-66.44867706298828
-57.291954040527344
-62.72852325439453
-65.53129577636719
-71.43983459472656
-57.95463180541992
-54.790611267089844
-52.78789520263672
-61.06996536254883
-77.02338409423828
-64.09444427490234
-52.45962905883789
-47.50242614746094
-76.63868713378906
-37.18349075317383
-63.43720245361328
-62.32089614868164
-54.257266998291016
-67.1636734008789
-40.30899429321289
-74.81631469726562
-51.657875061035156
-60.225250244140625
-69.51404571533203
-44.465476989746094
-61.4631233215332
-63.12033462524414
-43.292179107666016
-70.96726989746094
-54.670257568359375
-47.688167572021484
-51.10130310058594
-63.15044021606445
-59.90127182006836
-60.75651931762695
-31.263395309448242
-55.217918395996094
-56.703521728515625
-54.81271743774414
-64.30062866210938
-45.19489669799805
-41.90937423706055
-65.62593078613281
-69.64247131347656
-67.2626953125
-40.16943359375
-61.55028533935547
-68.78447723388672
-66.3558349609375
-54.30672836303711
-56.44965362548828
-55.359615325927734
-57.73057556152344
-58.763954162597656
-60.75494384765625
-55.48731994628906
-59.80147171020508
-59.13340377807617
-74.58978271484375
-62.81295394897461
-64.12816619873047
-63.393978118896484
-51.583404541015625
-57.48552703857422
-72.26690673828125
-36.13800811767578
-44.196842193603516
-62.42609405517578
-62.27913284301758
-68.6556167602539
-72.84893035888672
-64.24049377441406
-57.78275680541992
-47.09613037109375
-64.20407104492188
-60.78709411621094
-72.81930541992188
-49.22279357910156
-56.756046295166016
-50.1884765625
-60.47924041748047
-52.62310028076172
-62.30989456176758
-40.868282318115234
-44.7760009765625
-52.96726608276367
-52.21698760986328
-60.52979278564453
-52.514312744140625
-50.655452728271484
-49.5491828918457
-52.6920166015625
-56.84686279296875
-57.48655319213867
-45.8808479309082
-63.3444938659668
-63.58293914794922
-49.79311752319336
-55.078941345214844
-69.34393310546875
-69.4416732788086
-62.56264877319336
-70.89067840576172
-42.496253967285156
-54.14064407348633
-68.41263580322266
-65.43956756591797
-46.47947692871094
-51.21268081665039
-49.07197952270508
-57.90579605102539
-62.55614471435547
-76.3522720336914
-52.54264831542969
-75.85953521728516
-57.025917053222656
-55.90937423706055
-50.28963088989258
-67.11283874511719
-55.91420364379883
-63.28639221191406
-63.36629104614258
-62.572940826416016
-56.10874557495117
-43.866539001464844
-57.16168212890625
-73.71824645996094
-51.47294235229492
-47.48334503173828
-52.98176193237305
-47.572845458984375
-46.72992706298828
-61.160560607910156
-56.61088562011719
-52.39739990234375
-50.265716552734375
-68.47974395751953
-69.18388366699219
-68.64266967773438
-63.687171936035156
-59.88936233520508
-65.8653564453125
-66.35186767578125
-63.33357238769531
-76.2413330078125
-66.98304748535156
-64.66753387451172
-55.32401657104492
-69.72957611083984
-68.80584716796875
-56.192779541015625
-69.49372100830078
-60.402740478515625
-44.56599426269531
-46.328670501708984
-57.21305465698242
-79.7548828125
-45.52817153930664
-35.981258392333984
-63.793670654296875
-55.84376525878906
-66.92394256591797
-68.17330932617188
-57.35137939453125
-38.71009826660156
-49.92631912231445
-49.357635498046875
-55.9321403503418
-67.51829528808594
-56.417083740234375
-66.2076187133789
-70.65214538574219
-62.1468620300293
-39.555503845214844
-62.92517852783203
-61.32511520385742
-61.15127944946289
-60.94783401489258
-63.48897171020508
-88.9691390991211
-50.23193359375
-69.29497528076172
-58.852691650390625
-58.988563537597656
-56.119598388671875
-62.60029983520508
-53.880088806152344
-46.64628219604492
-70.35558319091797
-49.70734405517578
-44.50608825683594
-54.09284591674805
-55.5844841003418
-54.45536422729492
-44.52090835571289
-62.9065055847168
-63.299461364746094
-87.91339874267578
-58.880126953125
-59.68102264404297
-61.097259521484375
-61.6961784362793
-57.49508285522461
-52.19784164428711
-74.7528305053711
-56.22429656982422
-43.577613830566406
-70.49636840820312
-66.78540802001953
-38.84945297241211
-49.22993469238281
-72.66558074951172
-47.152442932128906
-68.9502944946289
-65.17733001708984
-49.219478607177734
-59.0855712890625
-39.15731430053711
-62.495079040527344
-63.16271209716797
-42.81829833984375
-53.376121520996094
-67.57791900634766
-60.77549743652344
-59.51675796508789
-73.89904022216797
-60.870262145996094
-65.083251953125
-37.590484619140625
-40.08793640136719
-59.30223083496094
-39.8494987487793
-53.500736236572266
-54.47582244873047
-54.889678955078125
-49.37654113769531
-47.04319381713867
-24.969207763671875
-57.78998947143555
-58.06037521362305
-48.21980667114258
-41.845481872558594
-70.57233428955078
-59.693729400634766
-63.05044174194336
-53.39759826660156
-63.875545501708984
-86.3520736694336
-53.955257415771484
-67.99144744873047
-67.12620544433594
-46.79222869873047
-55.8772087097168
-64.11804962158203
-57.1156120300293
-67.78167724609375
-62.70315933227539
-65.2204818725586
-56.361419677734375
-33.58705520629883
-76.02841186523438
-55.15098571777344
-69.66901397705078
-53.1065673828125
