19153.341521481558
18796.808640354317
17456.308640354317
20250.42151544376
17617.616079940915
18044.55020960034
17946.55020960034
18115.543667743186
18310.046372520475
16916.42377431305
17061.546372520475
17363.024135560834
17144.808640354317
17136.416996760592
16652.628573484217
18534.170283487467
17329.043667743186
17439.05020960034
16685.024135560834
16467.55020960034
15983.094074406023
17802.91775580847
15669.683251299315
16174.327458994836
17415.546372520475
16867.91775580847
15841.071774047949
15805.05020960034
16150.099887930393
18007.06417989076
15959.808640354317
16412.05595806372
18030.029550871877
17479.58829886043
16388.046372520475
16908.808640354317
18141.06417989076
20967.59988793038
17392.604763142645
16313.546372520475
17306.67469684358
19397.386462761348
17960.308640354317
18840.645654336902
17107.726399602983
16140.024135560836
16222.891294637682
18930.681540111756
18979.62413059597
16488.872279313415
17313.580502820376
16498.546396095335
17303.628573484217
17863.180905015404
16748.088155153877
16950.680905015404
16224.55020960034
17564.06039576118
17429.128573484217
17312.308640354317
17773.727835055022
17164.726399602983
16609.083297033987
15632.524135560836
19663.702780921532
16688.111144396054
17437.08608082751
17599.55020960034
16135.515629642912
16775.59988793038
19669.55020960034
16627.56417989076
19732.088155153877
18251.05020960034
17273.341521481558
17964.869788977983
18065.046372520475
19025.54424924203
18924.44182676186
19086.080502820376
19859.875849310723
18231.50193517212
16814.308640354317
18223.783415441543
17204.00088746247
17808.587323607968
16306.05020960034
20309.50088746247
18656.05020960034
19814.111144396054
19168.546372520475
18688.91775580847
16703.580502820376
19718.580502820376
18923.68298591596
16628.202780921532
19650.607354685417
18944.352209389275
19954.339933839437
18922.546372520475
17342.62813731591
17369.214288831816
17488.784701263332
18381.275801656102
16731.50088746247
19660.91775580847
17596.594086130164
18423.046372520475
17696.043667743186
22571.05020960034
19735.05020960034
18507.546372520475
18746.128573484217
17935.048965319227
19251.214288831816
19758.628573484217
18218.507624465474
17145.55020960034
18015.02291081039
18270.55020960034
18514.864591108115
18578.046372520475
19300.202780921532
18505.616079940915
19376.628573484217
20459.580502820376
18078.55020960034
19090.116079940915
17757.06417989076
16214.547903652596
20118.025175909297
19706.275801656102
18313.05020960034
17147.088155153877
18370.05020960034
18509.60178103263
18013.116079940915
19177.914792474887
18763.744623178987
17519.901644120535
18820.669269858397
21149.405608992194
18313.080502820376
16988.05618930248
16788.50088746247
16293.110327856919
19210.05020960034
18712.55020960034
19587.50289711303
18013.680905015404
17460.046372520475
17839.50088746247
18734.63732151574
18434.842111636124
18253.068940536283
17685.546372520475
18053.55020960034
17558.50088746247
17360.914590956883
16471.55020960034
16609.6252526066
17102.62128831056
19982.06417989076
18138.62413198243
17321.00088746247
19490.50088746247
18148.110327856917
17101.628573484217
18598.128573484217
16003.544084212259
17460.035295230235
18862.128573484217
18855.55020960034
18225.41775580847
15889.180523553183
16533.546372520475
15941.580502820385
17953.768624249977
18612.352389573374
17676.35848903271
16679.808640354317
17238.128573484217
17252.56417989076
17321.91775580847
17168.59988793038
18699.55020960034
18175.05020960034
16114.702780921534
16828.680905015404
17367.55020960034
17454.05020960034
18833.6252526066
18057.55020960034
17097.283415441543
17594.202780921532
16999.173535715796
18011.05020960034
15573.6692698584
18296.695162990272
16407.628573484217
16256.05020960034
16780.05020960034
18664.05020960034
17873.56417989076
16716.976107605224
17146.808640354317
18443.808640354317
17398.08557479022
18768.051066849013
17626.99460290398
16283.046372520475
17193.128573484217
16444.55020960034
18502.680905015404
17597.05020960034
19294.046372520475
18080.180905015404
18476.05020960034
17009.06039576118
16713.498821378114
17273.48734137028
17330.318491227412
16254.024135560836
17595.341521481558
17725.610327856917
18129.41407514763
16430.55020960034
18797.799496187363
17683.748357854303
16321.680905015408
18511.546372520475
19116.088155153877
17223.116079940915
17302.543667743186
18772.05020960034
16137.128573484219
16638.53684150333
19730.55020960034
18723.088155153877
18864.01434837126
18228.55020960034
18219.34600683238
17745.245082893296
16211.709274965016
18688.05020960034
18447.03761198137
17039.546372520475
17048.341521481558
18909.046372520475
16195.616079940915
19455.485966107397
17702.91775580847
19116.79332783972
17884.116079940915
20307.308640354317
18186.03057692817
17997.05020960034
16213.962920697779
16678.702780921532
15930.308640354317
15646.110327856919
18856.09988793038
16256.095086776357
16964.55020960034
15929.530662393752
18149.308640354317
17236.55020960034
17186.05020960034
16206.021263585968
16470.308640354317
19215.610327856917
17610.55020960034
18086.509017884437
16875.50088746247
16988.55020960034
17391.588155153877
17871.05020960034
17598.628573484217
18333.55020960034
17428.05020960034
17035.00088746247
17300.755050453397
15865.046372520475
19285.341521481558
17078.92151544376
17289.628573484217
18048.0293520362
18029.55020960034
17982.543667743186
16166.046372520475
17508.024135560834
17750.546372520475
15753.54366774319
16949.895034693156
15989.588155153875
18610.580502820376
16906.852209389275
16172.735491708561
16471.232082279552
16735.110327856917
15957.549108667065
17260.628573484217
18932.543667743186
17469.006481167606
17416.66086276669
15684.628573484219
18668.852209389275
15974.05020960034
19398.705800955282
17205.628573484217
16283.86865589455
15333.05020960034
16335.55020960034
17329.628573484217
18444.00088746247
17876.546372520475
16339.152038189106
16850.074277083055
19242.87376797
16480.55020960034
17730.341521481558
16539.546372520475
18338.41775580847
15929.149995935917
17460.379234555945
16984.341521481558
16598.341521481558
16031.024135560836
15982.199762625512
17448.610327856917
18160.00088746247
16047.046372520475
16215.932543598346
16017.628573484219
16075.624130595974
17428.55020960034
17466.808640354317
16608.128573484217
16106.55020960034
16796.745517095984
17299.53066239375
18763.05626322972
16077.128573484219
16304.161959784004
17519.55020960034
17201.628573484217
16934.94006962208
16777.588155153877
16654.628573484217
17325.4364355137
19523.546372520475
16447.178024487053
19029.588155153877
17292.948037285605
17209.656135232057
19268.603935374114
16467.05020960034
16001.128573484219
19591.046372520475
18134.788326496342
16636.841521481558
17730.128573484217
19594.043667743186
15666.546372520475
16496.111144396054
16696.34898440607
15785.046372520475
20067.55020960034
16871.308640354317
18359.06039576118
19657.05020960034
16124.840230982601
16728.11617480492
16981.55020960034
17272.50289711303
17696.524135560834
18029.128573484217
16218.619762156008
18607.55020960034
17595.580502820376
15507.046372520475
18392.758666467234
19203.628573484217
17128.55020960034
19027.438728920475
17983.58754369002
17226.024135560834
19174.55020960034
15999.05020960034
16258.918535524837
17715.128573484217
16728.41775580847
15927.046372520475
16211.50088746247
17752.210525371334
17976.08829886043
17557.180905015404
16475.628573484217
16936.841521481558
16843.05020960034
17286.499044223754
17695.05020960034
17415.55020960034
17282.046372520475
17282.546372520475
16317.088155153877
18141.55020960034
18174.05020960034
18322.55214948274
16684.60497856066
16331.628573484219
15902.71428883182
16313.715497191792
16537.088155153877
18075.55020960034
15844.05020960034
15570.564179890765
16929.5137397924
17403.123395183982
18391.05020960034
19313.55020960034
16448.389163611602
18371.04369578699
17777.47801139256
16340.580502820385
16281.50088746247
19213.543667743186
15872.41775580847
16983.128573484217
17149.05020960034
17764.55020960034
18101.55020960034
17604.308640354317
19736.18052156223
19783.05020960034
17612.852209389275
17048.776152427938
17573.891296632668
18992.701935026078
17490.53049540093
16116.715847928284
16315.724406895015
16950.775752655623
18386.05020960034
15876.571521343303
18362.110327856917
17809.545594784617
19644.41775580847
18608.546372520475
17644.852209389275
19345.72440689501
16409.088155153877
16034.071521343303
17876.051066848253
17317.024135560834
18847.808640354317
16388.51565124195
18909.55020960034
18332.05020960034
20432.566372452355
18765.046372520475
20364.046372520475
16979.128573484217
15633.564179890765
18338.59692939292
16141.628573484219
20047.55020960034
18941.128573484217
17934.433764987272
17463.20927496501
17350.588155153877
16651.308640354317
17780.50088746247
19295.046372520475
21077.221879678174
17875.435891193298
18923.438728920475
17111.327458994838
18716.229887224024
18312.080502820376
15962.73612364593
19561.580502820376
16661.046372520475
19462.171340101904
16317.252550994157
16389.670813289413
18180.557579962577
16898.080502820376
18727.91775580847
17269.546372520475
17862.128573484217
18783.55020960034
17305.05020960034
19133.760443359024
19868.22440689501
17912.05020960034
20181.05020960034
18033.341521481558
20532.05020960034
19825.234253892904
16671.610327856917
17650.546372520475
16802.590244391497
16962.227132246404
18248.251495347868
18642.783415441543
16314.588155153877
15421.160862766716
17907.55020960034
17582.55020960034
20069.046372520475
17334.91775580847
18102.013624089046
17853.55020960034
16417.879234555978
18749.224410286944
16880.588155153877
16671.088155153877
17406.318874034947
16615.841521481558
16982.55020960034
19759.29518769149
18568.00088746247
16073.83672089765
17425.525905277045
20709.046372520475
16896.808640354317
16314.55020960034
17833.546372520475
17298.232909475246
17255.128573484217
19327.308640354317
16983.791864574814
17171.206689504812
17614.05020960034
21416.546372520475
16523.128573484217
16474.060395761186
18941.308640354317
17883.370643478876
17850.128573484217
19319.569994981583
17085.808640354317
16305.024135560836
19712.546372520475
17866.885537160633
18830.046372520475
17084.546372520475
17336.50088746247
18619.56417989076
16845.55020960034
17480.41775580847
17224.55020960034
19106.664651585164
18919.05020960034
18060.088155153877
19591.588155153877
19419.55020960034
17914.1324561489
17721.546372520475
16628.56417989076
16525.088155153877
21577.841521481558
16839.85922322026
16370.128573484219
16997.55020960034
17827.628573484217
18249.226399602983
16921.128573484217
17298.088155153877
17097.68094991036
17934.12413198243
16451.080502820383
15127.55020960034
17634.55020960034
17927.585815106355
16680.78628845294
16652.584198889912
16743.40580017118
17108.879234555974
17358.214288831816
16834.601781032758
18653.080502820376
17598.06417989076
17757.493296791476
16355.882269242047
17216.128573484217
17432.91941146524
19068.953944893983
18335.546372520475
17110.05020960034
17308.55020960034
16300.536971796286
18464.618062648486
17225.727132246404
16792.046372520475
17814.926505858013
16431.524135560834
17270.546372520475
17310.05020960034
16995.308846573025
17402.3724116859
16924.852209389275
18702.50944536094
18165.680905015404
18171.85217352344
18792.633622864018
17588.61730849887
18555.046372520475
16551.359864838418
14790.110327856919
16608.590244392715
18269.06417989076
18323.110327856917
15146.792387918582
16752.702780921532
16119.564179890765
16066.515629642912
19093.546372520475
16552.55020960034
19280.55020960034
18306.06417989076
16004.451464869153
16625.05020960034
16617.31280857233
20873.76171959648
17541.612274047002
17486.702780921532
16071.661959784004
16871.046372520475
17178.402354124853
17700.206689504812
18334.546372520475
18651.76639383592
16616.55020960034
19757.07001260442
16277.550679443224
18075.59988793038
19443.55020960034
15527.5871377512
17794.341521481558
19063.343887112074
16875.546372520475
17456.128573484217
17848.05020960034
17187.56039576118
17322.56039576118
17187.543667743186
18198.35995892438
17815.879066622678
18106.024127415523
17965.09984533771
16538.308640354317
17495.953944893983
17478.55020960034
17889.55020960034
16353.55020960034
16136.055363556958
16181.064179890765
16828.543667743186
16236.943482277642
16917.55020960034
16546.06039576118
18558.55020960034
16220.680905015408
17257.341521481558
16833.37376797
16709.771086650653
18879.069248781092
18871.05020960034
16927.55020960034
15607.137395919144
15426.308640354317
17959.046372520475
19490.580502820376
15919.55020960034
18510.50088746247
16029.560395761184
17300.41775580847
16023.546372520475
15193.128573484219
18377.55020960034
16267.841521481561
17652.56417989076
17413.05020960034
17002.55020960034
17090.580502820376
16775.112270471145
15816.586080827523
15981.05020960034
16832.308640354317
17158.798580079863
17107.78628845294
17244.30267410298
17808.693803251303
16171.7758016561
16880.046372520475
16526.152895922136
16619.91407514763
19307.202780921532
16382.555953929634
17888.180923739255
19633.235525576758
19662.97877020952
17426.734253892904
16653.90579195566
16104.907558804964
17611.128573484217
17283.66086276669
17299.00289711303
17252.726399600164
18588.202780921532
16949.55020960034
17507.714288831816
15829.628573484219
18324.55020960034
15313.046372520475
16510.05020960034
18588.088155153877
15513.278617775772
17162.110327856917
17005.628573484217
18153.487341370273
17297.734253892904
16503.05020960034
17532.58242155963
16130.087516163296
16856.658556112827
16864.180905015404
18809.50088746247
16006.580502820385
17463.016273160014
16603.05020960034
18206.55020960034
16529.610327856917
16613.661439292933
16604.320676973868
16548.50088746247
18378.61730849887
16923.546372520475
15655.082282900945
17568.05020960034
15788.55020960034
16580.725549577164
16420.05020960034
17126.68530262267
16206.546372520475
16738.128573484217
16785.55020960034
16105.546372520475
18683.05020960034
18270.031445433287
19751.628573484217
15885.080502820385
19171.41775580847
19581.05020960034
16010.116079940915
16826.546372520475
17688.53057692817
17189.088155153877
16475.564179890764
15315.72318918921
19089.54424924203
19733.392597056463
16224.308640354317
15784.628573484219
16374.746079027967
15362.03197549884
16196.909443466338
16484.72704567638
16193.041106500901
18172.879234555945
16364.610327856919
16329.546372520475
17426.55020960034
17071.080502820376
16151.003079459373
16248.68693875511
17988.580502820376
16493.137783520957
15046.554186376989
16157.885537160635
18450.05020960034
17863.91775580847
16926.543667743186
17650.236591996287
17126.793938430914
15391.128573484219
16251.55020960034
18686.15271322399
17926.610327856917
19444.43147022278
17084.56417989076
17902.33711976391
16628.55020960034
16293.308640354317
16906.91775580847
15570.55020960034
18324.128573484217
18414.41775580847
16835.66327528744
16554.308640354317
18127.05020960034
18218.194346306773
17287.318874034947
17264.563076137485
17843.584646533905
17470.116079940915
18839.62413198243
18671.05020960034
16611.244623179
16653.191899120797
17912.88602824128
17531.628573484217
18600.915780615247
17466.891296632668
17030.128573484217
18589.55020960034
18864.04885959585
19007.779190314744
17469.56417989076
17218.55020960034
16498.05020960034
17158.06417989076
16061.744623179
16122.05020960034
16885.50088746247
18338.23630300313
19276.546372520475
18210.025905277045
18367.3200281652
18342.05020960034
16295.05020960034
18444.10960810023
19609.56417989076
16617.08127885065
17265.05020960034
17408.983429716114
16392.546372520475
18465.308640354317
16717.00088746247
17317.60499105228
16628.102125124038
19546.088298861276
19406.63563446698
18520.964609809624
17515.234253892904
16820.55020960034
18405.91843798383
18287.702780921532
19571.00088746247
17585.66327528744
17893.05020960034
18000.41775580847
18062.55020960034
17301.852209389275
16390.580023996314
17005.55020960034
16678.162586278926
19835.55020960034
16117.628573484219
17589.44182676186
17987.05020960034
16367.569095663577
17688.55020960034
16963.179264345334
16744.89129463768
18128.734253892904
16949.628573484217
17426.55020960034
16521.05020960034
16023.05020960034
17669.352209389275
17758.852209389275
18438.457961715743
16938.628573484217
17786.55020960034
16854.517859649804
19063.508624859576
16177.53747153572
16437.175919604637
17164.55020960034
15896.736591996296
16659.36360930561
17619.53592467342
17713.939693590535
16762.00088746247
17779.05020960034
16491.524135560834
16999.565059673838
18315.56039576118
17741.74125328099
18409.80995951218
19150.05020960034
18198.128573484217
17679.852209389275
17292.080502820376
17290.628573484217
17960.55020960034
16965.352209389275
16968.05020960034
16034.61815616026
17517.128573484217
17136.546372520475
16488.346858507775
17649.628785506367
18760.748833286998
19235.00598489129
17131.546372520475
16885.734253892904
18383.855881811556
18440.628573484217
18693.58557479022
20041.060949568397
16855.05020960034
18315.099534142584
18762.132138547753
17691.628573484217
17448.775801656102
19112.05020960034
19285.2264058517
17635.524135560834
19166.0030031692
18132.116079940915
17045.024135560834
18097.55020960034
16680.202780921532
19918.586505102543
18826.05020960034
17849.241323558657
18757.55020960034
20125.76354750663
18457.05020960034
21014.55020960034
15880.080502820385
17668.484574849535
19265.012637629494
19269.546372520475
16600.046372520475
16829.046372520475
19892.55020960034
17460.702780921532
17007.030702190405
16514.852209389283
17479.580502820376
19035.6030117986
18685.697932298004
16390.55020960034
16511.128573484217
17632.546372520475
18884.046372520475
16440.081776490893
16898.128573484217
16787.308640354317
17336.56934273665
17667.046372520475
19289.116079940915
16735.308640354317
16528.64312267725
17273.510806422662
18802.088155153877
17857.628573484217
20051.410937593464
16172.580502820385
18933.05020960034
16818.05020960034
19136.818874034947
16403.55020960034
17709.680523553176
19739.55020960034
19619.68146055881
17164.79958301376
16693.128573484217
18872.546372520475
18211.588155153877
18971.05020960034
17456.05020960034
20346.112274047002
16775.41775580847
18232.55020960034
16789.524135560834
15601.546372520475
17644.524135560834
17060.55020960034
15813.546372520475
17041.05020960034
18134.359484225533
16219.024135560836
16704.91775580847
19945.143122677247
17080.308640354317
18290.180905015404
16481.308640354317
15197.841521481561
17596.080502820376
17184.87376797
16484.308640354317
17842.046372520475
16484.05020960034
15858.628573484219
17373.25255099415
17871.56417989076
18706.05020960034
17616.41775580847
16486.50175536318
18945.775801656102
17027.06417989076
17697.978980382697
17076.06417989076
17282.628573484217
16418.116079940915
15724.693024461636
16156.96585800931
17151.56417989076
15838.05020960034
17107.05020960034
16328.095984455793
20334.55020960034
17232.00088746247
15827.046013800811
16664.128573484217
20881.06039576118
16714.158557760544
17310.05020960034
18619.55020960034
20311.046372520475
19537.080502820376
16268.382269242047
17101.308640354317
20321.202780921532
16609.128573484217
15157.524135560836
16128.05020960034
17760.046372520475
18954.94006963489
17863.571399291886
15928.01014363163
17567.628573484217
17277.12413198243
16957.671340101904
16844.308640354317
16357.631815183251
18087.088155153877
15792.613460283617
17599.546372520475
17437.13001831219
16257.088155153877
18667.628573484217
17848.94006963489
17100.819091308735
16741.848805585956
16618.91775580847
18465.592241489685
16490.546372520475
15933.161211009334
16393.046372520475
16600.05020960034
17441.610327856917
16752.341521481558
17396.952667537273
17229.05020960034
17575.05020960034
17279.55020960034
17667.046372520475
16661.128573484217
17155.046372520475
16680.90307919535
18171.05020960034
18000.05020960034
16564.03066239375
17354.080502820376
16342.680905015408
17131.088155153877
19079.11617480492
18941.628573484217
15380.628573484219
17078.558958949317
19079.04544942242
16233.116079940915
16440.808640354317
16863.628573484217
18550.551066849013
15909.54366774319
17403.046372520475
16121.360558108543
15298.393912514728
17327.128573484217
16549.55020960034
16197.080502820385
17788.535295230235
18568.38106310874
16912.393462651195
18286.02995060255
16648.046372520475
17740.82614484041
18185.66167213781
16329.35220938928
17330.128573484217
16682.128573484217
16980.29563544616
17296.7058009541
16116.05020960034
15702.024135560836
17480.628573484217
16659.588155153877
15887.782242459423
15999.7758016561
17422.546372520475
16227.27982710686
16273.318874034947
17274.669269858397
17011.41775580847
17748.546372520475
16379.91775580847
19642.706689504812
17239.024135560834
19875.05020960034
17385.158054816267
17379.91775580847
16412.128573484217
16192.286288452939
19299.538149847405
17361.05020960034
19463.55020960034
17187.128573484217
17861.00088746247
18029.41775580847
16505.04089824342
16618.670283487474
17606.628573484217
19209.579219296804
16641.26422451413
18023.628573484217
17795.791514539567
16135.146130247833
16872.546372520475
16355.948521430668
17919.08829698522
16602.110327856917
16843.628573484217
16794.05020960034
17783.98734136925
17675.05020960034
17404.290871173867
16541.360541170983
16482.588155153877
16937.56417989076
18288.06417989076
17586.05020960034
18253.546372520475
16508.546372520475
17608.546372520475
16859.90811803726
16616.41458364484
16213.628573484219
18149.55020960034
19177.313603590865
18948.15203962119
16874.616079940915
17924.628573484217
18384.046372520475
16177.15855611283
17967.111144396054
16722.046372520475
18449.56417989076
19179.308640354317
18296.616079940915
15435.4653908448
17081.128573484217
16330.286288452939
17504.05020960034
18200.128573484217
16025.088155153877
16442.128573484217
16848.00088746247
17656.128573484217
17888.05020960034
16963.86865589455
17789.043667743186
17445.341521481558
16368.818874034947
18540.55020960034
16933.588155153877
16756.092927181366
16153.046372520475
18748.05020960034
15504.55020960034
16236.00088746247
18861.680905015404
17394.78320958169
18094.05020960034
16027.088155153877
18977.132137148503
17356.043667743186
16895.128573484217
16294.762562742604
16512.628573484217
19235.55020960034
16388.524135560838
18153.546372520475
18186.435286700245
17699.128573484217
16146.109317115632
16733.55020960034
17308.72398757606
16016.826202808013
16526.808640354317
17751.05020960034
18571.05020960034
18251.443253515812
17270.775801656102
16437.150850737824
17578.812666108537
18190.128573484217
16759.18093775805
16273.080502820385
17211.116079940915
18417.675128351795
17564.54700195067
15355.042781632685
17291.3791248281
18218.5509808245
16784.043667743186
16289.543333912452
17357.289190528085
18775.046372520475
16793.55020960034
16493.046372520475
15581.628573484219
18451.110327856917
17857.06417989076
17951.588155153877
17073.593463995414
15167.808640354317
15925.110327856919
16614.979569788422
19080.543667743186
16713.706689504812
18624.088155153877
17385.55020960034
17427.852209389275
14735.00088746247
17343.832832664055
18571.043751830162
16406.037975654574
15743.405710226325
17942.841521481558
18082.05020960034
18441.628573484217
17358.55020960034
18902.02158671034
15697.05020960034
16469.852209389283
17971.697481521835
15750.202780921534
17167.88229700335
21257.06417989076
18557.743151418188
17003.046372520475
17052.55020960034
17423.55020960034
16776.521171412718
16778.720659549348
19226.308640354317
17961.55020960034
17239.546372520475
16116.00088746247
18275.578369361345
17046.546372520475
18015.524135560834
18789.487341370273
17921.610327856917
16741.546372520475
17602.110327856917
17405.00088746247
16212.05020960034
19323.128573484217
15875.26195699472
15786.548960211623
17239.628573484217
16816.616079940915
16533.024135560834
15851.749012623142
16738.05020960034
17073.291218675837
16268.239032238806
15446.91775580847
17047.05020960034
18856.688547604448
16651.862723879785
17941.080502820376
16134.41775580847
17533.55020960034
18153.275801656102
17277.180905015404
17353.55020960034
16399.364591108126
17178.046372520475
18224.046372520475
18082.06039576118
16745.088155153877
15683.546372520475
17421.175564783473
17474.58557478939
16797.628573484217
16562.341521481565
16235.586579398452
16725.665632965665
20352.046372520475
15974.341521481561
17817.046372520475
17071.080502820376
15365.024135560836
15401.128573484219
15803.640689207652
19020.128573484217
18870.080502820376
17749.046372520475
17260.06039576118
15344.508958207169
15249.274128020852
17765.568957839932
16447.77490409778
16010.55020960034
17831.55020960034
17591.571399291886
14741.35220938928
16485.628573484217
17016.341521481558
15914.109849165214
16781.775801656102
18463.195326450867
18093.610327856917
17926.41775580847
16126.23425389291
16696.628573484217
17951.05020960034
16774.256460363973
15484.687962211652
16426.034785990854
16173.114565775422
16346.91775580847
16775.360934601988
20685.55020960034
16332.05020960034
16808.341521481558
15911.55020960034
16901.06417989076
16102.524127415529
16008.841521481561
16677.05020960034
17888.98734136925
19351.128573484217
16929.81714888764
17267.517859649804
15705.560395761184
16776.024135560834
18723.05020960034
17187.162586278904
16248.128573484219
16822.12413198243
17630.046372520475
17105.55020960034
18539.55020960034
15478.128573484219
15174.538967595396
16803.588155153877
18823.066372452355
18163.953944893983
16750.4813570464
15799.91775580847
16483.546372520475
16064.202780921534
19096.09203493084
19669.628573484217
18057.628573484217
16313.808640354317
16840.0156296429
17280.628573484217
17510.143122677247
16113.286288452939
16505.71428883182
17195.546372520475
16965.572873931113
18961.128573484217
17433.55020960034
18232.05020960034
16997.943253515812
17546.05020960034
16402.00088746247
15461.562011017126
17965.046372520475
16868.55020960034
17620.05020960034
16140.524135560836
16482.530495400933
16527.55020960034
17678.2026709022
19125.09697052913
18915.341521481558
16339.979294378456
16729.024135560834
18010.580502820376
17116.128573484217
18639.05020960034
17240.06039576118
17827.524135560834
17214.588155153877
17366.341521481558
19462.05020960034
16346.112860511239
17126.308640354317
17826.41843798383
16906.56417989076
18162.98780369648
19476.128573484217
16804.546372520475
16374.839448625447
18456.55020960034
16739.18093775805
19770.128573484217
16730.453944893983
16803.892575302292
15895.571521343303
16442.583846799513
17148.543667743186
16665.18221017899
17380.05020960034
17064.55020960034
17240.852209389275
17413.113419024194
17560.072873931113
16471.00188132903
16811.620352560414
17736.588155153877
16741.00088746247
16981.291204178386
17329.389457806257
17519.841521481558
15804.524135560836
17521.05020960034
15968.680907993203
16393.84152148156
17713.57140692127
16342.85220938928
17772.55020960034
17096.308640354317
17791.128573484217
18467.55020960034
17067.046372520475
19459.714288831816
17494.352209389275
16990.024135560834
16942.519304735448
18769.588155153877
16626.05020960034
17122.588298861276
16700.885127906768
17545.056398845132
16787.954497986582
16082.080502820385
17244.852209389275
17682.985966107397
15599.588155153877
16103.55020960034
17795.05020960034
17393.128573484217
16962.116079940915
16302.061438069033
18070.05020960034
16700.661959784004
16687.67365006628
17279.55020960034
17084.808640354317
16399.128573484217
16622.354343721327
17756.580502820376
16738.628573484217
18931.92330827415
17009.726465540483
17207.808640354317
17884.299968735257
16590.808640354317
17141.847330187833
16882.841521481558
17733.55020960034
17302.05020960034
19550.043667743186
17020.312169387285
17267.55020960034
16443.308640354317
17906.55020960034
16120.727313267664
19028.55020960034
17738.91775580847
16731.628573484217
16550.80054215412
16841.55020960034
16337.55020960034
15614.128573484219
15621.628573484219
18343.05020960034
17097.05020960034
19006.226399600164
15871.060395761184
16340.217770727106
17395.55020960034
16458.05020960034
16563.73425389291
15549.827458994836
19207.39721325047
17059.50088746247
17825.91775580847
15882.55020960034
19767.60960810023
16682.046372520475
20004.05020960034
17138.55020960034
19461.546372520475
16513.603935374118
16093.128573484219
17137.524135560834
16542.206689504816
16310.55020960034
16330.05020960034
15884.05020960034
16996.046372520475
16577.55020960034
16041.680905015408
15054.308640354317
18086.308640354317
15722.55020960034
17637.08149415525
17018.695680248282
17703.06417989076
16275.546372520475
16645.308640354317
16898.116079940915
18316.080502820376
17305.546372520475
18623.855283191562
17071.05020960034
17410.808640354317
16518.046372520475
17272.517154848327
16602.610327856917
18209.061175439278
16716.052220763766
16993.58393137267
17267.170283487467
18263.546372520475
17050.62413198243
15462.05020960034
17183.046372520475
17196.628573484217
16452.306776229423
17416.756645391575
16228.05020960034
17510.05020960034
15199.536887255183
17602.628573484217
17416.551066849013
18589.024129918642
16774.50088746247
16438.00088746247
16590.124535055344
17436.110327856917
17422.214288831816
17867.546372520475
17601.50088746247
16503.030495400933
16353.05020960034
16862.680905015404
17110.55020960034
17087.046372520475
17748.819515554034
15945.54459721708
17052.128573484217
18938.080502820376
15746.41775580847
16661.128573484217
16305.91775580847
16913.016273160014
16898.546372520475
16071.05020960034
17267.55020960034
20528.775801656102
15814.05020960034
15733.524135560836
17781.05020960034
17748.41775580847
18133.046372520475
15844.024135560836
17107.546372520475
17148.588155153877
17041.05020960034
16777.546372520475
19076.052262437
16982.05020960034
17168.046372520475
18048.308640354317
17886.735590809152
16632.128573484217
16677.852209389275
17419.639053213665
19702.841521481558
17694.55020960034
16652.56417989076
16317.81336993947
16956.06417989076
16736.046372520475
16742.046372520475
18249.852209389275
16014.562678920023
18797.702780921532
18811.088155153877
20880.55020960034
19611.06039576118
20247.05020960034
16841.91775580847
16681.55020960034
16285.2831302542
17089.799496187363
17948.080502820376
17232.55020960034
17349.128573484217
17090.546372520475
17953.705332084646
17042.05020960034
18628.116079940915
19775.55020960034
16036.50088746247
18197.55020960034
15908.128573484219
16724.55020960034
18268.546372520475
17883.046372520475
18408.088155153877
19054.202780921532
16870.79563544616
17436.06039576118
17940.56066459371
20195.05020960034
16415.55020960034
17364.875849310723
17987.046372520475
18484.352209389275
19450.00088746247
16795.525905277045
17710.55020960034
15977.342652117193
17093.317061603437
16593.341521481558
17429.775801656102
18940.702780921532
15504.121032963196
16290.05020960034
17744.893462651195
17889.11730849887
16744.551066849017
15785.680905015408
18622.359864838392
16961.546372520475
17878.53066239375
17671.180905015404
17121.308640354317
16210.390811381983
16631.86465736716
19321.043667743186
17515.546372520475
16381.546372520475
17022.05020960034
16684.588155153877
16165.341521481561
16989.97188837843
18880.352209389275
18130.57296439492
15238.597672001053
17762.236591996287
17987.080502820376
18145.808640354317
19155.8751354709
17017.53061341797
16438.05020960034
16088.808640354317
17337.56039576118
17478.046372520475
18330.580502820376
16790.56713032536
18093.05020960034
16924.12413059597
16702.05020960034
17139.88620491245
16304.060395761184
16518.628573484217
17439.771086650653
17907.32017771888
15591.7758016561
17264.088155153877
15854.341477101087
16398.046372520475
16978.546372520475
17333.046372520475
15657.55020960034
17314.841521481558
15830.687962211652
18269.541271652408
15254.05020960034
16000.50088746247
18635.088155153877
15875.35220938928
16308.564179890765
18408.55020960034
19859.50088746247
17869.12413198243
17296.720094145676
18239.088155153877
18526.808640354317
15513.128573484219
15858.088155153875
19495.55020960034
15960.595507350336
17694.808640354317
16719.702780921532
18350.588155153877
17156.05020960034
16277.58993060133
16202.941826761864
16030.546372520475
16699.203459028944
16436.588155153877
16555.546372520475
16997.386462761348
17353.588155153877
17453.841521481558
18688.00088746247
17879.088155153877
16309.737633693283
15466.57673328163
17010.017859649804
17072.895034693156
17526.628573484217
16824.71612399917
18021.219807096335
18042.046372520475
16685.05020960034
17886.038380569305
17320.532999365074
18913.523909312396
17029.851219148102
16338.05020960034
16832.110327856917
16874.876443054953
17335.511566561294
18117.603935374114
16496.41775580847
18020.244623178987
17204.56066459371
17614.116079940915
17328.905495974974
18735.06039576118
16730.046372520475
18152.68298591596
16788.546372520475
15827.73293876493
17057.55020960034
16210.55020960034
15281.517859649804
17211.61190761865
17555.79563544616
16336.55020960034
17300.263696330363
17948.37376797
17689.84458112811
19201.678598595117
16543.728159267615
16581.94182676186
17047.92176139304
18979.046372520475
18653.080502820376
17030.546372520475
17812.05020960034
19679.91843798383
16250.590244392713
18553.05020960034
17123.55020960034
16293.660081436057
15529.123686437602
15727.05020960034
18054.808640354317
18367.985966107397
15925.546372520475
16104.314898487124
18487.061327827174
17120.05020960034
17415.61617480492
17768.55020960034
18102.05020960034
16913.07883256636
17980.628573484217
16538.545933752986
16167.915473099829
16773.285926451565
15514.81519934573
19343.197593518747
18017.12413059597
18000.972143886094
18153.91775580847
16762.528788443855
17470.628573484217
17807.517961970472
18066.847789463172
19468.76733506184
19560.00289711303
16999.55020960034
15627.060395761184
16948.623395183982
16441.024135560834
17520.588155153877
17032.55020960034
16785.432150572127
18314.360934600787
17977.879680892343
17665.808640354317
17577.9742258934
17198.05020960034
15905.808640354317
20191.453944893983
17551.79305435245
17934.05020960034
16765.942608637903
16149.564179890765
17241.046372520475
16432.524135560834
16536.55020960034
17813.588155153877
18443.06417989076
16799.628573484217
16691.953944893983
18860.580502820376
18754.41775580847
16633.783415441565
17690.546372520475
16617.080502820383
17832.55020960034
16305.05020960034
17469.046372520475
17833.823797880304
16512.14254611934
15945.524135560836
16986.05020960034
15386.546372520475
17057.05020960034
17436.546372520475
18867.045225272977
15578.519801004017
17204.945676294563
17262.05020960034
16204.55020960034
17283.55020960034
16645.090365601463
17937.55020960034
16016.610327856919
18027.808640354317
16978.088155153877
16509.05020960034
17712.40018315784
15689.128573484219
17129.56039576118
19738.66549752613
16857.06066459371
17148.080502820376
17307.069380072364
15502.55020960034
19704.55020960034
16327.782061225904
15970.528498267178
16846.808640354317
18405.046372520475
17975.128573484217
17119.275801656102
18075.858092717037
17201.024135560834
17312.55020960034
19212.05020960034
15632.546372520475
19247.162020164047
18497.808640354317
17844.38229700335
17174.67238399039
16196.024135560836
16831.628573484217
17562.572761999054
15497.094033299565
16309.628573484219
16704.55020960034
16383.05020960034
15464.573650220082
18133.386462763425
16662.05020960034
18305.44222048225
19949.616079940915
16633.580502820383
20224.05020960034
16410.202780921536
18409.430716800947
16907.043667743186
16081.030940883551
18822.546372520475
15614.55020960034
15982.05020960034
18488.218443932077
17644.05020960034
18265.61617480492
16280.315986804755
16165.670283487472
17667.170283487467
17594.39129463768
17171.05020960034
17574.05020960034
17617.00088746247
18302.203086169167
18082.202780921532
15591.024135560836
18721.244623178987
17401.55020960034
15994.060395761184
16209.303604721397
17435.628573484217
16408.05020960034
15811.024720192514
15919.55020960034
16530.54700195067
18064.51123565063
18235.05020960034
17373.895403002505
17232.046372520475
18346.680905015404
17032.2237071676
16311.873767970003
17443.05020960034
16303.080502820385
18249.05020960034
16720.56039576118
16551.200767500653
15980.639242076648
19698.978988617368
17788.164651586085
17050.00088746247
15064.546372520475
16661.299583013762
17631.175128151124
31510.61089532808
18441.535295230235
16814.56417989076
16725.111144396054
17197.080502820376
16510.546372520475
19475.572873931113
15649.236591996296
17789.198028539075
16389.619810194887
18836.610327856917
16432.910937593475
16476.941826761864
16854.529414929177
15845.588155153875
16082.68145820286
18253.00088746247
18887.55020960034
16060.046372520475
16992.452148215176
17308.680905015404
17198.592288706313
17991.00088746247
17259.55020960034
18168.79647134558
18578.05020960034
19076.065896611137
15836.38909993894
16265.50088746247
17202.55020960034
17749.580502820376
17106.808640354317
15933.55020960034
16044.024135560836
16629.412409779157
17923.924107977215
18512.55020960034
17316.55020960034
17729.782061225902
17627.55020960034
16290.813377608227
16513.030495400933
17292.080502820376
19239.808640354317
18375.947745526264
15809.624131982433
16186.024135560836
18045.194935205356
17628.5293520362
17457.046372520475
16922.216083395477
17360.128573484217
17070.55020960034
16681.91887908267
18313.91775580847
18375.359864838392
17646.58557479022
16283.55020960034
17089.066372452355
15933.769174358074
15370.128573484219
16750.56417989076
16804.632137148503
17321.546372520475
16544.00088746247
16024.564179890765
17738.841521481558
17522.05020960034
17014.127047970433
18703.546372520475
17433.128573484217
18164.815191287442
17258.901765421124
16427.046372520475
18727.046372520475
16331.702780921534
16914.55020960034
17787.05020960034
16965.55020960034
17779.0
17179.62413198243
16286.128573484219
17871.05020960034
16782.05020960034
19471.308640354317
17527.046372520475
17289.546372520475
18492.628573484217
16571.55020960034
18375.400212068234
16440.05020960034
16338.308640354317
16567.275801656102
16097.91775580847
17708.10441504738
17425.10926512351
17506.879066622678
17567.99625116545
15957.767170702049
18776.612127065448
16697.532540954642
17226.025907838473
18920.05020960034
16870.610327856917
16858.590244392715
17838.05020960034
16468.180905015408
16970.128573484217
18393.730171489897
15990.727132246404
16876.524135560834
16482.352209389283
17501.046372520475
16529.852209389283
16008.91775580847
17151.05020960034
16705.05020960034
16540.62413059597
18242.05020960034
17835.56417989076
18114.341521481558
16710.79248011904
19303.841521481558
17495.128573484217
18258.55020960034
18429.542676145644
16799.05020960034
16738.046372520475
17803.063596273503
16410.00088746247
16297.60787358541
16622.09071513531
17740.06417989076
15653.05020960034
16446.623395183997
18628.05020960034
16327.318874034947
15715.180523553183
18490.914149911398
18099.546372520475
16679.112274047013
19366.046372520475
16763.736591996287
16208.05020960034
20861.09024392895
15908.55020960034
17544.580502820376
16941.214288831816
16847.55020960034
20750.128573484217
16564.411117139316
16918.318874034947
19480.379066622678
16372.00088746247
18396.713661190024
16160.00088746247
18448.149771340602
17630.275801656102
17376.669269858397
16455.05020960034
17752.55020960034
16424.11617480492
17924.046372520475
17626.808640354317
16825.389129107745
19199.05020960034
15448.876251492034
16328.28113932941
17030.612270471145
18292.05020960034
17466.00088746247
17217.815986804748
16278.524796226056
17344.43537587094
17609.00289711303
15677.756991389746
15709.660862766716
17194.128573484217
18058.702780921532
18087.046372520475
16874.546372520475
16763.852209389275
18700.427114754817
17940.128573484217
16951.05020960034
18083.616079940915
16729.308846573014
17848.588155153877
17658.05020960034
16177.064179890765
17287.669267933215
16982.046372520475
16967.116079940915
19657.546372520475
17516.05020960034
17506.128573484217
16341.860341401167
17241.546372520475
17885.202780921532
18779.06039576118
17362.44182676186
16485.66665810697
17453.028025560103
19839.22440689501
17485.128573484217
18461.088155153877
16473.110327856917
15682.024135560836
16931.94344326647
17700.180905015404
18931.386462763425
17355.55020960034
16937.55020960034
15580.221365068082
17399.588155153877
16850.588155153877
17089.13233455855
18427.02517397889
16034.580502820385
18638.41775580847
18704.551066848253
18103.55020960034
16781.128573484217
17702.55020960034
16613.564179890767
18115.40811803726
18961.05020960034
17387.308640354317
17125.543667743186
17200.180905015404
17636.06417989076
16870.04700195067
17916.05020960034
15987.046372520475
16408.60578177067
16773.546372520475
17190.00088746247
17664.046372520475
18576.96687648083
18412.05020960034
16864.0009155562
18695.812169387285
16828.684787521302
17283.05020960034
17434.180905015404
18555.559249334692
16263.564179890765
19001.546372520475
18061.826963429958
17605.05020960034
17671.56417989076
16839.2058009541
16509.327361074105
16571.702780921536
17808.55020960034
17544.157920289526
16674.236591996287
19175.18093775805
19002.55020960034
16492.628573484217
17536.331877986246
19424.50067034811
17785.046372520475
16905.841521481558
17826.54414150351
17882.046372520475
17245.750649225014
18491.05020960034
16818.05020960034
16372.342899720055
16542.55020960034
18448.55020960034
18078.55020960034
16207.524135560836
17113.046372520475
19791.616079940915
16943.046372520475
17441.425757406087
16444.775801656102
17946.545966235626
16983.50088746247
16327.088155153877
17715.55020960034
18615.705376992828
16581.341521481558
16283.85220938928
17901.275801656102
17388.580502820376
17183.56417989076
17885.911635945864
17836.21067110114
16744.863172250818
18623.417022221725
17903.358609017992
16883.110327856917
16872.55020960034
17158.116079940915
18015.015147371625
16491.099887930395
17499.55020960034
17983.024883805418
17000.39129463768
18350.03575117748
17397.588155153877
17463.694854262383
15936.128573484219
18939.30426558517
17303.658556112827
16355.584246722517
16301.628573484219
16475.150743330105
18328.128573484217
18085.046372520475
17411.046372520475
17429.555631858093
17491.55020960034
16571.308640354317
17662.546372520475
17520.128573484217
17208.128573484217
18319.06039576118
17599.088155153877
15957.7758016561
17699.706689504812
16881.55020960034
17854.835449119622
18161.046372520475
18831.483351943516
18015.410937593464
16486.308640354317
18575.0764609913
16002.50088746247
17130.628573484217
18014.05020960034
19251.186815262776
19858.5
20324.55020960034
19609.55020960034
16562.785926451565
17359.70753447008
16951.56417989076
19278.546372520475
16365.616079940915
16834.55020960034
18063.30151344598
17497.695206806486
16427.01351987263
17616.546372520475
16230.308640354317
16674.79060529531
18604.99460290398
15795.628573484219
19244.55020960034
16457.244623179
17541.05020960034
17231.158556112827
16630.111144396054
18393.142218002355
16768.893470833133
16221.91775580847
18365.181128991237
17010.53066239375
17058.179264345334
16394.024135560838
17000.5734852084
16455.91775580847
16607.49146870166
17390.730628197995
18027.628573484217
16765.904260238392
20258.55020960034
18238.05020960034
16021.55020960034
16466.560395761186
16808.827458994838
16882.327458994838
17306.00088746247
19165.308640354317
17643.546372520475
16938.600059540415
17015.128573484217
18504.55020960034
17908.110327856917
17638.046372520475
17712.886462763425
17133.128573484217
18052.14008728223
15966.583873626469
16777.546372520475
15978.282061225904
15864.308640354317
17164.23534749469
17259.55020960034
18476.110327856917
15947.128573484219
16634.05020960034
17824.56039576118
16927.202780921532
16078.55020960034
17135.05020960034
16991.308640354317
17969.23983013986
16309.046372520475
16758.90839556736
17350.891296632668
18270.199051213633
17785.55020960034
16829.546372520475
16889.05020960034
19280.619229673666
16586.088155153877
17920.046372520475
17221.55020960034
17169.374340396185
18557.06039576118
18038.318751799874
17732.56039576118
18321.05020960034
18170.55020960034
17430.84582918168
17769.05020960034
19010.55020960034
16668.628573484217
15137.524135560836
18167.44182676186
17066.05020960034
17775.046372520475
17225.05020960034
16185.250208765054
17452.588155153877
19539.669269858397
18183.32961652917
17291.428831121913
16363.22009414416
15795.05020960034
16806.020212288968
16372.55020960034
18092.012206012994
16974.670283487467
16996.895034693156
16793.143122677247
17860.92612555329
19015.08557478939
16912.128573484217
16669.628573484217
17838.84778946434
17238.796236727292
16857.128573484217
19754.05020960034
17319.546372520475
16315.02581989874
18954.600098996285
15987.088155153877
15382.181491111258
19676.768389911973
16556.126430969143
17362.14574609796
16481.57310273245
19507.55020960034
17125.046372520475
19640.546372520475
17426.55020960034
16944.628573484217
15888.05020960034
17836.05020960034
16947.90018315784
17709.440301716582
17576.527849341117
17194.55020960034
17882.128573484217
17010.59988793038
16015.05020960034
16886.524135560834
16487.23425389291
16987.024135560834
17054.341521481558
17409.55020960034
16568.345266569744
17027.23197877986
17451.55020960034
17964.723189189204
17806.628573484217
19293.202780921532
17314.546372520475
16704.628573484217
17792.05020960034
16780.41775580847
18495.588155153877
19001.628573484217
17080.546372520475
16604.019441094624
19384.543667743186
19341.632138547753
18325.734253892904
16631.913759850122
16859.690061442972
18474.55020960034
17074.05020960034
17776.91775580847
16739.128573484217
18591.088155153877
20290.628573484217
17352.546372520475
17330.588298861276
16780.546372520475
17449.546372520475
16997.56039576118
19567.41775580847
17595.527071381624
17021.046372520475
16959.088155153877
16957.110327856917
17977.852209389275
17260.308640354317
18166.58557478939
18994.05020960034
18593.808640354317
16200.617308498873
17019.546372520475
17383.55020960034
19078.546372520475
16883.088155153877
18871.79563544616
17058.20219060614
16595.200586339128
18269.013426205092
17868.88229700335
19637.628573484217
17552.39129463768
18762.55020960034
17057.021333325396
17522.046372520475
18089.1380195698
16929.56039576118
17276.046372520475
15576.05020960034
18286.702780921532
16130.874465805737
17296.670283487467
16369.202780921534
17162.128573484217
20021.546372520475
19328.86983914383
17398.12413182177
17547.13932614868
16888.62413198243
17187.386462763425
15842.16937423131
16540.808640354317
17556.94478871692
16200.546372520475
16807.00088746247
16261.210387727519
18891.341521481558
18003.628573484217
17532.74991803894
16418.702209825824
17480.00088746247
16783.143122677247
17826.960800830242
17535.05020960034
16944.55020960034
17186.41775580847
17516.546372520475
18310.628573484217
19356.029733771877
16979.088155153877
18598.87241168469
18279.546372520475
16967.60887707868
18045.643122677247
16255.55020960034
17068.55020960034
18015.580502820376
16776.545966235633
16856.628573484217
18120.128573484217
16025.493291967383
17925.00088746247
16475.046372520475
17334.701850840826
17396.55020960034
16760.55020960034
19864.55020960034
16407.882269242047
15960.869636724708
15516.546372520475
17738.05020960034
17649.128573484217
17263.088155153877
19290.424665310416
19910.296061964007
16687.128573484217
19738.55020960034
19053.386063095248
16094.808640354317
18107.203086169167
17834.952675075252
17597.128573484217
17365.046372520475
19089.546372520475
18366.55020960034
17053.024135560834
16921.658556112827
15757.088155153877
17478.586505102543
16949.668045409333
19162.05020960034
16923.347330187833
16418.701719258646
17518.116079940915
17661.132137148503
17401.841521481558
17962.56417989076
15060.420314628784
17882.042824638953
18793.672389791114
19536.015549242904
16910.180523553176
17187.05020960034
17165.55020960034
18085.024135560834
18090.808640354317
15844.064179890765
17873.546372520475
16768.046372520475
16633.128573484217
17997.00088746247
16917.55020960034
18691.05020960034
17269.05020960034
17518.487341370273
16269.733377690029
17358.50088746247
16445.05020960034
16836.546372520475
17072.55020960034
19117.027539387767
17319.214288831816
17281.524135560834
18105.002795380788
17255.41775580847
17703.136105866426
17276.312169387285
16654.628573484217
16990.55020960034
18682.046372520475
16927.90018315785
16615.55020960034
16737.55020960034
16445.964613277352
17942.05020960034
17159.05020960034
17611.775801656102
17094.55020960034
19764.55020960034
17172.546372520475
16475.859067178673
19014.128573484217
17535.18093775805
17328.524135560834
15834.505960453278
19275.91775580847
18554.128573484217
17738.75709061085
17220.503811512426
16308.782061225904
17588.110327856917
18976.04424924203
17788.00088746247
18135.05020960034
17559.588155153877
17527.024135560834
17270.56039576118
17372.55020960034
16298.010007156447
19147.852209389275
17886.55020960034
17011.6252526066
18178.29958301376
16375.841521481561
19194.55020960034
19040.876094676743
17665.55020960034
19125.080502820376
17850.612270471145
19937.202780921532
19487.128573484217
18210.05020960034
24879.162586278904
23786.546372520475
27228.046372520475
19556.128573484217
18082.628573484217
16051.060395761184
17755.202780921532
24622.110327856917
19737.546372520475
32463.56417989076
18497.610327856917
-1.0
21464.00088746247
19674.628573484217
18518.080502820376
18152.558842964812
22114.543667743186
16520.628573484217
17820.680905015404
16205.267540091254
18500.628573484217
18440.05020960034
18544.841521481558
18080.775801656102
18642.23630300313
17273.047375949784
18447.503811512426
17850.680905015404
17804.55020960034
16917.55106684826
16850.05020960034
19414.1544084108
19739.55020960034
18481.671340101904
16808.546372520475
16079.002261953894
15530.046372520475
18831.56417989076
18891.128573484217
16454.05020960034
15851.553183256852
16473.05020960034
16174.55020960034
17371.55020960034
16723.080502820376
17112.375135470927
16916.117926387193
20186.55020960034
16653.50088746247
16640.630534712553
16615.53879456339
18158.89657340186
18892.058801860217
17967.341521481558
17355.55020960034
16814.091252620037
17632.046372520475
19477.05020960034
20446.624866778933
18096.41775580847
17336.923232746292
17493.775801656102
18363.06417989076
15984.152089665065
16529.01352708405
17150.55020960034
16813.87376797
23035.341521481558
16770.56417989076
18258.55020960034
16046.060395761184
16286.524135560836
16612.726405848895
17014.308640354317
16826.56039576118
18460.999433590663
17346.546372520475
16434.546372520475
17050.00088746247
15804.546372520475
16761.024135560834
16974.628573484217
18721.775091087526
16134.36493987882
16053.701657414087
18755.068940536283
16878.55020960034
16484.55020960034
16613.987063788936
17579.12413198243
16144.400183157846
16998.046372520475
15999.588155153877
17466.046372520475
19551.61689575382
17286.548042967283
17526.158557760544
19288.05020960034
16936.244623178987
16311.6692698584
19695.308640354317
16049.914217257794
18989.237701947244
17306.628573484217
16896.39629346146
16522.121032963194
17538.116079940915
17508.308640354317
16501.18445894519
18931.571028493167
17982.667940979907
17128.55020960034
17399.55020960034
18839.046951414366
17664.05020960034
16594.05020960034
16343.782061225904
17234.580502820376
17267.024135560834
16777.116079940915
16542.55156328138
17803.05020960034
17288.12413198243
16629.628573484217
16357.610327856919
15752.216123999175
18342.046372520475
17679.046372520475
16093.955007944218
17324.05020960034
18128.995200236302
18009.580502820376
17503.55020960034
18001.046372520475
16999.588155153877
16475.744623179
16934.588155153877
18394.116079940915
17805.588155153877
18210.610327856917
18244.05020960034
15643.088155153877
17835.628573484217
18269.758901491856
15890.128573484219
17600.05020960034
17879.12413198243
16758.027563601
18092.05020960034
16167.05020960034
15655.736721778336
16854.94182676186
18261.91775580847
17306.546372520475
17506.56417989076
16714.05020960034
19537.55020960034
16368.85220938928
16337.056582363477
18859.658557760544
16715.06417989076
16506.308640354317
16849.09024392897
18771.05020960034
17115.841521481558
16741.394050253177
17068.128573484217
16903.546372520475
17685.05020960034
17368.953944893983
16959.680905015404
17751.128573484217
19942.05020960034
19090.352209389275
16678.628573484217
19195.05020960034
18314.808640354317
19435.580502820376
16940.50088746247
17132.17724790178
17239.706445625117
16832.05020960034
17021.638476576565
16994.06417989076
18308.341521481558
18437.170283487467
18189.808640354317
17884.83785991575
17488.128573484217
15932.128573484219
18339.55020960034
16228.308640354317
16955.308295743307
19192.05020960034
17109.06417989076
16873.046372520475
20076.046372520475
17900.111144396054
19291.128573484217
18144.841521481558
16792.05020960034
17932.628573484217
17633.299496187363
16958.077634618927
18436.517961970472
18442.628573484217
17440.128573484217
16828.090237991757
17823.220659549334
17170.308640354317
16211.628573484219
18489.046372520475
17486.55020960034
17841.55020960034
17536.128573484217
16993.409394964936
17092.08388532277
17331.046372520475
17092.06039576118
17834.71612399917
16510.128573484217
20206.128573484217
16445.024135560834
16770.75404765038
16879.56039576118
18852.91775580847
18268.55020960034
16597.628573484217
17653.701657414087
17125.546372520475
17501.628573484217
18510.066127245307
17393.953944893983
18014.55020960034
16820.588155153877
17689.628573484217
16206.04459721708
15964.55020960034
16449.665539976533
18831.401761023604
17447.790292114387
17404.42151544376
16818.05020960034
16886.21798826919
20014.98540358951
16565.128573484217
16325.210150602052
17268.969417209766
16948.05020960034
17090.180905015404
16924.546372520475
17169.090244392715
16959.202780921532
16993.55020960034
18271.885348842028
17750.55020960034
17407.55020960034
18385.628573484217
17406.046372520475
18308.702780921532
15861.628573484219
18623.30346352012
17458.68391884299
16815.110327856917
17179.155380408185
15615.128573484219
17701.421896700722
17169.036168062783
16744.05020960034
16937.546372520475
18369.046372520475
16998.50088746247
16936.05020960034
16941.55020960034
18024.11730849887
16708.128573484217
16348.367600963536
16803.05020960034
16961.628573484217
17384.05020960034
18408.550468913276
16517.088155153877
17285.024135560834
17220.05020960034
17814.00088746247
19711.525905277045
16553.66926793322
16307.55020960034
17065.22440689501
18299.44182676186
17057.128573484217
17235.55020960034
16968.06066459371
16734.56417989076
16221.128573484219
17083.341521481558
18123.628573484217
16122.309894169906
16451.180905015408
16704.56039576118
16737.071399291886
18286.128573484217
16883.610327856917
17282.55020960034
17011.034641295966
16407.088155153877
16511.128573484217
16206.628573484219
17125.893912514726
16788.546372520475
17389.616079940915
16237.72850161793
17156.05020960034
18670.128573484217
16587.564179890767
16916.00088746247
16593.128573484217
16721.44325351582
16563.16086276671
16209.41775580847
17123.04313844863
16522.139053213676
16493.71295884261
15692.110327856919
16779.808640354317
16638.48412585483
17587.05020960034
18853.05020960034
16510.722491485078
17336.714288831816
19010.3447621528
18720.363831925162
18631.02517397889
16408.064179890767
16948.55020960034
17546.308640354317
18558.088155153877
17226.612270471145
16679.00088746247
17883.359864838392
17646.0161103781
17991.05106513115
18291.161806497974
19047.043667743186
17019.55020960034
19876.628573484217
17766.580502820376
17113.046372520475
20847.341521481558
18489.85995892438
17286.078767893025
16272.128573484219
18127.546372520475
19270.546372520475
19037.146840100086
19133.63042731946
19198.55020960034
17710.88348707406
20860.214288831816
