-130.35836791992188
-139.44322204589844
-161.16690063476562
-154.5015411376953
-108.28358459472656
-142.94757080078125
-141.78399658203125
-125.04962921142578
-160.043212890625
-140.57833862304688
-134.94207763671875
-133.61663818359375
-152.75640869140625
-149.98548889160156
-120.97102355957031
-118.2133560180664
-156.26832580566406
-146.6742401123047
-139.1938934326172
-144.4492950439453
-130.248291015625
-175.67347717285156
-169.69065856933594
-164.82568359375
-147.21304321289062
-160.2459259033203
-156.32704162597656
-157.98294067382812
-151.7578887939453
-161.8356475830078
-175.29563903808594
-177.031005859375
-175.73048400878906
-150.13633728027344
-174.45103454589844
-156.82675170898438
-162.1685333251953
-163.54351806640625
-137.88246154785156
-158.90379333496094
-139.90953063964844
-153.3408203125
-150.0732879638672
-151.51202392578125
-161.69512939453125
-152.49365234375
-165.04745483398438
-169.11529541015625
-176.9272918701172
-160.221923828125
-149.6707763671875
-166.41473388671875
-169.90185546875
-162.52908325195312
-165.5969696044922
-169.7816619873047
-180.1862335205078
-167.75555419921875
-168.56613159179688
-169.6316680908203
-173.15982055664062
-164.04200744628906
-172.60301208496094
-178.6308135986328
-163.66848754882812
-177.14712524414062
-166.80230712890625
-158.89825439453125
-182.0599822998047
-175.18746948242188
-177.3818817138672
-166.2104034423828
-168.42642211914062
-176.8848876953125
-167.82598876953125
-154.22023010253906
-173.38906860351562
-159.4326934814453
-155.74273681640625
-160.53207397460938
-163.63360595703125
-152.9613800048828
-169.0714874267578
-165.50643920898438
-166.1797332763672
-162.74154663085938
-163.5629425048828
-155.06410217285156
-160.87893676757812
-164.38543701171875
-157.5738525390625
-159.72332763671875
-161.29466247558594
-152.00343322753906
-163.9799041748047
-163.82672119140625
-157.65272521972656
-156.69171142578125
-153.38296508789062
-163.94989013671875
-153.00912475585938
-173.85267639160156
-146.6767120361328
-163.39361572265625
-162.33395385742188
-166.48716735839844
-166.98626708984375
-157.5009765625
-149.67919921875
-162.39906311035156
-162.63031005859375
-155.91085815429688
-161.85888671875
-169.01321411132812
-151.66070556640625
-172.43235778808594
-160.57215881347656
-150.87579345703125
-168.06130981445312
-155.51205444335938
-147.4322052001953
-156.7877197265625
-149.57919311523438
-157.8497314453125
-149.16452026367188
-149.5405731201172
-148.2449493408203
-149.85165405273438
-157.0583953857422
-166.94859313964844
-152.2025604248047
-159.0931854248047
-154.9799041748047
-151.82501220703125
-144.9959259033203
-154.2273712158203
-150.40179443359375
-134.1376190185547
-138.85733032226562
-151.9773712158203
-143.6280517578125
-129.9723358154297
-126.59359741210938
-141.90203857421875
-148.9910888671875
-133.7105712890625
-138.06272888183594
-136.4053497314453
-143.8290252685547
-147.5028839111328
-133.1893310546875
-140.65394592285156
-138.45266723632812
-141.53692626953125
-128.4969940185547
-142.111572265625
-131.493896484375
-146.9692840576172
-147.90374755859375
-128.25929260253906
-121.22354888916016
-129.1766815185547
-131.5197296142578
-139.1667938232422
-134.00003051757812
-139.85096740722656
-131.55438232421875
-117.78607177734375
-124.75897979736328
-119.09207153320312
-144.60626220703125
-113.81661987304688
-139.70635986328125
-133.0332489013672
-107.86636352539062
-120.9233627319336
-129.58152770996094
-114.54181671142578
-123.60519409179688
-109.7664794921875
-114.42697143554688
-119.35131072998047
-114.96070861816406
-125.46685791015625
-111.31696319580078
-101.4627456665039
-111.37945556640625
-108.73542022705078
-120.54696655273438
-120.59827423095703
-92.80705261230469
-121.8280029296875
-125.75606536865234
-121.69412231445312
-119.68941497802734
-134.96705627441406
-115.29328155517578
-94.58196258544922
-137.76596069335938
-102.42074584960938
-105.13372039794922
-120.80088806152344
-117.18661499023438
-115.26409149169922
-126.3916244506836
-119.08967590332031
-117.84010314941406
-120.06623840332031
-108.92376708984375
-116.15648651123047
-122.14238739013672
-111.1910629272461
-114.56034088134766
-126.87007141113281
-113.65614318847656
-124.82412719726562
-109.25798797607422
-130.83529663085938
-118.26394653320312
-117.99898529052734
-120.81568145751953
-128.42181396484375
-107.32355499267578
-120.52654266357422
-110.78359985351562
-109.02288818359375
-112.6360855102539
-127.2342529296875
-115.90013122558594
-117.2114486694336
-115.0662841796875
-116.15206909179688
-110.38445281982422
-115.36148071289062
-127.03350067138672
-134.93101501464844
-126.75151062011719
-117.62107849121094
-136.8615264892578
-112.95448303222656
-124.30844116210938
-122.88565063476562
-122.89138793945312
-125.9067611694336
-121.8763198852539
-126.44172668457031
-114.65672302246094
-113.49223327636719
-124.40425109863281
-119.23617553710938
-111.78160858154297
-104.02365112304688
-103.0833740234375
-112.72087097167969
-110.77503204345703
-111.7877197265625
-101.28925323486328
-122.3154067993164
-115.97798156738281
-116.95734405517578
-104.34978485107422
-101.16355895996094
-101.73807525634766
-111.5634765625
-101.05477142333984
-97.38162994384766
-98.44733428955078
-102.20359802246094
-113.13618469238281
-104.47241973876953
-108.91786193847656
-99.46424865722656
-89.19400024414062
-97.25931549072266
-89.50745391845703
-100.36051940917969
-100.0318603515625
-101.17811584472656
-101.60823059082031
-108.17926025390625
-108.13302612304688
-101.98246002197266
-105.15391540527344
-111.45027923583984
-93.87680053710938
-103.73832702636719
-116.5323486328125
-100.93507385253906
-121.98446655273438
-110.2242660522461
-123.97221374511719
-98.79776000976562
-106.89368438720703
-110.18675994873047
-93.82621002197266
-117.76042938232422
-113.74091339111328
-109.26443481445312
-126.74609375
-121.53137969970703
-110.00606536865234
-125.18444061279297
-133.349609375
-119.25196838378906
-109.14997100830078
-126.49889373779297
-125.06816864013672
-124.36555480957031
-119.2193832397461
-129.0537872314453
-124.24057006835938
-122.03156280517578
-121.56197357177734
-117.12252044677734
-113.83392333984375
-126.17247009277344
-121.36211395263672
-125.88259887695312
-125.72563171386719
-124.58984375
-117.41461944580078
-119.7323989868164
-125.66870880126953
-129.80001831054688
-119.6210708618164
-131.6371307373047
-125.7550048828125
-116.48143005371094
-119.37674713134766
-125.79781341552734
-119.556640625
-112.14523315429688
-121.21722412109375
-125.09322357177734
-123.92849731445312
-117.94078826904297
-117.4947509765625
-123.3819808959961
-126.05004119873047
-116.43585968017578
-117.76647186279297
-126.33485412597656
-119.71786499023438
-118.47384643554688
-112.44149780273438
-116.63343048095703
-124.51509094238281
-126.21575164794922
-116.80841827392578
-116.26524353027344
-104.3939208984375
-112.43299865722656
-106.32411193847656
-107.77206420898438
-109.02540588378906
-126.42874908447266
-121.42375946044922
-112.53205108642578
-113.68955993652344
-116.3466796875
-115.58769989013672
-112.09888458251953
-118.50970458984375
-105.76040649414062
-120.60066986083984
-119.89620208740234
-108.74955749511719
-111.6126708984375
-105.81045532226562
-120.99658203125
-115.33736419677734
-119.37338256835938
-110.21864318847656
-111.89334869384766
-113.90277099609375
-105.19546508789062
-117.8585205078125
-118.04829406738281
-106.84727478027344
-99.32778930664062
-118.19210815429688
-101.64727020263672
-107.69355010986328
-110.3282699584961
-109.1505126953125
-102.25271606445312
-114.94698333740234
-103.2879638671875
-101.8682861328125
-108.10595703125
-108.48294830322266
-106.60852813720703
-113.14765167236328
-115.57585906982422
-115.85650634765625
-91.61445617675781
-102.47881317138672
-105.94893646240234
-111.62865447998047
-107.2550277709961
-104.9248046875
-104.57939910888672
-113.62466430664062
-94.90328216552734
-97.85883331298828
-99.40434265136719
-99.43179321289062
-94.92568969726562
-105.26992797851562
-95.92407989501953
-107.77842712402344
-97.60904693603516
-104.93004608154297
-107.7900619506836
-87.4356918334961
-97.52716827392578
-101.1064682006836
-101.46469116210938
-87.71058654785156
-95.26419830322266
-94.05381774902344
-96.49510192871094
-108.60933685302734
-88.40615844726562
-94.57005310058594
-89.80237579345703
-100.61436462402344
-87.1776351928711
-92.2584228515625
-84.58772277832031
-77.17000579833984
-81.49612426757812
-71.81538391113281
-50.634254455566406
-84.45344543457031
-53.09524917602539
-60.609012603759766
-30.515588760375977
-69.80166625976562
-73.377685546875
-63.01566696166992
-42.647186279296875
-66.52989196777344
-54.76799011230469
-78.52271270751953
-62.583412170410156
-49.5043830871582
-54.7900505065918
-65.08980560302734
-48.643157958984375
-50.17666244506836
-58.93547439575195
-55.9765510559082
-54.90566635131836
-41.72362518310547
-53.65936279296875
-81.12894439697266
-26.64103889465332
-47.0584602355957
-64.74908447265625
-75.92688751220703
-75.97542572021484
-57.57596969604492
-68.49681854248047
-62.42041778564453
-55.27666473388672
-63.03993606567383
-61.09138107299805
-59.62914276123047
-72.31484985351562
-64.91880798339844
-55.19272994995117
-62.449039459228516
-40.39854049682617
-77.72230529785156
-66.84761810302734
-56.68517303466797
-66.36070251464844
-68.60540008544922
-75.8067855834961
-76.92720794677734
-62.563167572021484
-84.03852844238281
-62.37873458862305
-69.71835327148438
-62.58902359008789
-71.49767303466797
-80.96331024169922
-68.1317138671875
-57.47920608520508
-56.64120864868164
-80.96947479248047
-58.70720291137695
-66.24476623535156
-69.77610778808594
-73.87710571289062
-67.31713104248047
-76.52747344970703
-65.74390411376953
-75.7849349975586
-70.49095916748047
-68.46892547607422
-78.88614654541016
-69.43637084960938
-72.32975006103516
-62.0175666809082
-72.5628890991211
-54.64278030395508
-35.619319915771484
-65.53289031982422
-68.69670104980469
-38.236122131347656
-45.63636016845703
-60.70564270019531
-56.4101448059082
-48.96915054321289
-57.781410217285156
-44.44230651855469
-49.57746505737305
-58.83015060424805
-54.269500732421875
-51.28553009033203
-53.39999771118164
-54.21549987792969
-49.40669631958008
-58.02656936645508
-57.46190643310547
-53.922054290771484
-61.922637939453125
-44.42853927612305
-56.92729187011719
-51.26990509033203
-52.09696578979492
-42.38646697998047
-43.60100173950195
-57.15029525756836
-48.78958511352539
-51.212867736816406
-48.108116149902344
-54.57554626464844
-56.20770263671875
-50.15681457519531
-40.54245376586914
-48.4705810546875
-50.82460021972656
-53.86252975463867
-43.26913070678711
-67.20134735107422
-47.00971603393555
-67.02652740478516
-51.50129699707031
-58.46465301513672
-58.80350112915039
-60.51304244995117
-53.22373962402344
-64.27826690673828
-46.37869644165039
-52.55746841430664
-53.3515625
-60.63037109375
-60.670780181884766
-53.144287109375
-72.04716491699219
-52.70350646972656
-57.26850128173828
-56.23042678833008
-51.22470474243164
-58.30328369140625
-52.43068313598633
-56.617801666259766
-37.857940673828125
-44.883949279785156
-43.130123138427734
-58.56929016113281
-44.93759536743164
-27.669898986816406
-49.09297180175781
-36.09113693237305
-44.718528747558594
-39.30887985229492
-34.11882019042969
-41.50625991821289
-59.56395721435547
-44.86099624633789
-35.76462173461914
-40.883548736572266
-37.80031204223633
-60.6587028503418
-49.818092346191406
-30.559486389160156
-42.306983947753906
-34.81333541870117
-40.362335205078125
-43.2443962097168
-39.06478500366211
-33.673133850097656
-36.88454818725586
-47.20816421508789
-27.31072235107422
-34.56600570678711
-42.80038833618164
-45.43744659423828
-36.11212158203125
-53.742794036865234
-38.06447219848633
-35.88123321533203
-32.185760498046875
-47.518218994140625
-42.88085174560547
-18.33942222595215
-38.9432258605957
-27.841421127319336
-53.19096374511719
-42.12436294555664
-38.33713912963867
-31.565631866455078
-37.55671691894531
-37.5996208190918
-14.597996711730957
-30.0616397857666
-36.09049987792969
-36.06991958618164
-28.879329681396484
-18.959285736083984
-36.655879974365234
-28.532163619995117
-32.74405288696289
-29.5826473236084
-31.2269344329834
-30.771841049194336
-22.946014404296875
-29.60795783996582
-25.624034881591797
-33.4355583190918
-25.59123992919922
-35.62877655029297
-32.61399459838867
-43.79609680175781
-24.510194778442383
-23.93185806274414
-29.196828842163086
-18.0025577545166
-21.441131591796875
-34.52155685424805
-45.48093795776367
-32.32609939575195
-21.607824325561523
-36.99061584472656
-53.365020751953125
-44.65354537963867
-42.94380187988281
-45.686946868896484
-51.760807037353516
-32.68208694458008
-26.79376983642578
-22.764259338378906
-45.32358169555664
-37.10511779785156
-31.210140228271484
-45.639888763427734
-43.13139343261719
-40.2054557800293
-48.231178283691406
-36.894168853759766
-47.04765319824219
-34.35551452636719
-29.461833953857422
-45.35198211669922
-53.40682601928711
-55.667659759521484
-41.6633186340332
-59.211212158203125
-54.833560943603516
-53.71757125854492
-50.79481506347656
-54.338069915771484
-51.64320373535156
-46.19407272338867
-58.40766143798828
-62.31083297729492
-50.38784408569336
-62.600120544433594
-57.309444427490234
-56.58590316772461
-58.9492301940918
-61.77627182006836
-53.89073944091797
-65.66456604003906
-54.04931640625
-64.80841827392578
-45.51224136352539
-60.468284606933594
-45.18568420410156
-54.545379638671875
-55.36507797241211
-55.994903564453125
-40.2109489440918
-44.53514862060547
-52.506370544433594
-57.21460723876953
-59.83397674560547
-42.95267105102539
-64.45185852050781
-53.436885833740234
-56.65380096435547
-52.72391891479492
-50.05531692504883
-65.55939483642578
-36.61458969116211
-60.09782791137695
-52.980892181396484
-52.03807830810547
-50.33382797241211
-59.72599792480469
-58.01734161376953
-55.589176177978516
-52.57832717895508
-59.650177001953125
-57.843040466308594
-59.904903411865234
-54.381229400634766
-61.46595001220703
-62.53548812866211
-59.41347122192383
-65.91744232177734
-47.891265869140625
-52.94131851196289
-56.47788619995117
-50.57850646972656
-58.016029357910156
-59.991275787353516
-47.17556381225586
-53.57547378540039
-54.12665557861328
-53.03020095825195
-47.820255279541016
-44.45675277709961
-52.79458236694336
-40.4869384765625
-42.205814361572266
-41.4648551940918
-46.41871643066406
-35.031410217285156
-48.49318313598633
-45.756561279296875
-36.878868103027344
-25.31645393371582
-35.988311767578125
-44.59184265136719
-32.70417404174805
-40.16690444946289
-29.442352294921875
-43.77254867553711
-31.369369506835938
-32.60719680786133
-44.32193374633789
-40.60237121582031
-36.41185760498047
-22.548303604125977
-24.409372329711914
-20.177879333496094
-19.05416488647461
-16.924692153930664
-24.446025848388672
-25.93288803100586
-19.61678123474121
-29.902692794799805
-22.639890670776367
-30.92238426208496
-29.10883903503418
-26.982357025146484
-29.950944900512695
-30.9781551361084
-17.489456176757812
-27.4322566986084
-21.844980239868164
-43.944705963134766
-44.00632858276367
-41.10619354248047
-31.899051666259766
-31.272476196289062
-40.85028839111328
-51.10112762451172
-41.319244384765625
-37.141326904296875
-27.883089065551758
-29.314287185668945
-19.73484230041504
-24.485408782958984
-9.464580535888672
-31.058616638183594
-23.787019729614258
-17.933591842651367
-12.54418659210205
-5.092739582061768
-12.025789260864258
-0.3828818202018738
6.372162818908691
-6.986575126647949
-25.43877410888672
-15.39235782623291
-1.7412205934524536
-1.8896245956420898
1.8911707401275635
-13.708332061767578
-2.139878034591675
3.8388288021087646
-18.904321670532227
-1.8578730821609497
-13.621634483337402
-8.861035346984863
3.573190927505493
-21.822961807250977
-10.36189079284668
-15.94560432434082
9.515789031982422
-4.817678928375244
0.2115599662065506
-7.426797866821289
-28.71860694885254
-23.55643653869629
-14.804594993591309
5.271557331085205
-9.715113639831543
3.410611391067505
-9.217220306396484
-15.904618263244629
-9.080029487609863
-21.782548904418945
-10.332743644714355
-4.468996524810791
-22.563030242919922
-36.58212661743164
-4.158205509185791
-16.82168197631836
-14.03101921081543
-9.528162002563477
-14.42900276184082
-22.409141540527344
-15.324871063232422
-19.473609924316406
-24.87142562866211
1.2161192893981934
-10.085196495056152
-6.867544174194336
-29.104631423950195
-24.995113372802734
-25.31635856628418
-27.227163314819336
-22.388107299804688
-28.24734115600586
-17.295581817626953
-14.968473434448242
6.954804420471191
-25.873708724975586
-3.9836387634277344
-11.270591735839844
-5.0282883644104
-2.847352981567383
14.090805053710938
-0.9912365078926086
4.459739685058594
5.400136947631836
9.517146110534668
12.565435409545898
11.704029083251953
7.82805061340332
22.104671478271484
6.420238971710205
5.470892906188965
-16.201982498168945
-0.23533500730991364
12.785266876220703
-2.095808744430542
6.206967830657959
4.218417167663574
8.694561958312988
-4.658315658569336
-14.580320358276367
-9.03425121307373
5.6305036544799805
1.9357008934020996
14.307310104370117
3.252589225769043
-2.590270519256592
35.71772766113281
0.8216718435287476
8.461775779724121
-17.906145095825195
-8.460993766784668
3.871912956237793
15.52993106842041
8.522712707519531
3.4318010807037354
-5.11270809173584
-7.7918596267700195
13.090290069580078
12.557086944580078
0.6340429186820984
-5.036870002746582
13.46534252166748
1.2212504148483276
2.7010884284973145
3.37479305267334
-4.87763786315918
0.925700843334198
-2.999302387237549
-11.661280632019043
-0.06081515923142433
2.125601053237915
10.320526123046875
-2.01328444480896
-11.847152709960938
2.4007997512817383
10.381975173950195
-4.887334823608398
5.204337120056152
5.180716514587402
-13.497669219970703
-8.568374633789062
3.1396470069885254
-24.26015281677246
-7.4210429191589355
-9.533085823059082
-10.849555015563965
-8.926041603088379
-16.222585678100586
0.9319450855255127
-15.49284839630127
-20.8362979888916
-1.624961256980896
-10.655872344970703
-27.76027488708496
-24.507524490356445
-31.879722595214844
-27.380626678466797
-25.125450134277344
-23.403162002563477
-30.302507400512695
-31.769739151000977
-24.96135902404785
-34.9323616027832
-11.131119728088379
-31.71120834350586
-26.546661376953125
-33.32528305053711
-23.44821548461914
-27.483224868774414
-42.35513687133789
-41.982669830322266
-40.66259002685547
-31.4464168548584
-37.56973648071289
-37.958473205566406
-40.53615188598633
-42.907047271728516
-39.47130584716797
-29.970592498779297
-41.942867279052734
-32.88700866699219
-22.497365951538086
-33.09309005737305
-33.47086715698242
-34.98238754272461
-34.251155853271484
-30.346031188964844
-19.052467346191406
-16.939746856689453
-26.004981994628906
-27.739564895629883
-13.65037727355957
-22.734094619750977
-10.0106201171875
-25.56829071044922
-36.805999755859375
-19.9044246673584
-3.3729746341705322
-16.425552368164062
-14.537467956542969
-20.837533950805664
-23.195343017578125
-25.144813537597656
-31.716493606567383
-27.1102294921875
-14.764901161193848
-0.6594847440719604
-22.91937255859375
-11.369266510009766
-12.907038688659668
-23.288604736328125
-16.247026443481445
-11.529313087463379
-16.5697078704834
-16.506229400634766
2.6260275840759277
0.2390649914741516
8.183786392211914
7.898563385009766
-6.136022567749023
10.686748504638672
7.749261856079102
9.608951568603516
-3.4226162433624268
-13.544194221496582
-5.832528591156006
7.326021671295166
0.3688981235027313
17.463247299194336
10.816452980041504
6.0931220054626465
2.542553424835205
12.877350807189941
16.094989776611328
3.0276269912719727
3.1969950199127197
-4.848813056945801
-7.767582416534424
5.619101047515869
-7.477219104766846
-0.24637538194656372
-16.35420799255371
-8.347004890441895
-11.984684944152832
-1.5158494710922241
-16.207218170166016
-9.449138641357422
0.8682276010513306
5.574558258056641
-3.4397482872009277
-6.6904730796813965
-7.996880531311035
1.864565372467041
4.392189025878906
-2.6310243606567383
-6.590221881866455
1.2537566423416138
0.5508626699447632
-9.010233879089355
-0.6643698215484619
8.906481742858887
-8.936311721801758
-1.9480985403060913
0.6668776273727417
-11.27576732635498
-8.190397262573242
-8.275668144226074
-11.175537109375
3.974668264389038
-11.813387870788574
6.889559268951416
-13.42800521850586
-3.842937469482422
-8.045259475708008
-3.341031312942505
-18.159242630004883
5.112387180328369
-9.33460521697998
3.62398624420166
6.969700336456299
6.2975754737854
-17.613380432128906
1.5577030181884766
-18.500085830688477
-5.165114879608154
-16.05319595336914
-11.223926544189453
-8.225960731506348
-0.9141920208930969
-2.1073832511901855
4.538605690002441
-1.2649635076522827
12.203468322753906
6.859255790710449
11.540244102478027
11.856558799743652
13.979560852050781
-4.424943923950195
13.974335670471191
2.7091870307922363
19.977943420410156
16.6358585357666
10.66152572631836
-1.6293842792510986
2.8986024856567383
2.0809566974639893
15.62609577178955
21.896968841552734
4.623019695281982
17.525835037231445
12.804275512695312
-1.518440842628479
25.23501205444336
-2.089670419692993
10.773935317993164
6.7772722244262695
12.494508743286133
7.100414752960205
11.465776443481445
16.9300537109375
12.359055519104004
14.258504867553711
14.823878288269043
10.01607894897461
25.414491653442383
7.183304786682129
-2.360253095626831
21.416244506835938
13.628189086914062
14.120250701904297
26.853578567504883
15.261713027954102
22.23600959777832
26.449260711669922
10.597783088684082
14.37622356414795
11.279098510742188
20.907339096069336
20.09267234802246
7.32935905456543
-2.2221529483795166
10.093111038208008
9.04748821258545
-6.576745986938477
18.086423873901367
4.645134925842285
16.080570220947266
14.460780143737793
14.266159057617188
13.501801490783691
10.303264617919922
4.555243968963623
0.393009752035141
32.59919357299805
19.457963943481445
24.010221481323242
24.410276412963867
8.232988357543945
18.757015228271484
5.315032958984375
22.348743438720703
2.5712757110595703
16.602630615234375
6.115904808044434
7.196121692657471
24.897321701049805
28.03818702697754
18.948102951049805
12.49056625366211
9.224127769470215
9.105348587036133
4.189998626708984
9.717462539672852
9.089560508728027
-2.6017096042633057
2.546694040298462
37.65168762207031
37.55836868286133
11.241308212280273
10.918971061706543
-5.13932991027832
13.744929313659668
0.941349983215332
5.235869407653809
11.27531623840332
8.622350692749023
1.162324070930481
13.22673225402832
-2.7135651111602783
-0.30768343806266785
8.45043659210205
1.5329625606536865
0.9881590008735657
6.251033306121826
-5.034001350402832
11.368063926696777
10.536436080932617
-1.27899169921875
4.5125532150268555
29.40449333190918
-7.131468772888184
3.1811349391937256
-1.0165963172912598
9.189384460449219
5.135204792022705
8.2454252243042
-17.03422737121582
4.373855113983154
-9.12625503540039
8.9798002243042
1.9959255456924438
5.044544696807861
-5.670917987823486
-3.591193914413452
14.50527286529541
11.537660598754883
10.457375526428223
18.247295379638672
2.022488594055176
22.577037811279297
18.20718765258789
19.836326599121094
-7.10198974609375
-0.9602990746498108
32.135009765625
6.31320333480835
11.17335319519043
28.536272048950195
-3.1201252937316895
1.6947253942489624
0.9345710277557373
4.535895824432373
7.346405982971191
10.771475791931152
15.368152618408203
18.254602432250977
5.590273380279541
19.378463745117188
-7.908055782318115
23.016469955444336
1.3289048671722412
24.89333152770996
8.233986854553223
-11.81054401397705
-0.3968464434146881
26.018444061279297
18.4205265045166
6.58433723449707
-8.250669479370117
13.74528694152832
18.620357513427734
21.951889038085938
10.163609504699707
25.62287139892578
-3.6949102878570557
25.724191665649414
11.587335586547852
1.5625760555267334
8.828038215637207
-10.48991870880127
-10.122568130493164
26.802213668823242
8.119074821472168
-9.874690055847168
-7.337077617645264
6.222383975982666
-10.0480375289917
9.544801712036133
-19.651622772216797
-5.276823997497559
-18.45130157470703
-13.180919647216797
-29.509044647216797
-16.68501091003418
-12.47113037109375
-11.605998039245605
0.06813635677099228
-20.392723083496094
-19.278942108154297
20.6477108001709
-5.967413902282715
1.9794663190841675
8.695548057556152
-13.93332576751709
-0.6785621643066406
-19.093244552612305
-20.630786895751953
-10.351378440856934
3.9912049770355225
-22.950937271118164
-13.367124557495117
-0.3432578444480896
-8.055079460144043
-17.878328323364258
5.3220720291137695
-20.974365234375
-4.39347505569458
18.590669631958008
-25.19914436340332
-1.7512400150299072
2.627321481704712
11.671225547790527
-5.471127986907959
-2.568115234375
4.132288932800293
-1.2145023345947266
-14.758675575256348
-7.676736831665039
-8.15101432800293
5.792322635650635
-5.706984996795654
-18.988819122314453
-18.87261962890625
-21.90431022644043
-20.70643424987793
-16.227752685546875
-18.69647979736328
-21.089797973632812
-22.499603271484375
-22.14749526977539
-29.601301193237305
-21.5024356842041
-10.71877670288086
-13.858769416809082
-16.023420333862305
-27.407920837402344
-25.667158126831055
-7.502575397491455
-11.353178024291992
-13.294877052307129
-8.047872543334961
-17.378236770629883
-7.577450752258301
-21.373641967773438
-16.15105438232422
-20.558286666870117
-21.11296272277832
-13.408100128173828
-21.354196548461914
-20.18428611755371
-4.850046634674072
-9.675309181213379
-13.816061973571777
-7.3660407066345215
-22.60173797607422
-3.985931396484375
-13.814807891845703
-6.3355512619018555
-28.965904235839844
-14.658106803894043
-16.940650939941406
-11.978084564208984
-22.57801055908203
-23.08797264099121
-8.741616249084473
-9.413419723510742
-13.196226119995117
-8.82125473022461
-8.113563537597656
-14.922243118286133
-24.338287353515625
-20.961040496826172
-5.916871070861816
-19.310075759887695
-3.2627768516540527
-1.8784189224243164
-25.673357009887695
-13.165092468261719
-21.47785758972168
-26.745590209960938
-8.158381462097168
-5.581611633300781
-26.919248580932617
-5.5943474769592285
0.8582499623298645
-15.127666473388672
-21.50448226928711
-16.728288650512695
-22.743810653686523
-1.5164275169372559
-4.799533367156982
19.164813995361328
-12.87055492401123
-3.461576461791992
4.923974990844727
-12.672796249389648
5.517251014709473
31.240610122680664
5.8160834312438965
30.396469116210938
11.52296257019043
17.662233352661133
19.830549240112305
26.471923828125
24.569753646850586
15.731534957885742
3.9704525470733643
16.005002975463867
-5.02314567565918
26.149499893188477
12.980579376220703
3.400679349899292
16.096952438354492
4.516007423400879
9.73006534576416
24.535600662231445
28.811153411865234
-11.291523933410645
-0.297551691532135
26.756425857543945
-3.8165197372436523
-17.293527603149414
7.645419120788574
-1.4365167617797852
7.630545139312744
1.1814212799072266
1.7106308937072754
1.209930658340454
3.062549352645874
2.4949376583099365
-10.975643157958984
-1.3750567436218262
0.0726451426744461
-20.799819946289062
-34.56809997558594
-18.701011657714844
-17.259695053100586
-16.972421646118164
-7.40268611907959
-27.379240036010742
-21.529808044433594
-24.643741607666016
-24.685787200927734
-16.155858993530273
-34.45723342895508
-32.46072769165039
-6.2927021980285645
-15.651063919067383
-17.52312660217285
-17.489885330200195
-13.098701477050781
5.05865478515625
-15.41220760345459
13.564798355102539
-14.597586631774902
2.0862176418304443
-3.8382437229156494
4.69407844543457
3.1561200618743896
23.860124588012695
16.585874557495117
-7.950260639190674
1.0345592498779297
9.765881538391113
5.068597793579102
4.8477606773376465
9.177218437194824
14.14168930053711
-12.252613067626953
-1.1396862268447876
-20.082674026489258
-7.691958427429199
-2.794650077819824
11.75861644744873
-20.431196212768555
9.590333938598633
1.0976996421813965
-21.837665557861328
-5.050173282623291
2.6889147758483887
1.9274578094482422
-15.32712173461914
0.7322921752929688
6.70509147644043
3.2223472595214844
16.926761627197266
-2.458498239517212
30.232629776000977
-6.079627513885498
23.220699310302734
9.757701873779297
4.750339984893799
5.045005798339844
3.404449939727783
0.13201746344566345
15.29096794128418
0.9874811172485352
8.79452896118164
32.164432525634766
1.6190022230148315
15.2928466796875
-5.2456159591674805
24.573986053466797
-1.1266121864318848
-0.9714002013206482
-1.1249114274978638
1.8633675575256348
18.49277687072754
2.3208744525909424
6.732467174530029
15.81993579864502
13.850228309631348
11.935684204101562
-4.781492710113525
-8.084881782531738
10.374662399291992
-12.651239395141602
-7.631777763366699
22.35546112060547
11.835140228271484
-12.557646751403809
6.841859340667725
-6.963346004486084
-0.13402245938777924
16.979782104492188
-13.144915580749512
18.934432983398438
-12.060293197631836
-7.182516098022461
0.9921280741691589
-20.8995418548584
-1.040123462677002
-33.02197265625
-14.9232816696167
-21.075590133666992
2.0057599544525146
-13.031085968017578
2.240058660507202
-0.72347092628479
-16.107213973999023
-12.459606170654297
-2.442927837371826
-27.23127555847168
-2.534546375274658
8.609355926513672
-20.06479263305664
-14.33182144165039
-27.40510368347168
-3.5337212085723877
-3.670024871826172
-2.095025062561035
-0.3732393682003021
2.5446457862854004
-10.427848815917969
1.0188307762145996
14.500127792358398
4.985898494720459
-12.430018424987793
5.752346515655518
2.3734488487243652
-12.240345001220703
10.972684860229492
-15.81922435760498
-20.420087814331055
1.102569818496704
2.110100746154785
11.506179809570312
-17.450637817382812
-2.6271142959594727
-10.663491249084473
-3.549121856689453
26.168590545654297
-18.54990005493164
0.516220211982727
-30.637765884399414
14.34713077545166
6.431583404541016
10.739526748657227
8.958298683166504
-25.598947525024414
-9.273991584777832
-13.074807167053223
-29.947486877441406
-2.535043478012085
11.221714973449707
-10.387239456176758
-18.715572357177734
-20.95041847229004
-15.905961036682129
-12.217429161071777
-14.26256275177002
-1.3983489274978638
-25.41543197631836
-25.483835220336914
-11.927227973937988
-9.52393913269043
-7.8282151222229
-9.287135124206543
-3.781757354736328
4.736408710479736
-7.156528949737549
-14.331521034240723
-19.8966064453125
-26.256671905517578
-10.123496055603027
-23.19682502746582
-0.6380659937858582
-9.020079612731934
-9.682795524597168
-29.602128982543945
-8.69577407836914
-3.9600791931152344
-33.61159133911133
-3.8605639934539795
-6.07314395904541
-20.778160095214844
-20.707305908203125
-1.6170564889907837
-2.9515433311462402
10.06730842590332
-1.0218944549560547
5.206874847412109
1.5895850658416748
-16.218931198120117
-24.8516902923584
-3.9369752407073975
-13.54184341430664
1.47817063331604
-8.970348358154297
-6.688167095184326
-0.2946876287460327
-10.127618789672852
8.946662902832031
3.3893308639526367
-22.093759536743164
-7.906678676605225
-7.06395959854126
-4.516202449798584
-15.139158248901367
-0.3505137860774994
-17.882837295532227
-6.62253475189209
-25.629236221313477
-27.39337921142578
-13.697552680969238
-28.985416412353516
-30.6070613861084
-22.343135833740234
-15.075418472290039
-14.984053611755371
-11.133500099182129
-29.247196197509766
-2.5034844875335693
10.492754936218262
-10.28966999053955
-17.308361053466797
-3.233649969100952
-8.64214038848877
-17.86316680908203
-25.42280387878418
-21.776777267456055
-10.165125846862793
-17.069591522216797
-39.34557342529297
-12.284022331237793
-9.729043960571289
-21.271318435668945
-43.626014709472656
-33.373409271240234
-16.734928131103516
-21.049226760864258
-36.20246505737305
-8.164634704589844
-19.65019416809082
-37.69628143310547
-38.03338623046875
-37.93305587768555
-25.59648323059082
-24.069236755371094
-29.81330680847168
-26.740924835205078
-19.206405639648438
-35.65644836425781
-21.612051010131836
-49.28316879272461
-35.72274398803711
-38.23397445678711
-24.880718231201172
-25.753501892089844
-26.415550231933594
-41.57069778442383
-12.988039016723633
-1.8695883750915527
-17.813058853149414
-21.299312591552734
-18.205528259277344
-7.271968364715576
0.7671731114387512
-20.958080291748047
-26.038156509399414
-7.346519470214844
-28.244009017944336
-16.480602264404297
-8.127400398254395
-6.1253485679626465
-6.790604114532471
-5.825708389282227
14.82741641998291
1.8896398544311523
25.788103103637695
5.398037910461426
7.10089111328125
-11.443351745605469
-33.083709716796875
-27.151865005493164
-5.5990095138549805
-17.565196990966797
7.293929100036621
-7.117618560791016
11.722023963928223
-22.387523651123047
-2.1783065795898438
-8.34638500213623
25.294212341308594
11.916182518005371
7.051385879516602
-17.77772331237793
6.413819313049316
18.478837966918945
-21.086143493652344
8.000773429870605
-10.180913925170898
-20.591588973999023
-0.6330913305282593
15.68232536315918
-4.317149639129639
19.373395919799805
-10.768462181091309
-12.258800506591797
4.519459247589111
-9.794671058654785
-3.636406183242798
-12.89531135559082
3.38915753364563
5.444455146789551
21.264171600341797
-21.194252014160156
13.19517993927002
-4.901454448699951
18.764474868774414
13.132461547851562
-9.575200080871582
1.2723966836929321
-25.363510131835938
-29.003339767456055
-15.642107963562012
9.233216285705566
-9.100546836853027
0.7177180051803589
-11.939180374145508
-44.82490539550781
-2.4570717811584473
-17.35200309753418
-12.439216613769531
-25.000295639038086
-17.533641815185547
-7.836492538452148
0.32488226890563965
-0.293933629989624
-4.950276851654053
-12.372085571289062
-20.36491584777832
3.3020830154418945
3.8645331859588623
14.100167274475098
-0.30122464895248413
-12.73832893371582
-8.055242538452148
-10.946979522705078
2.0306622982025146
-6.925481796264648
0.5913521647453308
11.38077449798584
-8.691255569458008
-22.982263565063477
-3.9022741317749023
23.438217163085938
-20.143352508544922
-7.0509419441223145
9.463237762451172
-0.2805345952510834
25.107147216796875
-3.152838706970215
-5.2516655921936035
-30.298004150390625
-29.34348487854004
15.856817245483398
14.269611358642578
-3.386399030685425
-31.9644832611084
-21.711965560913086
-29.286609649658203
28.310955047607422
2.6219000816345215
21.496654510498047
6.265316009521484
-30.764196395874023
-48.21373748779297
-15.090019226074219
-24.80195426940918
-15.980301856994629
-23.4803524017334
-31.35370635986328
-39.722007751464844
-51.858482360839844
-33.78417205810547
0.01281505636870861
-8.526971817016602
-16.976890563964844
-33.03681945800781
-45.994972229003906
-22.096202850341797
-39.24964904785156
-49.993438720703125
-29.987754821777344
-42.32640838623047
-46.30743408203125
-46.70602035522461
-33.327274322509766
-17.021764755249023
-23.248565673828125
-30.42226219177246
-40.982295989990234
-27.628507614135742
-35.21434020996094
-43.160400390625
-9.695740699768066
-57.60239028930664
-53.05144119262695
-41.61358642578125
-22.102767944335938
-35.00739669799805
-35.68695831298828
-34.84615707397461
-38.9046630859375
-44.86248016357422
-26.00248908996582
1.8090101480484009
-9.002677917480469
-8.74329948425293
-44.0886116027832
-31.454715728759766
-10.790440559387207
-0.5605039596557617
-45.85402297973633
-18.116586685180664
-22.197673797607422
-45.64153289794922
-33.19260787963867
-11.097758293151855
-5.115466117858887
-14.665823936462402
-17.671537399291992
-0.02723684534430504
2.675139904022217
-7.2823100090026855
-18.598669052124023
25.295549392700195
-18.834598541259766
-10.109057426452637
-27.53300666809082
-19.741697311401367
6.5724992752075195
-29.579387664794922
10.730802536010742
24.565141677856445
2.6323816776275635
-16.434213638305664
-6.998165130615234
-5.857382774353027
-6.898372650146484
24.941099166870117
-26.382938385009766
9.25403118133545
4.71721076965332
-13.667669296264648
10.10416316986084
27.189638137817383
-20.695812225341797
-13.056638717651367
-1.2456763982772827
0.8417297005653381
-15.996939659118652
-1.233373999595642
-9.649065971374512
-3.8892769813537598
2.5418026447296143
-27.352508544921875
-21.849754333496094
-23.07807159423828
29.477468490600586
-24.61573600769043
-32.22012710571289
15.888019561767578
-4.061960220336914
-7.0969929695129395
10.093918800354004
-10.56119441986084
2.7686800956726074
14.683070182800293
10.555852890014648
8.776640892028809
-6.714018821716309
-6.926915645599365
-19.735694885253906
29.202600479125977
-33.89106369018555
-0.6984502077102661
0.2976413667201996
-15.085610389709473
-27.281503677368164
-26.051111221313477
-27.743030548095703
-14.200234413146973
5.533162593841553
9.2797212600708
2.9575178623199463
-10.219043731689453
5.932896614074707
7.253780364990234
10.585573196411133
-10.002474784851074
-21.418115615844727
-16.537189483642578
0.311694860458374
-19.346508026123047
-22.048377990722656
-5.708915710449219
-18.563291549682617
21.04835319519043
29.006114959716797
29.229087829589844
33.70085144042969
11.842428207397461
-3.017218589782715
33.07991027832031
-1.113231897354126
3.1314027309417725
-17.631946563720703
-21.458133697509766
-5.78564453125
-23.56710433959961
-16.227346420288086
4.764332294464111
-28.443645477294922
-35.09191131591797
-15.616931915283203
9.829623222351074
-4.587034702301025
-12.85256290435791
16.463525772094727
-7.994516372680664
7.032926082611084
18.963979721069336
-7.566283226013184
8.174871444702148
-5.862131118774414
4.28386116027832
-21.699983596801758
-13.92844295501709
-13.296282768249512
-15.615818977355957
-8.871598243713379
16.849594116210938
22.759607315063477
8.805513381958008
12.741385459899902
14.541182518005371
6.10669469833374
22.582305908203125
-5.777256965637207
-17.029924392700195
-8.91747760772705
-9.033271789550781
18.665773391723633
3.71166729927063
-5.287553787231445
-21.46973419189453
0.1235707551240921
-20.580726623535156
11.437594413757324
-16.93706703186035
13.425311088562012
-27.026227951049805
-18.508846282958984
10.968172073364258
41.213619232177734
14.025470733642578
-19.666269302368164
5.398874282836914
21.393720626831055
-1.3522013425827026
15.838339805603027
22.760122299194336
-41.10398483276367
14.646787643432617
4.575035095214844
-27.953693389892578
-12.68712043762207
-2.2617862224578857
-10.497414588928223
-3.4395534992218018
24.746768951416016
0.19198301434516907
-3.0777082443237305
-6.449363708496094
-5.139044761657715
-21.248226165771484
-8.232194900512695
8.358823776245117
24.69436264038086
13.4602632522583
-21.399879455566406
-19.27271842956543
-21.98513412475586
11.384693145751953
1.0363842248916626
-29.66171646118164
-34.61539077758789
5.773180961608887
-30.502988815307617
-21.2399845123291
1.4638915061950684
-4.894649028778076
-16.255525588989258
-17.985572814941406
-1.0669466257095337
-12.511833190917969
22.260223388671875
13.5419921875
22.321304321289062
24.07147216796875
-19.332965850830078
-13.80591106414795
-19.245779037475586
9.42235279083252
-7.746597766876221
-28.628164291381836
-18.596181869506836
-15.881108283996582
6.147655487060547
14.847587585449219
8.59919261932373
-4.30002498626709
5.925487041473389
-0.5321959257125854
-7.413402080535889
-3.2066609859466553
6.231673240661621
-32.65498352050781
23.737279891967773
0.1348205953836441
-27.60165786743164
1.5581955909729004
4.917917251586914
-6.863945007324219
-24.088476181030273
14.718232154846191
-10.8009033203125
9.955744743347168
-19.386831283569336
-22.79422378540039
0.683801531791687
8.065879821777344
-4.976323127746582
-46.81964874267578
-8.856035232543945
5.210693836212158
20.31125259399414
-11.127656936645508
6.341863632202148
20.931140899658203
-8.700980186462402
12.356600761413574
13.546233177185059
4.046472549438477
-4.626731872558594
3.5052874088287354
-16.36528778076172
-9.894807815551758
-8.656876564025879
9.128233909606934
-20.511600494384766
-33.44414520263672
-9.343717575073242
-25.90129280090332
-19.150053024291992
-0.38106396794319153
0.8727908134460449
28.780391693115234
-0.3489067256450653
13.815875053405762
33.442649841308594
0.5758058428764343
9.4197359085083
11.871967315673828
21.913530349731445
-9.02241325378418
-9.946314811706543
35.22745895385742
-2.252342700958252
12.042974472045898
19.68221664428711
-6.523372650146484
-19.77134895324707
13.233642578125
11.797809600830078
7.824337959289551
-24.578113555908203
-26.727062225341797
-4.1695380210876465
21.030162811279297
23.345163345336914
-11.106959342956543
12.281566619873047
-8.892252922058105
-3.963503837585449
-8.334674835205078
-25.5819149017334
-30.167165756225586
-1.9622567892074585
-2.5269370079040527
-3.3307971954345703
-0.012840294279158115
6.916116714477539
8.591435432434082
-14.280546188354492
-24.51793670654297
-13.001689910888672
-3.6077170372009277
1.1714165210723877
-1.6977609395980835
6.1053147315979
-7.511290550231934
-8.313863754272461
-27.972990036010742
11.822380065917969
24.993738174438477
-17.409820556640625
-36.12435531616211
8.740659713745117
7.147445201873779
-17.477458953857422
26.8125
27.558610916137695
3.6738836765289307
14.25658130645752
18.164493560791016
-17.22907829284668
-8.155904769897461
-18.828712463378906
1.4252381324768066
-10.343301773071289
15.71696662902832
-27.824642181396484
12.08609676361084
-9.529026985168457
-21.34693717956543
-6.189259052276611
-6.071352005004883
7.831204414367676
30.541318893432617
25.956947326660156
8.981260299682617
4.803390026092529
-3.2028067111968994
-37.026947021484375
-24.363069534301758
-1.3747222423553467
-7.0422444343566895
-6.26427698135376
-11.492257118225098
24.408470153808594
-13.694961547851562
-17.703100204467773
-0.8874565958976746
0.1658935248851776
-7.020145416259766
26.783870697021484
9.403514862060547
-4.324970722198486
29.812625885009766
29.32954216003418
13.02667236328125
12.285318374633789
-4.679590702056885
3.40435791015625
-2.2668850421905518
10.871004104614258
-2.865095853805542
-2.1687238216400146
-35.58724594116211
-40.31043243408203
-17.355730056762695
2.927858591079712
16.932861328125
9.599344253540039
33.51020050048828
-9.161877632141113
18.840805053710938
9.702452659606934
-9.01733684539795
-29.339237213134766
20.371335983276367
4.886977195739746
-23.495824813842773
-11.643465042114258
-5.50165319442749
-11.265060424804688
1.4509060382843018
0.7584617137908936
-9.009668350219727
0.7167870402336121
-3.780097007751465
2.088679790496826
13.042135238647461
-13.355423927307129
3.033139228820801
4.715606689453125
17.346662521362305
24.095552444458008
1.7204523086547852
-21.735036849975586
1.5666218996047974
7.808854103088379
-8.781516075134277
3.886497974395752
22.837297439575195
4.835885524749756
-5.108445167541504
3.6303181648254395
7.447246074676514
-29.805179595947266
4.608832359313965
-8.295147895812988
-6.3235979080200195
-6.212070941925049
2.4058332443237305
3.76100754737854
10.957776069641113
22.270328521728516
13.853672981262207
18.617496490478516
-5.557526588439941
10.492467880249023
-21.074460983276367
-23.553190231323242
-7.266149520874023
-12.472478866577148
-46.65205001831055
1.1582307815551758
4.2733235359191895
29.468271255493164
8.043211936950684
1.608747959136963
27.19805145263672
-2.9127378463745117
0.8500735759735107
30.514829635620117
-15.48739242553711
-7.786830425262451
-13.005800247192383
-24.006858825683594
1.2023831605911255
-17.75012969970703
-8.656521797180176
-7.472954750061035
35.593692779541016
2.958012342453003
13.77281379699707
22.0306339263916
37.667301177978516
14.068775177001953
14.502685546875
20.337663650512695
16.348073959350586
-9.358773231506348
-25.190744400024414
-0.716711163520813
-2.417701482772827
-17.095251083374023
-36.98780822753906
-8.682343482971191
-27.569931030273438
-17.940950393676758
-40.635276794433594
-8.412223815917969
-2.6294050216674805
-6.869839668273926
-5.508180141448975
-28.944705963134766
-13.7135009765625
-1.4337961673736572
-15.832294464111328
-41.396141052246094
-0.8952296376228333
-15.454201698303223
4.412434101104736
-13.307137489318848
-16.406112670898438
-37.18242645263672
-33.52075958251953
-40.22824478149414
-31.989078521728516
-39.64205551147461
-42.52378463745117
-49.149085998535156
-16.907472610473633
-14.904458045959473
-21.090681076049805
-41.62508010864258
-17.766958236694336
-26.5414981842041
-28.125843048095703
-37.36739730834961
-37.82731628417969
-36.78507614135742
-24.808490753173828
-25.445396423339844
-38.04361343383789
-40.43152618408203
-27.619096755981445
-31.682437896728516
-33.48112106323242
-24.423980712890625
-38.60762023925781
-45.0430908203125
-40.459938049316406
-27.516616821289062
-10.566547393798828
-19.283584594726562
-26.291790008544922
-24.621803283691406
-12.56057071685791
-31.469316482543945
-35.49117660522461
-27.503034591674805
-45.378177642822266
-17.44753074645996
-38.23754119873047
-27.923391342163086
-51.16128158569336
-56.20032501220703
-44.6646728515625
-45.59584045410156
-21.287750244140625
-10.89414119720459
-20.909854888916016
-26.677268981933594
-15.032403945922852
-15.866754531860352
-40.61614990234375
-24.882333755493164
-18.672683715820312
0.6912909150123596
-27.543874740600586
-26.875255584716797
-25.659921646118164
-24.192354202270508
-25.50942039489746
1.89078688621521
-13.8605318069458
-10.07474422454834
-40.13551712036133
31.313735961914062
8.192754745483398
-23.210113525390625
-13.774042129516602
-14.537850379943848
6.76295280456543
-14.129447937011719
-20.20829963684082
-10.9669828414917
7.933084487915039
-8.747126579284668
-15.090926170349121
8.643064498901367
-26.019676208496094
-31.3330020904541
6.3570027351379395
-9.175841331481934
-8.111726760864258
-11.115999221801758
-11.549639701843262
-38.86299133300781
-14.01960563659668
-37.02267074584961
-19.405698776245117
-33.07143020629883
23.604204177856445
-4.897605895996094
9.901172637939453
33.84205627441406
-15.019834518432617
10.187060356140137
34.012123107910156
19.07445526123047
36.39579391479492
29.433122634887695
-8.479513168334961
8.268871307373047
-8.950309753417969
7.258817195892334
23.023277282714844
-28.366464614868164
-23.22418975830078
-44.37860107421875
-28.726613998413086
-10.986001014709473
-18.88954734802246
-9.035514831542969
-16.615520477294922
-14.129829406738281
-20.379234313964844
-17.788705825805664
-2.540766716003418
5.730192184448242
8.550700187683105
-9.632798194885254
-1.704509973526001
7.630321979522705
9.134483337402344
-3.4456920623779297
-15.38845443725586
-26.181814193725586
-18.550682067871094
-9.895273208618164
-24.966203689575195
-27.97722053527832
-15.203056335449219
-35.29890441894531
-27.837390899658203
-20.649328231811523
-18.15482521057129
-32.85059356689453
-26.408405303955078
-5.981510639190674
-3.331589937210083
-13.258244514465332
-2.30092191696167
4.9872002601623535
-17.829078674316406
-17.416486740112305
11.078149795532227
15.82663345336914
-0.4784703552722931
-13.837994575500488
21.48839569091797
7.7248215675354
16.10841941833496
6.717480182647705
21.710458755493164
7.864482402801514
-8.163125991821289
3.2276523113250732
-37.975738525390625
1.482046365737915
9.553849220275879
-12.916583061218262
-10.031700134277344
-18.86032485961914
15.819938659667969
3.624732732772827
39.362342834472656
16.828357696533203
-6.740549087524414
10.82055950164795
-6.2050323486328125
12.488991737365723
-0.5626171231269836
10.678482055664062
13.661473274230957
4.246638774871826
17.492036819458008
19.292158126831055
10.819381713867188
16.4090633392334
-25.375417709350586
-18.062795639038086
-15.9367036819458
-26.43657112121582
2.7958595752716064
-12.902229309082031
11.810792922973633
-5.3593597412109375
-10.909991264343262
-6.772191524505615
-0.10486412048339844
-4.570598125457764
3.781230926513672
-1.4028127193450928
-8.949525833129883
-22.26064109802246
4.212582588195801
-15.806998252868652
-18.45746421813965
34.62247085571289
2.721017360687256
-10.853188514709473
2.181708812713623
12.966521263122559
9.654525756835938
19.762990951538086
3.024832010269165
-17.63364028930664
-13.154877662658691
-0.5537027716636658
-9.466641426086426
4.089140892028809
0.3839000165462494
-21.99895477294922
8.042391777038574
-4.692533493041992
-3.1888341903686523
-15.054807662963867
-21.41463279724121
-10.239127159118652
-29.4794864654541
1.6225141286849976
-0.007652434054762125
-18.264474868774414
-12.798575401306152
6.448073863983154
-7.790792465209961
10.183553695678711
-8.720701217651367
0.7207291722297668
-2.5687050819396973
-10.133907318115234
-13.628849983215332
-3.95811128616333
-26.058006286621094
-27.332290649414062
-11.773456573486328
-3.122335195541382
3.3943004608154297
-14.56328010559082
-7.743158340454102
-9.10995101928711
-21.893062591552734
-25.210453033447266
-9.449752807617188
-16.5794734954834
-25.016324996948242
-27.308557510375977
-23.549575805664062
-29.349227905273438
-23.716196060180664
10.471762657165527
-6.863000869750977
-22.937410354614258
-0.46289917826652527
21.028873443603516
4.219852924346924
-5.415369033813477
-13.944110870361328
21.499603271484375
7.427896022796631
25.144084930419922
-10.608583450317383
-5.524314880371094
-2.818457841873169
-9.545228958129883
-0.7834609150886536
-1.3453372716903687
-22.112646102905273
-2.264528274536133
-0.14423705637454987
-20.78899574279785
24.954111099243164
-24.792619705200195
-10.257559776306152
-5.697747707366943
11.820209503173828
13.29050064086914
13.557682991027832
24.613142013549805
44.5150146484375
20.90557098388672
47.74020004272461
14.160755157470703
4.85868501663208
10.020301818847656
-0.09843605011701584
-3.1071054935455322
-8.009072303771973
17.683652877807617
-13.768837928771973
-8.923765182495117
20.134870529174805
1.0932689905166626
17.966556549072266
-6.526493549346924
14.0505952835083
-25.33881950378418
-6.982754707336426
-13.21677017211914
-5.955539703369141
11.158489227294922
16.604106903076172
0.8553581237792969
-4.848389625549316
-15.026691436767578
-8.170835494995117
9.554837226867676
24.852251052856445
3.50024676322937
27.85488510131836
18.75140380859375
0.6663870811462402
-9.620986938476562
2.9146761894226074
0.9272689819335938
10.069443702697754
-10.123044967651367
35.55326461791992
-2.9771857261657715
16.320589065551758
-8.896275520324707
8.821266174316406
4.932270050048828
20.063114166259766
-2.594327926635742
-12.128376007080078
25.975330352783203
37.23023223876953
23.23381233215332
15.85128116607666
-8.598464965820312
-5.447920799255371
-1.2347456216812134
27.160675048828125
-2.118607997894287
4.34147310256958
14.26948070526123
20.28476333618164
0.3489946126937866
17.633161544799805
27.809059143066406
10.371882438659668
-10.290628433227539
18.151227951049805
-7.373172760009766
-1.2695742845535278
2.900728225708008
-8.850671768188477
-9.649842262268066
-5.1646528244018555
-1.2015068531036377
17.107757568359375
-20.380821228027344
27.17841911315918
23.427383422851562
22.98564910888672
39.43680191040039
23.214698791503906
-4.608121871948242
-1.8604344129562378
-40.44941711425781
-18.091751098632812
-10.465140342712402
-24.60434913635254
-6.233848571777344
27.70038604736328
0.32034826278686523
11.724486351013184
14.049554824829102
28.984663009643555
-7.218418598175049
-14.177210807800293
31.060386657714844
0.46220505237579346
-4.3847761154174805
21.95144271850586
8.302352905273438
-6.9136643409729
-6.404094219207764
6.97585391998291
0.7684951424598694
4.143919467926025
9.526497840881348
-29.990234375
-1.829392910003662
32.194313049316406
12.417943000793457
20.444934844970703
-13.731782913208008
9.994827270507812
3.299924612045288
10.82291316986084
-17.014324188232422
-7.566154479980469
9.865142822265625
12.027440071105957
0.45349085330963135
16.41302490234375
14.063982963562012
16.4322452545166
24.629661560058594
6.7194085121154785
5.283602714538574
1.6590473651885986
29.037288665771484
-5.216763496398926
6.40969705581665
-12.086484909057617
3.1865952014923096
-3.2969889640808105
-10.36741828918457
3.9984960556030273
5.254325866699219
9.069280624389648
22.66081428527832
9.5621337890625
4.156071186065674
9.922262191772461
-9.870260238647461
-2.180050849914551
-12.770004272460938
-10.591133117675781
-0.3917253911495209
0.05996543541550636
17.97023582458496
-26.610851287841797
8.826356887817383
-21.669586181640625
-2.8102121353149414
-16.517852783203125
-37.65305709838867
-36.01209259033203
-13.344325065612793
-11.713316917419434
-41.03801345825195
7.290763854980469
-6.4876508712768555
4.440575122833252
-15.220419883728027
22.09636878967285
7.906478404998779
-3.7296500205993652
21.601091384887695
-16.211612701416016
38.835533142089844
25.490293502807617
11.09211254119873
4.929239273071289
-31.183795928955078
-0.9047778248786926
18.294294357299805
23.005517959594727
12.903460502624512
11.740674018859863
3.0405828952789307
-6.182804584503174
-26.98859405517578
0.18419840931892395
-19.6755313873291
-5.730833530426025
-42.935447692871094
27.4840030670166
-10.634991645812988
-6.316234111785889
0.20459379255771637
-7.0575337409973145
3.7382760047912598
-16.250925064086914
-4.362600326538086
0.6340222954750061
8.853901863098145
-18.945266723632812
15.708999633789062
7.210353851318359
14.078409194946289
7.2268571853637695
26.28620147705078
2.2458767890930176
1.7401574850082397
-20.009952545166016
-24.982219696044922
-10.811986923217773
10.685895919799805
-25.303497314453125
-8.519176483154297
13.089056015014648
-10.362975120544434
-23.952585220336914
-13.774007797241211
-0.007301307283341885
-2.6110851764678955
4.358648777008057
-25.767179489135742
7.356283664703369
7.410550117492676
-5.749159336090088
3.4402053356170654
3.192870616912842
8.433436393737793
11.669707298278809
6.169949054718018
-23.732343673706055
-4.853303909301758
13.180059432983398
6.36424446105957
8.407876014709473
50.0849494934082
-0.983741283416748
-20.328256607055664
-26.228961944580078
-9.685444831848145
-23.284101486206055
1.2919590473175049
-10.624378204345703
-16.940046310424805
-3.8504068851470947
2.349045991897583
14.845504760742188
-20.48101806640625
-28.606746673583984
-1.8292794227600098
7.098121643066406
20.164085388183594
-13.298161506652832
-6.194748401641846
-12.180187225341797
-16.56010627746582
-12.853311538696289
1.3966410160064697
-19.472007751464844
4.420801639556885
4.623156547546387
-2.0696768760681152
22.309892654418945
-2.327045202255249
-9.65060806274414
0.046357572078704834
8.06502914428711
7.080377578735352
-23.45635223388672
-13.464740753173828
-11.762368202209473
-18.528968811035156
-22.434539794921875
-44.1060791015625
-8.782157897949219
-36.81403732299805
-24.291337966918945
-39.40597915649414
-12.75592041015625
-5.015000820159912
-26.485309600830078
-37.014774322509766
-23.546756744384766
-13.104690551757812
5.1844000816345215
-12.736092567443848
-10.43539810180664
-16.431411743164062
25.023080825805664
-2.5343170166015625
20.083837509155273
16.20827293395996
-16.366065979003906
-17.02677345275879
9.572676658630371
-14.23962688446045
-3.759958028793335
12.093489646911621
-22.983278274536133
-18.639957427978516
-2.318227529525757
-2.1892430782318115
-12.953607559204102
1.1387152671813965
-14.87942886352539
-3.4135701656341553
-16.821691513061523
-12.424449920654297
-13.391946792602539
-17.074800491333008
-21.163854598999023
-12.119982719421387
14.956474304199219
-14.24634838104248
50.01173782348633
14.824352264404297
-2.807434558868408
13.750798225402832
-6.814858913421631
31.439464569091797
8.719449996948242
27.113752365112305
11.696682929992676
25.728410720825195
5.820420742034912
-8.686223030090332
-24.322790145874023
-0.7100183367729187
20.64542579650879
-27.422937393188477
-9.756963729858398
6.114984512329102
-23.686603546142578
-1.4161832332611084
-24.62771224975586
-26.792659759521484
-14.085565567016602
-2.7185189723968506
-24.793132781982422
1.9719129800796509
11.871326446533203
20.355396270751953
31.176883697509766
1.4853636026382446
14.327292442321777
12.30988883972168
22.178409576416016
-12.781967163085938
13.256281852722168
7.401627063751221
4.26302433013916
13.902226448059082
-4.779729843139648
-9.463321685791016
-2.5108773708343506
9.402629852294922
25.54501724243164
-8.996108055114746
-5.40435266494751
-11.053594589233398
13.440803527832031
-17.894596099853516
-10.563291549682617
34.21581268310547
6.068852424621582
2.3592689037323
-1.3354467153549194
-0.3362995386123657
-5.959429740905762
27.223487854003906
-12.858372688293457
-15.389351844787598
-1.1738930940628052
-2.1309800148010254
11.365263938903809
-5.609485149383545
-5.536859512329102
-21.232839584350586
6.404202461242676
-4.245643615722656
25.772008895874023
19.807668685913086
-5.85359001159668
6.09030818939209
16.179115295410156
30.877553939819336
22.863794326782227
16.41838264465332
22.20168113708496
7.25279426574707
40.57237243652344
27.6742000579834
-2.459766387939453
-8.787349700927734
-13.04555892944336
2.745750904083252
-6.63946533203125
-14.490025520324707
3.5102248191833496
9.295988082885742
-2.4340548515319824
-9.885679244995117
-8.576505661010742
14.851361274719238
-11.654876708984375
11.62440013885498
0.8941499590873718
29.217607498168945
35.02602767944336
37.872371673583984
15.570765495300293
8.857640266418457
15.350208282470703
4.644294738769531
16.17304801940918
-14.587543487548828
-26.613698959350586
-3.0045506954193115
2.009664297103882
16.115535736083984
2.7203166484832764
20.779916763305664
10.691254615783691
-6.876377582550049
-3.213411331176758
-11.985482215881348
-23.577869415283203
-20.019691467285156
-9.474853515625
-25.6118106842041
-7.287362575531006
-41.248348236083984
17.213523864746094
10.536114692687988
8.967118263244629
5.986441135406494
12.312417984008789
6.449544906616211
9.120197296142578
-2.079559087753296
-1.7212620973587036
-11.862177848815918
-22.021446228027344
-4.976994037628174
-10.541973114013672
-11.753251075744629
-1.0742783546447754
-30.1026668548584
-12.1482515335083
-32.35481262207031
11.63090705871582
6.325240135192871
-9.122386932373047
-2.021195411682129
-3.82613205909729
4.430403709411621
37.70961380004883
3.210341215133667
28.881357192993164
29.602216720581055
7.439386367797852
-5.31831693649292
-5.859738349914551
10.562752723693848
-15.72833251953125
-2.933858633041382
-0.5647802948951721
-31.008407592773438
-17.102752685546875
-21.962038040161133
-14.716812133789062
-19.091386795043945
11.344365119934082
-3.0772342681884766
-17.303312301635742
-2.3394534587860107
-9.36372184753418
-14.670282363891602
-25.60029411315918
-22.527544021606445
10.634425163269043
-5.847663402557373
-25.944664001464844
3.8672287464141846
13.8447847366333
-6.8508992195129395
25.617887496948242
-8.041329383850098
-18.123699188232422
-2.5683157444000244
17.814443588256836
-16.462379455566406
30.439504623413086
4.4164042472839355
39.21315383911133
40.28599166870117
4.412225723266602
41.46480178833008
18.184900283813477
37.059391021728516
4.710995197296143
23.871646881103516
8.527531623840332
30.458234786987305
-7.1707563400268555
-0.5844282507896423
11.49542236328125
3.067589521408081
17.487754821777344
6.058942794799805
9.750252723693848
2.0294110774993896
-0.10962765663862228
-19.605857849121094
7.49949312210083
4.700028896331787
-3.7958638668060303
5.180939674377441
-23.159934997558594
14.14067554473877
-8.616283416748047
-23.63722038269043
-18.55888557434082
-10.343253135681152
-5.065781593322754
10.082381248474121
-4.341026306152344
16.825986862182617
2.486222743988037
5.866793632507324
-24.926471710205078
27.90749740600586
18.019784927368164
-1.995018720626831
-27.56509017944336
-11.646316528320312
-8.93277645111084
-6.3417534828186035
1.744808316230774
8.880572319030762
-9.081966400146484
1.0746272802352905
-13.762073516845703
21.623933792114258
-31.9279727935791
-6.990771770477295
-7.298394203186035
-1.6939527988433838
25.165775299072266
3.520498514175415
-32.93014144897461
-7.627939224243164
-14.881397247314453
-6.2960524559021
-8.11386489868164
9.960295677185059
-2.1385345458984375
-5.761955738067627
8.545513153076172
7.310202121734619
-5.2276225090026855
-1.47731614112854
-16.263526916503906
-12.282065391540527
-26.984289169311523
-19.164920806884766
-37.27914047241211
5.327925682067871
6.288393497467041
-5.659626007080078
-23.616098403930664
11.009129524230957
-24.76544952392578
1.0299279689788818
-2.2420096397399902
17.038536071777344
7.412683486938477
16.62161636352539
13.452217102050781
10.065085411071777
38.26436996459961
44.176876068115234
-15.738621711730957
-13.239013671875
17.83034896850586
-21.541959762573242
2.016033411026001
9.428791999816895
-31.77543830871582
-8.969330787658691
-12.745196342468262
-7.774320125579834
-50.0466194152832
1.8846137523651123
-0.4245899021625519
9.506722450256348
1.9200857877731323
2.0811123847961426
12.038945198059082
-18.780025482177734
7.485215187072754
-7.6961588859558105
-16.145896911621094
-6.380659103393555
-28.42045783996582
-23.218481063842773
33.23392105102539
-12.131574630737305
38.552818298339844
22.84318733215332
18.644147872924805
20.61968994140625
17.955135345458984
14.85800552368164
17.03528594970703
2.1930596828460693
-17.061887741088867
-28.508901596069336
7.724601745605469
25.111906051635742
-1.4035418033599854
36.55181884765625
2.7661311626434326
20.207244873046875
-31.833532333374023
7.678477764129639
-7.738282680511475
-2.2194247245788574
14.86311149597168
-21.967729568481445
-20.563352584838867
-22.342788696289062
-6.582441329956055
-6.592509746551514
-9.242770195007324
-24.34588623046875
-1.2636427879333496
-5.8932929039001465
-6.36476469039917
-17.083141326904297
-15.30444622039795
6.366249084472656
-2.439110279083252
17.247276306152344
9.284581184387207
32.280052185058594
13.097268104553223
-7.661367893218994
50.912078857421875
-1.250059962272644
8.124015808105469
5.517055034637451
-11.752703666687012
23.294574737548828
-2.6568710803985596
-7.35064697265625
1.8737809658050537
-12.891205787658691
-10.132149696350098
-1.7565988302230835
-7.971673011779785
-3.098599433898926
5.90602970123291
-6.052236557006836
-0.5807380080223083
-0.1540246307849884
29.055625915527344
12.00121784210205
31.61989402770996
-20.267244338989258
10.295473098754883
-17.19490623474121
10.717578887939453
14.68532943725586
17.641698837280273
2.2942745685577393
-14.321966171264648
-12.274423599243164
-13.755806922912598
4.407991409301758
-27.938806533813477
21.009963989257812
15.749225616455078
0.6936756372451782
-3.5626444816589355
12.557649612426758
-2.5323739051818848
10.808860778808594
12.129249572753906
20.838966369628906
-2.57295560836792
15.85084056854248
-21.336774826049805
3.12119197845459
-10.70539379119873
10.488753318786621
14.773435592651367
-9.191585540771484
-7.795900821685791
-40.26509094238281
0.3554258942604065
-9.276407241821289
-16.644784927368164
-47.81547546386719
-38.60391616821289
7.683154582977295
-15.43159294128418
-12.31895637512207
-26.960220336914062
23.123809814453125
7.8134379386901855
9.250396728515625
17.91619110107422
15.975142478942871
17.009571075439453
27.90935516357422
2.722618818283081
7.8871049880981445
12.032180786132812
28.784658432006836
2.5429270267486572
-5.802623271942139
-3.0064964294433594
-8.566072463989258
-1.2077076435089111
7.4718217849731445
14.076543807983398
14.851279258728027
8.558422088623047
-5.397512435913086
-22.916746139526367
19.1756534576416
17.832632064819336
-2.0184290409088135
3.474724054336548
-16.27048110961914
-34.32730484008789
-21.424842834472656
-13.141315460205078
-22.360641479492188
9.630127906799316
-11.560372352600098
-18.69069480895996
-10.039542198181152
-19.54602813720703
-16.646791458129883
-4.069146633148193
-1.2659170627593994
-8.571980476379395
28.979747772216797
10.726143836975098
0.30667784810066223
-3.673220634460449
-3.2592389583587646
16.237293243408203
-0.35530954599380493
10.823531150817871
14.258570671081543
-19.351032257080078
-28.575021743774414
-1.8677624464035034
-22.48384666442871
-11.408957481384277
-28.388763427734375
0.9370039701461792
-25.846275329589844
2.08378005027771
-19.416860580444336
-0.3366841673851013
3.799368143081665
26.894420623779297
20.055227279663086
11.911296844482422
-4.449821472167969
7.992565631866455
-21.783334732055664
-3.348121166229248
-9.533123970031738
2.4747607707977295
8.027280807495117
-4.590870380401611
13.78384017944336
-1.091203212738037
12.329367637634277
-2.489914894104004
-8.795698165893555
26.99484634399414
-25.992502212524414
-8.839543342590332
-19.426612854003906
1.5064177513122559
-20.83248519897461
18.333921432495117
1.4326330423355103
-2.911135673522949
-15.486664772033691
-0.22405217587947845
-3.542762279510498
19.0188045501709
-1.031779170036316
17.81989860534668
5.490604400634766
-0.15653035044670105
-19.145729064941406
12.122058868408203
6.11942195892334
-13.225136756896973
1.9911094903945923
10.373072624206543
-16.192455291748047
3.6765029430389404
-39.5429801940918
-4.2606658935546875
-14.136343955993652
32.39418029785156
-24.583282470703125
-4.830740451812744
-5.824458599090576
13.011800765991211
5.266382694244385
14.648050308227539
-22.79340362548828
-9.681235313415527
28.21074104309082
17.923667907714844
8.605717658996582
19.171630859375
12.80859661102295
23.554574966430664
3.0212321281433105
2.342844009399414
-18.443946838378906
3.388216733932495
-11.371512413024902
-7.561519145965576
17.24895477294922
-8.547419548034668
5.596268653869629
0.2566543519496918
-18.451311111450195
7.296700954437256
-3.5093979835510254
-19.571393966674805
5.186254501342773
1.8626888990402222
-18.55239486694336
-21.934513092041016
2.436898708343506
-38.74580001831055
-23.207141876220703
-2.750399589538574
-26.413618087768555
8.42143726348877
-11.260083198547363
-12.499248504638672
2.9335856437683105
-32.91411209106445
-15.08586311340332
-30.178476333618164
2.423861026763916
24.53666877746582
-13.037403106689453
-45.346595764160156
-19.700660705566406
6.971920013427734
-13.834480285644531
11.262744903564453
-6.726717948913574
0.2940116226673126
65.75625610351562
-4.553038120269775
12.92048168182373
37.63953399658203
14.18264389038086
3.411728620529175
35.698692321777344
7.220993518829346
20.14643096923828
12.427261352539062
28.88224983215332
2.350792407989502
-10.030386924743652
-12.365677833557129
-6.74086332321167
-8.063840866088867
2.8954250812530518
-14.525510787963867
-27.0482177734375
-5.7027716636657715
-6.699825286865234
-26.564382553100586
-32.81071090698242
-25.129352569580078
-5.046967029571533
-14.614659309387207
-10.651817321777344
-16.600645065307617
-2.7365810871124268
-5.553791522979736
-9.068717002868652
-11.576678276062012
17.151735305786133
-4.300815582275391
10.21298599243164
0.6428560614585876
2.491269826889038
0.014184324070811272
-24.977746963500977
9.980424880981445
-8.375442504882812
-11.292526245117188
4.421183109283447
7.99656867980957
1.60451340675354
2.4970622062683105
-8.41104507446289
-15.70529556274414
-16.92256736755371
12.716842651367188
-10.95074462890625
-11.191482543945312
-9.659780502319336
5.68783712387085
3.4031684398651123
-7.290487289428711
39.05451965332031
2.053795099258423
22.552879333496094
19.627948760986328
8.869144439697266
30.451210021972656
23.0395450592041
3.4607086181640625
4.861884593963623
4.866142272949219
19.567493438720703
41.33771514892578
-31.356523513793945
43.84926986694336
16.044639587402344
30.53412628173828
22.013954162597656
11.552871704101562
24.061031341552734
11.017279624938965
9.72590446472168
-3.11781644821167
-14.333357810974121
-22.47737693786621
15.602034568786621
-0.7288665771484375
-13.6364107131958
-5.113924503326416
-5.350484848022461
-17.164052963256836
-6.541428089141846
-17.685991287231445
4.459928512573242
-41.352027893066406
-25.218082427978516
-9.840513229370117
-39.58216857910156
-35.09257125854492
-18.925832748413086
12.8875150680542
8.506906509399414
-9.437003135681152
-17.995248794555664
-9.62386417388916
17.561208724975586
4.6591620445251465
-6.948293685913086
30.959041595458984
11.908536911010742
24.91368865966797
-2.3260064125061035
11.97583293914795
-15.618535995483398
-11.178037643432617
-12.013948440551758
-22.26897430419922
14.089897155761719
-10.384014129638672
11.443320274353027
27.703041076660156
-9.113120079040527
7.482761383056641
1.5166655778884888
10.715780258178711
-14.709488868713379
-13.285029411315918
-10.815709114074707
8.966830253601074
14.906699180603027
14.774256706237793
-32.47948455810547
-24.757083892822266
20.229249954223633
12.791990280151367
8.526765823364258
39.11049270629883
22.630298614501953
0.8829696178436279
34.48902130126953
34.1525993347168
29.992931365966797
3.4752423763275146
22.164783477783203
-25.933815002441406
5.492045879364014
-1.881939172744751
13.03857707977295
2.948093891143799
-0.20765183866024017
-3.0009958744049072
5.8953022956848145
-17.7802791595459
-0.8337861895561218
-6.9077959060668945
28.470476150512695
5.508532524108887
15.290630340576172
5.182600021362305
9.519186973571777
11.660284042358398
-16.081377029418945
-29.090984344482422
14.28244400024414
-30.497314453125
-5.192314147949219
24.652496337890625
-4.033782005310059
-17.807701110839844
-9.273336410522461
13.702808380126953
-11.309212684631348
-12.489153861999512
1.3596941232681274
3.7185893058776855
13.428057670593262
-7.0627031326293945
5.6135053634643555
-1.4772870540618896
-14.55240535736084
7.185344219207764
-31.580936431884766
-19.511667251586914
-4.212562561035156
15.784952163696289
1.7111717462539673
-1.9445841312408447
20.623104095458984
28.35724639892578
26.598913192749023
10.41903305053711
-9.386323928833008
-1.2747178077697754
6.229337215423584
38.37467956542969
24.47262191772461
-16.187862396240234
-2.0606789588928223
-12.003458976745605
-33.12394714355469
-24.363685607910156
-8.924117088317871
4.746475696563721
-25.197105407714844
-6.062067031860352
67.69414520263672
5.284422874450684
2.250255584716797
19.391441345214844
8.217113494873047
52.147483825683594
11.204862594604492
27.24220848083496
28.381147384643555
-5.233548641204834
-18.928796768188477
-11.895829200744629
-7.327327728271484
-2.9250831604003906
-15.686420440673828
-14.534501075744629
8.794933319091797
12.55854606628418
14.45610523223877
18.922340393066406
-1.385652780532837
-29.48691749572754
-21.247028350830078
10.699501991271973
-24.294736862182617
10.769561767578125
-3.50264573097229
-24.921510696411133
11.993671417236328
11.542308807373047
6.87952995300293
1.1989024877548218
-7.2206196784973145
2.6476919651031494
10.312594413757324
0.04767107218503952
16.076568603515625
16.686859130859375
0.394896537065506
42.27621841430664
-9.235342979431152
6.235754013061523
21.411489486694336
19.01229476928711
11.450151443481445
-24.109941482543945
-6.5776591300964355
-3.988013744354248
4.280445575714111
17.207603454589844
5.740354061126709
-36.438804626464844
9.299985885620117
-39.572357177734375
-4.353031158447266
-19.916488647460938
-16.926090240478516
-28.311559677124023
-17.277753829956055
-19.639944076538086
-10.507582664489746
-9.45917797088623
-42.12058639526367
-19.88904571533203
4.778176307678223
-5.423135757446289
18.395042419433594
-2.7994484901428223
13.02176284790039
-32.22178268432617
-4.443492889404297
50.919029235839844
0.269974946975708
13.070785522460938
-14.229879379272461
4.445413589477539
-19.55746841430664
15.584393501281738
16.170570373535156
-32.270179748535156
-9.244515419006348
-35.14982604980469
10.364092826843262
-3.8035993576049805
-26.523672103881836
-4.161872863769531
11.207903861999512
-9.253683090209961
6.263545513153076
-5.091619968414307
12.27100658416748
30.64875602722168
11.599591255187988
0.9654421210289001
18.33749008178711
20.968158721923828
45.22231674194336
12.319477081298828
-21.187421798706055
8.096940994262695
12.918598175048828
-40.11882400512695
-33.2061882019043
-2.3282525539398193
-35.156593322753906
-2.0680549144744873
-29.603370666503906
-13.843076705932617
-3.7835640907287598
-6.591567039489746
-18.699026107788086
0.09430231899023056
-16.775108337402344
-5.1654052734375
5.067239761352539
54.94729995727539
50.96931457519531
27.158857345581055
16.0656681060791
39.60494613647461
-1.0734429359436035
12.271615028381348
-6.68101167678833
-12.253656387329102
-19.995187759399414
-5.927150726318359
11.503753662109375
12.113484382629395
5.044399738311768
15.544585227966309
63.45589828491211
27.322519302368164
24.81424331665039
20.770185470581055
18.326271057128906
12.578716278076172
-16.200550079345703
-22.15093421936035
-9.315448760986328
-17.27410888671875
5.060064792633057
12.423418998718262
28.544130325317383
-48.65816879272461
-9.057389259338379
42.004302978515625
-14.085693359375
-14.239409446716309
3.1387526988983154
6.091847896575928
-19.262393951416016
12.898012161254883
-2.837202787399292
15.104635238647461
-27.36701202392578
2.4103405475616455
1.7849940061569214
-27.939130783081055
-1.7701704502105713
-5.963444232940674
-24.203542709350586
-14.612987518310547
-11.947989463806152
11.245702743530273
-26.97624397277832
-17.570281982421875
-28.441341400146484
-43.65073013305664
-55.238800048828125
30.936201095581055
-1.4028098583221436
-23.380725860595703
19.475427627563477
-14.930788040161133
-14.867321014404297
8.622549057006836
-7.4704155921936035
46.58750534057617
28.38140106201172
16.30999183654785
44.407344818115234
2.3862345218658447
8.5763521194458
38.56014633178711
10.206770896911621
21.507844924926758
17.27100372314453
6.008145809173584
19.759746551513672
15.180397987365723
-1.856088399887085
-29.144638061523438
22.2955379486084
-6.945509910583496
-26.20448875427246
19.215078353881836
-9.558941841125488
7.678890228271484
1.6265653371810913
-2.4741578102111816
-8.776012420654297
-3.485621690750122
4.0600810050964355
-46.39933776855469
27.611780166625977
14.876293182373047
-1.4710723161697388
-19.86697006225586
-6.657892227172852
-25.017620086669922
-30.456241607666016
-9.275761604309082
27.723230361938477
-19.381229400634766
16.937044143676758
1.280045986175537
7.440351486206055
3.815183639526367
-18.352420806884766
-4.514959335327148
-19.78379249572754
-11.641450881958008
-20.077041625976562
1.6831953525543213
21.45463752746582
-4.017590045928955
9.091864585876465
-22.68659210205078
6.169137954711914
-18.188190460205078
-44.85466384887695
18.71663475036621
3.2700586318969727
21.409828186035156
-7.841494560241699
-9.999862670898438
-38.24267578125
-14.200535774230957
15.21361255645752
9.164719581604004
-19.046409606933594
-0.5033694505691528
-9.541953086853027
12.086030960083008
12.105223655700684
0.23804324865341187
-20.68239974975586
6.120560169219971
19.498353958129883
28.024234771728516
35.74304962158203
-11.725834846496582
12.25104808807373
-3.8445188999176025
4.974244117736816
6.303892612457275
26.1604061126709
-13.13996696472168
10.519818305969238
-4.181375503540039
-8.88303279876709
-41.20526885986328
3.2480878829956055
15.71113395690918
-19.583364486694336
8.614721298217773
-16.644229888916016
-5.404295921325684
16.3414306640625
9.741253852844238
18.484792709350586
-23.88838005065918
9.560632705688477
-17.6246280670166
1.1527087688446045
-15.82831859588623
-16.42533302307129
25.38925552368164
1.6830408573150635
2.5909767150878906
22.960147857666016
-15.41241455078125
24.729278564453125
17.332172393798828
31.284215927124023
3.171143054962158
2.5311758518218994
15.276731491088867
2.0855953693389893
-17.43017578125
-5.696174621582031
7.4388041496276855
-20.145029067993164
0.22117100656032562
-37.86437225341797
-8.059462547302246
15.128673553466797
-21.996368408203125
-3.7445805072784424
-0.6485375165939331
3.4707753658294678
11.252327919006348
3.026447296142578
6.409992694854736
6.4457807540893555
16.333568572998047
-25.112619400024414
16.304731369018555
-20.97486114501953
-19.489463806152344
8.687204360961914
2.1071906089782715
-23.908687591552734
5.965343952178955
-1.8734705448150635
-11.356459617614746
-7.3339738845825195
-5.0927734375
8.879698753356934
7.384407043457031
9.909090995788574
29.80915641784668
-11.170577049255371
-5.068658828735352
18.234785079956055
-7.826044082641602
-4.231903553009033
-10.339204788208008
4.742691993713379
0.7081276774406433
-9.251358032226562
-33.93993377685547
-45.04249572753906
1.5294922590255737
-12.990062713623047
4.95574951171875
11.151585578918457
16.656137466430664
22.02202033996582
11.074822425842285
-11.673548698425293
6.699300765991211
20.276594161987305
19.012060165405273
-0.5258443355560303
16.88582992553711
-7.498132705688477
-27.93109893798828
-16.3674373626709
-38.277687072753906
3.24522066116333
6.359745025634766
-18.017440795898438
1.1621342897415161
-3.886305332183838
-43.22589874267578
14.001668930053711
-4.849740982055664
-30.0610294342041
-2.801553964614868
0.10374844074249268
29.702016830444336
-6.546268463134766
11.388087272644043
3.660515785217285
-3.0303549766540527
22.28395652770996
41.55503845214844
-1.4050565958023071
6.179532051086426
-22.669885635375977
6.448251724243164
11.889740943908691
20.535221099853516
-23.973970413208008
5.064320087432861
-43.771488189697266
12.977583885192871
21.044668197631836
-28.10907745361328
-20.25318717956543
22.948902130126953
0.583574116230011
