-60.68975830078125
-43.99897384643555
-35.03208923339844
-36.83893966674805
-44.66383743286133
-33.75468063354492
-56.04882049560547
-45.90883255004883
-62.30134963989258
-48.86189651489258
-29.166492462158203
-35.39669418334961
-16.063669204711914
-18.570913314819336
-20.249650955200195
-34.10226058959961
-34.999114990234375
-22.945022583007812
6.318366527557373
-23.981739044189453
0.13039202988147736
-12.757608413696289
-11.332107543945312
-10.078991889953613
-7.603936672210693
7.242814064025879
-14.011131286621094
-1.7811017036437988
0.44567084312438965
0.8172531723976135
7.240285873413086
-13.689988136291504
-21.704456329345703
-10.733963012695312
1.8628476858139038
-4.838667392730713
6.502141952514648
4.618809223175049
16.29218864440918
-4.2620673179626465
-1.6129353046417236
2.2454850673675537
-33.80054473876953
2.6029112339019775
-5.899064064025879
-18.828458786010742
5.221689701080322
-6.259718418121338
-24.267091751098633
-12.000238418579102
3.1606881618499756
-12.87794017791748
-3.5137860774993896
4.305796146392822
-3.4066545963287354
-8.045278549194336
-7.314045429229736
-27.128665924072266
-3.658398389816284
3.7922136783599854
1.5739619731903076
2.4989774227142334
-18.140798568725586
-4.798770904541016
-13.883183479309082
15.975652694702148
4.2721333503723145
12.002111434936523
8.639163970947266
6.1042351722717285
-14.160835266113281
-10.231575965881348
5.853026866912842
-8.790338516235352
-7.414602756500244
-22.812042236328125
-3.6005640029907227
-24.999725341796875
25.88487434387207
13.512731552124023
9.588223457336426
2.2238898277282715
-6.328028202056885
-11.875840187072754
15.029173851013184
-15.042313575744629
-0.33713600039482117
-3.100660562515259
-6.412532806396484
10.817408561706543
-11.333677291870117
-1.599435567855835
-12.189093589782715
-0.7576121687889099
1.042181134223938
18.9263916015625
-8.526324272155762
-19.270544052124023
-3.596428632736206
6.4281134605407715
-0.2821580171585083
9.139517784118652
1.8449715375900269
-12.394325256347656
4.000306129455566
21.34246826171875
3.7274253368377686
-14.854954719543457
-11.537270545959473
-1.4395517110824585
12.532282829284668
5.261463165283203
-15.683332443237305
-15.545991897583008
5.964288234710693
-13.450403213500977
7.791275978088379
-1.092503547668457
9.537419319152832
-8.031207084655762
-1.6309148073196411
-17.83359718322754
-20.689289093017578
-2.103114604949951
4.391036510467529
-6.729568958282471
12.353005409240723
-9.430665016174316
-4.522172927856445
-2.9401397705078125
2.994635820388794
6.2863054275512695
-7.301946640014648
-1.2225295305252075
7.0845627784729
-12.00307559967041
-2.389214038848877
-3.7081987857818604
12.445899963378906
15.95710277557373
-13.325400352478027
-15.993785858154297
11.471220016479492
19.107139587402344
13.778553009033203
-1.0713502168655396
-22.278053283691406
-15.197752952575684
-1.356682538986206
-16.92902946472168
-0.44852352142333984
-15.440959930419922
5.139169216156006
-4.751559734344482
14.23345947265625
-6.463099002838135
13.729811668395996
4.223633289337158
-20.85334587097168
1.2547626495361328
38.25410461425781
-10.458930969238281
9.92949104309082
7.408971786499023
-9.35749626159668
11.365386009216309
11.774799346923828
5.504074573516846
2.6215386390686035
14.706133842468262
-13.79670524597168
-21.69746971130371
0.15404807031154633
-8.58273696899414
-8.905603408813477
-25.349090576171875
-2.7566030025482178
-3.5270016193389893
-0.09550519287586212
1.8462333679199219
-0.27024462819099426
9.711647987365723
-17.02436637878418
27.394567489624023
-3.7680466175079346
-1.3023605346679688
30.722328186035156
15.598702430725098
1.0371522903442383
-1.0610414743423462
13.901556015014648
12.002819061279297
-4.845211982727051
-14.179183006286621
3.0718750953674316
17.169893264770508
6.511348724365234
12.55245304107666
-1.7135510444641113
8.533370018005371
-8.29992389678955
-0.010222534649074078
-0.16868610680103302
-2.4196887016296387
-24.65990447998047
-13.186197280883789
23.0145206451416
-3.2382965087890625
9.253028869628906
-11.6076021194458
-0.9452037811279297
-0.5730474591255188
-5.144089221954346
-13.511252403259277
10.765337944030762
-12.130051612854004
7.333286762237549
-5.9751362800598145
10.2167387008667
-5.4183244705200195
15.60928726196289
-1.6209765672683716
-4.895274639129639
-1.934801459312439
-16.374523162841797
7.98084020614624
-4.798342704772949
-6.918340682983398
-24.74212074279785
21.16556167602539
-1.9740104675292969
6.184239387512207
-8.17359447479248
22.387866973876953
-26.9803409576416
-4.993948459625244
14.0138578414917
-0.7518595457077026
8.227325439453125
13.8613920211792
-3.9734296798706055
3.279733180999756
-11.534950256347656
-13.966789245605469
19.602191925048828
7.7803120613098145
9.722114562988281
1.8466721773147583
6.858598709106445
23.990924835205078
23.398418426513672
-4.714954853057861
-2.426928997039795
5.5204644203186035
-15.77129077911377
-8.848716735839844
0.2988930940628052
9.649384498596191
16.447696685791016
-1.3851318359375
-3.0689737796783447
-9.4180326461792
16.008432388305664
-7.933898448944092
-0.07322797924280167
24.794658660888672
-7.052698135375977
-28.21209716796875
-5.734529972076416
-4.688958644866943
-5.6223931312561035
-24.153104782104492
1.6101913452148438
3.889151096343994
-26.247406005859375
9.826661109924316
-3.305943489074707
19.970733642578125
-5.106667995452881
7.581288814544678
0.26545479893684387
-21.377174377441406
4.853358268737793
1.3156304359436035
-31.45058822631836
5.000679016113281
4.155435562133789
-4.685107231140137
4.33755350112915
-1.9126029014587402
24.72160530090332
-5.3026533126831055
-17.747360229492188
-2.973848342895508
-9.966963768005371
15.195377349853516
11.700135231018066
-6.881143569946289
16.830894470214844
0.4607788324356079
-8.929927825927734
4.297306060791016
7.612372875213623
2.800772190093994
7.530791759490967
5.991916179656982
-5.062084674835205
-9.912148475646973
5.122355937957764
-15.800047874450684
-7.140325546264648
-22.91597557067871
-17.020341873168945
-1.4818832874298096
-29.577335357666016
2.9592514038085938
-5.982402324676514
7.968530178070068
-5.730856895446777
-0.3881169855594635
-24.65882110595703
1.6833497285842896
18.460182189941406
6.4789299964904785
-13.434025764465332
4.935726165771484
4.082563400268555
-3.4048259258270264
0.9556412100791931
2.4952404499053955
-16.11209487915039
-4.5157670974731445
12.320558547973633
2.4505279064178467
9.139970779418945
11.47805404663086
-20.869171142578125
-23.66922378540039
3.5215728282928467
-19.89502716064453
-3.697866678237915
-6.553493499755859
2.863485813140869
7.856450080871582
-3.0788533687591553
-6.948630332946777
7.309417724609375
4.74282169342041
8.907684326171875
-7.5419464111328125
8.044981002807617
2.642737865447998
-2.6355695724487305
3.528249740600586
-9.063918113708496
10.343231201171875
-1.3625922203063965
2.79819917678833
-5.840245723724365
-29.14545249938965
2.5619115829467773
12.71563720703125
11.11005687713623
4.090203762054443
14.521868705749512
8.879148483276367
-8.915765762329102
4.814934253692627
-23.90436363220215
10.582947731018066
18.17500114440918
-10.944671630859375
16.632644653320312
-6.098867893218994
1.262100100517273
-14.9551362991333
7.901386260986328
15.732544898986816
-18.658658981323242
9.80016803741455
-11.71988296508789
-3.7425804138183594
-8.518532752990723
-16.007108688354492
-0.5897284150123596
4.8547163009643555
2.795041561126709
-10.186018943786621
16.382705688476562
0.5174562931060791
24.93852424621582
1.8531187772750854
-4.467646598815918
24.798460006713867
-6.501229763031006
-7.910451889038086
-5.046774387359619
-1.6235394477844238
-0.22365856170654297
37.080039978027344
6.601503372192383
-18.586589813232422
5.457444190979004
-13.142555236816406
-6.308004379272461
12.770659446716309
-18.39226722717285
-5.145023345947266
-16.172922134399414
11.691585540771484
-10.750689506530762
3.210176467895508
-3.7934377193450928
1.3804441690444946
-5.453371524810791
10.020853042602539
-4.834878444671631
10.465479850769043
-4.839308261871338
12.77434253692627
-18.37448501586914
-13.212048530578613
-3.074861764907837
-22.062253952026367
2.7365667819976807
2.67868971824646
8.135319709777832
6.820452690124512
28.2966251373291
5.291683197021484
1.3486909866333008
-5.743780612945557
3.314466953277588
5.874720096588135
10.258804321289062
4.724352836608887
5.146880149841309
2.893237352371216
-14.425222396850586
-6.397097587585449
-13.763256072998047
-9.079959869384766
-10.730801582336426
-7.626584053039551
11.345115661621094
-22.394750595092773
-13.059743881225586
-11.480293273925781
-9.130990982055664
-0.15862447023391724
12.06591796875
-22.986177444458008
1.4524586200714111
16.65863037109375
5.0513916015625
22.265504837036133
4.430839538574219
17.537708282470703
1.5193712711334229
12.491313934326172
4.504481792449951
-11.307271957397461
-14.15633487701416
11.719280242919922
17.011356353759766
-1.8096116781234741
4.996532440185547
20.146682739257812
-7.221579074859619
9.99409008026123
15.179015159606934
-22.442325592041016
5.193728923797607
0.13472189009189606
-16.417770385742188
-0.6832521557807922
0.6561967134475708
-19.054893493652344
-23.860492706298828
-3.523529529571533
8.459259986877441
-6.102862358093262
8.722369194030762
4.624459266662598
-27.371007919311523
8.229312896728516
-7.832652568817139
-14.29865837097168
-0.5875893831253052
-25.235960006713867
-5.0366973876953125
-10.836993217468262
3.2372143268585205
7.653448581695557
26.474754333496094
3.5833399295806885
10.412672996520996
7.793758869171143
-20.493572235107422
2.13972806930542
16.034223556518555
-0.01640627160668373
11.193244934082031
-10.167709350585938
-2.2767374515533447
-8.757606506347656
-8.350059509277344
4.798437595367432
5.561160564422607
-2.488861322402954
-5.027924537658691
-18.958812713623047
-2.0342187881469727
2.1755144596099854
-4.7671332359313965
-0.4263744354248047
-13.062321662902832
-8.796514511108398
0.6753895282745361
-18.124818801879883
-6.0473713874816895
-0.6895701289176941
-1.3948488235473633
-6.34061336517334
12.021581649780273
11.645570755004883
12.87420654296875
2.0026087760925293
5.861873626708984
3.8816514015197754
-17.396095275878906
4.628522872924805
6.589770317077637
-6.294111251831055
-5.847709655761719
12.363611221313477
6.362155437469482
11.283811569213867
-14.081940650939941
-11.527650833129883
4.275546073913574
3.548753023147583
-5.828640460968018
-17.381988525390625
-0.29265648126602173
-4.111117362976074
-3.306337833404541
-8.727761268615723
-8.43267822265625
-12.701119422912598
3.997087001800537
-0.2320288121700287
17.34210777282715
-3.0479657649993896
15.168956756591797
-12.053672790527344
-6.399563312530518
4.690994739532471
-7.992800712585449
-16.913576126098633
2.087146520614624
-15.130971908569336
15.277486801147461
-14.759905815124512
-5.946869373321533
15.444974899291992
2.105142831802368
6.448625564575195
0.8298783898353577
0.6832900047302246
-18.26335906982422
11.812103271484375
-6.918972015380859
3.7375380992889404
5.360814571380615
4.372967720031738
4.528046607971191
6.888605117797852
8.412330627441406
-18.973201751708984
1.5265849828720093
-23.730751037597656
-12.797623634338379
0.23476187884807587
4.260415554046631
-3.806215763092041
8.979194641113281
-33.24168014526367
2.9326677322387695
4.4545674324035645
-21.439064025878906
17.72254753112793
7.488312721252441
5.295815944671631
14.295037269592285
-10.933112144470215
-4.803305149078369
7.759136199951172
7.978498458862305
-13.011736869812012
14.184761047363281
7.246133804321289
-2.846104860305786
2.5395331382751465
-10.587779998779297
1.9434105157852173
7.686278820037842
-20.294248580932617
-27.286514282226562
-19.75676918029785
-20.550498962402344
-6.026668071746826
-14.821250915527344
-1.052245020866394
-24.251142501831055
-5.969262599945068
13.308728218078613
-23.549911499023438
18.80660057067871
5.986677646636963
-3.4931530952453613
0.0330171212553978
-17.611196517944336
0.3223921060562134
-0.8016038537025452
13.296087265014648
-5.6958465576171875
10.404767990112305
6.359470367431641
1.0561944246292114
4.383960723876953
-4.559504508972168
-2.8899335861206055
4.857683181762695
-18.469810485839844
5.673096179962158
-1.743173360824585
-3.2837681770324707
8.881523132324219
6.001624584197998
-13.301458358764648
-0.12331100553274155
-2.5512197017669678
-2.283773183822632
1.9089784622192383
-6.631288528442383
-9.43832015991211
-7.762150287628174
10.740572929382324
26.24153709411621
7.785190582275391
-3.4680230617523193
-2.9140594005584717
-5.340909481048584
-16.08066177368164
14.819010734558105
-17.419565200805664
-8.896505355834961
-1.934291124343872
13.019079208374023
7.256336688995361
-15.735671997070312
12.369874000549316
-1.405409574508667
8.648429870605469
-16.11783790588379
-1.0810517072677612
-3.494422197341919
-1.1698644161224365
15.25362777709961
18.26387596130371
8.182960510253906
9.141772270202637
7.206448554992676
11.608973503112793
-18.107099533081055
-8.266611099243164
-6.523645401000977
14.390625
-12.642620086669922
-2.3760828971862793
6.031931400299072
13.449403762817383
18.089553833007812
-25.450702667236328
5.991994857788086
27.96036148071289
-10.226850509643555
-1.2845746278762817
-3.0496253967285156
-0.611539363861084
11.908604621887207
6.641420841217041
-2.0223357677459717
-10.714415550231934
9.082642555236816
-2.0690231323242188
-8.483642578125
4.92515754699707
-5.927052974700928
18.29974937438965
-5.775686740875244
5.00929594039917
-12.334559440612793
3.686793565750122
9.789351463317871
-1.5088478326797485
4.220901012420654
5.512594699859619
-10.088152885437012
-16.099809646606445
-2.9292733669281006
10.09192180633545
-8.778398513793945
2.9373204708099365
4.415145397186279
4.033771991729736
5.16323709487915
-4.543385028839111
11.490630149841309
-5.96750020980835
-10.97160530090332
-38.025489807128906
0.6772422790527344
15.515983581542969
1.2406977415084839
16.912261962890625
-10.809039115905762
12.3833589553833
-25.078754425048828
-14.517885208129883
-1.3323826789855957
-9.323131561279297
0.6887611746788025
28.16975212097168
0.945244312286377
-12.24691390991211
-5.008590221405029
-6.60242223739624
5.168300628662109
24.639333724975586
28.52098846435547
2.154487133026123
1.7481582164764404
-7.64780330657959
-6.89534854888916
-1.2713704109191895
-0.5543319582939148
-1.2012697458267212
19.78716468811035
-6.864802360534668
3.6154463291168213
22.880836486816406
-2.27260160446167
-4.313821315765381
-3.2027058601379395
-10.421088218688965
-11.086848258972168
2.8358466625213623
-4.3503265380859375
4.042733192443848
-5.893204689025879
11.890748023986816
2.5485010147094727
-12.98171329498291
2.557941198348999
4.050112247467041
-10.96887493133545
17.582185745239258
-0.3079097867012024
0.1519259363412857
0.8586241602897644
12.845839500427246
-4.520745754241943
-5.407094478607178
-1.285959005355835
8.724225044250488
0.9955614805221558
5.408398628234863
-1.3494943380355835
0.5635843276977539
0.11150573194026947
20.713733673095703
-2.755208730697632
9.570638656616211
-2.1806116104125977
-4.5496392250061035
-2.47279953956604
-0.6529999375343323
-9.785951614379883
8.06879711151123
-15.518418312072754
-4.050197601318359
8.566312789916992
-0.19265545904636383
11.569918632507324
9.357319831848145
18.8536319732666
21.989463806152344
-4.841099739074707
-3.243720054626465
-1.114949345588684
-12.633732795715332
2.767677068710327
-2.343580722808838
-10.317062377929688
-13.726627349853516
-9.123200416564941
14.444757461547852
-7.518597602844238
-5.729188919067383
3.691371440887451
7.925663948059082
6.47581672668457
1.9771720170974731
-17.072690963745117
9.254143714904785
-12.246341705322266
1.360907793045044
-7.523787975311279
6.5773606300354
-7.943717956542969
7.634245872497559
-10.349696159362793
10.577497482299805
5.026573657989502
-6.665344715118408
-13.381747245788574
-24.97498893737793
-4.995368957519531
22.400218963623047
11.987577438354492
-12.815346717834473
3.477512836456299
13.663481712341309
10.874712944030762
-7.2911505699157715
14.474310874938965
-14.300065040588379
-15.42913818359375
-2.5162711143493652
-11.376688957214355
-0.4849291741847992
12.447440147399902
0.16704930365085602
-4.295072078704834
-1.2875386476516724
12.960158348083496
26.802377700805664
-11.795254707336426
20.26681900024414
10.615266799926758
0.18586465716362
-7.822638988494873
3.72438383102417
-13.328123092651367
-3.9237518310546875
-9.495254516601562
3.941957950592041
3.569031238555908
7.373101234436035
-9.77937126159668
5.232528209686279
4.773240089416504
-3.3688268661499023
-6.636466979980469
-8.310235977172852
-0.8820944428443909
6.314204216003418
25.954463958740234
-8.089505195617676
-7.501276016235352
20.395835876464844
7.214360237121582
-14.543686866760254
-0.9312788844108582
-23.3976993560791
-1.8015787601470947
27.22195053100586
4.163400173187256
3.8617165088653564
23.88785743713379
21.393068313598633
21.72350311279297
-0.14896808564662933
-10.971776008605957
10.489611625671387
10.395788192749023
-2.699227809906006
16.6313419342041
-2.706406354904175
-7.907077312469482
-1.6578072309494019
17.066984176635742
2.537541151046753
2.443758487701416
-0.8134514689445496
-17.245622634887695
-8.59250259399414
7.038191795349121
-8.484701156616211
-26.268573760986328
2.131380081176758
20.3436279296875
-12.78353214263916
5.937131881713867
-0.16313596069812775
1.877960205078125
2.8242876529693604
12.891310691833496
20.369932174682617
10.046672821044922
-15.808910369873047
25.54149627685547
5.246169567108154
-5.784407615661621
16.05931282043457
5.980973243713379
-5.766877174377441
-16.48320770263672
-5.971065998077393
0.016143573448061943
-3.32053542137146
-30.053617477416992
-8.311216354370117
12.319457054138184
14.049095153808594
-1.008676290512085
-14.815814018249512
-7.78207540512085
7.153402805328369
11.673874855041504
2.308330535888672
-14.589475631713867
1.629107117652893
-9.942071914672852
-6.340056419372559
24.137672424316406
2.9153170585632324
5.328699111938477
-9.719358444213867
-0.23284775018692017
11.785893440246582
-1.9206262826919556
-10.065849304199219
0.007128207013010979
-3.7378957271575928
-8.198455810546875
7.031101226806641
-5.48225736618042
9.226263046264648
-4.042996883392334
3.193702220916748
4.7010178565979
16.699359893798828
-5.847390651702881
-15.899510383605957
-20.66811752319336
2.100912570953369
-13.481840133666992
4.054662227630615
0.6069121360778809
-7.000332832336426
24.825237274169922
13.847986221313477
-25.352252960205078
-11.72758960723877
-2.132693290710449
-3.266627073287964
0.6077946424484253
6.200920581817627
-6.948614120483398
6.86697244644165
5.219630718231201
-13.199128150939941
12.207123756408691
5.410417556762695
8.385117530822754
3.497060537338257
-10.977571487426758
-1.2581639289855957
0.27176356315612793
-12.124238967895508
-25.125593185424805
14.878721237182617
10.347103118896484
-8.983290672302246
-2.2849130630493164
-8.395997047424316
7.057348251342773
-9.098038673400879
-6.047990322113037
-0.24171189963817596
-9.0178804397583
-12.93655776977539
-20.309898376464844
3.461111545562744
-4.126719951629639
-9.242029190063477
2.3472774028778076
14.538230895996094
4.071366786956787
15.148736953735352
-2.6100594997406006
-9.474321365356445
3.157200574874878
-6.545007705688477
-11.926892280578613
3.47892165184021
-12.12702751159668
-6.736910820007324
-11.071930885314941
14.77287483215332
-23.693225860595703
-8.659539222717285
7.6289825439453125
18.184452056884766
-1.5004698038101196
-1.8922863006591797
-0.2903827130794525
-18.88393211364746
-4.611830234527588
6.774188041687012
8.428720474243164
-3.995326280593872
7.340428829193115
11.446101188659668
7.759597301483154
12.242361068725586
-2.6192150115966797
1.2417194843292236
2.5031626224517822
-8.775858879089355
0.7723639607429504
-0.6094221472740173
-11.442952156066895
0.9723659753799438
4.882793426513672
10.3297700881958
-7.552793025970459
9.21334171295166
1.5533363819122314
20.969066619873047
9.6716890335083
-17.681007385253906
1.1757824420928955
-12.465728759765625
14.908719062805176
1.6340173482894897
2.4640419483184814
-4.465374946594238
10.880661964416504
8.988597869873047
-8.169517517089844
8.946451187133789
-1.1392918825149536
-4.732997417449951
1.3193862438201904
-4.309993267059326
14.341136932373047
0.7411851286888123
8.238929748535156
2.829564094543457
-8.94420051574707
-7.850887775421143
-5.020911693572998
-13.355436325073242
-2.41605281829834
-11.029143333435059
11.849167823791504
5.070745944976807
5.021104335784912
-3.538693904876709
31.346675872802734
8.029237747192383
1.7424275875091553
1.7537896633148193
-15.486855506896973
-2.4769604206085205
6.419095039367676
-5.2949724197387695
6.687857627868652
-7.504936218261719
-11.647797584533691
-1.4320900440216064
11.944993019104004
8.003630638122559
10.307724952697754
31.003887176513672
-32.17138671875
1.6675503253936768
8.720064163208008
1.050890326499939
1.5999261140823364
-11.754048347473145
-18.65753936767578
8.897384643554688
10.487736701965332
-16.2188777923584
-29.50242805480957
4.538454055786133
1.8080215454101562
-21.607690811157227
13.312393188476562
-15.103134155273438
-3.7007038593292236
0.7971633076667786
-1.2566615343093872
11.130126953125
-3.194544553756714
-15.975863456726074
4.761804580688477
-6.666840553283691
-18.515941619873047
-7.92044734954834
26.30132293701172
8.139031410217285
-3.771228313446045
2.478787422180176
21.359363555908203
-16.112590789794922
-3.401840925216675
-5.703876495361328
4.294529438018799
16.011688232421875
7.315212726593018
-3.6869285106658936
-6.475620746612549
-7.53573751449585
-1.7532310485839844
-3.3952202796936035
-2.2737247943878174
-14.387216567993164
9.30435562133789
-3.6212267875671387
21.475473403930664
7.610001564025879
3.5872161388397217
-5.939151287078857
1.311706304550171
-4.631350517272949
-8.863190650939941
0.2521938681602478
-13.9315824508667
-24.5308837890625
-5.4549880027771
-9.487061500549316
-0.22244518995285034
-3.0883684158325195
4.114567279815674
15.653901100158691
22.6041202545166
-1.6186338663101196
-16.27475929260254
-3.05145001411438
-12.311463356018066
-5.929490566253662
-12.658794403076172
1.2633395195007324
-15.216047286987305
-14.510492324829102
11.74238109588623
-3.4762279987335205
2.1800222396850586
23.651103973388672
-6.420468807220459
36.807769775390625
-3.123612880706787
-2.2592246532440186
19.697988510131836
2.2920920848846436
-17.077754974365234
8.107125282287598
-5.579282760620117
9.162552833557129
-2.6592466831207275
1.2554255723953247
7.102471828460693
-21.173154830932617
3.983872890472412
0.2533349394798279
18.806743621826172
10.692489624023438
-4.994020462036133
3.852839231491089
5.642919063568115
-8.600651741027832
-8.517010688781738
3.4185359477996826
13.50370979309082
-12.305668830871582
-2.548579692840576
-2.072808027267456
-3.8731088638305664
-0.28706279397010803
-20.03745460510254
11.077229499816895
1.4605656862258911
-10.210989952087402
-27.695932388305664
4.509793281555176
-6.171123027801514
-3.834139108657837
-17.163944244384766
-1.8819591999053955
-7.255444049835205
-10.426576614379883
-7.8148579597473145
4.074466228485107
-1.5550978183746338
-3.1546008586883545
5.915884494781494
1.598170518875122
-9.714794158935547
6.133193016052246
8.62508773803711
27.101238250732422
10.50316333770752
12.423707962036133
20.154251098632812
-0.7434958219528198
6.134866237640381
12.962651252746582
14.641629219055176
7.030937671661377
-17.12211799621582
-9.178108215332031
8.861586570739746
2.2703609466552734
-13.748785018920898
-4.914552688598633
-5.261007308959961
-6.140901565551758
-11.258892059326172
-11.751411437988281
20.76681137084961
13.647493362426758
-13.28371810913086
-0.13463543355464935
-20.03456687927246
10.881532669067383
-8.946619987487793
11.275086402893066
9.910249710083008
9.004473686218262
-13.278122901916504
7.883594512939453
4.866943836212158
-16.069822311401367
-6.81287956237793
2.309931516647339
-1.9349451065063477
-17.067651748657227
6.65175199508667
-6.025043487548828
7.861763000488281
-9.819249153137207
-6.450801849365234
-2.843465566635132
11.982065200805664
15.149653434753418
3.966262102127075
-4.961880683898926
9.782949447631836
15.814977645874023
-9.35425853729248
11.06523609161377
6.019748687744141
-4.957232475280762
-3.2318618297576904
-13.201770782470703
-2.480846643447876
3.9442873001098633
-14.50432014465332
8.057941436767578
-16.933818817138672
-1.3502882719039917
-25.370447158813477
16.624427795410156
-11.205875396728516
2.2550816535949707
-0.17014411091804504
12.125587463378906
3.464702844619751
6.258921146392822
5.822683334350586
6.7363996505737305
7.068646430969238
3.670837640762329
14.315966606140137
0.33550477027893066
17.153972625732422
9.284053802490234
1.128906011581421
-5.810105800628662
-16.410083770751953
-6.073614597320557
10.327432632446289
-20.034414291381836
11.300238609313965
8.562566757202148
28.43947410583496
-11.306208610534668
4.057563781738281
-12.556233406066895
-18.1657657623291
-1.231488585472107
-6.43986177444458
3.3296849727630615
3.475966691970825
1.1283398866653442
6.646457195281982
-31.487735748291016
11.54621410369873
-3.301328659057617
-2.9084010124206543
-3.572202205657959
10.454366683959961
-13.3173246383667
-2.045437812805176
-18.683242797851562
6.998261451721191
-15.964519500732422
-27.728906631469727
-5.288327217102051
-0.17040637135505676
-3.6102535724639893
-21.313180923461914
-18.80915069580078
-0.9403136968612671
4.343804836273193
4.597599983215332
4.253247261047363
-12.046706199645996
20.81280517578125
6.239657402038574
20.08479118347168
-0.0021160270553082228
-3.027353048324585
8.237438201904297
-0.38264957070350647
7.38908052444458
-3.031662702560425
-16.255237579345703
-11.313233375549316
3.888441562652588
-1.8140015602111816
4.695298671722412
8.566343307495117
-6.568385601043701
-13.83758544921875
-0.2059149295091629
10.031743049621582
-9.281006813049316
4.2827372550964355
4.572246074676514
-1.4265929460525513
-4.6155104637146
9.827169418334961
11.237370491027832
-10.598026275634766
15.745298385620117
6.051939010620117
23.4422664642334
-5.313823699951172
7.881711006164551
-2.2437641620635986
8.155316352844238
-9.036581993103027
9.518655776977539
5.9213457107543945
12.129077911376953
-6.369907379150391
-26.283374786376953
16.55730628967285
-10.212979316711426
-17.633066177368164
2.779602527618408
-7.921514511108398
-12.956827163696289
-3.356928586959839
2.9848103523254395
11.239150047302246
1.6026487350463867
-15.496755599975586
-3.0910158157348633
1.4642763137817383
-4.950392723083496
-0.43253451585769653
-2.8829345703125
2.5157077312469482
7.224915027618408
7.801164150238037
-8.690201759338379
-4.683170318603516
-17.4473876953125
6.643568992614746
7.761561870574951
13.409098625183105
2.4216248989105225
-0.40246060490608215
-2.3427608013153076
19.68191909790039
-1.023749589920044
0.875918447971344
-3.249542713165283
-20.102514266967773
-0.8418168425559998
22.550119400024414
-0.8857913017272949
-8.38182544708252
-40.413734436035156
-9.924201011657715
14.26242733001709
-13.29269027709961
-8.802260398864746
8.386161804199219
-2.5085597038269043
9.818365097045898
-7.813636302947998
-2.7634356021881104
1.2024357318878174
-12.042165756225586
6.0117669105529785
13.036164283752441
-5.9330620765686035
-2.0134499073028564
17.643447875976562
1.5008587837219238
7.342870235443115
7.649461269378662
6.100911617279053
-9.159852981567383
-7.469937324523926
-5.146467685699463
3.9373550415039062
-4.312911510467529
-11.496628761291504
3.814082622528076
-0.6094990372657776
-8.934476852416992
-6.200984954833984
-0.7433155179023743
2.713658571243286
16.404260635375977
2.989198684692383
32.46765899658203
22.78765296936035
4.355154514312744
11.813067436218262
13.074987411499023
-17.239137649536133
-2.796800136566162
24.92267417907715
4.1717376708984375
1.7566784620285034
-4.400958061218262
2.694227695465088
-16.168697357177734
3.791491746902466
5.212589263916016
-3.511971950531006
-3.4822821617126465
2.3935599327087402
-3.4561409950256348
8.057108879089355
-11.116992950439453
2.5989487171173096
-2.0969109535217285
-6.9214701652526855
3.5254247188568115
-6.996767520904541
-6.573597431182861
-5.673916816711426
-5.507823467254639
-3.7366790771484375
3.523625135421753
-11.784998893737793
0.7905155420303345
15.140564918518066
5.060044288635254
8.318081855773926
10.07723331451416
-10.500151634216309
7.621097087860107
-4.349821090698242
-7.049354076385498
2.0810623168945312
-22.16985321044922
-3.225417375564575
-3.3978471755981445
-12.652724266052246
34.27249526977539
4.820639133453369
18.527734756469727
-14.618424415588379
12.637449264526367
-9.646803855895996
-5.75683069229126
2.0677926540374756
-5.55309534072876
-17.974912643432617
-17.261320114135742
-3.6508376598358154
-5.563429832458496
5.522608280181885
2.6362128257751465
-4.095890045166016
8.150004386901855
-27.463899612426758
6.137887477874756
-2.53029203414917
-2.447331190109253
3.5518481731414795
-7.540430068969727
10.000909805297852
4.382645130157471
-3.5779519081115723
2.417935371398926
2.568336009979248
-4.625479221343994
0.2360205054283142
21.854219436645508
-0.2567501962184906
-0.5870460867881775
0.5950387716293335
9.298134803771973
11.357568740844727
-3.311398506164551
23.988441467285156
-4.274739742279053
-18.639923095703125
-1.347748041152954
-5.320428848266602
0.687899649143219
3.5671300888061523
9.594413757324219
-1.490281343460083
19.067520141601562
-1.1263622045516968
-6.7248640060424805
-18.45182991027832
-0.44221004843711853
-6.771666049957275
5.85827112197876
-9.023664474487305
-3.016226053237915
-12.569622993469238
6.702142715454102
-2.6498453617095947
-12.265130043029785
2.4590988159179688
3.903888463973999
-10.989725112915039
-18.268905639648438
-2.356614589691162
22.46204376220703
2.6219170093536377
-6.297563076019287
7.54739236831665
-11.539105415344238
-3.191006660461426
2.810936450958252
3.9782094955444336
-5.006674289703369
9.341252326965332
-4.411398410797119
4.2949018478393555
-2.4223315715789795
5.763496398925781
6.662394046783447
10.033214569091797
15.319074630737305
4.0400800704956055
8.618614196777344
-25.281028747558594
-5.171512603759766
19.252042770385742
-4.277217864990234
5.664792060852051
8.645898818969727
-16.167625427246094
-5.328069686889648
-20.385976791381836
1.0114563703536987
-3.366894006729126
-7.470903396606445
0.6265313625335693
-14.478263854980469
4.194295883178711
8.63534164428711
-12.468684196472168
-18.35321617126465
-3.4111452102661133
5.175380706787109
-5.550106525421143
-3.0880186557769775
-4.9026031494140625
5.737120628356934
-15.691568374633789
-8.337064743041992
21.1324405670166
-24.12026023864746
11.421241760253906
1.932944655418396
1.8702296018600464
-1.9951964616775513
19.33148193359375
1.530385136604309
6.159173488616943
11.424522399902344
-9.683846473693848
-4.714430332183838
4.337577819824219
-28.149044036865234
6.18917179107666
-1.3121278285980225
-10.638372421264648
2.574679374694824
1.4378588199615479
3.3617563247680664
22.93138313293457
-5.156092643737793
-3.560612201690674
10.55319595336914
32.992610931396484
5.259522438049316
-9.1279296875
10.509750366210938
-3.268998384475708
-4.6226630210876465
11.493597030639648
-4.159329891204834
-5.461719512939453
-21.098039627075195
-18.50762939453125
12.58233642578125
-6.173435688018799
-16.08502769470215
2.5719685554504395
-0.30271899700164795
4.99940824508667
20.107603073120117
20.171255111694336
-5.5190558433532715
3.094013214111328
5.302600383758545
0.06351970136165619
4.271956920623779
-2.8802664279937744
16.503963470458984
16.743741989135742
-1.458783507347107
-6.315012454986572
25.2503604888916
-12.09214973449707
17.60048484802246
-5.970420837402344
16.588130950927734
-11.276802062988281
5.9394145011901855
3.173415422439575
-16.237167358398438
2.6072962284088135
-21.875988006591797
-4.66583251953125
-8.869159698486328
-21.109622955322266
-8.720978736877441
10.191781044006348
3.2769603729248047
-3.680241107940674
1.8868921995162964
-2.8302488327026367
15.552720069885254
3.2815167903900146
-2.9487464427948
13.494404792785645
12.340609550476074
-0.6850215792655945
-9.619438171386719
-5.594781875610352
8.608369827270508
2.071455955505371
15.420674324035645
-9.095375061035156
8.49146556854248
-7.8207221031188965
10.649886131286621
1.8542006015777588
-6.1088056564331055
25.38979721069336
-3.06426739692688
1.2616597414016724
-9.426816940307617
3.4929637908935547
12.485291481018066
-0.6638791561126709
-8.004192352294922
-4.120044231414795
-0.6984785795211792
6.609234809875488
-9.80256175994873
10.834338188171387
24.11389923095703
-3.7505316734313965
-10.843109130859375
6.950138568878174
-0.12162429839372635
14.699493408203125
-10.350761413574219
0.7574439644813538
1.9147132635116577
2.0264952182769775
4.459547996520996
-5.786947727203369
-12.430442810058594
-15.296354293823242
18.25860023498535
-5.802528381347656
4.3713059425354
25.537654876708984
7.690163612365723
1.2160279750823975
6.9434075355529785
-9.191267967224121
3.638308048248291
1.6832060813903809
10.959395408630371
-7.525472164154053
5.55393648147583
-8.059616088867188
2.487762928009033
-10.776756286621094
-7.146514415740967
-8.650910377502441
-4.836214542388916
-12.296648025512695
0.24562615156173706
8.826910972595215
22.0020809173584
15.905856132507324
13.570500373840332
5.875721454620361
-3.711432933807373
-4.986176013946533
-0.7857975363731384
10.945976257324219
-6.524295330047607
12.771686553955078
-7.681976795196533
11.118017196655273
-15.25167465209961
-6.535067081451416
-10.557616233825684
18.530359268188477
-0.14911878108978271
3.14896821975708
-4.030259132385254
20.309593200683594
-3.136272668838501
-2.081451177597046
-0.27630048990249634
3.371854782104492
5.425957679748535
9.97518539428711
3.3743784427642822
5.607435703277588
-5.555591583251953
8.774888038635254
-3.654480457305908
-18.824302673339844
-32.04252624511719
-20.287620544433594
-6.8959221839904785
-10.369011878967285
11.128142356872559
-15.642827987670898
9.400946617126465
-18.348548889160156
-3.2431344985961914
-28.040172576904297
-14.076010704040527
-4.169078826904297
-6.519404411315918
12.438431739807129
-3.485076427459717
9.179677963256836
-0.2950294017791748
2.1065444946289062
-1.6077356338500977
-2.4504687786102295
-2.982372760772705
6.031088352203369
-14.166001319885254
1.620248794555664
-1.4603400230407715
-1.6742032766342163
15.158114433288574
10.975542068481445
2.5317089557647705
4.776060104370117
12.755417823791504
-4.92603063583374
-11.374049186706543
17.052030563354492
-8.72381591796875
1.9052809476852417
13.554482460021973
17.20302963256836
15.83083438873291
-8.380437850952148
-2.1566824913024902
1.8849331140518188
-3.6002707481384277
-5.2096099853515625
-2.7274820804595947
-8.524393081665039
-8.479517936706543
2.389529228210449
10.793609619140625
-9.9528169631958
12.959157943725586
-25.200119018554688
-3.9620437622070312
0.5803453326225281
4.2608747482299805
23.43216896057129
-7.64298152923584
-5.386105537414551
-12.299386024475098
-0.5737038850784302
14.283039093017578
-0.11772742122411728
-5.491149425506592
3.4361908435821533
-2.4403011798858643
5.70923376083374
-8.714545249938965
15.429767608642578
1.649067759513855
-12.843118667602539
6.647216796875
-1.8368407487869263
-10.011881828308105
-4.889145851135254
15.524067878723145
-6.649850368499756
10.334360122680664
2.1466073989868164
-26.625316619873047
7.816853046417236
-0.31531593203544617
12.526930809020996
-1.9682399034500122
-0.44529423117637634
5.624258518218994
6.134068489074707
-17.703569412231445
10.72799301147461
-9.216109275817871
-1.7014796733856201
-0.36031973361968994
-7.617488384246826
4.133365631103516
-1.5074840784072876
-2.5075724124908447
-9.63724136352539
12.90633773803711
-6.916886806488037
5.639904499053955
15.881918907165527
15.465121269226074
18.750022888183594
-10.603020668029785
-10.187846183776855
1.8859678506851196
1.8722974061965942
5.641570091247559
0.5684458017349243
9.179659843444824
18.051246643066406
-10.41185474395752
14.314069747924805
-7.387004375457764
0.9015322327613831
-0.9744487404823303
9.49783706665039
-5.885542392730713
-15.362799644470215
-8.547890663146973
-1.7736155986785889
-14.259428977966309
-12.554105758666992
-4.515103816986084
-7.127533912658691
-7.664245128631592
4.5254621505737305
10.001418113708496
-6.7129034996032715
9.880181312561035
-4.080509662628174
10.794806480407715
7.279190540313721
-5.153561115264893
-11.375730514526367
12.024105072021484
12.527521133422852
6.0561842918396
-0.436730295419693
6.270253658294678
5.170233249664307
-1.06670343875885
2.944204330444336
10.243119239807129
3.7005198001861572
-2.2964909076690674
8.479732513427734
-5.375705242156982
14.872815132141113
-11.384520530700684
-17.501968383789062
5.602049827575684
-8.295337677001953
16.840606689453125
-0.32583126425743103
-28.305356979370117
0.24164864420890808
13.43864917755127
-17.597803115844727
-13.580918312072754
-16.723649978637695
5.749996662139893
-7.724850654602051
-7.1357197761535645
21.049297332763672
-9.564762115478516
23.251798629760742
-4.474967956542969
0.7112032771110535
-1.4296435117721558
-1.0986506938934326
0.9113426208496094
8.622861862182617
10.959147453308105
-5.520185947418213
1.669891119003296
0.06515078246593475
1.066628336906433
5.422093868255615
-23.673620223999023
0.40641602873802185
-9.671184539794922
-6.880835056304932
-6.334421634674072
-0.7493472099304199
-3.578529119491577
-9.227643966674805
12.642587661743164
7.584593772888184
15.0881986618042
-15.102643966674805
8.194562911987305
-5.396860599517822
5.931925296783447
6.2182745933532715
-0.38273707032203674
-18.071210861206055
3.8489954471588135
-5.844351291656494
15.40287971496582
8.259650230407715
-5.619491100311279
3.5388290882110596
-13.353182792663574
-6.178369522094727
7.985395431518555
0.0006435030372813344
-2.3008129596710205
-9.476956367492676
-5.7945780754089355
-0.6100853085517883
17.35049057006836
-1.679371953010559
0.06929764896631241
-13.064138412475586
-2.3914358615875244
12.746587753295898
5.157394886016846
-7.15848445892334
16.079648971557617
-5.345582008361816
4.943410873413086
5.488794326782227
-13.727884292602539
-3.342221736907959
2.837700366973877
6.806551933288574
-0.1526588350534439
-16.618139266967773
2.7429943084716797
-8.296941757202148
-4.745279312133789
-3.992244243621826
9.95893383026123
-13.508657455444336
-14.04543685913086
15.443245887756348
-13.552903175354004
21.263181686401367
-12.55323314666748
-8.326647758483887
3.4956748485565186
-0.8453083634376526
7.444748878479004
-10.851426124572754
13.158860206604004
0.3191407322883606
-3.372333288192749
-5.453928470611572
-2.108557939529419
15.95560073852539
2.736820936203003
12.49850082397461
-2.7556722164154053
8.151415824890137
14.449934959411621
9.35673713684082
-3.4195926189422607
-0.7180578112602234
-6.799851417541504
2.025817632675171
7.5697150230407715
2.701268434524536
-12.531177520751953
-9.61417293548584
-3.974677562713623
-5.868197441101074
1.7562953233718872
-10.204395294189453
-4.87514066696167
-3.1008832454681396
-3.9720022678375244
-3.4169085025787354
11.639237403869629
-17.64144515991211
-7.744507789611816
1.6319853067398071
20.66170883178711
-1.3498899936676025
-14.785421371459961
-16.8726749420166
4.752233028411865
4.240592956542969
-18.921550750732422
-12.88825511932373
4.6320672035217285
8.749850273132324
1.7371702194213867
10.514322280883789
18.274150848388672
-1.1324658393859863
-31.514320373535156
2.4210562705993652
11.301473617553711
-6.7052083015441895
2.9983911514282227
34.98845672607422
14.83219051361084
4.039517402648926
7.574395656585693
3.878324270248413
-2.860436201095581
0.8077282905578613
3.667804479598999
-8.376540184020996
-7.6282734870910645
-23.786758422851562
-16.622610092163086
26.276748657226562
-11.179935455322266
-8.325896263122559
-0.9621968865394592
-11.670236587524414
17.219764709472656
2.4949328899383545
-18.371936798095703
-3.9936952590942383
19.272201538085938
-5.190421104431152
1.1767008304595947
7.58317232131958
-9.196170806884766
20.827028274536133
13.318699836730957
9.269233703613281
-2.926481246948242
32.32529830932617
-5.684810638427734
15.623772621154785
13.049944877624512
7.470820426940918
3.0922725200653076
4.880020618438721
3.4171714782714844
-1.6989442110061646
2.3850045204162598
1.5551892518997192
-9.577179908752441
-6.330735683441162
15.704941749572754
6.067487716674805
10.396514892578125
-9.091100692749023
12.676350593566895
7.460560321807861
-2.085325241088867
-2.217337131500244
-5.725697040557861
-12.784770011901855
-1.9077882766723633
4.338624954223633
8.966323852539062
-12.766874313354492
-6.096068382263184
6.702859401702881
1.226218581199646
1.3234117031097412
-9.724903106689453
8.870668411254883
-9.583511352539062
11.97274398803711
-12.693224906921387
4.649531364440918
-5.5533905029296875
19.354076385498047
13.492258071899414
2.9514260292053223
0.41222435235977173
-4.505199909210205
0.6490558981895447
-7.162375450134277
-2.432084321975708
-13.08506965637207
2.4179697036743164
13.71354866027832
5.617890357971191
-10.703132629394531
-1.8338024616241455
0.06944184750318527
0.6386868953704834
-0.9959033131599426
-0.5972582101821899
8.02951431274414
-1.0221062898635864
4.5402140617370605
-2.7066736221313477
18.717025756835938
13.782455444335938
8.49979019165039
-7.4371657371521
-12.962648391723633
11.368858337402344
12.960448265075684
-14.118675231933594
15.129436492919922
10.196332931518555
-28.542098999023438
-11.725614547729492
-1.531163215637207
14.264281272888184
-1.5487630367279053
-2.7670631408691406
3.0187673568725586
-9.331965446472168
-12.067306518554688
-10.845868110656738
7.934543609619141
3.8194222450256348
-6.928348541259766
23.889572143554688
8.540051460266113
-11.685606956481934
10.926140785217285
9.080649375915527
-4.094380855560303
-0.8127281069755554
-7.940288543701172
-8.097711563110352
13.835700035095215
-11.303817749023438
7.002277851104736
-23.04759979248047
5.7546467781066895
-19.041566848754883
-8.74219036102295
5.963491916656494
-14.558392524719238
-19.35558319091797
9.12015151977539
21.75629425048828
-2.3242759704589844
0.3081909716129303
2.364415407180786
-10.396531105041504
-0.5260999202728271
1.468316674232483
-0.1320428103208542
-12.05841064453125
-6.1817708015441895
-6.175110340118408
6.748556613922119
11.415950775146484
1.16826331615448
-3.5445353984832764
7.114542484283447
15.630799293518066
-1.1263309717178345
-8.112897872924805
5.385073184967041
-14.212916374206543
-14.549633026123047
-11.847908020019531
1.1825929880142212
-7.374552249908447
15.045961380004883
8.616915702819824
11.118001937866211
15.205920219421387
21.886938095092773
0.6554920673370361
13.12168025970459
6.568958282470703
-13.482930183410645
-0.5181484222412109
-4.010571479797363
9.31863021850586
11.59662914276123
-9.129650115966797
-0.8588367700576782
11.033073425292969
-11.684890747070312
-4.065120697021484
6.262861728668213
3.971824884414673
4.849964141845703
8.754281044006348
-10.96178913116455
-12.10469913482666
-13.176267623901367
-16.776891708374023
2.201295852661133
5.7213134765625
18.166343688964844
0.9597486257553101
-3.5869832038879395
12.773298263549805
14.945327758789062
3.7260806560516357
8.223118782043457
-16.70894432067871
-8.497798919677734
3.217552423477173
11.18121337890625
-11.378689765930176
-30.431583404541016
6.898893356323242
-2.0851640701293945
-0.3429402709007263
4.898889541625977
-2.7167980670928955
-7.514810562133789
-25.409439086914062
-11.882991790771484
7.05148458480835
32.34421920776367
1.5655158758163452
-0.9509831070899963
-8.527066230773926
-13.27309513092041
19.811546325683594
1.749540090560913
-9.69350814819336
18.718664169311523
6.108782768249512
1.8382495641708374
-4.5790629386901855
-7.185814380645752
5.690915584564209
-3.2571449279785156
-0.9875502586364746
-0.934290885925293
-19.560222625732422
-13.781770706176758
1.6251404285430908
-15.827571868896484
19.886320114135742
4.515765190124512
-2.2220802307128906
-2.416107654571533
-3.59852933883667
-5.268179893493652
-32.309410095214844
14.953433990478516
-12.656856536865234
11.674549102783203
-7.966128826141357
-6.608238220214844
3.900386095046997
-3.086251735687256
3.5840280055999756
-7.143245220184326
-3.3308496475219727
4.524977684020996
2.0492069721221924
-12.308754920959473
28.09456443786621
12.095842361450195
3.235581159591675
7.326203346252441
4.049417018890381
-2.0274975299835205
-10.119125366210938
-8.587366104125977
3.097139835357666
-4.391191482543945
-7.118331432342529
22.810401916503906
16.222646713256836
-5.405777454376221
8.048849105834961
-12.823108673095703
1.421864628791809
13.484094619750977
-7.719118595123291
2.8372139930725098
-0.6308037638664246
-7.15676736831665
15.65657901763916
-16.77680206298828
-4.866347312927246
-13.022361755371094
-13.682106018066406
17.953142166137695
22.66802978515625
7.129826545715332
21.831117630004883
9.231781005859375
-9.211421966552734
-16.2149715423584
6.867699146270752
8.433443069458008
-8.9920015335083
-18.35698890686035
-3.419528007507324
-6.924135208129883
1.1348999738693237
7.826611518859863
-4.893880844116211
3.9143755435943604
-3.423579454421997
-13.96109676361084
-0.4678312838077545
-4.7112531661987305
1.1774028539657593
-7.012635231018066
-3.2541630268096924
11.910552978515625
-5.305732250213623
-8.264442443847656
-15.227180480957031
6.68493127822876
1.9272788763046265
8.572612762451172
-5.427609443664551
3.0665156841278076
6.941763877868652
-3.711456060409546
12.181694030761719
-6.929635524749756
5.611130714416504
0.6793925762176514
4.049229621887207
6.580078601837158
0.5624071359634399
-4.3587236404418945
2.3892338275909424
1.0397570133209229
0.5789908766746521
-8.601035118103027
16.00850486755371
-4.467366695404053
9.429363250732422
2.988743782043457
-10.705120086669922
-2.1085803508758545
28.399410247802734
-10.561334609985352
4.8748674392700195
36.61382293701172
6.924126625061035
-3.2620229721069336
-8.773632049560547
-19.192989349365234
-5.928407669067383
-4.98769474029541
2.672553300857544
-0.4225938022136688
10.827385902404785
-5.6491312980651855
10.10404109954834
8.934123039245605
0.31499260663986206
-4.235929012298584
1.6729720830917358
-1.9336527585983276
5.7222089767456055
23.17279624938965
-11.309544563293457
-1.3873012065887451
-13.386430740356445
11.947858810424805
-21.270832061767578
-12.342535018920898
-4.59257173538208
11.246041297912598
-7.353184700012207
10.447011947631836
10.021842956542969
10.8998441696167
10.142160415649414
5.279168605804443
-18.53676414489746
-6.403990745544434
-0.9085230827331543
-4.747389793395996
5.226828098297119
-11.33998966217041
-5.102454662322998
-9.570075035095215
8.291391372680664
0.8576658964157104
-4.201591968536377
1.0723122358322144
3.712679862976074
-19.951549530029297
1.699758529663086
-0.8129734992980957
-16.439693450927734
10.605781555175781
3.6765122413635254
-3.534816265106201
10.218652725219727
5.413629531860352
9.755034446716309
-12.49201488494873
14.974923133850098
4.274888515472412
2.94538950920105
-10.382979393005371
-1.0451645851135254
-12.529698371887207
-3.8981382846832275
-0.8950024843215942
-0.989667534828186
-4.8249287605285645
-12.474556922912598
-14.11147403717041
-7.087226390838623
-4.014528751373291
-0.7957171201705933
5.532787799835205
23.152606964111328
13.845940589904785
-2.859503984451294
17.62401580810547
-35.460453033447266
0.5253085494041443
-4.879130840301514
-3.154059886932373
0.676500678062439
6.472927093505859
12.519416809082031
11.104708671569824
26.291507720947266
15.969581604003906
3.8908939361572266
-11.313131332397461
1.6451246738433838
9.571167945861816
-2.157680034637451
-0.7639034986495972
1.2064918279647827
1.9191539287567139
-0.9602808952331543
-19.032758712768555
3.6801702976226807
-14.444326400756836
-9.592733383178711
-0.34625548124313354
3.179555654525757
-6.113228797912598
19.847145080566406
11.918166160583496
-12.414491653442383
-14.239784240722656
6.496881008148193
-19.015989303588867
10.691925048828125
2.2833423614501953
4.8453521728515625
-1.498456358909607
-1.2711567878723145
13.901569366455078
-5.213616847991943
-3.4516196250915527
-1.7462828159332275
-3.574734687805176
12.765433311462402
-10.850092887878418
2.7775447368621826
-9.494194984436035
3.1902129650115967
-3.553384304046631
-1.5691866874694824
-17.319589614868164
3.191643714904785
-2.616525888442993
3.0301196575164795
-1.3138095140457153
20.536760330200195
-8.689094543457031
0.6937524080276489
0.09387589991092682
23.919849395751953
8.64113712310791
11.275985717773438
-17.68437385559082
21.16743278503418
-2.841599225997925
-6.468135833740234
-5.274346828460693
20.786836624145508
3.3253324031829834
-7.8306074142456055
17.940671920776367
-8.519484519958496
-1.5477895736694336
5.302051067352295
5.096273422241211
-6.04574728012085
12.090278625488281
-1.5189894437789917
-8.582863807678223
11.412928581237793
-2.5195059776306152
-2.0210344791412354
-25.08843994140625
7.6232757568359375
-11.163751602172852
3.592021942138672
8.35552978515625
-14.225031852722168
7.252497673034668
5.0860209465026855
-10.243788719177246
-13.396539688110352
8.102293014526367
-18.910062789916992
-10.938444137573242
-24.276020050048828
-12.047341346740723
-4.957488059997559
-6.042945384979248
8.258167266845703
4.420130729675293
-10.991378784179688
20.441082000732422
1.537351369857788
21.004554748535156
0.9043593406677246
10.229484558105469
-0.3477606773376465
-15.566472053527832
16.540922164916992
6.831355571746826
-15.27534008026123
10.20445442199707
3.582489490509033
15.198040962219238
-13.71473503112793
9.685627937316895
3.0830154418945312
1.5505139827728271
6.032711505889893
-40.88957977294922
-34.66167068481445
-1.2854995727539062
14.854024887084961
-7.142696857452393
-31.582284927368164
-1.5506715774536133
0.9788655042648315
15.617098808288574
-16.837007522583008
15.500849723815918
-0.029425716027617455
-9.340072631835938
-1.142343521118164
-2.3744261264801025
-19.457334518432617
-18.91857147216797
13.6723051071167
1.287522554397583
7.056548118591309
-9.441849708557129
-13.711048126220703
-9.044791221618652
1.3783204555511475
-8.077195167541504
16.313217163085938
0.28790217638015747
6.460957050323486
13.505615234375
-10.530231475830078
0.12481524795293808
8.104287147521973
-5.551117897033691
3.310237169265747
12.60178279876709
-7.513137340545654
4.802788257598877
12.374866485595703
-21.91092872619629
-9.768759727478027
14.54671859741211
20.07172393798828
14.5409517288208
12.746763229370117
3.126795768737793
-5.708519458770752
9.828625679016113
-12.86125373840332
-8.308926582336426
-13.654115676879883
-7.2975263595581055
-19.86835289001465
-12.866055488586426
9.785045623779297
-28.803632736206055
-7.859410285949707
-9.025527000427246
9.117587089538574
-1.450685739517212
-5.197350025177002
-2.0780439376831055
-9.184635162353516
14.444764137268066
-2.0776419639587402
-5.883495807647705
-7.4531569480896
0.4115266501903534
14.458316802978516
16.007713317871094
23.585554122924805
28.052762985229492
-3.087852954864502
-22.83624839782715
-0.3481026291847229
-10.364068031311035
6.353764533996582
-15.97147274017334
-11.721657752990723
7.813210964202881
-7.3754801750183105
3.225440263748169
4.296631813049316
5.800021171569824
-8.373645782470703
37.68009567260742
-5.085612773895264
-12.727277755737305
1.0604621171951294
-3.372000217437744
17.15923500061035
8.787117004394531
19.238969802856445
0.004863066598773003
7.5658063888549805
9.59295654296875
1.539315938949585
-9.41012191772461
6.48178768157959
-5.469150543212891
-13.96110725402832
-2.397502899169922
-18.522653579711914
-7.085309028625488
21.365856170654297
-5.778613567352295
-6.727555751800537
8.38538646697998
2.1877706050872803
16.24662208557129
-0.17506717145442963
-0.01745648868381977
-11.25775146484375
12.514294624328613
7.033084869384766
-3.6503829956054688
-7.462046146392822
-1.6377005577087402
3.2985026836395264
3.6401777267456055
6.395824909210205
-7.51266622543335
-12.739340782165527
-22.680988311767578
9.758825302124023
8.248612403869629
5.891488075256348
-4.0599188804626465
-5.798137187957764
6.7546820640563965
-8.70453929901123
-19.40642738342285
-32.694984436035156
-4.54856014251709
-10.826057434082031
5.6880035400390625
-10.774317741394043
4.484347820281982
-11.077774047851562
26.112728118896484
-21.265438079833984
-8.431648254394531
-1.0935477018356323
-8.304222106933594
-10.960637092590332
4.70757532119751
23.123109817504883
-4.794813632965088
-1.3028448820114136
-13.195721626281738
8.503543853759766
9.134404182434082
40.98532485961914
2.8155813217163086
-1.4388445615768433
16.44014549255371
7.136113166809082
3.6942474842071533
-7.590406894683838
-0.8399964570999146
-7.446291923522949
7.48813533782959
-2.510695695877075
17.882339477539062
10.483611106872559
6.102029800415039
-13.940093040466309
14.237696647644043
-4.233692169189453
-4.33041524887085
2.0368025302886963
-12.307884216308594
3.795185089111328
0.3129979968070984
14.376492500305176
-10.624947547912598
2.309621572494507
9.474998474121094
-5.844254493713379
-12.899635314941406
11.25472640991211
5.053894519805908
-1.7197266817092896
0.3731200695037842
-16.750036239624023
0.8444299101829529
-14.73615550994873
4.583417892456055
9.595242500305176
-3.2694404125213623
-17.61296844482422
19.605562210083008
1.7976216077804565
11.326018333435059
7.165625095367432
-4.367512226104736
-2.8307783603668213
-10.782369613647461
-10.255748748779297
-22.63288116455078
-24.749401092529297
7.802691459655762
-10.857253074645996
-12.136061668395996
-1.11777663230896
-9.201539039611816
19.720590591430664
-1.758970022201538
7.182122707366943
1.3278653621673584
0.34819385409355164
6.23598575592041
5.263965606689453
5.644539833068848
-8.342717170715332
21.340118408203125
-4.041357040405273
-0.43300825357437134
1.9298174381256104
-14.992561340332031
4.842331886291504
2.955859899520874
1.5425605773925781
20.877073287963867
-0.5222463011741638
9.191920280456543
-0.5471384525299072
3.7906653881073
-5.55728006362915
5.1731743812561035
7.77856969833374
2.7190146446228027
-10.498809814453125
0.4026143550872803
8.123560905456543
10.657989501953125
-12.299858093261719
-6.661726474761963
-11.457892417907715
0.5048347115516663
-4.160717964172363
-5.230114459991455
1.9021750688552856
-0.8922803997993469
-4.863090515136719
7.405309200286865
6.512881755828857
3.4599497318267822
1.5822019577026367
0.38101083040237427
-6.68992280960083
3.4804303646087646
-5.443542957305908
-18.040639877319336
-12.733719825744629
0.9664329886436462
-7.866434097290039
-0.45450907945632935
19.65237808227539
-2.088419198989868
4.536520957946777
19.672039031982422
-2.887620210647583
-2.434497356414795
-20.524133682250977
-0.35033974051475525
-0.6889598965644836
-13.049773216247559
3.4262192249298096
-3.620190143585205
-1.5158339738845825
22.185091018676758
-3.464939832687378
22.149980545043945
13.645970344543457
-1.0418815612792969
-2.7145214080810547
3.183868885040283
-2.2359981536865234
0.3315475583076477
9.266494750976562
-15.204507827758789
-8.72110652923584
2.021911144256592
-3.9720640182495117
11.47693157196045
1.8986470699310303
1.0483958721160889
14.870050430297852
-12.318028450012207
-16.381675720214844
1.6385000944137573
13.805771827697754
2.50398850440979
0.4597896635532379
-10.885354995727539
18.765548706054688
1.5870065689086914
-12.118841171264648
10.188220977783203
1.1497262716293335
1.133616328239441
-11.042430877685547
2.2130813598632812
3.524543285369873
-20.6846866607666
3.952874183654785
-4.258964538574219
-0.10499110072851181
-2.4208600521087646
2.0022895336151123
12.464675903320312
10.966752052307129
12.115972518920898
-2.9091739654541016
-24.319913864135742
-12.952435493469238
2.970526695251465
22.283864974975586
-8.281853675842285
-1.5608067512512207
3.0205392837524414
-9.261953353881836
-5.962891578674316
-18.79500961303711
-12.9561128616333
-1.1332507133483887
4.220951557159424
0.200785294175148
5.107339859008789
9.058319091796875
6.161403179168701
-12.584378242492676
-4.783241271972656
-7.123550891876221
1.2412853240966797
5.706638813018799
-7.42030143737793
8.076146125793457
-4.809510707855225
-6.4705305099487305
5.781805992126465
-2.8052234649658203
7.295516490936279
-0.799788773059845
-8.261847496032715
0.9602546691894531
-7.427019119262695
3.1433279514312744
-5.7249979972839355
10.978994369506836
4.759025573730469
-12.035199165344238
6.051416397094727
5.882685661315918
2.2663745880126953
22.782400131225586
-9.326655387878418
1.3812371492385864
7.212022304534912
-4.493091106414795
2.243866443634033
-1.5843769311904907
6.6224822998046875
0.38373664021492004
3.1592600345611572
2.0086917877197266
-15.19233226776123
3.0306613445281982
-0.008214297704398632
1.1050934791564941
3.6679513454437256
-12.977240562438965
2.690983295440674
-3.2369139194488525
-21.382787704467773
0.967357337474823
-4.740903854370117
-12.66586971282959
6.832190990447998
-11.028715133666992
11.46491813659668
-6.885829925537109
8.399057388305664
7.6964850425720215
9.133830070495605
21.465028762817383
7.471024990081787
-6.3184919357299805
-4.172281265258789
3.4050309658050537
-12.425997734069824
-13.125578880310059
-10.65291690826416
-13.032170295715332
-9.536767959594727
-3.559232473373413
-7.9927825927734375
3.8381099700927734
-4.892844200134277
-6.042201042175293
17.638675689697266
14.529534339904785
2.805968999862671
-17.192996978759766
-4.809266567230225
