-160.04861450195312
-145.8162078857422
-141.01629638671875
-126.19087982177734
-152.52931213378906
-133.70059204101562
-140.16094970703125
-131.0347442626953
-128.44215393066406
-140.37107849121094
-128.59622192382812
-121.32748413085938
-132.1141815185547
-130.613525390625
-154.52134704589844
-116.79849243164062
-122.19700622558594
-123.8685302734375
-141.1943359375
-110.9262466430664
-104.89020538330078
-135.63739013671875
-122.96732330322266
-127.9423599243164
-130.89540100097656
-138.11412048339844
-115.91439819335938
-128.73353576660156
-123.32572937011719
-114.23411560058594
-141.856201171875
-122.35000610351562
-112.24384307861328
-130.7489013671875
-121.52732849121094
-126.0814208984375
-106.69353485107422
-113.64556884765625
-128.1841583251953
-114.2596435546875
-119.47817993164062
-97.7908935546875
-122.33062744140625
-133.8063201904297
-113.11054229736328
-147.75701904296875
-130.0570831298828
-129.67251586914062
-116.59907531738281
-99.83206939697266
-117.54598999023438
-98.6292495727539
-122.0567626953125
-101.97276306152344
-109.32162475585938
-107.84648895263672
-137.1543426513672
-110.95441436767578
-109.01766967773438
-89.63333892822266
-96.89946746826172
-109.24851989746094
-121.71109008789062
-106.7566909790039
-113.21843719482422
-116.0140380859375
-134.47906494140625
-118.4288330078125
-134.73228454589844
-135.04315185546875
-101.9986572265625
-89.23340606689453
-137.4042205810547
-115.61385345458984
-106.19718170166016
-110.40155792236328
-103.42218780517578
-133.04617309570312
-102.90966796875
-93.83985900878906
-105.97267150878906
-104.93856811523438
-93.41510772705078
-100.1967544555664
-97.5482406616211
-110.17002868652344
-100.8608627319336
-99.75579071044922
-100.46991729736328
-108.80863952636719
-100.85464477539062
-95.29793548583984
-111.73204040527344
-110.15607452392578
-104.74581146240234
-96.23308563232422
-94.5439224243164
-109.03634643554688
-86.48978424072266
-117.34095001220703
-100.05158233642578
-92.4938735961914
-105.75929260253906
-90.2806396484375
-103.66915893554688
-92.79469299316406
-113.35295867919922
-92.94515228271484
-123.90349578857422
-88.36909484863281
-114.78677368164062
-89.95330810546875
-118.0386962890625
-113.80768585205078
-88.5829086303711
-135.89772033691406
-115.76251983642578
-89.35433959960938
-136.02987670898438
-117.89785766601562
-81.26897430419922
-127.54224395751953
-71.89751434326172
-90.52605438232422
-120.43008422851562
-111.29666900634766
-89.43875885009766
-109.31495666503906
-111.25477600097656
-131.67799377441406
-114.9687271118164
-118.07994842529297
-96.71588897705078
-102.85618591308594
-91.61690521240234
-101.0286636352539
-110.29095458984375
-109.84869384765625
-78.0981674194336
-103.32789611816406
-113.32357788085938
-78.15731811523438
-101.9327621459961
-113.96649932861328
-128.0985870361328
-82.37924194335938
-105.70671081542969
-74.63748931884766
-86.79481506347656
-99.82015991210938
-91.4091567993164
-100.82789611816406
-85.1309814453125
-88.32845306396484
-55.18716049194336
-83.25137329101562
-73.00704193115234
-74.38389587402344
-105.73834228515625
-75.08842468261719
-90.58611297607422
-73.40292358398438
-93.69116973876953
-93.6759262084961
-89.80632781982422
-89.19479370117188
-87.994873046875
-61.92249298095703
-90.59196472167969
-71.40507507324219
-66.81842803955078
-60.00647735595703
-87.31829071044922
-60.91267395019531
-73.51815795898438
-58.146121978759766
-68.19505310058594
-86.54029846191406
-53.50305938720703
-66.54303741455078
-75.99897766113281
-71.51849365234375
-71.89706420898438
-75.73893737792969
-57.420780181884766
-57.13758087158203
-47.186805725097656
-76.53042602539062
-53.17825698852539
-55.31542205810547
-76.09217071533203
-76.38502502441406
-80.57794952392578
-47.926387786865234
-44.28345489501953
-79.41466522216797
-78.5809326171875
-84.29713439941406
-86.32521057128906
-69.06993865966797
-82.53744506835938
-59.4980354309082
-66.30706024169922
-60.31969451904297
-57.72920608520508
-41.84950637817383
-48.8621711730957
-64.31204986572266
-57.68960952758789
-66.64250946044922
-83.80331420898438
-37.89027786254883
-55.756805419921875
-74.56395721435547
-48.61882400512695
-51.66180419921875
-48.126953125
-38.29069519042969
-31.743330001831055
-58.295166015625
-49.39914321899414
-68.31377410888672
-64.64985656738281
-51.1787109375
-35.98530578613281
-43.84862518310547
-44.05440139770508
-37.30409622192383
-38.261653900146484
-55.80653381347656
-39.315677642822266
-37.39712905883789
-60.96315383911133
-31.450090408325195
-68.75859832763672
-47.02237319946289
-53.47336959838867
-30.033920288085938
-60.283180236816406
-75.47701263427734
-25.436574935913086
-15.256708145141602
-28.296052932739258
-28.57253074645996
-91.20040130615234
-55.98991394042969
-50.12833023071289
-49.64532470703125
-87.26307678222656
-46.358062744140625
-36.4630012512207
-51.33261489868164
-41.77608871459961
-55.06128692626953
-71.93343353271484
-49.67323303222656
-41.6245002746582
-64.06425476074219
-48.94645309448242
-50.8501091003418
-53.25555419921875
-26.30576515197754
-30.769744873046875
-51.63795852661133
-35.19102478027344
-38.799171447753906
-59.47417449951172
-54.86118698120117
-7.101734638214111
-26.61916160583496
-31.113447189331055
-22.226396560668945
-36.287105560302734
-34.45329284667969
-33.984012603759766
-48.661293029785156
-41.44221115112305
-47.85386276245117
-40.96649932861328
-41.67505645751953
-27.967491149902344
-21.40684700012207
-49.2830810546875
-45.794410705566406
-37.775184631347656
-38.73541259765625
-48.88763427734375
-42.45508575439453
-19.990564346313477
-51.25468444824219
-27.181413650512695
-64.8358383178711
-47.19057083129883
-20.205102920532227
-43.767059326171875
-19.902477264404297
-24.086166381835938
-50.597137451171875
-21.124216079711914
-44.56593704223633
-27.90715789794922
-10.49672794342041
-27.40513038635254
-14.482674598693848
-25.733993530273438
2.650207757949829
-5.956682205200195
-3.732046365737915
19.627504348754883
-36.44999313354492
7.151663303375244
-5.6153483390808105
-8.101507186889648
-8.737639427185059
-39.21976089477539
-25.904855728149414
3.85878849029541
-4.366765022277832
-26.119831085205078
19.984052658081055
3.922853708267212
-8.150888442993164
-29.797393798828125
-2.547312021255493
-35.55563735961914
11.108861923217773
5.348309516906738
-11.447881698608398
0.3822348415851593
-4.919776439666748
-0.16102741658687592
4.611727237701416
-14.866447448730469
7.980198383331299
-9.841571807861328
-24.763385772705078
-12.138647079467773
-6.100614547729492
-20.7974853515625
-13.520153045654297
-33.94260025024414
-0.8609413504600525
-21.79090118408203
20.534582138061523
-1.1116292476654053
10.818685531616211
-4.581628322601318
-11.681486129760742
-8.048047065734863
3.4099247455596924
-13.942255020141602
-11.686485290527344
16.962202072143555
15.602783203125
-27.978179931640625
-0.9936606884002686
-18.13458251953125
-17.813961029052734
-13.680808067321777
18.279869079589844
-0.5719870328903198
-1.9778025150299072
-17.14423370361328
-22.287553787231445
-8.927188873291016
-9.491796493530273
7.190956115722656
-4.208616256713867
-5.676902770996094
-9.073709487915039
6.0089287757873535
2.0966954231262207
-9.726308822631836
9.151602745056152
15.906464576721191
7.727934837341309
3.4995436668395996
1.4823163747787476
16.344322204589844
3.5404651165008545
-19.30402374267578
-11.669270515441895
-21.16822052001953
-8.038013458251953
20.535306930541992
34.8375129699707
-11.879291534423828
1.6357723474502563
5.814913749694824
3.4730749130249023
13.22469711303711
-14.864439010620117
10.62730598449707
-2.881324529647827
7.822163105010986
17.436017990112305
-1.1498206853866577
12.822402954101562
8.543245315551758
1.260534644126892
-7.251401424407959
-14.54311466217041
-2.3237626552581787
0.3186499774456024
-1.3013242483139038
6.7409443855285645
30.55002784729004
18.713560104370117
10.120677947998047
8.66723346710205
-0.8218263983726501
19.027055740356445
6.508702754974365
24.116134643554688
-5.489758014678955
-5.031676292419434
16.537376403808594
2.9243175983428955
-1.5515695810317993
13.359549522399902
0.08097969740629196
-23.878135681152344
-0.6262814402580261
12.254589080810547
13.74516487121582
-12.645441055297852
12.767650604248047
16.12454605102539
7.62324857711792
2.2830018997192383
-10.658679962158203
7.712484359741211
8.519721031188965
-6.333598613739014
17.491695404052734
-3.7136926651000977
4.159976005554199
-7.2407050132751465
2.4346015453338623
-9.269465446472168
9.530052185058594
-15.5516357421875
21.290138244628906
1.334890604019165
-0.9960569739341736
-18.081533432006836
-9.279991149902344
-22.723329544067383
-0.5072660446166992
8.920494079589844
-18.206729888916016
2.4430172443389893
-5.747215270996094
3.0215983390808105
3.6794819831848145
8.559239387512207
-12.400459289550781
-6.996535778045654
5.135026931762695
-3.8341288566589355
-13.06091594696045
-38.612308502197266
-21.176631927490234
11.796147346496582
-13.55986213684082
-11.4828462600708
2.2813217639923096
-7.282716274261475
-3.797761917114258
-29.900753021240234
-3.5179383754730225
-35.488346099853516
-39.249446868896484
-9.212933540344238
-40.52714538574219
-40.62096405029297
26.869321823120117
14.716001510620117
-10.336196899414062
14.466856002807617
-28.492048263549805
-28.338218688964844
-9.554296493530273
-11.997943878173828
23.96292495727539
16.037736892700195
-9.743212699890137
-12.082115173339844
4.331562519073486
20.171152114868164
10.94892692565918
-16.534814834594727
13.678936958312988
-18.05335807800293
-25.247684478759766
-13.03754997253418
-0.7606346011161804
-10.753677368164062
-13.0769624710083
-27.3088321685791
-2.731027126312256
-11.778715133666992
-3.00612735748291
-12.341294288635254
-6.77994966506958
10.024171829223633
1.0033811330795288
12.053535461425781
8.172727584838867
24.395362854003906
-6.090642929077148
-0.07807615399360657
1.7475336790084839
-35.61859130859375
-26.554908752441406
6.443853378295898
-24.544382095336914
-22.963573455810547
15.419496536254883
10.983224868774414
10.21027946472168
-9.618386268615723
-26.15969467163086
-0.6294838786125183
14.77769947052002
3.0475399494171143
20.98993682861328
-12.83146858215332
-11.28979778289795
-0.18416748940944672
-4.436334133148193
-16.476491928100586
-8.395573616027832
2.0448341369628906
7.351846218109131
-21.050392150878906
-4.328896522521973
-4.5238213539123535
9.386077880859375
-16.133995056152344
9.281288146972656
19.618240356445312
3.730356454849243
-29.126380920410156
11.873786926269531
-26.673349380493164
-9.220568656921387
-3.342503547668457
-3.322310209274292
-11.427078247070312
-29.902864456176758
2.955864191055298
1.562042236328125
30.91594123840332
7.443343162536621
-11.605245590209961
5.177484035491943
-11.73839282989502
6.06362247467041
-0.4024088382720947
-0.35199040174484253
-7.758981704711914
-34.77119827270508
-13.693174362182617
14.98618221282959
-8.343087196350098
-12.0372314453125
4.073217391967773
3.2413182258605957
-0.24876520037651062
-34.24588394165039
-24.99103546142578
-6.37143611907959
30.849287033081055
8.644814491271973
-22.93260955810547
-10.160534858703613
3.7405145168304443
-15.958647727966309
-27.925472259521484
-1.750809669494629
-33.94126510620117
-13.644124984741211
12.368917465209961
-25.51885223388672
-25.313032150268555
-19.258649826049805
-37.49908447265625
-30.369394302368164
-46.04582214355469
-34.96141815185547
-17.602285385131836
-24.450366973876953
14.460505485534668
1.2559438943862915
-27.696231842041016
-18.370121002197266
-34.36172866821289
-24.979244232177734
-1.5468363761901855
-23.836233139038086
-35.80256652832031
-24.26586151123047
0.6066428422927856
-28.7473087310791
-27.957382202148438
-2.618866443634033
-13.365107536315918
-14.534585952758789
17.945907592773438
24.200275421142578
28.070402145385742
15.068228721618652
-7.689408302307129
18.896121978759766
20.894596099853516
-4.218376159667969
-8.985543251037598
21.269092559814453
6.372085094451904
17.969013214111328
-18.081634521484375
-4.095445156097412
5.833863258361816
28.297544479370117
9.5886869430542
-4.469819068908691
-17.231674194335938
0.6923316121101379
-8.246261596679688
-6.789212226867676
15.108820915222168
-4.304046154022217
-21.14984130859375
15.976859092712402
6.505849838256836
0.7796807885169983
25.627634048461914
22.15472984313965
4.01051139831543
6.984611511230469
-21.94426727294922
14.43567180633545
8.099348068237305
17.72410011291504
-9.155739784240723
18.52146339416504
-19.076765060424805
-16.003698348999023
24.967073440551758
25.119491577148438
-12.053277015686035
-0.09730064868927002
9.302961349487305
32.59555435180664
12.618274688720703
-3.6795766353607178
-20.31106185913086
15.121647834777832
13.53610610961914
-9.71195125579834
-6.85045862197876
-11.795448303222656
-1.7207574844360352
-4.0829901695251465
4.422479629516602
7.64547872543335
10.477822303771973
-24.154571533203125
5.163200855255127
3.761366605758667
18.107994079589844
-10.621829986572266
10.107738494873047
-23.09823989868164
1.292826533317566
-28.50959014892578
-4.2958574295043945
2.9925997257232666
15.835173606872559
1.8686987161636353
16.268400192260742
20.88743019104004
15.665670394897461
-14.27253532409668
18.364171981811523
-6.63938045501709
2.1468982696533203
1.6749416589736938
-11.402121543884277
25.707996368408203
12.36932373046875
9.494029998779297
8.420278549194336
20.00164031982422
-4.725498676300049
25.965974807739258
-0.7081144452095032
13.828669548034668
-15.10694694519043
-2.3257179260253906
25.78618621826172
-24.16768455505371
-10.672195434570312
1.6411888599395752
14.930516242980957
-9.28552532196045
-33.298709869384766
19.090932846069336
-6.406917095184326
-11.645341873168945
7.214313983917236
-13.536263465881348
-6.426321029663086
-24.335569381713867
-19.105119705200195
-12.329760551452637
-25.926551818847656
-12.7598295211792
-6.774242877960205
-1.4182008504867554
-6.020942211151123
-14.488921165466309
-25.5704288482666
-1.5485445261001587
-16.247615814208984
20.147016525268555
8.865495681762695
-9.930180549621582
12.5859956741333
-33.568336486816406
17.784576416015625
-10.42278003692627
-12.426152229309082
-0.91285640001297
-9.54261302947998
5.362778663635254
8.911660194396973
32.075347900390625
19.793636322021484
23.412687301635742
-3.8075098991394043
17.388540267944336
22.49934196472168
0.7303861379623413
27.613462448120117
19.410696029663086
9.02076530456543
41.129886627197266
23.699018478393555
23.147571563720703
25.31846046447754
29.80341911315918
10.094497680664062
28.67822265625
13.476353645324707
32.76503372192383
32.57278823852539
23.456342697143555
22.302337646484375
7.854538917541504
15.957013130187988
35.83841323852539
-2.391641855239868
25.529598236083984
20.17656898498535
-2.5475659370422363
6.2965087890625
1.7377279996871948
-3.649312734603882
22.7010555267334
-2.4692773818969727
3.7997138500213623
-7.219886779785156
4.021293640136719
7.058887958526611
13.9021577835083
6.782359600067139
1.6602007150650024
-7.246652603149414
-1.6204545497894287
-15.482945442199707
-3.3548130989074707
-0.6179547309875488
-19.166866302490234
1.9110521078109741
1.4125303030014038
37.28969955444336
8.985729217529297
17.654788970947266
8.819137573242188
9.006379127502441
2.5497348308563232
7.435322284698486
26.083810806274414
5.120118618011475
-0.5161389708518982
25.06269073486328
8.782252311706543
-17.415681838989258
-7.0287251472473145
23.705965042114258
16.44475746154785
13.839761734008789
-0.3267218768596649
-13.934219360351562
21.461750030517578
3.34295392036438
12.191048622131348
28.800994873046875
50.842308044433594
15.177481651306152
13.59505844116211
23.745738983154297
-2.0274670124053955
11.268488883972168
-19.335575103759766
-0.3912731409072876
25.720151901245117
-1.8622092008590698
-1.9635934829711914
18.409605026245117
1.8692176342010498
-9.367894172668457
12.592219352722168
-11.01555061340332
9.881401062011719
-17.33203125
20.125732421875
1.6225310564041138
4.416490077972412
-16.609195709228516
-3.417361259460449
1.27720046043396
24.885822296142578
8.378442764282227
-9.549481391906738
3.536498546600342
-16.270427703857422
12.278668403625488
5.803025245666504
14.226601600646973
15.118755340576172
36.45392990112305
1.8132656812667847
-34.336509704589844
-10.07015609741211
-24.59394645690918
-7.827929973602295
-4.819900989532471
10.138381958007812
-0.30351996421813965
-15.864398956298828
-19.299659729003906
25.225608825683594
11.47343921661377
-9.928848266601562
-8.100156784057617
2.7540550231933594
21.171939849853516
-5.684467792510986
-19.321998596191406
-13.187603950500488
-0.7620609998703003
10.043793678283691
-1.8661081790924072
-24.83473777770996
4.8663010597229
-0.7732212543487549
3.3382489681243896
-7.1374711990356445
8.368072509765625
-2.895977020263672
6.052511692047119
-13.860353469848633
12.077608108520508
9.912477493286133
27.376384735107422
11.68409538269043
18.680578231811523
9.846511840820312
11.392204284667969
22.756338119506836
-3.2093088626861572
2.215489387512207
0.34139353036880493
-8.439518928527832
13.949044227600098
-14.318155288696289
8.77958869934082
-22.183534622192383
10.497634887695312
-6.9844889640808105
-37.2729377746582
5.490906715393066
-29.29574966430664
-4.2576117515563965
-26.683626174926758
-5.525815486907959
-27.083539962768555
-9.945134162902832
13.61291217803955
-8.211105346679688
2.9582624435424805
-7.677753925323486
-8.69398021697998
21.348678588867188
7.945888042449951
-12.676074981689453
9.717819213867188
12.572748184204102
6.9295525550842285
8.129223823547363
4.3629937171936035
-3.5383858680725098
6.063286781311035
-34.52496337890625
-3.070427417755127
13.669144630432129
16.94831085205078
0.8278529644012451
-3.6912946701049805
5.6744561195373535
15.734698295593262
4.509136199951172
2.3363776206970215
-14.465910911560059
-1.7925716638565063
8.815658569335938
-6.611390113830566
2.3559489250183105
-0.3951011896133423
-6.726168155670166
-4.37398624420166
-15.06021499633789
2.5589866638183594
-9.566661834716797
0.3513556718826294
22.571264266967773
-15.828019142150879
15.108159065246582
6.288354873657227
2.216397762298584
-21.376665115356445
8.744909286499023
15.113265991210938
-7.442794322967529
13.084531784057617
-16.861000061035156
6.174569606781006
-13.41360092163086
-14.20250129699707
18.184024810791016
-1.3471506834030151
-1.6059715747833252
0.055258192121982574
0.03977047652006149
1.9442380666732788
3.981086254119873
-10.945840835571289
4.7607526779174805
-4.923044204711914
-16.39085578918457
-10.333309173583984
-8.04696273803711
18.613067626953125
2.139024019241333
10.116701126098633
-8.326101303100586
8.85425090789795
18.144731521606445
14.885960578918457
1.5985844135284424
1.8327049016952515
12.069070816040039
2.176103115081787
14.111339569091797
-11.368051528930664
-9.723210334777832
8.006071090698242
2.6978578567504883
17.00787925720215
-7.968535423278809
-26.244184494018555
-0.8306134939193726
-20.047412872314453
-9.170114517211914
1.329345464706421
2.6556849479675293
-9.310314178466797
15.293462753295898
-13.09928035736084
7.643899917602539
-21.64423942565918
2.7337353229522705
3.465266466140747
-11.505396842956543
-7.162708759307861
-8.467890739440918
31.401891708374023
-16.459932327270508
-12.598342895507812
5.622734069824219
1.390657901763916
26.237966537475586
-17.7366886138916
7.407598495483398
-0.8215559124946594
-0.13886846601963043
9.174702644348145
5.002975940704346
-1.0747389793395996
17.8670711517334
-21.53948402404785
-4.736464500427246
-14.568585395812988
-15.779170036315918
15.474862098693848
-2.1910006999969482
21.921302795410156
-15.921547889709473
3.3546361923217773
-1.0003297328948975
-1.1213717460632324
-5.774706840515137
9.355148315429688
29.282316207885742
-7.306737899780273
12.230491638183594
3.2758030891418457
11.369799613952637
3.7855007648468018
-22.278724670410156
-6.969510078430176
22.303884506225586
25.227087020874023
-5.035160541534424
16.117145538330078
11.31651496887207
-17.999895095825195
-7.000853061676025
-1.0925642251968384
-18.468780517578125
0.014271899126470089
30.963027954101562
-18.872234344482422
22.329681396484375
26.62277603149414
0.9357373118400574
9.83102035522461
-4.0672430992126465
20.523988723754883
1.603737473487854
-11.479233741760254
32.08507537841797
-8.228506088256836
9.167165756225586
10.516490936279297
-9.368293762207031
3.0191094875335693
-14.434626579284668
13.58432674407959
-14.89338207244873
-1.6550929546356201
4.770330429077148
-9.614422798156738
-7.486549377441406
16.42179298400879
-2.1670427322387695
10.521310806274414
-16.600685119628906
-0.2141820639371872
-12.857942581176758
-9.526392936706543
12.076327323913574
7.290543556213379
-13.178024291992188
-5.063380718231201
4.926766872406006
10.053814888000488
-12.357197761535645
-16.031442642211914
0.9076051712036133
-14.90273380279541
5.925877571105957
-14.102334022521973
4.957821846008301
-4.406887054443359
-0.9618679881095886
15.23635196685791
2.754312753677368
-0.6905791163444519
-13.531991004943848
5.677155494689941
-13.057584762573242
-7.377006530761719
-1.6529039144515991
-16.451719284057617
-12.188139915466309
-3.0457589626312256
5.704894542694092
3.4149420261383057
21.895503997802734
4.313853740692139
6.961573123931885
-5.8335065841674805
-28.482452392578125
22.117839813232422
-21.888086318969727
3.6099276542663574
-15.405858039855957
-20.53516387939453
1.1016318798065186
-25.588045120239258
5.079576015472412
-42.72978973388672
7.216305732727051
0.4094749093055725
-11.730175018310547
2.093121290206909
-5.329975128173828
20.356712341308594
3.0490167140960693
-1.9998785257339478
1.2938175201416016
-48.30141067504883
-9.77501106262207
-3.221766710281372
-1.5649327039718628
6.958961486816406
14.398411750793457
-16.271564483642578
-12.619535446166992
-9.67082405090332
-4.489220142364502
-10.19737720489502
-6.891323089599609
-15.926131248474121
-5.659592628479004
-9.979482650756836
-19.117013931274414
-1.8657724857330322
-0.5585905313491821
0.40427035093307495
-38.23360824584961
-6.55169677734375
7.56199836730957
-37.85646438598633
3.5136513710021973
-2.0123066902160645
2.4138009548187256
-11.327043533325195
-6.672689437866211
-2.901047945022583
-14.68916130065918
13.276189804077148
13.59134578704834
-23.733633041381836
-9.034871101379395
6.505365371704102
-7.268252372741699
-10.512295722961426
3.2080726623535156
3.6852669715881348
-2.443824291229248
5.316781520843506
20.531709671020508
-2.3691751956939697
13.11008071899414
3.0890212059020996
14.24494457244873
13.169999122619629
-2.5085322856903076
4.773924350738525
4.52071475982666
9.512715339660645
2.047417402267456
-5.867786884307861
-0.40760156512260437
5.900620460510254
-4.43443489074707
-5.584999084472656
22.341121673583984
-8.358790397644043
-6.808291435241699
8.94678020477295
0.10816997289657593
5.603879451751709
-5.078695297241211
35.68419647216797
1.7846605777740479
2.035917043685913
-1.3037033081054688
-9.801774024963379
-33.11795425415039
7.155038833618164
17.650306701660156
-6.517457008361816
-4.058123588562012
-2.971303701400757
10.881380081176758
10.774517059326172
6.0566935539245605
7.371109962463379
2.01223087310791
-12.720331192016602
17.392364501953125
-16.674888610839844
-20.635896682739258
-2.981637716293335
1.1371906995773315
12.4697904586792
24.870349884033203
6.926694393157959
12.050699234008789
6.4793901443481445
20.45380401611328
-16.894105911254883
-5.014005184173584
-15.671792030334473
-8.18583869934082
3.4854836463928223
14.777420997619629
3.159175157546997
-1.7671929597854614
-3.7802162170410156
-7.461153507232666
20.09418487548828
12.961742401123047
0.24236874282360077
12.877786636352539
14.269645690917969
3.9049594402313232
15.06517219543457
3.263092041015625
-5.318306922912598
-20.804611206054688
-5.663824081420898
-20.771703720092773
0.9078450202941895
-2.2606098651885986
1.2172497510910034
2.569777727127075
-18.281925201416016
14.164044380187988
-4.536346435546875
25.555437088012695
11.815261840820312
5.560400485992432
-5.20050573348999
7.91693639755249
-13.495501518249512
-15.749516487121582
7.752452373504639
-33.83468246459961
-0.22923357784748077
18.09292221069336
12.003989219665527
-22.636077880859375
-4.643151760101318
12.646987915039062
-23.761659622192383
1.3406424522399902
5.233738422393799
-6.24210786819458
-0.49411624670028687
-4.274063587188721
-8.620288848876953
-18.783018112182617
10.379220962524414
2.041623592376709
-21.240581512451172
1.480777382850647
17.615243911743164
-28.270490646362305
25.824724197387695
-7.154508113861084
-5.4877729415893555
-22.352493286132812
-20.10297966003418
0.6290855407714844
-9.298807144165039
-10.321137428283691
-6.3417744636535645
-8.664616584777832
-17.311262130737305
3.263139247894287
-3.162285089492798
-0.4381113648414612
0.11015612632036209
28.678117752075195
-15.538971900939941
-31.01374053955078
-16.972379684448242
-11.714412689208984
-23.317455291748047
-12.040647506713867
-14.685708999633789
-11.29256534576416
-4.728271961212158
-19.825977325439453
-2.0198814868927
-27.259122848510742
5.121620178222656
-7.252830505371094
9.415818214416504
-12.577167510986328
7.234163761138916
-14.61822509765625
-3.9774250984191895
-5.094513893127441
-30.33245086669922
-2.130274534225464
-16.0201416015625
-18.241525650024414
3.815279245376587
8.385119438171387
-6.381784439086914
-11.919958114624023
26.072593688964844
26.894519805908203
3.820300579071045
-8.994632720947266
-5.086597442626953
12.025938034057617
7.415114402770996
-0.17089085280895233
12.572084426879883
-8.341256141662598
10.457318305969238
-16.531169891357422
15.95654296875
7.356790065765381
-6.253829002380371
21.332605361938477
-7.106466770172119
-20.23076820373535
25.498180389404297
-0.46062400937080383
-5.279225826263428
2.5599350929260254
14.66756820678711
21.654373168945312
13.220308303833008
-8.446925163269043
-11.041481971740723
-4.26300573348999
2.4009339809417725
18.089677810668945
-10.983808517456055
22.04591941833496
-6.717586517333984
10.025934219360352
14.124505996704102
-4.867432594299316
13.782062530517578
9.25279426574707
4.383569717407227
24.350671768188477
-4.50745153427124
12.012077331542969
11.630783081054688
-0.5207038521766663
9.029264450073242
15.126317024230957
-15.35989761352539
18.48622703552246
31.547807693481445
-12.191295623779297
10.64622974395752
-3.35676908493042
-1.8768837451934814
-16.131765365600586
-1.257964015007019
-3.1520214080810547
-7.582089900970459
13.209417343139648
-24.43875503540039
17.328067779541016
30.588050842285156
-5.887289047241211
-1.2939181327819824
5.007636070251465
-5.502108097076416
-5.629690170288086
8.145098686218262
0.17675437033176422
2.919304370880127
3.4901235103607178
13.587146759033203
-20.128610610961914
-0.5628400444984436
-24.487009048461914
9.824211120605469
2.8823082447052
15.564082145690918
10.745376586914062
25.647645950317383
16.477642059326172
20.762325286865234
25.053434371948242
8.702353477478027
-9.239494323730469
-16.410898208618164
10.807372093200684
9.438851356506348
14.96755599975586
23.419281005859375
29.376102447509766
3.17437744140625
16.30513572692871
-0.9708161950111389
30.091636657714844
-3.3951170444488525
-16.457319259643555
11.551515579223633
0.4025998115539551
-3.9802513122558594
-7.128046035766602
3.4917795658111572
41.59115982055664
-7.648330211639404
32.92928695678711
22.397720336914062
13.145608901977539
18.36391258239746
4.85255241394043
2.3346993923187256
-2.6091341972351074
-15.543119430541992
-20.894798278808594
-7.40203857421875
5.469047546386719
16.226491928100586
5.923347473144531
13.052092552185059
-14.807666778564453
-0.03635769337415695
13.726364135742188
-28.09299659729004
1.2640607357025146
5.866002559661865
2.7330071926116943
-7.140030860900879
3.5972208976745605
11.565053939819336
-21.277475357055664
4.318231582641602
4.829830169677734
6.723971366882324
-5.418690204620361
-2.080925226211548
-6.460779666900635
-0.5961389541625977
4.476411819458008
-14.772989273071289
-4.889758586883545
-16.2401065826416
-8.920670509338379
-1.2196733951568604
-1.4647068977355957
5.277649879455566
-7.05650520324707
16.575618743896484
6.0626044273376465
-2.099843740463257
-10.649890899658203
16.137571334838867
11.37234115600586
10.247786521911621
-8.862812042236328
-0.5236703157424927
-5.763033390045166
-9.736804008483887
-12.23658561706543
12.953790664672852
-7.133391380310059
1.5567495822906494
15.816084861755371
11.91634750366211
0.14486470818519592
14.454354286193848
-3.2041995525360107
-13.64694881439209
-3.654634714126587
-5.330124378204346
7.704268455505371
-3.5470376014709473
21.937110900878906
0.9103333353996277
22.137542724609375
14.731169700622559
10.581320762634277
26.2007999420166
7.621461391448975
13.431387901306152
-3.4810750484466553
-9.645951271057129
-5.078722953796387
5.130520343780518
5.279738903045654
-17.269630432128906
-24.896177291870117
-11.512202262878418
-8.771940231323242
24.941465377807617
-11.768452644348145
-18.425691604614258
-4.474046230316162
-7.819443702697754
17.185335159301758
-3.966140031814575
12.80767822265625
-0.37497007846832275
3.540719747543335
-2.7355055809020996
-13.402365684509277
1.328086495399475
-19.689985275268555
-3.0753579139709473
13.210830688476562
-10.457419395446777
8.564766883850098
12.788727760314941
-19.883888244628906
-8.464127540588379
5.299267768859863
2.340343475341797
-9.83195686340332
-1.1041970252990723
10.868752479553223
1.5644099712371826
-17.019447326660156
14.0093355178833
10.094172477722168
22.900188446044922
-2.246790885925293
-17.605735778808594
24.288955688476562
28.385194778442383
-0.5569902658462524
-33.994300842285156
-26.743392944335938
-13.077028274536133
15.927850723266602
13.158463478088379
4.237995624542236
11.65870189666748
-37.67185974121094
-1.069514274597168
-8.799216270446777
-8.26200008392334
-11.076420783996582
22.634403228759766
-17.641462326049805
-46.375091552734375
-16.469804763793945
2.370321035385132
10.162589073181152
-35.83278274536133
-9.420615196228027
-23.853673934936523
-3.655954122543335
-5.158346652984619
-8.577098846435547
-4.245477676391602
-8.152790069580078
-11.781298637390137
1.7570595741271973
-6.664675235748291
-19.84382438659668
-7.791393756866455
-4.554323673248291
-0.019806349650025368
-10.01708698272705
21.799856185913086
-9.096742630004883
-2.7625279426574707
5.788873672485352
-14.08227252960205
9.201326370239258
-23.389183044433594
-6.1420111656188965
-14.684209823608398
-13.142803192138672
9.31390380859375
0.8557175397872925
0.04427807405591011
6.1493330001831055
1.1168943643569946
18.968313217163086
-0.4969518780708313
-14.256586074829102
-9.22087287902832
5.062683582305908
16.602622985839844
16.473073959350586
-17.256776809692383
4.253584384918213
6.348156452178955
-35.52864074707031
12.383726119995117
-0.44539526104927063
-11.267156600952148
-16.6527156829834
-14.253236770629883
11.614384651184082
-17.386682510375977
1.3503925800323486
-15.093657493591309
-0.1691221445798874
1.0725629329681396
-27.14362907409668
-3.377744436264038
-40.81273651123047
-25.644594192504883
-8.7778959274292
-11.312342643737793
5.942692279815674
-9.528847694396973
-7.70281457901001
6.23928689956665
1.0667110681533813
8.039973258972168
-6.3166937828063965
-12.298016548156738
8.952522277832031
24.345169067382812
-23.741809844970703
7.38723087310791
-6.121502876281738
6.416261196136475
-27.278629302978516
17.49699592590332
11.270201683044434
11.303336143493652
-26.654890060424805
-8.21912670135498
-4.848686218261719
-20.287771224975586
-16.244638442993164
-6.269291400909424
4.97347354888916
-6.234431266784668
-0.3783608078956604
-11.884496688842773
1.3199410438537598
-4.503471374511719
-25.817195892333984
0.23431885242462158
9.044218063354492
-24.771453857421875
10.954331398010254
-33.17546844482422
1.1049884557724
-5.2150774002075195
-10.385730743408203
-8.098257064819336
8.245817184448242
6.389768123626709
-14.695676803588867
8.36335563659668
-3.5001885890960693
-6.144423484802246
-6.361011981964111
8.91812515258789
5.970452785491943
1.802929401397705
-30.901947021484375
-2.6052889823913574
6.8816399574279785
-10.727286338806152
1.8650370836257935
-30.004091262817383
-4.405033111572266
-5.660910606384277
26.505844116210938
24.818748474121094
16.14531707763672
10.975525856018066
16.3165283203125
-3.1967389583587646
2.9636573791503906
-5.744342803955078
5.335869312286377
0.5778483152389526
-2.311037063598633
21.692899703979492
11.064075469970703
-27.1550235748291
-14.319051742553711
9.260862350463867
23.048255920410156
21.635704040527344
8.398890495300293
-9.960456848144531
0.24213989078998566
23.88616371154785
-11.154091835021973
-3.649531364440918
2.0941920280456543
23.847341537475586
11.15202808380127
-5.977456569671631
15.98672103881836
-0.7483602166175842
-0.18389460444450378
-1.6529457569122314
-9.638182640075684
33.54671859741211
22.71590232849121
0.8327807784080505
-15.809183120727539
-2.582411766052246
5.428019046783447
-1.3254258632659912
15.869081497192383
2.3650267124176025
5.442490100860596
-1.8658596277236938
3.363680124282837
-9.417648315429688
-2.2813644409179688
16.401384353637695
1.4483140707015991
17.153589248657227
7.386965751647949
15.71645736694336
-5.839020729064941
-9.29588794708252
15.436128616333008
5.493048667907715
3.4366626739501953
-7.41914701461792
9.316895484924316
11.42243766784668
7.485481262207031
-1.5612022876739502
-12.673101425170898
5.715199947357178
-9.88552188873291
6.609133243560791
17.6109619140625
1.4632813930511475
12.930976867675781
-5.371488094329834
-10.365907669067383
7.44208288192749
13.45014762878418
7.46558952331543
10.714005470275879
-0.6546696424484253
14.399847030639648
-3.0745327472686768
10.602945327758789
-3.8174612522125244
18.83489227294922
27.495521545410156
-5.713686466217041
-17.259750366210938
-1.860759973526001
-2.754141330718994
3.0233070850372314
-6.3667707443237305
-3.9968008995056152
-1.8624991178512573
-2.0362675189971924
4.055094242095947
1.8949577808380127
7.76631498336792
1.579843282699585
-5.173248291015625
-11.121627807617188
36.510398864746094
17.307659149169922
8.740004539489746
-4.88028621673584
5.422717571258545
10.359627723693848
5.1354899406433105
0.45104506611824036
-10.846702575683594
-15.814329147338867
-1.4485912322998047
-8.268223762512207
7.3907670974731445
-4.993715763092041
5.506585597991943
-12.588930130004883
-26.555742263793945
15.840616226196289
-2.0492968559265137
5.0985026359558105
-27.47056007385254
16.598379135131836
-14.402253150939941
5.679778099060059
-12.27003002166748
-13.515864372253418
-18.32533836364746
7.18994665145874
10.428425788879395
19.960336685180664
9.999055862426758
-16.022260665893555
-16.120208740234375
2.9505069255828857
19.493391036987305
0.41983363032341003
-6.314549922943115
5.7111310958862305
7.143099308013916
21.135326385498047
-1.601318359375
-9.927297592163086
-6.426759243011475
-25.919952392578125
-1.2225297689437866
6.072174549102783
-7.893174171447754
4.125041961669922
11.844586372375488
27.46738052368164
-13.992012977600098
-9.310314178466797
22.00050926208496
-6.266098499298096
0.044895730912685394
28.780534744262695
-6.517073631286621
5.167459487915039
-3.6591882705688477
1.8705662488937378
12.848072052001953
4.2935967445373535
8.48495864868164
-2.011253833770752
24.34188461303711
-3.866281747817993
0.6599813103675842
-5.381843566894531
1.5940425395965576
-18.63567543029785
-27.225017547607422
11.350926399230957
3.9089808464050293
-3.598890781402588
-10.249480247497559
0.07372739911079407
6.996515274047852
2.634476900100708
-6.224598407745361
4.615001201629639
-3.8199868202209473
8.694528579711914
-5.2488508224487305
-9.102238655090332
-35.01220703125
5.932818412780762
-6.331676006317139
-19.541547775268555
29.880237579345703
1.8416826725006104
-4.375813961029053
-5.94458532333374
7.5702900886535645
0.49043574929237366
8.034955024719238
5.178806781768799
-7.524185657501221
-6.834707260131836
-14.68692684173584
-15.219327926635742
-7.834959506988525
-5.713375091552734
-13.507884979248047
4.798094272613525
9.01357650756836
-7.1604719161987305
5.440369606018066
11.839944839477539
-19.11732292175293
7.733031272888184
3.6430160999298096
9.39985466003418
7.287261962890625
-5.252431392669678
9.555466651916504
4.358739852905273
9.801739692687988
35.03125762939453
3.1282825469970703
-10.990621566772461
-6.319753646850586
-20.933076858520508
-8.806205749511719
-14.145106315612793
-17.66049575805664
11.483688354492188
13.98093318939209
6.692027568817139
-7.80308198928833
4.389364242553711
6.380539894104004
-14.644294738769531
4.6239447593688965
-0.6960864663124084
-5.952615737915039
-17.870386123657227
-2.7330055236816406
-11.343294143676758
26.490041732788086
7.031301498413086
7.9337077140808105
11.870299339294434
8.294604301452637
-1.0047590732574463
6.629654407501221
5.3700103759765625
8.4658842086792
-18.403879165649414
-4.317011833190918
1.6893366575241089
-4.365989685058594
-32.23028564453125
-9.99478530883789
13.30949878692627
0.007335267495363951
-11.742046356201172
0.09470860660076141
-0.9778879880905151
1.6572682857513428
-10.957392692565918
-7.724733829498291
-2.3623976707458496
-3.329151153564453
-7.394552230834961
-20.241289138793945
10.700550079345703
-5.406386375427246
15.21890640258789
-10.925044059753418
4.597066879272461
5.889382839202881
21.414140701293945
-17.681697845458984
2.7871012687683105
30.56635856628418
2.97877836227417
-16.203285217285156
24.368934631347656
5.490061283111572
-14.288578987121582
2.8128550052642822
9.076014518737793
-19.173601150512695
-11.691746711730957
12.078923225402832
-32.59811019897461
-0.9826409816741943
-7.041443824768066
-4.9760284423828125
-23.00651741027832
-8.82673454284668
6.575318336486816
13.09740924835205
-16.807756423950195
1.1832845211029053
11.286752700805664
-19.125368118286133
-8.399700164794922
12.88675594329834
-4.6913347244262695
-18.54427146911621
16.403337478637695
-12.21921443939209
-16.08110237121582
-7.526193618774414
-10.825050354003906
-30.662105560302734
-2.849592924118042
21.484386444091797
3.310534954071045
-21.41841697692871
-14.850967407226562
3.9863500595092773
-11.787266731262207
-2.3736917972564697
5.485710620880127
14.743488311767578
-13.915928840637207
-13.19250202178955
20.552392959594727
-8.821840286254883
-5.222214221954346
-10.27640438079834
-11.64864730834961
-15.00519847869873
-1.7213250398635864
-0.3093360662460327
-21.187978744506836
21.91128921508789
11.016749382019043
25.033464431762695
-9.742609024047852
-2.581024646759033
23.367460250854492
19.172521591186523
8.680717468261719
31.838027954101562
8.08790111541748
-3.2274062633514404
-10.567304611206055
10.022136688232422
24.844322204589844
-2.9299135208129883
-14.41019058227539
0.43802154064178467
-8.010673522949219
-21.96119499206543
2.338658332824707
33.07429122924805
-0.6062852144241333
9.31201171875
10.093109130859375
11.95244312286377
1.30507230758667
-1.2243345975875854
10.640010833740234
31.258392333984375
9.061914443969727
-2.847280979156494
3.7922449111938477
-9.696720123291016
11.684488296508789
-9.780217170715332
7.445372104644775
-8.2830228805542
29.982437133789062
-19.51889419555664
3.6548171043395996
14.701967239379883
-13.41736888885498
8.72115707397461
7.29098653793335
2.7081916332244873
-34.200721740722656
-5.16281795501709
-5.942640781402588
6.66811466217041
8.735074996948242
17.455909729003906
9.551194190979004
2.812377452850342
-9.419499397277832
-1.7990636825561523
9.439380645751953
-22.31816864013672
22.644166946411133
12.128643035888672
4.506707191467285
3.025966167449951
-14.321321487426758
-10.172954559326172
-6.57839822769165
7.393711090087891
12.445063591003418
-1.5035802125930786
3.7580246925354004
-9.400423049926758
-6.8961076736450195
-13.43150520324707
-18.826194763183594
4.027414321899414
16.078197479248047
-13.597001075744629
9.067444801330566
-16.144662857055664
12.716422080993652
4.6335930824279785
19.568756103515625
-3.030693769454956
18.840553283691406
-27.988656997680664
1.2497837543487549
-15.94491195678711
-7.8736162185668945
-1.3547366857528687
-27.372291564941406
-3.7401282787323
-0.35093075037002563
6.057919979095459
7.295555114746094
-4.366254806518555
3.006535768508911
-5.354164123535156
23.494522094726562
9.809025764465332
-13.23967170715332
5.228550910949707
-17.984437942504883
18.57415008544922
-15.786900520324707
3.504685878753662
-21.287790298461914
13.028373718261719
-12.908865928649902
14.133735656738281
2.082005023956299
-2.009608268737793
-18.50966453552246
-0.8179615139961243
-16.259511947631836
-0.13243210315704346
-40.79288101196289
-7.579348087310791
-0.23154565691947937
7.838048458099365
10.64200210571289
2.297910213470459
19.20405387878418
6.891127586364746
2.275045394897461
25.604816436767578
-11.677079200744629
16.209226608276367
9.379610061645508
-8.572023391723633
-4.588172912597656
-17.086137771606445
-18.847766876220703
13.761628150939941
18.234981536865234
-21.868072509765625
-5.335509300231934
-7.5277485847473145
-28.258811950683594
5.439579010009766
-23.723155975341797
-3.471219301223755
-3.200746774673462
22.687265396118164
-9.01884937286377
18.32005500793457
-15.663508415222168
-8.511877059936523
-19.935909271240234
16.011186599731445
24.68113899230957
8.062638282775879
-4.75819730758667
2.414301633834839
6.02886962890625
-31.2215576171875
15.050126075744629
4.824182510375977
-6.354293346405029
-12.762228012084961
-16.693525314331055
-7.441537380218506
-3.0911624431610107
11.628117561340332
4.571377754211426
-1.8642853498458862
13.892186164855957
-0.9619033336639404
-1.8749233484268188
-17.287208557128906
-14.418689727783203
-16.387393951416016
-13.538871765136719
-13.644753456115723
1.7873010635375977
-2.8998665809631348
1.9485433101654053
10.12258243560791
-10.512086868286133
-4.690298080444336
12.375720024108887
-2.0815165042877197
-3.6304879188537598
7.6995134353637695
0.8991427421569824
6.679598331451416
-10.952885627746582
-7.448490619659424
9.203340530395508
10.657086372375488
-29.644912719726562
3.465790271759033
-10.59762954711914
-19.2133846282959
-22.459827423095703
-17.377880096435547
5.091365814208984
-31.823820114135742
-15.993501663208008
5.922875881195068
-3.035526752471924
10.07850456237793
0.9583978652954102
-14.95352840423584
17.327606201171875
6.3849711418151855
17.969873428344727
14.865348815917969
-17.445816040039062
16.54755401611328
26.48305320739746
0.15853533148765564
-16.5091552734375
6.663822174072266
2.900418758392334
2.0513651371002197
-8.28249740600586
-4.575089931488037
6.5018510818481445
-2.5503289699554443
23.83745002746582
-16.56005859375
-0.04436367377638817
-19.608238220214844
-20.50806427001953
26.205244064331055
2.1709039211273193
-6.646048069000244
-14.536005020141602
12.96828842163086
-3.462250232696533
7.59248161315918
8.732891082763672
-3.6609675884246826
-12.039897918701172
8.179719924926758
-3.8956947326660156
-7.688784122467041
-6.930156230926514
-10.422676086425781
-33.1168327331543
0.8720476031303406
-4.808079242706299
-1.0982205867767334
22.182281494140625
11.088139533996582
12.037752151489258
-4.465306282043457
-12.787176132202148
-0.3949229419231415
11.177105903625488
1.245035171508789
14.335563659667969
-1.3269362449645996
-2.2983598709106445
8.051236152648926
13.75601577758789
4.1663641929626465
-3.1197376251220703
-17.587005615234375
-13.153932571411133
8.899354934692383
-2.952332019805908
13.49248218536377
8.093911170959473
5.8386945724487305
-4.062838077545166
6.678009033203125
8.355191230773926
-2.5085480213165283
-4.355445384979248
-16.966941833496094
24.867862701416016
-21.106407165527344
-28.997234344482422
-10.972456932067871
-11.210739135742188
12.271020889282227
-8.852733612060547
9.806323051452637
11.838448524475098
9.568316459655762
-8.733831405639648
0.5691125392913818
8.800386428833008
3.027507781982422
-15.650335311889648
-41.18659591674805
-14.568344116210938
5.693289279937744
18.083953857421875
37.675750732421875
1.266703486442566
-15.566717147827148
7.024675369262695
19.741764068603516
3.0036227703094482
-7.482598304748535
24.09814453125
-8.49817943572998
13.09575366973877
-11.952138900756836
-21.786632537841797
4.548006057739258
-7.312343597412109
-5.348699569702148
29.468542098999023
-31.083847045898438
-1.7140775918960571
9.342137336730957
-5.201848983764648
-10.352254867553711
1.4724888801574707
13.992259979248047
-5.741634368896484
8.092673301696777
-5.418725967407227
3.1383461952209473
-25.199548721313477
2.614652156829834
21.44199562072754
-2.4713785648345947
7.549860000610352
3.268836736679077
-4.046346187591553
-7.952038288116455
-8.971028327941895
14.99991512298584
-5.359542369842529
-5.134022235870361
-9.041353225708008
20.395214080810547
2.182065725326538
11.43438720703125
-6.7784037590026855
-0.9156107902526855
-3.0534515380859375
-15.678204536437988
18.515846252441406
-26.87224578857422
-27.369272232055664
-12.179632186889648
3.49149751663208
-20.315326690673828
-15.281282424926758
-11.2569580078125
19.795839309692383
-7.049983978271484
-8.880704879760742
-11.523653030395508
-3.6746022701263428
-14.266095161437988
-12.32796859741211
-13.286348342895508
5.178109169006348
-10.344317436218262
-5.2421345710754395
7.96495246887207
-12.313495635986328
-9.395986557006836
-18.199254989624023
0.9854068160057068
-1.1268092393875122
9.106608390808105
-39.14897537231445
-2.3745317459106445
16.402488708496094
-11.689586639404297
-6.1221795082092285
-4.482268333435059
-16.23561668395996
15.892393112182617
0.34868669509887695
-2.369215488433838
3.946504592895508
11.865715026855469
6.367307186126709
-5.802820205688477
-4.354711532592773
8.682726860046387
11.225526809692383
7.5014262199401855
-23.51669692993164
12.495145797729492
-2.8133552074432373
22.584779739379883
10.226161003112793
-4.6200971603393555
-6.090581893920898
-12.036619186401367
-10.70510482788086
5.044410705566406
-0.779914915561676
-5.117333889007568
9.688030242919922
-2.3173537254333496
0.11702286452054977
-11.426239013671875
15.415506362915039
5.104740619659424
-9.351763725280762
-11.854751586914062
0.7186303734779358
-1.5450465679168701
4.9500603675842285
7.877012729644775
-7.104926109313965
-14.805967330932617
2.292015314102173
-6.332870960235596
5.074863433837891
-11.950613021850586
-4.413544178009033
20.094419479370117
-6.40240478515625
22.183629989624023
25.38872528076172
-18.828413009643555
10.749710083007812
-1.4371401071548462
30.072498321533203
-5.1236138343811035
-4.491028785705566
13.14579963684082
0.8733199238777161
0.5497229695320129
14.955157279968262
-1.003932237625122
-2.951737403869629
-4.747429370880127
-7.567254066467285
-18.977941513061523
9.388583183288574
-7.1228556632995605
13.328763961791992
4.587767601013184
9.71452522277832
2.591651678085327
6.539125919342041
20.283437728881836
-13.014470100402832
-6.905899524688721
-1.884030818939209
-1.2303423881530762
3.3044540882110596
4.437467098236084
19.26108169555664
-0.5311282873153687
-0.0009506969945505261
12.165104866027832
31.322166442871094
6.512209415435791
2.8130340576171875
-10.25851821899414
5.200366020202637
-11.778462409973145
-7.346487522125244
4.4289350509643555
9.069906234741211
21.815406799316406
8.612011909484863
-16.84107780456543
-4.263457298278809
-18.944435119628906
11.75916862487793
20.739511489868164
-6.146169662475586
4.485286235809326
-10.553285598754883
0.5074566602706909
-11.85422420501709
-1.6606625318527222
-6.464667320251465
-12.764897346496582
-3.571577787399292
14.30161190032959
7.2740044593811035
-2.9662089347839355
13.600055694580078
11.108054161071777
-9.805269241333008
8.004323959350586
-11.798096656799316
7.645803451538086
-1.063607096672058
-6.072994709014893
-6.004715919494629
4.668654918670654
4.045525074005127
-9.879532814025879
6.39272403717041
-6.6232404708862305
-7.614499092102051
5.920236110687256
-13.133611679077148
1.0064808130264282
-3.5224037170410156
12.295524597167969
-33.414886474609375
12.577859878540039
10.850044250488281
12.374069213867188
1.9726747274398804
33.06127166748047
0.6254811882972717
-12.089214324951172
-23.855974197387695
-6.737846374511719
1.073218822479248
5.8644585609436035
-7.853667259216309
18.625104904174805
2.151448965072632
3.5473814010620117
2.515277862548828
7.739191055297852
2.8165676593780518
16.87696075439453
-0.9688007831573486
12.300885200500488
-13.067530632019043
-13.260992050170898
21.436994552612305
-4.391894340515137
-9.008112907409668
-6.226795673370361
-10.89155101776123
-17.152694702148438
-8.289491653442383
7.63707160949707
10.575169563293457
-49.82698059082031
4.763759136199951
-30.268056869506836
-10.114328384399414
-4.499542236328125
-3.960954189300537
-21.880859375
4.9295759201049805
-3.4226200580596924
3.8914926052093506
-9.356866836547852
3.1826224327087402
9.835698127746582
5.753281116485596
-8.378715515136719
-11.852444648742676
-4.841325759887695
-0.40025484561920166
-13.681828498840332
-25.07334327697754
19.813987731933594
-0.4401201009750366
-12.309552192687988
11.90579891204834
-10.672470092773438
3.4857728481292725
-6.7864203453063965
12.10982608795166
10.20310115814209
20.842599868774414
4.9309773445129395
11.189122200012207
-6.388325214385986
-14.052021026611328
-3.142930269241333
2.4357998371124268
-4.357968807220459
-5.416751861572266
2.3799424171447754
21.8577938079834
-3.227123260498047
-6.493973731994629
-16.505836486816406
-6.056801795959473
-2.0180516242980957
9.732237815856934
-18.982240676879883
4.402376651763916
7.098422050476074
-2.340606927871704
11.024250030517578
20.872798919677734
-16.312660217285156
-9.376592636108398
7.1083664894104
5.556130886077881
-2.745187520980835
-9.597640991210938
-21.16748809814453
-1.3844555616378784
2.1863458156585693
-32.5107421875
-14.710123062133789
7.603147029876709
-34.128326416015625
-1.0706759691238403
-3.8582334518432617
-2.2550742626190186
3.91121506690979
-5.216172218322754
-2.408250093460083
0.2120710164308548
2.8034613132476807
-6.672120094299316
-16.195817947387695
-0.9853686690330505
-8.106383323669434
-6.742902755737305
12.35347843170166
1.1067205667495728
-13.301436424255371
5.465239524841309
-8.060148239135742
1.110443353652954
-2.751094102859497
-14.20998477935791
-1.036964774131775
2.643887996673584
7.193976402282715
14.26545524597168
7.712601661682129
2.7387301921844482
19.010820388793945
13.424063682556152
-14.048832893371582
7.899984359741211
-14.291257858276367
2.450838327407837
35.06258773803711
5.885370254516602
1.6796798706054688
-2.569777250289917
6.289146423339844
-0.944267749786377
-17.049816131591797
0.6791210174560547
-5.544121265411377
14.448554992675781
-5.165197372436523
-3.857478380203247
-14.750076293945312
21.0904598236084
28.282249450683594
-20.18951416015625
-2.4952499866485596
-5.4726457595825195
13.176566123962402
4.823402404785156
5.42747688293457
4.818980693817139
-6.704312801361084
11.073427200317383
18.493465423583984
8.496803283691406
-8.172297477722168
-8.135055541992188
-2.9473228454589844
-3.2377729415893555
7.16877555847168
-0.5744515657424927
13.636646270751953
-12.598589897155762
-8.403568267822266
25.7778377532959
23.341495513916016
6.279134750366211
-10.789041519165039
-13.255721092224121
20.348886489868164
11.065616607666016
-9.011834144592285
-5.38027286529541
-2.473383903503418
-4.571466445922852
-5.699823379516602
-8.513577461242676
-8.274341583251953
1.1953762769699097
5.40540885925293
-20.750144958496094
6.155458927154541
-8.58923625946045
-0.8584193587303162
18.567256927490234
-6.7214274406433105
-10.582280158996582
-1.543243169784546
13.442192077636719
11.679269790649414
6.017351150512695
11.329761505126953
14.963367462158203
-1.2811845541000366
-12.267115592956543
15.611448287963867
3.1062369346618652
-13.84313678741455
8.468266487121582
-2.954702854156494
-1.5587036609649658
9.623824119567871
5.956186771392822
9.946414947509766
28.930700302124023
-5.831692218780518
-17.381013870239258
-7.676899433135986
15.637110710144043
8.134133338928223
-5.215115547180176
-5.910545349121094
-7.006396770477295
-18.417978286743164
2.0724740028381348
4.490412712097168
-6.101714134216309
-24.638490676879883
-2.3431384563446045
6.818075656890869
1.9680513143539429
12.394275665283203
-9.60904312133789
42.80067825317383
16.13814353942871
8.721426010131836
6.769206523895264
10.048447608947754
18.812292098999023
4.3147993087768555
-3.21759295463562
8.564148902893066
-11.777503967285156
-7.51609992980957
-11.833819389343262
30.078327178955078
-9.079245567321777
-14.4901123046875
-4.457005023956299
-43.22850799560547
29.22544288635254
-12.806638717651367
-21.38243865966797
9.004806518554688
14.04411506652832
2.2113077640533447
-24.2762393951416
1.1468054056167603
8.556387901306152
-7.672316551208496
-51.53173828125
-8.19241714477539
-26.405107498168945
-9.37498950958252
-6.018155097961426
-23.515390396118164
-38.377540588378906
-18.904109954833984
-18.310338973999023
-19.712738037109375
-46.54236602783203
-45.26252746582031
7.3652520179748535
-28.473045349121094
-43.06341552734375
-45.317256927490234
-26.0507755279541
-24.798067092895508
-37.46607208251953
-45.8701286315918
-27.987619400024414
-19.673154830932617
-30.072275161743164
-28.492563247680664
-30.330360412597656
-11.109539985656738
-38.39752197265625
13.852489471435547
-37.234474182128906
19.611879348754883
6.2018513679504395
-39.35807800292969
-3.716773748397827
19.027965545654297
-8.462300300598145
-15.854544639587402
-22.968137741088867
3.8036439418792725
-9.061409950256348
-28.7518367767334
-2.991088390350342
7.6291584968566895
-24.76630401611328
-21.970783233642578
7.885644912719727
2.311638832092285
15.043231964111328
8.289463996887207
1.0779439210891724
6.936922550201416
-2.1446869373321533
-4.096216678619385
17.412057876586914
-13.867203712463379
12.421553611755371
-8.26312255859375
-17.566349029541016
16.33180046081543
10.805632591247559
9.23469066619873
-14.34952163696289
-8.830495834350586
10.197443008422852
3.804324150085449
4.76083517074585
20.230241775512695
-9.4684476852417
23.613231658935547
13.97895336151123
11.721826553344727
-13.247879981994629
-15.063385963439941
-9.296893119812012
12.697762489318848
14.29151725769043
5.595881938934326
-15.877325057983398
9.398137092590332
-21.804555892944336
-9.52389144897461
-5.833498477935791
-0.2096492499113083
-13.258744239807129
11.69009017944336
-0.21131375432014465
-22.395606994628906
0.490833044052124
-1.326417326927185
7.79394006729126
18.984840393066406
-7.994078636169434
-11.084115028381348
-3.961129903793335
35.28168869018555
26.57221794128418
-2.7610979080200195
11.782072067260742
21.796327590942383
-6.419951438903809
12.491219520568848
1.2241606712341309
27.102231979370117
-9.916909217834473
13.128995895385742
12.06706428527832
33.7225341796875
10.333334922790527
-1.6461162567138672
-3.996066093444824
3.242172956466675
-19.544002532958984
1.0945903062820435
-11.915916442871094
4.728731155395508
8.480507850646973
15.40740966796875
2.0057852268218994
5.374436378479004
12.403531074523926
19.213275909423828
11.274554252624512
24.841901779174805
0.5922016501426697
-3.504879951477051
-5.038967609405518
6.523621559143066
-14.728630065917969
15.370454788208008
7.417270660400391
-10.060572624206543
8.994108200073242
-13.355667114257812
-1.1272703409194946
-21.675146102905273
-13.084321022033691
-3.1065714359283447
3.2377490997314453
16.66134262084961
-16.053794860839844
5.635887622833252
7.807941913604736
25.922033309936523
-0.5792709589004517
-8.566946029663086
10.627711296081543
-6.235454082489014
7.983814716339111
-2.1564784049987793
14.751103401184082
-19.61050796508789
-2.1027004718780518
9.020787239074707
4.491277694702148
9.820158004760742
28.09624481201172
7.249344348907471
7.569364070892334
-2.9775521755218506
-6.728052616119385
1.4580491781234741
12.082192420959473
5.7905192375183105
-6.576523780822754
-18.018165588378906
-0.022053997963666916
12.085041999816895
-14.274002075195312
13.03042221069336
-21.754804611206055
12.443605422973633
9.742673873901367
-18.750871658325195
4.555691242218018
1.4045552015304565
10.607626914978027
8.519078254699707
-6.69851541519165
-8.565328598022461
-12.359292984008789
6.62860631942749
27.724042892456055
-5.5426106452941895
14.79951286315918
-8.17639446258545
-1.8641126155853271
-13.9231538772583
-16.115732192993164
9.929421424865723
-9.391407012939453
-24.943119049072266
-17.984657287597656
11.499130249023438
1.1659387350082397
-2.2952282428741455
-22.884496688842773
-22.949628829956055
6.3395161628723145
-13.855644226074219
-1.597092628479004
21.221771240234375
1.3398168087005615
4.081038475036621
-3.9500668048858643
15.42659854888916
16.150745391845703
8.642894744873047
-14.363615989685059
-0.0197601318359375
-10.108949661254883
16.51857566833496
9.45588207244873
24.962873458862305
-7.315310001373291
-15.633434295654297
-7.037198543548584
-10.036334991455078
-1.7179075479507446
-2.4581451416015625
-13.75826358795166
2.3101909160614014
-1.0652146339416504
20.202096939086914
-7.723602294921875
-4.111589431762695
21.728168487548828
-5.923610210418701
5.062677383422852
-3.439906358718872
-7.661616802215576
-8.687346458435059
7.122378349304199
14.385676383972168
10.965296745300293
5.536261558532715
3.3873167037963867
5.328500747680664
-7.295070171356201
-4.871763706207275
22.935585021972656
9.464366912841797
19.66461181640625
12.446742057800293
7.050653457641602
1.370739221572876
3.8497166633605957
-12.130729675292969
-1.1381757259368896
-4.987972259521484
12.187971115112305
1.732259750366211
6.466568946838379
-7.891292572021484
13.925335884094238
8.909650802612305
-25.86383819580078
13.012490272521973
11.685611724853516
3.736003875732422
-4.733962059020996
-12.73647689819336
2.0535848140716553
14.786222457885742
7.788558483123779
6.740167617797852
-12.363560676574707
1.5010390281677246
-8.175654411315918
10.513291358947754
-18.247779846191406
-10.551778793334961
-5.6780524253845215
7.930325508117676
-9.528419494628906
7.5290021896362305
-6.708749294281006
-1.151669979095459
-5.880460262298584
-4.8640007972717285
-0.2616257667541504
1.4775997400283813
11.721522331237793
-10.271076202392578
8.333745002746582
11.347180366516113
-10.39624309539795
3.7989845275878906
6.217918395996094
-16.422977447509766
1.0504966974258423
11.639547348022461
7.3957743644714355
1.0140045881271362
-7.196070194244385
-12.03530502319336
-16.252994537353516
21.482181549072266
-5.318792343139648
-4.187594890594482
18.218116760253906
0.9484357237815857
-0.674889862537384
4.758149147033691
-19.398386001586914
-4.184763431549072
14.390178680419922
2.5733578205108643
-1.965341329574585
10.671920776367188
9.736448287963867
-7.735671043395996
-5.114839553833008
1.3188211917877197
-3.1644163131713867
13.043149948120117
-12.050491333007812
16.246721267700195
-3.8018195629119873
-9.338376998901367
-4.846834659576416
4.18240213394165
-5.679110527038574
15.83690071105957
3.6205239295959473
-20.541946411132812
-9.250385284423828
-19.409868240356445
10.406159400939941
-16.827991485595703
-6.6543097496032715
10.596574783325195
4.116086006164551
11.386847496032715
-0.8365850448608398
27.366445541381836
2.4499423503875732
-16.96510124206543
12.926219940185547
-17.60468292236328
-11.797836303710938
-6.103588104248047
20.31035041809082
-1.172555923461914
1.8447444438934326
-7.177913665771484
-4.455516338348389
3.247459888458252
6.990434646606445
-2.2795515060424805
-1.1559592485427856
-19.63223648071289
-19.55073356628418
-18.475847244262695
7.766664981842041
-5.008134841918945
1.8003517389297485
-5.3779730796813965
-6.691817283630371
-1.55251145362854
6.972850322723389
6.240855693817139
11.298276901245117
12.292183876037598
10.08310604095459
-10.960894584655762
-2.133949041366577
30.175270080566406
2.525437593460083
6.4975361824035645
-10.812875747680664
-11.16286563873291
-9.558873176574707
14.228035926818848
8.899635314941406
0.07792428880929947
-32.348758697509766
-13.792316436767578
-5.052525043487549
-1.7348910570144653
3.7796168327331543
0.31911882758140564
0.9318009614944458
-4.547506332397461
3.6025915145874023
-0.5394411087036133
6.3619160652160645
4.309558391571045
-1.8529720306396484
-34.11286926269531
1.0919502973556519
-16.06692123413086
-17.660654067993164
10.908944129943848
2.9889817237854004
-13.823311805725098
15.364771842956543
3.0995934009552
4.553352355957031
-13.06884765625
0.8134380578994751
-1.8361289501190186
0.8716332316398621
14.470094680786133
-15.55969524383545
8.517358779907227
-3.1417574882507324
8.413850784301758
2.1900599002838135
23.700117111206055
-13.55415153503418
3.9020862579345703
18.45855140686035
-34.40442657470703
-7.496993541717529
2.503502368927002
-8.933110237121582
1.458024024963379
3.8385567665100098
-8.808673858642578
-22.519500732421875
-3.2678050994873047
-22.11233901977539
-0.10450085997581482
-8.193187713623047
0.5951161980628967
1.569762110710144
-0.5205655694007874
-4.524084568023682
9.254551887512207
-12.96075439453125
0.734083354473114
1.0976260900497437
-22.270191192626953
11.48020076751709
-6.124348163604736
7.909971714019775
-3.39267897605896
-8.748906135559082
3.2280337810516357
3.8589603900909424
-14.697969436645508
-6.365527629852295
1.8048378229141235
10.879499435424805
-13.614951133728027
-10.65307331085205
4.449440956115723
-9.407177925109863
-22.249773025512695
3.2752180099487305
-0.23731040954589844
-3.8247251510620117
-0.4383627772331238
5.104215621948242
-26.519819259643555
3.5181796550750732
0.6270456314086914
4.813935279846191
-5.393431186676025
8.230769157409668
9.883637428283691
-5.876741886138916
-5.766973495483398
0.060862354934215546
-17.48817253112793
-19.7036190032959
-7.137561321258545
-9.046821594238281
13.881786346435547
-13.252873420715332
-28.716426849365234
21.163022994995117
-10.833675384521484
24.68337059020996
15.933426856994629
-9.886874198913574
4.34185266494751
-14.629964828491211
17.067304611206055
-9.37016773223877
9.217596054077148
-18.530853271484375
6.267847061157227
2.4583590030670166
0.3428456783294678
4.717340469360352
8.422967910766602
27.3475341796875
-12.950990676879883
-11.146233558654785
-8.973851203918457
12.616276741027832
9.123123168945312
13.893620491027832
-8.571739196777344
4.361425399780273
19.629247665405273
15.541962623596191
-0.07237859815359116
-7.039268493652344
1.7234570980072021
-17.56412124633789
-1.5339140892028809
0.4597943127155304
-13.64406967163086
0.2590991258621216
-0.5454632639884949
-1.240222692489624
-1.9434969425201416
0.05306355655193329
6.462549686431885
-23.584550857543945
-16.214759826660156
2.3000190258026123
7.76179838180542
-5.18913459777832
0.477657675743103
-9.89991283416748
14.33089542388916
0.6297600865364075
23.3493595123291
-9.767048835754395
-13.286698341369629
7.7414445877075195
41.013553619384766
-5.711645603179932
9.642830848693848
-7.333706855773926
-17.803693771362305
-21.289209365844727
9.25261116027832
-5.234004497528076
11.336105346679688
-14.954266548156738
-13.500467300415039
14.321683883666992
5.108859062194824
-5.093730449676514
24.6556339263916
-6.7448601722717285
14.263317108154297
-7.214261054992676
9.383845329284668
-7.780633926391602
-8.15165901184082
1.8334271907806396
-10.538094520568848
-14.321456909179688
1.6365140676498413
-1.5916880369186401
-7.197723388671875
-4.211764812469482
-22.235008239746094
-12.63336181640625
3.9728076457977295
-16.129150390625
10.72110652923584
8.241189002990723
-19.88072967529297
6.356199741363525
30.676843643188477
6.0482611656188965
-8.236180305480957
-5.285768985748291
-6.7463860511779785
-6.282563209533691
2.3647408485412598
3.2664151191711426
-11.454645156860352
-2.8857316970825195
-2.59324312210083
-22.01154899597168
-4.2206645011901855
-18.181270599365234
11.823898315429688
0.17612755298614502
-12.185820579528809
9.758818626403809
-8.78904914855957
-1.9288047552108765
-11.008179664611816
23.452733993530273
6.657820701599121
4.224380970001221
16.528919219970703
-16.284751892089844
-7.833258628845215
-2.231004476547241
13.36194133758545
7.593620300292969
23.158323287963867
17.401214599609375
0.9272403120994568
-10.235401153564453
4.280458927154541
3.5104217529296875
2.7598447799682617
-18.59550666809082
23.271291732788086
19.07371711730957
14.675436019897461
7.379566669464111
3.2409720420837402
-8.522424697875977
-21.607471466064453
-4.929505825042725
2.9787070751190186
14.06906795501709
0.7012849450111389
-12.130467414855957
-1.921736240386963
-1.4789150953292847
16.390933990478516
10.105535507202148
17.364295959472656
13.981609344482422
12.632879257202148
-17.780933380126953
-2.4694936275482178
1.8098247051239014
-14.63240909576416
8.478384971618652
13.952479362487793
7.9513773918151855
4.547175407409668
8.88897705078125
6.786589622497559
11.743941307067871
5.570805072784424
19.879575729370117
6.121969223022461
-6.6001973152160645
23.324026107788086
-13.413187026977539
31.263076782226562
4.1640400886535645
12.70162296295166
4.288790702819824
3.892951011657715
-14.27205753326416
-7.070826053619385
11.792614936828613
6.366833209991455
-10.092254638671875
-13.494745254516602
-17.55056381225586
5.060008525848389
-1.4732123613357544
-4.808785915374756
-14.31454849243164
-10.867850303649902
-8.986715316772461
-6.359933376312256
7.63410758972168
8.16646957397461
-5.444947242736816
9.017091751098633
9.11107063293457
4.723257541656494
-12.938461303710938
17.401315689086914
-11.620640754699707
-6.416823387145996
-3.056328535079956
-14.279618263244629
-24.634925842285156
-0.2853354513645172
-11.390647888183594
-16.625890731811523
-9.158161163330078
-0.4085172414779663
7.4936699867248535
-4.290745258331299
-13.111773490905762
-11.361947059631348
-3.903090238571167
-12.47811508178711
10.316356658935547
-1.345091462135315
0.6810932159423828
10.211033821105957
10.996865272521973
-6.462776184082031
-0.8961369395256042
-2.6149630546569824
6.422640800476074
-1.7006155252456665
9.566253662109375
2.9335451126098633
24.26825714111328
-0.7499327063560486
-13.441214561462402
5.454348087310791
38.489662170410156
-3.3807241916656494
-11.909347534179688
-4.0536956787109375
-4.846748352050781
-17.865638732910156
-26.354869842529297
10.132760047912598
-2.454477071762085
10.750225067138672
-5.802602767944336
-4.579234600067139
-9.989815711975098
19.1053466796875
11.992081642150879
5.794034481048584
11.180021286010742
-23.618118286132812
18.39325714111328
-8.101593971252441
0.5878604054450989
14.545682907104492
7.966124057769775
-1.9673348665237427
-2.8456203937530518
22.370908737182617
6.241340637207031
-8.972807884216309
-4.640357971191406
9.080802917480469
12.909523963928223
8.841428756713867
16.165056228637695
-9.106935501098633
0.08843733370304108
2.670438528060913
14.469585418701172
2.275301933288574
-4.268895626068115
-10.33514404296875
-18.541940689086914
-29.3869571685791
-3.3574655055999756
-4.332077503204346
-8.406879425048828
-16.799400329589844
-18.53082847595215
-5.424923896789551
-35.057064056396484
12.231742858886719
-1.4994606971740723
-7.743465423583984
-11.201716423034668
3.332493543624878
4.4953789710998535
-7.733692646026611
-18.016223907470703
32.4853401184082
2.749940872192383
1.0684229135513306
-9.098651885986328
18.312761306762695
-13.872075080871582
-0.7710351943969727
29.293245315551758
-5.644001007080078
-16.098081588745117
8.513490676879883
-12.418986320495605
-1.928576946258545
-3.6122395992279053
3.856489896774292
15.724513053894043
1.3049226999282837
14.319296836853027
-11.245917320251465
16.152700424194336
-1.7215174436569214
8.255369186401367
7.082564830780029
16.02482032775879
0.5392581820487976
17.754444122314453
1.905590534210205
2.8837454319000244
0.9430893659591675
-7.411539077758789
5.29385232925415
-8.013751983642578
-6.590353488922119
5.513053894042969
-4.480417251586914
-2.784926176071167
-10.384295463562012
14.623408317565918
-12.30781078338623
11.681478500366211
4.444655895233154
-13.625870704650879
-4.236974716186523
0.2888556718826294
0.6328365802764893
15.809248924255371
15.395316123962402
-9.268721580505371
29.979724884033203
-6.977607727050781
3.8951058387756348
4.183387756347656
0.8907022476196289
0.9587979316711426
2.105795383453369
17.793149948120117
-10.272062301635742
1.5216408967971802
-7.22619104385376
-9.079164505004883
-4.536033630371094
6.403852462768555
0.46872684359550476
-8.265251159667969
-6.66973876953125
-11.768324851989746
-11.337577819824219
-22.530141830444336
-11.833080291748047
7.04557991027832
5.724732398986816
-15.869518280029297
-13.581853866577148
-12.41266918182373
-23.519594192504883
-14.04733943939209
14.68497085571289
3.717130422592163
4.168329238891602
-14.739302635192871
-4.4846882820129395
3.173696279525757
-10.563688278198242
-3.804133415222168
-16.415542602539062
1.3379875421524048
7.210263252258301
-10.724136352539062
-18.040010452270508
-7.627896785736084
13.93705940246582
-10.097020149230957
-2.3531084060668945
21.20408058166504
8.36299991607666
-21.250438690185547
23.84232521057129
2.3617641925811768
10.995705604553223
1.001776933670044
-15.0410737991333
-13.15664291381836
22.938480377197266
3.028606653213501
6.8050971031188965
-11.822751998901367
15.989418983459473
-1.113969326019287
1.6511658430099487
7.765773773193359
-0.9202832579612732
-23.454023361206055
-9.662660598754883
-19.20810890197754
16.258472442626953
6.6704792976379395
-8.71534538269043
-7.350912570953369
-13.134765625
15.791082382202148
-9.517183303833008
11.68847370147705
-1.1612435579299927
-20.50999641418457
15.310629844665527
-15.833877563476562
12.916007995605469
-4.820077896118164
-9.164548873901367
-8.474875450134277
12.29227352142334
22.331830978393555
-9.073156356811523
-5.552440643310547
-24.294565200805664
-7.241495132446289
8.977540969848633
8.324909210205078
13.178034782409668
16.807117462158203
-26.929826736450195
3.5359950065612793
2.9151551723480225
-0.5266309380531311
-32.11346435546875
0.438686728477478
11.247617721557617
-11.649394989013672
20.65458869934082
-4.508632659912109
17.459245681762695
15.213578224182129
-4.101048946380615
0.42088615894317627
-6.637119770050049
-7.804432392120361
11.459409713745117
-1.3803404569625854
-1.7155234813690186
1.6102403402328491
4.782037734985352
11.423630714416504
-18.342302322387695
-21.435991287231445
23.966922760009766
0.9375418424606323
12.536299705505371
-25.794815063476562
-11.861095428466797
5.8169026374816895
-0.061470381915569305
26.737091064453125
10.283784866333008
14.228716850280762
20.47366714477539
20.499122619628906
-0.1934380829334259
7.207139015197754
4.583759307861328
9.658781051635742
-2.3270232677459717
16.188955307006836
2.609579563140869
15.359817504882812
8.482341766357422
-0.707683801651001
3.214742422103882
-34.336795806884766
-5.212656021118164
15.64038372039795
-3.703298330307007
7.554417133331299
-0.7982504963874817
-1.6900660991668701
-3.47208571434021
16.118507385253906
1.5135021209716797
3.3593132495880127
0.6706051826477051
-0.41214221715927124
2.043320894241333
-4.771232604980469
2.6917130947113037
-10.832588195800781
23.272743225097656
-18.311630249023438
-7.878513813018799
-1.802321434020996
3.8189756870269775
-17.473907470703125
-13.384001731872559
-7.818389892578125
22.101205825805664
17.173152923583984
-13.895818710327148
-33.253326416015625
12.9371976852417
-6.325037479400635
-0.3289704918861389
3.400815010070801
1.5644309520721436
2.5773708820343018
-1.7603785991668701
2.6512434482574463
-1.3651498556137085
1.8927251100540161
-21.048181533813477
9.44640064239502
6.526712417602539
-1.2608190774917603
-2.9023518562316895
0.9677402973175049
10.324437141418457
4.251062870025635
8.933632850646973
-11.675676345825195
-1.6183321475982666
6.5464653968811035
1.0031541585922241
-5.185786724090576
-9.313953399658203
-3.257765531539917
-3.8550620079040527
-9.409039497375488
12.393219947814941
-10.041324615478516
5.434568881988525
1.7075905799865723
-15.86906909942627
15.17335319519043
-15.010594367980957
-18.845016479492188
-13.006854057312012
-14.922835350036621
-19.94607162475586
5.422207355499268
5.033941745758057
-6.9325127601623535
2.3250370025634766
-7.6107177734375
6.259529113769531
13.223052024841309
4.578841209411621
-8.334258079528809
25.026079177856445
-14.827913284301758
4.8955607414245605
3.3746564388275146
29.391416549682617
12.017301559448242
3.1637558937072754
14.358366012573242
24.182605743408203
8.941635131835938
0.9780969619750977
-21.826425552368164
-19.940114974975586
12.554018020629883
-13.87342643737793
9.803572654724121
1.2337992191314697
-13.47919750213623
18.050281524658203
-3.3928287029266357
-3.065187692642212
9.227229118347168
-9.05303955078125
-23.950210571289062
-3.2687668800354004
-20.45878791809082
-19.495378494262695
7.999809265136719
-14.204244613647461
6.170464515686035
-10.357928276062012
-9.348248481750488
3.5034801959991455
-7.8978776931762695
5.863458633422852
-11.116412162780762
-18.343029022216797
4.643337249755859
-8.72406005859375
7.015052795410156
16.595613479614258
-0.29957205057144165
-19.305313110351562
6.425053119659424
-34.33993911743164
25.941057205200195
-1.2418804168701172
-13.021832466125488
-7.516463756561279
8.457635879516602
0.6549258232116699
-9.640178680419922
-3.79365873336792
2.0721123218536377
-12.90898323059082
9.941157341003418
-5.311019420623779
15.738224983215332
10.86793041229248
18.266063690185547
-8.600205421447754
1.0714025497436523
5.154881000518799
14.219511985778809
21.117008209228516
5.807476997375488
-16.91006088256836
20.88153648376465
5.541421890258789
-12.237347602844238
15.910321235656738
12.954741477966309
14.389229774475098
-19.89626121520996
-15.5787992477417
-19.79877471923828
-4.753515243530273
-1.598570466041565
-6.8017802238464355
8.948774337768555
-21.29092788696289
-15.155685424804688
-0.09302292764186859
-5.219003677368164
-8.764036178588867
14.599672317504883
-15.1160888671875
5.340096473693848
-4.846036911010742
-11.807750701904297
-3.486387252807617
-7.385614395141602
-4.513430118560791
19.398061752319336
-4.186709403991699
11.219810485839844
-8.302931785583496
-3.421921491622925
-7.038339614868164
18.06875228881836
-0.1368606835603714
10.529873847961426
20.101749420166016
-4.364991188049316
14.928812026977539
-0.7394679188728333
-12.1859712600708
19.920246124267578
5.121999740600586
16.018470764160156
14.587936401367188
1.6292449235916138
5.05531644821167
-3.567080497741699
-7.441286563873291
-14.146286010742188
-0.5143318772315979
4.822432518005371
13.796303749084473
28.061697006225586
15.35397720336914
13.872540473937988
7.051217555999756
-12.466875076293945
8.015729904174805
-2.231187343597412
9.749752044677734
23.13488006591797
10.055533409118652
-4.274586200714111
4.406491756439209
21.634033203125
0.5263662934303284
7.325784683227539
8.090621948242188
6.1122965812683105
0.7498751878738403
22.017465591430664
12.028630256652832
6.907034397125244
21.93223762512207
-7.722650527954102
-25.0113582611084
0.169984370470047
8.879005432128906
-27.466785430908203
-9.254626274108887
-3.340860605239868
-0.8448324203491211
-0.5673702359199524
-0.11216659098863602
-9.03084945678711
1.9609140157699585
2.2162108421325684
-12.56421947479248
7.905797481536865
8.570566177368164
2.0183534622192383
0.7677860260009766
9.185178756713867
-10.322556495666504
-8.024295806884766
5.10206937789917
2.1767029762268066
-4.306323528289795
16.689910888671875
7.164865016937256
7.396499156951904
-17.886558532714844
10.745133399963379
-6.851283550262451
16.952411651611328
-24.092966079711914
-22.239055633544922
-3.4482383728027344
5.067154407501221
-5.5068182945251465
-14.226653099060059
-8.617547988891602
-3.456819534301758
16.7790584564209
-1.8768559694290161
-2.1172749996185303
-0.6616612076759338
11.586600303649902
-16.07883071899414
-1.6909083127975464
-20.48488426208496
-1.768047571182251
-10.214583396911621
22.74770736694336
10.846297264099121
-11.211164474487305
13.476469993591309
-0.36074793338775635
11.528159141540527
17.02784538269043
-17.926427841186523
11.115730285644531
4.0427350997924805
3.1995887756347656
11.86005973815918
-2.547398805618286
9.057729721069336
-0.9428043961524963
-4.2558913230896
-11.234139442443848
-26.344074249267578
-3.8329083919525146
-24.98977279663086
-18.199831008911133
-0.4645361602306366
-3.4883430004119873
-11.338777542114258
6.7090654373168945
-3.906876802444458
-4.912507057189941
-13.24389362335205
13.904813766479492
8.324705123901367
9.547158241271973
-8.462471961975098
-8.602400779724121
-9.104940414428711
0.8549043536186218
20.97826385498047
5.293426513671875
-16.53982925415039
1.3108370304107666
18.931459426879883
-4.419161319732666
-1.803731918334961
-0.1418238878250122
-15.217412948608398
-14.77055835723877
-7.516635894775391
6.832383155822754
1.0188530683517456
8.211795806884766
