-143.50845336914062
-119.02886962890625
-153.45510864257812
-125.86461639404297
-134.69564819335938
-113.67667388916016
-133.35723876953125
-146.78176879882812
-173.91859436035156
-133.9435577392578
-116.25682067871094
-142.06724548339844
-130.76776123046875
-127.7559814453125
-150.19798278808594
-156.2130584716797
-135.97213745117188
-154.08779907226562
-162.29432678222656
-161.64991760253906
-152.7847442626953
-164.14974975585938
-156.2549591064453
-153.1193389892578
-151.86233520507812
-156.95291137695312
-144.5948486328125
-134.0241241455078
-133.35301208496094
-162.097412109375
-160.03611755371094
-131.09979248046875
-147.07940673828125
-126.45891571044922
-136.56787109375
-134.7465057373047
-134.96473693847656
-120.29120635986328
-103.43002319335938
-110.56001281738281
-119.54093170166016
-106.10699462890625
-114.6347427368164
-114.49954986572266
-117.78233337402344
-117.73191833496094
-120.28120422363281
-132.96926879882812
-120.31338500976562
-102.95514678955078
-112.8182144165039
-126.48779296875
-116.44612121582031
-124.98094177246094
-114.01023864746094
-121.30008697509766
-113.55513000488281
-116.17108917236328
-128.9818878173828
-115.86209869384766
-122.13538360595703
-118.5000228881836
-127.50440979003906
-127.71890258789062
-110.23169708251953
-125.23350524902344
-118.76494598388672
-105.79432678222656
-121.82183837890625
-127.50088500976562
-105.42864227294922
-122.96492767333984
-117.36378479003906
-116.5292739868164
-111.49778747558594
-120.9321060180664
-107.80513000488281
-115.06022644042969
-105.63420867919922
-97.09356689453125
-103.01636505126953
-94.35678100585938
-102.93302154541016
-93.73236083984375
-110.52880859375
-93.76094818115234
-108.87525177001953
-106.06292724609375
-110.33676147460938
-115.4520263671875
-106.23395538330078
-104.01124572753906
-106.28988647460938
-97.088134765625
-101.54268646240234
-102.3095703125
-98.89091491699219
-102.01538848876953
-102.5732421875
-106.89331817626953
-109.55866241455078
-93.23645782470703
-87.49556732177734
-99.0682373046875
-98.86406707763672
-104.63008880615234
-94.42142486572266
-99.72753143310547
-79.9324722290039
-94.67938995361328
-95.9132080078125
-95.42976379394531
-94.80592346191406
-101.38540649414062
-82.80094146728516
-105.45059967041016
-95.1871337890625
-79.99629974365234
-91.41355895996094
-91.66094207763672
-80.3228988647461
-78.6393051147461
-79.13705444335938
-79.99431610107422
-71.99341583251953
-64.4826431274414
-72.04236602783203
-81.8734359741211
-74.64385223388672
-79.80899810791016
-77.85977172851562
-59.810821533203125
-53.07529067993164
-60.62509536743164
-59.38080596923828
-60.522884368896484
-40.80767822265625
-62.41727828979492
-57.05249786376953
-62.51106262207031
-56.39289855957031
-54.833770751953125
-69.42339324951172
-45.59785461425781
-53.444122314453125
-56.51732635498047
-57.22450637817383
-63.34976577758789
-66.50972747802734
-41.24091339111328
-57.97768020629883
-56.606807708740234
-64.37406158447266
-59.224185943603516
-43.98283386230469
-62.74654006958008
-45.42890930175781
-54.84052276611328
-43.48261642456055
-52.61773681640625
-65.72505187988281
-47.5697021484375
-61.74111557006836
-52.28881072998047
-55.10160827636719
-42.11088562011719
-45.46079635620117
-57.62282180786133
-61.572872161865234
-61.94055938720703
-42.97770690917969
-49.85097122192383
-41.51964569091797
-33.12614059448242
-53.79454040527344
-21.52759552001953
-12.881528854370117
-44.96708679199219
-24.584596633911133
-56.90028381347656
-24.315927505493164
-30.677326202392578
-44.14907455444336
-14.14564037322998
-37.87174987792969
-50.16011047363281
-31.070892333984375
-38.456478118896484
-24.164588928222656
-44.826053619384766
-28.495988845825195
-16.034353256225586
-26.660837173461914
-39.16335678100586
-21.516721725463867
-28.905487060546875
-25.895002365112305
-26.81450653076172
-11.843511581420898
0.9755743741989136
-19.952226638793945
-20.332571029663086
6.084540843963623
3.582775115966797
-4.844592094421387
10.885570526123047
-20.02527618408203
-12.260098457336426
-8.067753791809082
-1.796966314315796
-6.282992362976074
-12.63750171661377
14.809758186340332
10.15478515625
7.874842166900635
6.9606499671936035
25.277311325073242
8.567371368408203
-3.23758602142334
11.151067733764648
30.514699935913086
17.874502182006836
14.857233047485352
25.001188278198242
7.293759346008301
34.798221588134766
25.882057189941406
9.64504623413086
34.360328674316406
24.325599670410156
41.931800842285156
19.024349212646484
36.08512878417969
20.93187713623047
13.156631469726562
5.6656494140625
8.65712833404541
6.148237228393555
-9.706629753112793
2.003401517868042
-0.03585266321897507
-9.866111755371094
1.924447774887085
9.286829948425293
16.287662506103516
-6.178169250488281
-1.578491449356079
3.2807483673095703
2.262985944747925
25.66926383972168
0.4844408631324768
-10.720694541931152
7.659799098968506
-2.8441615104675293
0.18816691637039185
21.09803009033203
27.40216827392578
-4.817607879638672
-9.799066543579102
10.25394058227539
12.188810348510742
14.285888671875
3.2962169647216797
-6.157578468322754
19.245500564575195
14.76726245880127
7.4001288414001465
-2.5322020053863525
18.660808563232422
24.225175857543945
10.324164390563965
21.643110275268555
16.652801513671875
16.917829513549805
16.80409049987793
3.396059274673462
1.4664884805679321
-3.267371654510498
8.217757225036621
12.883430480957031
21.644371032714844
-3.9189233779907227
21.957176208496094
24.460649490356445
-9.469709396362305
6.724868297576904
8.256424903869629
23.379928588867188
16.256221771240234
0.6331631541252136
-6.298454284667969
-11.315164566040039
-15.54790210723877
15.56243896484375
-14.099648475646973
6.775241851806641
-9.905867576599121
-7.695433139801025
4.6767754554748535
-0.07068845629692078
12.212061882019043
-8.152655601501465
-7.774631500244141
16.799251556396484
-1.516719937324524
21.119579315185547
11.394222259521484
-5.275325298309326
5.67625617980957
-20.023733139038086
12.262614250183105
-10.780324935913086
6.8448100090026855
14.42766284942627
-37.428157806396484
-15.211630821228027
-6.386458873748779
-17.404760360717773
-20.20035171508789
-7.2202582359313965
-14.829533576965332
-22.449934005737305
-23.190439224243164
-24.311025619506836
-0.47334155440330505
-14.66374397277832
-16.77539825439453
-32.93387222290039
-8.979866981506348
-23.538827896118164
5.429728031158447
-10.810439109802246
-11.317994117736816
-11.833819389343262
-19.953771591186523
10.14031982421875
-7.101883411407471
-17.386167526245117
4.827016830444336
-8.631092071533203
11.306073188781738
9.360106468200684
18.765825271606445
16.02229881286621
5.489224433898926
36.15934371948242
15.795486450195312
30.665882110595703
8.844508171081543
11.687800407409668
11.090120315551758
22.305946350097656
18.708765029907227
-5.3297295570373535
13.12999153137207
-5.380767345428467
-3.4916741847991943
21.439502716064453
5.034114360809326
18.886451721191406
7.54094123840332
7.805306911468506
8.223190307617188
-0.8241443037986755
-7.314089298248291
0.7913023829460144
20.619503021240234
8.903660774230957
12.13676929473877
17.253252029418945
8.756183624267578
15.50915241241455
23.748746871948242
14.885245323181152
-1.4249316453933716
26.214174270629883
32.24619674682617
9.875969886779785
0.014174438081681728
3.716750383377075
10.509774208068848
5.8891472816467285
7.87291145324707
2.6287031173706055
12.4312105178833
3.0758917331695557
15.0310697555542
-24.7675838470459
12.958413124084473
-9.601276397705078
-3.081875801086426
-6.59208869934082
4.982346534729004
8.831311225891113
-26.209306716918945
19.0152587890625
-18.003334045410156
-4.4269633293151855
5.051180839538574
-1.0444202423095703
-6.699761390686035
-2.7311220169067383
6.092787265777588
-6.219197750091553
-13.081141471862793
-8.04521369934082
-2.7807703018188477
11.995305061340332
-6.943182945251465
2.790811061859131
-16.957468032836914
-21.521757125854492
11.761479377746582
1.5937012434005737
-26.793346405029297
11.420299530029297
-22.857900619506836
1.8038307428359985
7.565186977386475
-22.987817764282227
20.558685302734375
18.885835647583008
-13.304763793945312
-22.853534698486328
-2.1005990505218506
-6.7406840324401855
-4.154158115386963
-3.526632070541382
6.527857303619385
1.7538526058197021
-20.161073684692383
-13.572124481201172
-3.986900568008423
2.994906425476074
1.7778573036193848
-14.841204643249512
-6.614449977874756
20.0924129486084
6.986209869384766
-0.9088239073753357
6.938345432281494
-9.328892707824707
1.5816699266433716
-4.5311055183410645
-22.40205192565918
-5.360664367675781
-11.988591194152832
-5.812399387359619
-4.697628498077393
2.8607265949249268
3.9658002853393555
-13.394781112670898
-1.0739158391952515
1.9051481485366821
5.274543285369873
13.42502498626709
-28.006399154663086
-9.164352416992188
6.758969306945801
5.489407539367676
-21.054088592529297
-10.129743576049805
-22.600017547607422
-4.032861709594727
-17.69825553894043
-19.077661514282227
-7.122098445892334
4.139058589935303
10.882331848144531
-7.287272930145264
1.8626295328140259
19.02696418762207
-13.52778434753418
5.687856674194336
-20.229921340942383
-7.0030999183654785
-17.010513305664062
-9.962220191955566
1.6134155988693237
-13.077398300170898
-5.509732723236084
-17.692415237426758
-6.759188652038574
10.367921829223633
18.144086837768555
11.694838523864746
7.793669700622559
5.410168170928955
12.180624961853027
30.2714900970459
10.754135131835938
-7.951141357421875
3.739753484725952
-2.002126455307007
20.652847290039062
-1.8194981813430786
27.921077728271484
-14.600367546081543
6.149297714233398
-14.080619812011719
10.61591911315918
4.350752353668213
6.029580593109131
2.2314772605895996
-5.1850996017456055
4.168960094451904
-1.1043219566345215
-2.5220541954040527
9.686543464660645
-0.032699353992938995
15.571670532226562
7.839493751525879
-19.41432762145996
-32.19141387939453
-15.917478561401367
17.235557556152344
-22.665550231933594
2.225966453552246
14.99830150604248
10.780590057373047
1.2916299104690552
-0.03573385253548622
-16.017810821533203
-1.7287817001342773
9.346795082092285
9.5564546585083
-7.972695827484131
4.660733699798584
-28.0177001953125
-1.6616870164871216
-11.283638954162598
-31.963483810424805
-22.78034210205078
-16.00282859802246
18.227874755859375
10.680313110351562
-10.818380355834961
4.802408695220947
8.13113021850586
-11.494993209838867
0.31229180097579956
-0.06108205020427704
4.039647579193115
-17.718523025512695
7.730316162109375
-5.765750408172607
8.225357055664062
1.9311953783035278
-16.72686195373535
-1.4884624481201172
-29.135149002075195
6.328524589538574
15.871136665344238
7.6920366287231445
2.9511067867279053
-13.114106178283691
18.375442504882812
-5.985806465148926
-15.77669620513916
-5.049999237060547
-23.079452514648438
-7.430166244506836
-21.448833465576172
-15.822406768798828
3.390232801437378
-34.55889129638672
-16.192197799682617
-22.597620010375977
-17.59758758544922
-16.461149215698242
-48.16921615600586
-41.27272033691406
-23.536996841430664
-3.68611216545105
6.701879024505615
-38.640132904052734
-30.687292098999023
4.625870227813721
-32.228694915771484
-8.02582836151123
5.232015132904053
-44.15195846557617
-8.803034782409668
-6.832026958465576
-24.419952392578125
-29.481048583984375
-15.131885528564453
-27.798295974731445
-25.845956802368164
-36.67098617553711
-37.177608489990234
13.7655029296875
-14.69057559967041
-15.285257339477539
-10.267749786376953
-6.8110833168029785
-9.924060821533203
-19.593061447143555
-8.904796600341797
29.239927291870117
-16.808773040771484
-19.0858097076416
7.238245487213135
-32.775535583496094
-4.8383660316467285
-3.393287420272827
-3.9296019077301025
-5.8438720703125
-22.031837463378906
-3.3102893829345703
-9.964390754699707
1.254329800605774
-2.6280293464660645
3.2568066120147705
6.292769908905029
-25.063486099243164
15.637002944946289
-25.4036808013916
20.17108917236328
-23.373077392578125
-31.287927627563477
-38.102264404296875
0.012602736242115498
-17.24838638305664
-12.945079803466797
-21.87704849243164
28.47348976135254
-11.738551139831543
-14.58358383178711
-16.56222915649414
-9.317930221557617
22.039180755615234
12.398458480834961
-3.2976877689361572
6.6349711418151855
9.01295280456543
-8.974929809570312
16.533931732177734
25.81157684326172
-14.169468879699707
18.939796447753906
-19.005186080932617
16.602970123291016
10.578054428100586
15.64486312866211
-12.924910545349121
-5.748961448669434
-21.513940811157227
7.592989921569824
23.468372344970703
17.882511138916016
-24.702058792114258
-2.2261199951171875
1.7759252786636353
-9.02609634399414
-0.5498350262641907
4.033814907073975
-1.0346895456314087
-13.864744186401367
-5.088458061218262
-3.11275053024292
-2.779557466506958
-26.103044509887695
-23.76634407043457
-15.69582748413086
-24.802810668945312
-10.974353790283203
-13.343748092651367
-16.974763870239258
11.493775367736816
-8.826863288879395
-4.738537311553955
-5.240937232971191
-17.164623260498047
-24.202430725097656
-23.319660186767578
1.1045693159103394
-20.600038528442383
-14.52800178527832
9.236024856567383
-20.008832931518555
-4.250627517700195
-13.744345664978027
1.0274916887283325
-1.7720140218734741
1.4952753782272339
-2.5612611770629883
1.8262882232666016
0.508809506893158
20.802602767944336
1.9059169292449951
-7.208346366882324
-0.6891953349113464
15.7236328125
5.68358039855957
15.22468090057373
9.194479942321777
0.1959509551525116
17.75361442565918
21.5666561126709
28.004323959350586
29.36074447631836
-0.010312708094716072
28.82666015625
11.153877258300781
10.108050346374512
-4.299056053161621
-20.705875396728516
7.005589962005615
-17.643768310546875
7.93887186050415
19.633975982666016
-12.129474639892578
8.44844913482666
-12.62454891204834
-11.268952369689941
-1.8577611446380615
-31.015493392944336
-5.460756778717041
-37.997066497802734
4.0409674644470215
-9.512553215026855
1.9087148904800415
-7.0177717208862305
-27.595170974731445
-17.804569244384766
-10.441741943359375
-31.151987075805664
-20.353845596313477
-22.567461013793945
-19.782833099365234
7.197750091552734
-38.622283935546875
-12.885298728942871
-14.951553344726562
5.4658942222595215
-0.8660512566566467
-6.831462383270264
22.510908126831055
9.03720474243164
-1.339110016822815
4.3636040687561035
5.901470184326172
7.940359592437744
33.98604202270508
42.31251907348633
6.420462131500244
35.82234573364258
44.61876678466797
26.782852172851562
28.822673797607422
27.756229400634766
32.18704605102539
32.488494873046875
35.614566802978516
29.486032485961914
44.09785842895508
24.976652145385742
32.28544616699219
29.547077178955078
28.434465408325195
21.322940826416016
12.682657241821289
20.50258445739746
7.022499084472656
41.13414764404297
-4.696867942810059
15.554207801818848
31.396705627441406
19.40386962890625
-14.50811767578125
21.48678970336914
8.4447660446167
2.175675868988037
2.874211311340332
17.239349365234375
-20.500118255615234
11.971060752868652
14.30801010131836
-19.506729125976562
7.2499613761901855
8.28624153137207
-13.517838478088379
-8.5606050491333
-12.501765251159668
0.8150439262390137
6.09032678604126
8.75020980834961
7.214982032775879
-4.211852073669434
-7.321374893188477
-7.9427409172058105
8.869384765625
1.560188889503479
22.436119079589844
1.8031169176101685
1.9187246561050415
1.4155786037445068
0.41743701696395874
-9.584526062011719
1.233000636100769
-2.668701648712158
-0.33140259981155396
17.269203186035156
18.658260345458984
4.78439474105835
-6.364566802978516
3.5295627117156982
-1.8422248363494873
4.77164888381958
29.853132247924805
24.294466018676758
21.20906639099121
5.621074199676514
27.328432083129883
17.203306198120117
-5.877437591552734
4.903864860534668
2.328706741333008
13.153688430786133
30.7899227142334
16.934309005737305
10.400117874145508
1.6871696710586548
6.5702691078186035
35.34263229370117
22.33256721496582
-4.1341729164123535
16.329790115356445
16.733654022216797
11.940022468566895
-7.2761030197143555
-21.647451400756836
2.0574958324432373
17.50813102722168
21.634565353393555
-8.575142860412598
-8.771117210388184
-33.20879364013672
-9.991836547851562
-5.6657609939575195
-4.480950832366943
5.969405174255371
15.773824691772461
7.56387996673584
-18.255769729614258
-30.80320167541504
-5.467026710510254
-20.145587921142578
-0.6279292106628418
-15.894136428833008
-9.52121353149414
-37.97401428222656
5.207198143005371
-20.553138732910156
-33.049930572509766
-0.5427416563034058
12.528702735900879
9.288317680358887
-6.521721839904785
-7.2326436042785645
8.336945533752441
33.65517044067383
34.18940734863281
-4.169250011444092
5.9227728843688965
0.9257256388664246
22.464731216430664
-5.731536388397217
6.639559745788574
-7.41554069519043
-5.953522682189941
-4.669315814971924
-3.033076286315918
15.260906219482422
-1.6377078294754028
-4.187222957611084
-6.3154616355896
-22.137168884277344
15.058157920837402
4.001924991607666
-2.7855777740478516
14.449126243591309
-4.543457984924316
-6.459854602813721
5.518860340118408
-4.557906627655029
22.249122619628906
-6.420407295227051
3.548616647720337
-4.376033782958984
-1.3807874917984009
-5.287191390991211
-19.178611755371094
2.4821274280548096
-15.163355827331543
12.554309844970703
-1.1128935813903809
13.313875198364258
-12.393900871276855
0.47418883442878723
11.78545093536377
8.017413139343262
-0.48430702090263367
-4.195084571838379
30.233678817749023
12.528717994689941
9.441532135009766
-17.426258087158203
6.099643230438232
-8.778274536132812
38.21330261230469
11.987919807434082
0.2819286584854126
-15.040512084960938
-17.153486251831055
3.0092549324035645
-11.979063034057617
8.324718475341797
26.85332489013672
-10.449898719787598
-3.4212751388549805
36.47674560546875
6.28832483291626
8.347698211669922
4.5340352058410645
14.74118423461914
8.67462158203125
-0.7171287536621094
16.430973052978516
-1.3306330442428589
9.677492141723633
12.123313903808594
14.014900207519531
2.9662363529205322
2.3664071559906006
0.3849644660949707
-5.24211311340332
-17.654253005981445
-14.44714069366455
6.2745466232299805
-4.50630521774292
1.1217377185821533
-13.10235595703125
0.9066368937492371
-9.080683708190918
15.49427604675293
0.11037687212228775
3.4007084369659424
6.082200050354004
-19.009763717651367
-6.477358818054199
-7.715652942657471
12.319685935974121
0.9788187742233276
-2.0928964614868164
-8.04904556274414
11.969273567199707
-11.890970230102539
1.9217168092727661
7.322134017944336
5.004733085632324
12.140243530273438
-4.378902435302734
-26.8958683013916
-4.5557355880737305
-4.005529403686523
10.818047523498535
0.4937218129634857
-4.7431640625
-21.0258731842041
8.220572471618652
-4.0817742347717285
2.458686113357544
-9.541937828063965
4.027284622192383
-8.339293479919434
0.127501979470253
3.2842373847961426
-1.0964757204055786
-6.807567119598389
10.183365821838379
11.809026718139648
-1.4883002042770386
-7.68942403793335
1.219935655593872
10.522947311401367
5.033297538757324
17.23846435546875
-29.523067474365234
10.973750114440918
-17.52874183654785
3.39723539352417
14.151152610778809
-25.67653465270996
9.822009086608887
1.7733194828033447
-9.424869537353516
-3.8036844730377197
2.7737483978271484
11.032963752746582
-7.868189334869385
-3.290717840194702
-13.427275657653809
-2.3986244201660156
-14.083474159240723
-7.9625244140625
-1.2259621620178223
5.898231506347656
13.443656921386719
-5.261020660400391
6.5870490074157715
4.131597995758057
-0.9347394704818726
7.8353271484375
-7.230284690856934
4.021584510803223
-1.8577035665512085
19.646913528442383
-9.0803861618042
-27.228012084960938
-18.210248947143555
-3.0902459621429443
-6.781106472015381
-15.75021743774414
-5.475705146789551
8.477042198181152
-4.467032432556152
-14.189227104187012
-22.188432693481445
2.6857171058654785
1.5729864835739136
-6.879878520965576
2.907362699508667
-8.688322067260742
6.77416467666626
-2.341111660003662
-14.58220386505127
-1.2310322523117065
-39.570068359375
5.067262172698975
5.457152366638184
-4.398513317108154
-6.6581597328186035
-6.409102916717529
-17.461748123168945
-4.683492660522461
-5.8065924644470215
-10.06103801727295
10.068114280700684
-10.460524559020996
-3.165374755859375
7.495034694671631
6.601293087005615
-5.427772521972656
-3.1673953533172607
24.647953033447266
-2.2119007110595703
-15.209426879882812
9.356393814086914
-7.1626057624816895
7.329310894012451
-23.287635803222656
4.079061031341553
-15.562969207763672
0.9284906387329102
15.839126586914062
5.734730243682861
6.9346184730529785
30.782869338989258
-1.7906029224395752
12.38532543182373
-8.748427391052246
5.944894313812256
22.384305953979492
-4.843542098999023
15.13436222076416
23.962270736694336
24.886028289794922
5.127729415893555
2.2913405895233154
-4.930042266845703
5.317347049713135
-15.564847946166992
14.644587516784668
4.007619380950928
8.79785442352295
1.2343940734863281
12.620444297790527
-1.3496932983398438
13.24963665008545
6.431763648986816
7.5402607917785645
6.073130130767822
9.275059700012207
0.1726570576429367
4.643006324768066
27.1682071685791
-28.31159210205078
24.420774459838867
-10.695147514343262
11.388362884521484
11.9920015335083
-8.953102111816406
-11.330617904663086
-22.034543991088867
-21.340187072753906
-18.174705505371094
-30.822614669799805
1.1080467700958252
-6.413810729980469
2.9452321529388428
-0.2793785333633423
1.7659554481506348
-5.704345703125
-22.283357620239258
5.362037181854248
-12.128880500793457
-13.904768943786621
-29.18328094482422
-27.711904525756836
-13.00711441040039
-10.968560218811035
11.080253601074219
-15.547022819519043
-11.321999549865723
-20.269868850708008
1.126254916191101
10.447104454040527
-0.9718711376190186
-13.869989395141602
-19.669292449951172
-3.776326894760132
-18.536287307739258
-8.867903709411621
6.637909889221191
-12.582671165466309
5.281208515167236
-18.186466217041016
-18.322166442871094
-15.0567045211792
-1.3668502569198608
6.630746364593506
-16.44733428955078
10.680927276611328
6.684097766876221
5.304214954376221
3.2621099948883057
0.20922578871250153
-16.35849952697754
-7.5380988121032715
-1.2990610599517822
19.378183364868164
27.541807174682617
-24.141983032226562
7.22741174697876
7.8232645988464355
-15.66785717010498
7.535802364349365
-2.294621229171753
-24.790790557861328
-4.6279802322387695
4.018094539642334
-4.303676128387451
13.848973274230957
-3.1646416187286377
-2.9944233894348145
-28.57133674621582
3.8645875453948975
-2.5438482761383057
23.676868438720703
-30.42771339416504
5.085634231567383
6.900606632232666
8.194769859313965
-1.6872413158416748
-22.675765991210938
-4.160861968994141
-19.130155563354492
-3.589170217514038
-36.56687927246094
0.6923023462295532
2.3352818489074707
-10.137290954589844
-11.987577438354492
18.283109664916992
-16.114547729492188
-2.106919527053833
18.79822540283203
0.7101552486419678
15.232494354248047
3.7039408683776855
6.1432671546936035
-3.3954787254333496
-7.75739860534668
-7.720877170562744
14.18687629699707
28.178871154785156
15.041241645812988
11.632722854614258
7.603134632110596
-15.29810619354248
3.405177116394043
15.067831993103027
-9.761598587036133
-26.211244583129883
12.661287307739258
6.587368965148926
3.9243524074554443
-7.382248878479004
-2.384911060333252
0.43374279141426086
11.396002769470215
14.117344856262207
23.430007934570312
1.582001805305481
5.508611679077148
-36.9195442199707
-4.602875709533691
-6.450220108032227
-4.813904762268066
-12.006327629089355
-15.827011108398438
-3.8061437606811523
-4.395695209503174
-11.577726364135742
6.623396873474121
-3.42756724357605
-15.979917526245117
3.984205961227417
19.146549224853516
-2.6869442462921143
17.48944091796875
2.3458917140960693
-3.5660407543182373
-0.8940491080284119
-5.819997787475586
-3.66101336479187
-1.782530665397644
-16.40281867980957
-11.001138687133789
-9.110563278198242
-20.685726165771484
-8.28722095489502
-10.298910140991211
9.497756958007812
23.750852584838867
-13.417501449584961
5.095186710357666
-1.6367536783218384
1.6367274522781372
10.92074203491211
9.271221160888672
15.5731840133667
-11.268901824951172
4.8517961502075195
17.703109741210938
24.460189819335938
0.10438819229602814
17.76264762878418
-1.0344815254211426
-1.76760733127594
-1.3543390035629272
23.875343322753906
-6.738185882568359
5.470683574676514
6.060845375061035
8.66807746887207
11.497114181518555
-9.825478553771973
-10.510991096496582
-8.353912353515625
3.4720816612243652
12.282379150390625
-17.11186981201172
14.340178489685059
-9.305047035217285
-18.232221603393555
-2.7841317653656006
5.222194671630859
4.874039649963379
-10.654468536376953
11.974471092224121
-6.99547815322876
18.618375778198242
11.010944366455078
10.308788299560547
1.4931868314743042
-2.3202686309814453
0.7116585969924927
-7.062225341796875
15.16765308380127
-16.592073440551758
-12.343517303466797
-5.256232261657715
5.9965081214904785
-10.349781036376953
16.399580001831055
9.739901542663574
-7.544310569763184
-10.944019317626953
-4.772881507873535
-25.214059829711914
-3.048754930496216
0.9246126413345337
-2.675273895263672
-5.235552787780762
-20.340015411376953
3.5855255126953125
-2.620471954345703
-20.904232025146484
-33.15766143798828
12.807758331298828
-0.04564917832612991
-5.725619792938232
3.69303560256958
2.0020663738250732
-22.900428771972656
1.0091195106506348
-5.20270299911499
13.42403793334961
11.649524688720703
-0.6346631646156311
-10.690857887268066
9.365280151367188
8.759675979614258
20.793140411376953
-6.388474464416504
32.24169158935547
17.401338577270508
-2.7201735973358154
2.5482311248779297
-2.7465696334838867
26.19792938232422
6.496381759643555
-5.913442611694336
12.548002243041992
16.446928024291992
-7.876125335693359
0.050840191543102264
-12.426304817199707
-14.08987045288086
17.813804626464844
34.16207504272461
-20.062301635742188
-8.261618614196777
-7.928229331970215
14.96379566192627
9.621804237365723
-9.022374153137207
30.76191520690918
-10.639509201049805
3.096702814102173
23.64927101135254
-4.5710978507995605
-2.9517035484313965
13.750669479370117
-4.740220069885254
18.055423736572266
5.249241352081299
28.649925231933594
-19.39239501953125
13.186050415039062
9.105238914489746
31.540176391601562
-20.70783805847168
22.811227798461914
20.448911666870117
-1.9773619174957275
1.7262593507766724
12.694648742675781
-0.6057019829750061
0.5150211453437805
6.929431438446045
22.662559509277344
-17.8576602935791
18.71324348449707
-16.562835693359375
21.28710174560547
24.96925163269043
-20.095556259155273
15.605915069580078
-7.42409610748291
22.937000274658203
-8.322037696838379
-9.485122680664062
-23.910682678222656
-6.859495639801025
-18.142154693603516
-9.101187705993652
-10.320609092712402
-22.915748596191406
-22.387117385864258
-3.5542635917663574
1.0885467529296875
7.310152530670166
-9.047370910644531
12.213018417358398
6.344415664672852
27.028953552246094
7.5940022468566895
13.81261920928955
-17.154937744140625
-8.053224563598633
10.958045959472656
8.586568832397461
5.8028645515441895
1.17610764503479
8.290308952331543
-8.428831100463867
-16.008358001708984
9.610637664794922
0.6625128984451294
-24.246028900146484
-16.7288875579834
-5.442459583282471
-4.861538887023926
-7.058699607849121
-18.867116928100586
16.323915481567383
-14.30160903930664
-17.55442237854004
4.710102081298828
-7.871737003326416
4.759146690368652
9.406694412231445
-12.512958526611328
15.591046333312988
4.780535697937012
-6.876224517822266
6.129607200622559
9.214674949645996
5.225178241729736
22.300586700439453
10.3817720413208
-0.22125902771949768
-7.011380672454834
-10.262174606323242
-8.119309425354004
-23.720069885253906
-15.168933868408203
-3.813405752182007
-6.683114528656006
2.7845993041992188
0.5822914242744446
-2.248688220977783
-23.5916690826416
-4.265289306640625
16.304704666137695
-7.810561180114746
-23.301395416259766
2.748091697692871
-5.5899200439453125
8.477437019348145
14.838339805603027
-15.392950057983398
16.376651763916016
-8.836566925048828
29.779130935668945
-19.230371475219727
0.15317974984645844
-10.42247200012207
3.6216609477996826
26.707611083984375
-11.818029403686523
25.294456481933594
-5.933991432189941
-1.8006128072738647
13.736357688903809
-5.9721808433532715
-5.262022018432617
8.239598274230957
-4.759400367736816
-4.461955547332764
-3.9671366214752197
10.598162651062012
-23.068519592285156
9.080726623535156
10.061454772949219
-11.913847923278809
18.936952590942383
10.337154388427734
-18.318544387817383
4.575037002563477
-5.020205497741699
4.337915420532227
15.256654739379883
4.788610458374023
5.183664321899414
-6.33635950088501
19.710758209228516
11.587265014648438
-3.3038501739501953
-0.2429991513490677
-4.814904689788818
-10.486072540283203
14.25400161743164
9.238717079162598
-13.83897590637207
-7.878255844116211
17.568073272705078
-25.28484344482422
5.293262958526611
-18.30067253112793
8.075299263000488
-29.534934997558594
21.228668212890625
2.48488712310791
-10.443779945373535
2.401564598083496
3.3173716068267822
7.472621440887451
-22.267717361450195
-2.303229808807373
-38.85226821899414
-32.93335723876953
-36.75925827026367
-15.000225067138672
2.8262062072753906
1.465527057647705
4.7546586990356445
6.349208831787109
2.0846972465515137
-19.812761306762695
-13.462933540344238
-3.0899746417999268
-3.6811835765838623
-2.4848852157592773
-2.46578311920166
0.6441110968589783
-2.3624560832977295
-20.84722137451172
-1.5947966575622559
-0.5927686095237732
5.508113384246826
1.3825656175613403
-9.722530364990234
-13.815407752990723
-0.3190724849700928
2.398406982421875
3.0872747898101807
-8.213984489440918
7.284755229949951
-14.453373908996582
14.947894096374512
-7.267910957336426
18.65464973449707
11.816702842712402
-8.191953659057617
-3.7271311283111572
-0.016768641769886017
-12.186637878417969
1.327993392944336
-10.816041946411133
-3.5816755294799805
-41.449485778808594
-25.662019729614258
-0.02403915300965309
-3.4357008934020996
9.870606422424316
12.174901962280273
-8.081916809082031
-7.885547161102295
11.592439651489258
-11.594643592834473
14.168754577636719
9.314899444580078
-9.554567337036133
-25.339996337890625
-3.6094048023223877
19.35713768005371
-16.978113174438477
-6.021700382232666
-2.5569560527801514
6.564305782318115
-10.964916229248047
-15.51926326751709
10.5665864944458
-15.197430610656738
-2.5883114337921143
-3.087904453277588
6.979940891265869
-9.908134460449219
18.134681701660156
10.144920349121094
4.826265811920166
14.350191116333008
21.512393951416016
-1.0624247789382935
15.63841724395752
12.723299026489258
14.87783432006836
7.824736595153809
-2.780333995819092
15.070419311523438
12.39953899383545
7.35767126083374
-3.9041078090667725
14.085714340209961
-3.9208149909973145
-8.365260124206543
12.587844848632812
17.347562789916992
20.122528076171875
4.394163131713867
26.937055587768555
7.2371134757995605
14.609071731567383
16.50385093688965
27.44062614440918
16.342166900634766
0.2063196748495102
33.322731018066406
17.347496032714844
8.800691604614258
5.377538204193115
1.9413402080535889
21.3821964263916
15.407093048095703
30.346418380737305
31.761396408081055
19.215755462646484
19.150861740112305
10.207395553588867
37.75054168701172
11.39225959777832
2.5977907180786133
1.295971155166626
13.073457717895508
10.907379150390625
13.550844192504883
21.85773277282715
8.949216842651367
15.016875267028809
21.240976333618164
15.11629581451416
5.310772895812988
-1.6249529123306274
-9.08845329284668
-5.543308258056641
11.528654098510742
16.746091842651367
18.136655807495117
-16.472713470458984
-5.546480178833008
9.533265113830566
1.2126915454864502
2.883573532104492
-6.498137474060059
10.111350059509277
10.875530242919922
0.19229428470134735
-0.12471301108598709
-0.30628734827041626
1.880632758140564
3.665943145751953
1.0883018970489502
-9.651813507080078
2.337249994277954
12.50007152557373
-1.1624815464019775
-16.363037109375
-6.52130651473999
12.740898132324219
1.4011372327804565
5.541785717010498
5.326979160308838
5.886521339416504
4.186279773712158
5.211725234985352
11.74370288848877
4.729494094848633
7.4739155769348145
8.241933822631836
-6.046762943267822
-5.30322265625
6.13350248336792
13.81505012512207
-9.300430297851562
2.621460437774658
25.18219757080078
-9.18648910522461
-16.604717254638672
-14.65653133392334
-22.152265548706055
4.014454364776611
-16.572599411010742
-21.907032012939453
10.757132530212402
-14.729032516479492
-4.37057638168335
-19.356658935546875
-2.847655773162842
4.591128349304199
-25.241268157958984
-11.944225311279297
12.98786449432373
15.858857154846191
-8.657471656799316
4.177416801452637
37.44105911254883
-15.05604362487793
-1.2047616243362427
9.26569652557373
7.702437400817871
-10.49704647064209
-18.46623992919922
1.0360753536224365
0.793753445148468
2.551276683807373
13.309198379516602
3.7542903423309326
-7.025552749633789
-13.48485279083252
6.27606201171875
-1.464069128036499
11.807645797729492
-7.49781608581543
-12.5206298828125
-4.65059757232666
-1.9313172101974487
14.395855903625488
-6.370630741119385
9.751108169555664
-0.8136273622512817
-1.6769615411758423
4.166597843170166
9.386423110961914
12.680780410766602
-33.92718505859375
-5.241754531860352
2.668307065963745
-13.635919570922852
-31.497549057006836
-33.90194320678711
-4.836365222930908
16.63990592956543
-4.035207748413086
8.762985229492188
-4.902597427368164
21.295440673828125
-3.8434667587280273
-17.64390754699707
-11.928887367248535
2.7356834411621094
-2.8525238037109375
21.322614669799805
10.138046264648438
-0.5836966633796692
21.01222801208496
1.4211007356643677
-3.3394556045532227
5.904168128967285
-4.220113754272461
-7.255010604858398
3.9944019317626953
13.150321006774902
2.342881917953491
10.902047157287598
-1.8566993474960327
-4.427454948425293
22.101999282836914
11.943998336791992
-2.881312608718872
3.767836809158325
6.611905574798584
5.653086185455322
-3.9699275493621826
-6.59318733215332
8.353453636169434
8.035540580749512
-26.656116485595703
-20.989078521728516
13.999384880065918
6.877601623535156
-4.701888084411621
-0.9398145079612732
-11.62064266204834
12.809680938720703
-5.986190319061279
-2.3780345916748047
-25.42912483215332
-9.1859130859375
-7.579798221588135
-8.504816055297852
2.3585827350616455
19.002790451049805
1.3944957256317139
-12.840153694152832
-15.88614273071289
5.505709171295166
7.438523292541504
-1.3848828077316284
-11.423218727111816
8.046147346496582
4.810945987701416
14.93361759185791
-0.9209127426147461
6.16113805770874
8.761372566223145
-8.668339729309082
0.21153847873210907
15.230742454528809
10.95401382446289
-7.367770195007324
-1.1840616464614868
-9.872838020324707
-8.290165901184082
-1.4226131439208984
-7.289549350738525
-7.81907844543457
-21.589927673339844
-4.032918930053711
5.631220817565918
-10.54059886932373
9.17403793334961
-25.070959091186523
3.097245693206787
12.480982780456543
-3.215780019760132
19.49924087524414
6.898100852966309
37.336387634277344
5.2183451652526855
5.112096786499023
5.402734756469727
-12.667313575744629
-18.512712478637695
10.642583847045898
4.078605651855469
10.377752304077148
-13.60171890258789
-6.481165409088135
4.570205211639404
16.708383560180664
2.982483386993408
-0.8162224888801575
-10.730206489562988
1.4529811143875122
-7.383782386779785
-14.27214527130127
2.3591456413269043
-12.483642578125
-28.336091995239258
3.9612998962402344
5.413425445556641
-13.8322114944458
-1.107826590538025
25.727783203125
0.943564236164093
-21.075599670410156
8.483146667480469
-13.099515914916992
19.067604064941406
16.278806686401367
24.572616577148438
2.1714320182800293
-9.61746597290039
1.6561124324798584
11.179183959960938
-3.934812545776367
4.627470970153809
16.362077713012695
12.401895523071289
9.421873092651367
-12.025504112243652
16.24644660949707
18.031003952026367
6.405313491821289
-1.4142369031906128
-8.034560203552246
19.438371658325195
-8.451070785522461
13.262537956237793
-13.96633243560791
-26.363983154296875
-4.392092227935791
19.893959045410156
-12.465353012084961
3.5247983932495117
-8.392658233642578
13.256989479064941
-3.37276291847229
2.1164183616638184
15.656476020812988
-0.1628980189561844
-11.300848960876465
7.653637409210205
9.142627716064453
7.913644313812256
-12.13839054107666
20.936811447143555
-1.2148360013961792
-9.428165435791016
8.382966041564941
5.736368179321289
6.9361748695373535
4.4052042961120605
-11.499608039855957
-6.37652063369751
-31.859905242919922
-20.333730697631836
-26.715368270874023
9.211691856384277
1.2515262365341187
-32.561893463134766
20.073394775390625
14.74055004119873
-17.14371681213379
-20.601667404174805
-1.630514144897461
-3.972660779953003
-16.028921127319336
-25.4111385345459
-18.400012969970703
11.367094039916992
-1.3326653242111206
-7.303335666656494
-12.839151382446289
12.62513256072998
5.490589618682861
-3.1383273601531982
1.24103581905365
17.43036651611328
0.23843105137348175
4.375679016113281
5.350886344909668
-7.886171817779541
-5.32498025894165
3.1208336353302
28.67978858947754
9.450094223022461
19.974227905273438
-5.315554618835449
5.10141134262085
-1.3490484952926636
-1.6884698867797852
9.30434799194336
-3.253883123397827
4.620235443115234
28.858505249023438
1.6643157005310059
7.982558250427246
12.464096069335938
13.731707572937012
-2.6973021030426025
-0.7882784605026245
9.48038387298584
-1.685383677482605
3.3762121200561523
-1.1636435985565186
-1.668600082397461
-25.106706619262695
4.714771270751953
-12.626992225646973
-6.2731828689575195
-9.329828262329102
5.691957950592041
-10.4199857711792
11.865958213806152
22.68512725830078
5.781642913818359
-8.801056861877441
27.724674224853516
12.164673805236816
15.515754699707031
11.012117385864258
2.1258413791656494
8.331331253051758
9.112529754638672
11.69366455078125
-6.509222030639648
4.013378620147705
-7.636449337005615
12.925300598144531
10.694777488708496
-13.330455780029297
8.042560577392578
4.1660542488098145
3.66278076171875
12.106219291687012
7.468490123748779
6.63353967666626
-1.5991400480270386
-0.6845223903656006
-5.0284833908081055
-3.886711359024048
10.09578800201416
12.042582511901855
-2.9018561840057373
15.596790313720703
-3.9060657024383545
13.662483215332031
-2.4540040493011475
18.693134307861328
-1.5710704326629639
0.9748184680938721
-0.5174335837364197
14.390871047973633
1.489048719406128
