-144.95733642578125
-145.40438842773438
-161.0904998779297
-135.58851623535156
-113.16104125976562
-129.1018829345703
-134.48504638671875
-163.2781982421875
-147.98416137695312
-145.96255493164062
-145.97723388671875
-145.61019897460938
-139.8477020263672
-153.19154357910156
-157.0313262939453
-151.3987274169922
-151.2239990234375
-154.36004638671875
-147.3798065185547
-147.47262573242188
-146.780517578125
-130.3584442138672
-138.4876708984375
-134.90017700195312
-135.029052734375
-128.97760009765625
-114.53878021240234
-117.71380615234375
-128.32135009765625
-110.41919708251953
-124.9427490234375
-101.50965881347656
-123.62355041503906
-84.45115661621094
-98.51205444335938
-101.65987396240234
-95.54120635986328
-98.73678588867188
-91.2394027709961
-92.84479522705078
-98.62042999267578
-57.60113525390625
-68.74149322509766
-78.49906158447266
-93.03440856933594
-93.26493835449219
-87.9537124633789
-90.46480560302734
-69.4156494140625
-83.48529052734375
-65.15894317626953
-94.59234619140625
-78.14637756347656
-79.57147979736328
-78.93409729003906
-82.1158218383789
-101.72978973388672
-72.83827209472656
-87.5972900390625
-88.20787048339844
-86.27605438232422
-85.87398529052734
-79.2479248046875
-87.5491714477539
-77.96887969970703
-75.73834228515625
-80.80424499511719
-79.3485107421875
-80.5842056274414
-83.71227264404297
-83.42877960205078
-76.36334228515625
-74.19248962402344
-66.75685119628906
-73.08689880371094
-73.20203399658203
-64.0309829711914
-54.49288558959961
-62.25648880004883
-64.52104949951172
-68.71516418457031
-57.53569030761719
-54.126583099365234
-56.853729248046875
-58.52873229980469
-63.03546142578125
-61.55765151977539
-53.22886657714844
-62.64122009277344
-68.0839614868164
-49.24285125732422
-63.951045989990234
-55.54898452758789
-52.00722122192383
-53.026153564453125
-61.8930549621582
-42.85630416870117
-44.46406555175781
-48.467132568359375
-51.299381256103516
-52.33042526245117
-55.57402038574219
-35.83955764770508
-41.78410339355469
-37.246849060058594
-44.50997543334961
-53.683677673339844
-35.96529769897461
-23.239276885986328
-40.67531967163086
-38.42909622192383
-38.81214141845703
-38.73389434814453
-35.58082962036133
-23.265148162841797
-41.44112777709961
-34.238487243652344
-18.230379104614258
-37.244598388671875
-24.720571517944336
-34.92882537841797
-20.519887924194336
-31.13535499572754
-28.008729934692383
-21.241117477416992
-17.422903060913086
-19.022899627685547
-23.993919372558594
-22.611492156982422
-12.009644508361816
-8.140223503112793
-8.412172317504883
-4.926760673522949
-4.140857219696045
4.874568462371826
5.265415191650391
-3.7193763256073
-4.455994129180908
5.131385326385498
2.9890336990356445
6.8251633644104
8.385129928588867
13.814824104309082
17.320051193237305
-3.2058229446411133
21.76198387145996
24.367631912231445
15.787240028381348
11.836203575134277
19.11491584777832
29.793519973754883
26.128456115722656
32.37691879272461
19.536109924316406
35.0651969909668
24.975522994995117
38.60368347167969
29.25497817993164
19.118818283081055
22.57072639465332
40.74365997314453
46.942100524902344
40.634830474853516
40.53687286376953
23.146648406982422
46.80562973022461
44.4151611328125
31.054195404052734
43.84459686279297
32.7711296081543
41.84021759033203
15.110312461853027
22.507577896118164
24.769346237182617
24.46051025390625
31.53339385986328
42.95576858520508
32.62238311767578
29.302400588989258
26.444782257080078
21.850597381591797
29.743711471557617
50.14369583129883
44.0760612487793
33.96752166748047
23.167844772338867
32.88200378417969
35.66566848754883
58.86833190917969
62.25188064575195
73.12105560302734
61.51025390625
52.59800338745117
66.37395477294922
58.26741027832031
42.85833740234375
53.345863342285156
62.79657745361328
12.044361114501953
10.45340347290039
31.491268157958984
41.86289978027344
38.132408142089844
43.84727096557617
56.541290283203125
26.049638748168945
13.296384811401367
31.245920181274414
30.0400390625
29.474035263061523
30.371477127075195
28.696548461914062
-11.521798133850098
20.722305297851562
-13.012063980102539
9.061864852905273
3.642025947570801
6.020224094390869
-7.017921447753906
13.078132629394531
-20.890764236450195
0.5485383868217468
6.714534759521484
-9.810745239257812
-1.4763436317443848
-20.09774398803711
13.4033203125
-1.4727137088775635
-0.7882036566734314
6.091275215148926
-2.8933749198913574
-17.690692901611328
-4.119059085845947
-17.027305603027344
-32.41891098022461
17.834627151489258
22.184314727783203
15.617522239685059
8.126882553100586
20.41787338256836
4.60207986831665
1.0785435438156128
22.93966293334961
6.37924337387085
21.22184181213379
26.889446258544922
24.788583755493164
35.81649398803711
35.41735076904297
10.086709976196289
19.20499610900879
14.96159839630127
30.36284637451172
-3.8572885990142822
20.812862396240234
-2.1111698150634766
10.242973327636719
5.644741058349609
-17.045339584350586
23.013038635253906
19.148109436035156
4.450776100158691
7.692944049835205
2.202341318130493
4.334873676300049
-7.386168479919434
5.926529407501221
-16.09620475769043
-8.656983375549316
-3.7859385013580322
-6.735490798950195
2.645075798034668
4.279082775115967
-0.926548957824707
8.450603485107422
-11.522354125976562
9.415013313293457
-13.38194751739502
-4.9165358543396
3.185662269592285
-30.618783950805664
-24.156198501586914
3.5455129146575928
-8.62313175201416
-2.978895425796509
-9.146890640258789
-10.5829439163208
7.960661888122559
7.3916850090026855
-14.342669486999512
-6.28509521484375
-30.391416549682617
-21.858530044555664
0.39658892154693604
-6.117171287536621
8.19520378112793
8.610176086425781
7.483282089233398
23.08040428161621
3.18994140625
-1.9078227281570435
-9.412592887878418
-25.248085021972656
9.509892463684082
11.795378684997559
19.80002784729004
-17.509355545043945
3.0240776538848877
-9.532452583312988
3.6964993476867676
-8.195096969604492
27.743703842163086
-13.677567481994629
-16.198820114135742
-6.928689479827881
11.153359413146973
12.66990852355957
17.68532371520996
31.718978881835938
4.067245960235596
13.725907325744629
-3.823995351791382
22.254316329956055
-4.241427421569824
8.649442672729492
-6.083923816680908
15.697897911071777
8.682120323181152
4.2534050941467285
5.345887184143066
12.214834213256836
10.621953964233398
21.786251068115234
32.134971618652344
-4.625948905944824
-3.7523937225341797
19.00989532470703
-15.36635684967041
-8.441349029541016
3.669102430343628
-11.110206604003906
-9.369172096252441
-8.892867088317871
-14.28209400177002
-17.671371459960938
0.8872101902961731
-29.449230194091797
-25.437271118164062
-23.910688400268555
-15.369599342346191
-11.637141227722168
-7.994385719299316
2.216681957244873
-24.972543716430664
-2.94063401222229
-30.460336685180664
-22.873186111450195
-30.203975677490234
-26.125335693359375
-34.57316207885742
-19.84322738647461
-19.249542236328125
-23.804174423217773
-31.685991287231445
-25.972307205200195
-23.810781478881836
-35.90657043457031
-3.9748103618621826
-11.304865837097168
-12.71944522857666
-23.798763275146484
-18.503828048706055
-2.495030164718628
5.312002182006836
-2.247440814971924
8.194584846496582
1.1645526885986328
-7.8430891036987305
-10.133487701416016
8.835439682006836
6.1813154220581055
3.2896223068237305
-16.235925674438477
-21.845720291137695
-2.9092180728912354
12.995803833007812
-11.096752166748047
3.6477482318878174
-1.4583154916763306
-2.8726212978363037
-0.2718258798122406
16.759103775024414
-31.167102813720703
-19.03763198852539
-16.95284080505371
-11.100289344787598
0.7632817029953003
-6.092884063720703
-9.608939170837402
5.649786949157715
-2.622781991958618
10.339484214782715
2.6699740886688232
-11.085993766784668
7.493053913116455
12.555607795715332
-1.6063746213912964
8.415933609008789
-24.439090728759766
6.287881851196289
-14.432974815368652
-18.924503326416016
-22.874055862426758
-18.670467376708984
46.79682922363281
-8.595819473266602
7.319413185119629
-3.882631540298462
8.209352493286133
23.255014419555664
-13.278169631958008
37.62345504760742
-0.7960623502731323
0.598015308380127
-3.491549491882324
6.398871421813965
-7.0288262367248535
-3.7859973907470703
4.676108360290527
13.384757041931152
-13.135428428649902
9.38080883026123
0.3953087031841278
18.673995971679688
28.410728454589844
27.323097229003906
45.237388610839844
28.14560317993164
19.49190902709961
15.685786247253418
15.666440963745117
39.05979537963867
-10.732511520385742
46.50406265258789
16.868839263916016
-1.7777414321899414
7.544868469238281
20.45064353942871
41.40879440307617
32.62211608886719
26.466251373291016
18.069034576416016
32.119991302490234
13.146587371826172
36.16673278808594
24.993934631347656
7.451937198638916
-3.9609174728393555
22.506914138793945
16.49601936340332
6.343496799468994
27.223054885864258
3.0013139247894287
7.37705135345459
9.9653959274292
-0.7438331246376038
-9.455744743347168
-11.232234001159668
3.92567777633667
-9.402482032775879
-0.8015235066413879
-12.649106979370117
-48.237003326416016
-1.600633978843689
-29.942590713500977
-23.90093231201172
-6.616983413696289
-15.821952819824219
-37.20405578613281
-17.252864837646484
-30.29482078552246
-26.266372680664062
-38.28839111328125
-25.363588333129883
1.7480937242507935
-17.384660720825195
-22.798484802246094
-22.81622314453125
-24.301618576049805
-9.122651100158691
-10.499003410339355
-15.138894081115723
4.880238056182861
-14.993390083312988
12.750310897827148
-22.778793334960938
-4.324042320251465
-7.561538219451904
-0.3240278363227844
-20.674997329711914
