-158.68780517578125
-122.65470123291016
-171.54586791992188
-149.8720703125
-117.95305633544922
-147.37115478515625
-144.39320373535156
-129.8777313232422
-140.07972717285156
-117.84141540527344
-128.67620849609375
-122.62845611572266
-119.09561920166016
-157.27552795410156
-131.22552490234375
-124.77698516845703
-126.33037567138672
-135.064208984375
-148.75164794921875
-145.1282196044922
-135.12242126464844
-125.00140380859375
-137.04037475585938
-123.0716323852539
-131.9854736328125
-120.25505828857422
-141.63226318359375
-136.85784912109375
-147.72479248046875
-139.90280151367188
-156.0159149169922
-110.9603271484375
-133.43460083007812
-104.23013305664062
-138.1347198486328
-113.90550994873047
-134.65042114257812
-127.3787841796875
-139.41539001464844
-125.74697875976562
-109.73690032958984
-131.47593688964844
-130.29771423339844
-128.50389099121094
-125.30267333984375
-124.59712982177734
-103.55958557128906
-125.00326538085938
-113.82176208496094
-124.44692993164062
-108.17094421386719
-144.37722778320312
-128.9523162841797
-121.46182250976562
-99.5501708984375
-137.403076171875
-128.55682373046875
-143.3729248046875
-111.78276062011719
-118.05500793457031
-111.22432708740234
-103.30487823486328
-137.22549438476562
-133.41075134277344
-117.88735961914062
-108.73694610595703
-101.75103759765625
-114.51241302490234
-124.78910064697266
-93.48233032226562
-110.44904327392578
-111.25221252441406
-141.02845764160156
-104.5270004272461
-137.61895751953125
-132.25123596191406
-136.76553344726562
-119.93218994140625
-111.08806610107422
-89.95975494384766
-118.22415924072266
-113.64363861083984
-122.23085021972656
-118.26145935058594
-84.93233489990234
-90.69451141357422
-113.09799194335938
-124.00078582763672
-128.87249755859375
-140.3842010498047
-153.04298400878906
-117.42723083496094
-88.45895385742188
-128.80072021484375
-134.64779663085938
-112.07495880126953
-108.34884643554688
-117.4770736694336
-113.83207702636719
-109.0218276977539
-134.017333984375
-119.83456420898438
-97.84242248535156
-133.86338806152344
-119.83317565917969
-109.97785186767578
-118.60064697265625
-112.06381225585938
-108.12452697753906
-119.49114227294922
-135.20896911621094
-122.43181610107422
-123.52578735351562
-136.3286895751953
-106.55801391601562
-125.67942810058594
-95.83302307128906
-135.41409301757812
-86.2464370727539
-135.7349090576172
-104.72893524169922
-120.3157730102539
-109.1915512084961
-132.86758422851562
-87.8096923828125
-129.36575317382812
-130.11370849609375
-137.27584838867188
-136.10438537597656
-100.0389175415039
-103.53439331054688
-127.8341064453125
-107.52365112304688
-112.52285766601562
-110.8712387084961
-114.47532653808594
-106.70962524414062
-99.31214141845703
-85.91007232666016
-88.6026611328125
-124.61296081542969
-98.85353088378906
-101.73226928710938
-88.1753921508789
-111.03279876708984
-95.62140655517578
-97.18732452392578
-121.91390991210938
-102.99369812011719
-115.46949005126953
-98.13911437988281
-110.45024108886719
-115.85345458984375
-94.62447357177734
-102.92731475830078
-97.7409896850586
-88.59767150878906
-129.74508666992188
-106.95140075683594
-107.38031005859375
-117.86449432373047
-100.74785614013672
-88.55412292480469
-95.47740173339844
-113.50118255615234
-114.62273406982422
-103.31783294677734
-117.01444244384766
-86.57296752929688
-77.68831634521484
-138.2997589111328
-79.47628784179688
-100.25309753417969
-85.80268859863281
-96.5905990600586
-70.4062728881836
-87.78727722167969
-95.73645782470703
-99.43807983398438
-91.40835571289062
-91.59158325195312
-77.51644897460938
-110.74634552001953
-87.20895385742188
-91.3265380859375
-85.39462280273438
-95.2830581665039
-69.8883285522461
-105.2621841430664
-99.63410186767578
-94.87197875976562
-80.69029235839844
-96.74027252197266
-84.09001922607422
-84.53206634521484
-107.35430145263672
-86.28693389892578
-91.7093734741211
-99.6594009399414
-110.87098693847656
-69.90422821044922
-90.92599487304688
-80.0736312866211
-82.4515380859375
-68.0741958618164
-78.07461547851562
-89.15843200683594
-89.90764617919922
-104.21184539794922
-76.00875091552734
-87.23124694824219
-72.5302963256836
-91.39824676513672
-91.45072937011719
-71.94317626953125
-88.32659149169922
-88.44849395751953
-94.33182525634766
-81.2789077758789
-73.04100799560547
-87.40318298339844
-74.10063934326172
-93.94178771972656
-61.32041549682617
-85.55709075927734
-98.08777618408203
-98.38603210449219
-91.9787368774414
-81.6051254272461
-95.34387969970703
-92.7496109008789
-68.56218719482422
-85.04914855957031
-86.68216705322266
-87.47051239013672
-84.29187774658203
-78.02359008789062
-96.86432647705078
-103.89056396484375
-72.52816009521484
-87.39918518066406
-107.61964416503906
-85.3614501953125
-75.76376342773438
-70.72215270996094
-80.227783203125
-108.77606964111328
-89.71985626220703
-87.07559967041016
-67.26629638671875
-63.9728889465332
-94.69116973876953
-48.28818893432617
-95.13850402832031
-69.87090301513672
-80.55673217773438
-93.20207214355469
-90.14472198486328
-101.47188568115234
-85.99893188476562
-86.37236785888672
-55.53841781616211
-79.38424682617188
-85.95250701904297
-89.710693359375
-79.81891632080078
-71.75772094726562
-77.5214614868164
-80.0301513671875
-78.13980102539062
-110.28498840332031
-86.1117935180664
-81.69293975830078
-101.61589050292969
-87.20840454101562
-64.27395629882812
-76.38641357421875
-68.16857147216797
-101.55022430419922
-79.35185241699219
-96.93214416503906
-91.75491333007812
-73.54362487792969
-80.50367736816406
-83.41873931884766
-76.88390350341797
-81.5035629272461
-70.19233703613281
-82.63755798339844
-50.42342758178711
-69.11402130126953
-82.82469940185547
-78.26010131835938
-70.12374114990234
-86.44076538085938
-86.09204864501953
-74.2514877319336
-74.57221984863281
-80.85653686523438
-84.08182525634766
-84.20767211914062
-69.97684478759766
-75.17134094238281
-93.02778625488281
-57.832008361816406
-78.48580169677734
-72.87273406982422
-84.85415649414062
-68.55060577392578
-67.47838592529297
-77.57404327392578
-79.2120590209961
-59.040748596191406
-67.48016357421875
-73.89730834960938
-70.74038696289062
-70.54531860351562
-70.5478515625
-43.300235748291016
-85.69849395751953
-58.56212615966797
-64.601318359375
-74.85149383544922
-90.65271759033203
-51.36825180053711
-69.17428588867188
-80.39555358886719
-76.68790435791016
-69.89934539794922
-66.56229400634766
-37.76346206665039
-59.844024658203125
-58.902862548828125
-75.10334014892578
-47.62025451660156
-62.824527740478516
-57.934593200683594
-63.04756546020508
-55.06641387939453
-36.19504928588867
-64.72318267822266
-57.69346618652344
-78.18749237060547
-62.86146926879883
-66.92645263671875
-56.97901153564453
-63.22126388549805
-57.8522834777832
-56.24447250366211
-67.77018737792969
-61.53763198852539
-38.00664138793945
-54.21132278442383
-58.58282470703125
-75.69103240966797
-88.05608367919922
-51.206119537353516
-55.03919219970703
-50.273406982421875
-51.704017639160156
-74.85801696777344
-63.448890686035156
-64.2489013671875
-71.67471313476562
-59.28123092651367
-59.178043365478516
-73.73707580566406
-49.48069381713867
-51.23628616333008
-53.76551818847656
-68.9966049194336
-71.54228973388672
-54.69287872314453
-57.709197998046875
-72.38687133789062
-39.98676300048828
-74.79959869384766
-45.44959259033203
-58.85607147216797
-70.31690979003906
-63.44412612915039
-66.22724151611328
-76.20514678955078
-99.71946716308594
-61.70682144165039
-55.78093338012695
-70.10233306884766
-42.39409637451172
-39.73844909667969
-50.87586975097656
-50.736934661865234
-52.08133316040039
-74.45360565185547
-82.82230377197266
-45.85755920410156
-47.882598876953125
-78.00978088378906
-38.81281280517578
-74.93157958984375
-70.33869171142578
-54.47588348388672
-43.44822692871094
-76.78478240966797
-70.02738952636719
-51.85192108154297
-60.09211349487305
-52.61009979248047
-35.88179016113281
-61.30640411376953
-74.4017333984375
-33.52039337158203
-44.174522399902344
-73.50374603271484
-68.39044952392578
-60.35917663574219
-46.19337844848633
-46.22079086303711
-45.66796112060547
-50.966915130615234
-51.45877456665039
-55.66323471069336
-31.931062698364258
-79.87789154052734
-67.6102066040039
-73.61903381347656
-54.386802673339844
-49.314231872558594
-63.63829040527344
-29.913984298706055
-37.47962188720703
-69.7080078125
-56.50320816040039
-45.64677429199219
-31.60259246826172
-34.16640853881836
-52.07432556152344
-50.9277229309082
-62.87663269042969
-32.81105041503906
-50.16757583618164
-47.29497528076172
-52.58511734008789
-40.83489990234375
-46.70329284667969
-51.851646423339844
-58.570037841796875
-41.85365295410156
-29.653404235839844
-44.83736801147461
-50.09442901611328
-33.71236801147461
-53.08812713623047
-42.75387191772461
-39.179100036621094
-18.16206169128418
-38.14927673339844
-51.899192810058594
-53.22953796386719
-37.468902587890625
-37.02870178222656
-51.69134521484375
-43.370121002197266
-58.40399932861328
-50.54292297363281
-49.70390319824219
-71.76998901367188
-59.66206741333008
-45.11545944213867
-56.87261199951172
-70.81744384765625
-62.42658996582031
-65.65957641601562
-66.908447265625
-23.225873947143555
-69.54682922363281
-72.74961853027344
-26.324621200561523
-37.47169876098633
-33.645050048828125
-36.396854400634766
-75.3279800415039
-52.1904411315918
-40.02730178833008
-60.51991271972656
-30.765764236450195
-34.65134811401367
-39.841888427734375
-40.01095962524414
-39.93640899658203
-35.50157928466797
-48.3454475402832
-39.86962127685547
-34.13543701171875
-48.27669906616211
-38.39002227783203
-52.28239822387695
-52.632747650146484
-31.4455623626709
-48.9468879699707
-50.854610443115234
-36.098777770996094
-47.141754150390625
-49.370147705078125
-59.39196014404297
-41.99014663696289
-32.75298309326172
-37.40763854980469
-48.88859558105469
-47.49238967895508
-40.3299446105957
-41.63434600830078
-36.83582305908203
-50.820281982421875
-64.17904663085938
-42.52403259277344
-58.22646713256836
-67.91757202148438
-45.70903015136719
-30.15771484375
-38.9597282409668
-33.97801971435547
-40.22101593017578
-59.37427520751953
-24.38359832763672
-26.061269760131836
-57.82677459716797
-20.94976806640625
-39.4799919128418
-54.03437042236328
-30.883426666259766
-21.20638084411621
-30.600454330444336
-18.5662899017334
-16.508506774902344
-53.78892135620117
-47.16686248779297
-27.7947998046875
-38.6286735534668
-41.07387161254883
-24.05862045288086
-27.594512939453125
-41.77775573730469
-51.86642074584961
-30.361942291259766
-44.2920036315918
-41.5439567565918
-26.812950134277344
-21.387685775756836
-33.55141830444336
-44.07325744628906
-63.59926986694336
-17.48406219482422
-26.46608543395996
-27.123010635375977
-36.104034423828125
-67.46222686767578
-22.542280197143555
-29.56240463256836
-19.454849243164062
-47.19568634033203
-23.047574996948242
-38.0804443359375
-73.03111267089844
-47.24203109741211
-44.30427551269531
-31.486238479614258
-40.0703239440918
-31.932754516601562
-29.29963493347168
-22.1721248626709
-43.39398956298828
-39.149009704589844
-31.856042861938477
-41.28489685058594
-24.671937942504883
-20.496755599975586
-38.51534652709961
-23.40060806274414
-46.59727478027344
-7.604483127593994
-40.43550491333008
-51.01331329345703
-22.745737075805664
-34.53189468383789
-35.07463073730469
-31.264345169067383
-40.05591583251953
-14.53443717956543
-8.022831916809082
-43.570735931396484
-47.103450775146484
-25.659042358398438
-7.060720920562744
-44.52262496948242
-24.281885147094727
-34.85227966308594
-34.148109436035156
-38.89371109008789
-39.39339828491211
-23.847564697265625
-39.89624786376953
-42.39274597167969
-34.31361770629883
-45.02537155151367
-21.548532485961914
-37.469173431396484
-19.1337890625
-39.820594787597656
-37.158447265625
-23.765329360961914
3.219697952270508
-24.493154525756836
-36.6093635559082
-36.59051513671875
-30.358871459960938
-31.001327514648438
-25.646087646484375
6.845160484313965
-25.872468948364258
-21.197751998901367
-34.913917541503906
-32.142799377441406
-11.125664710998535
-45.67353057861328
-13.35054874420166
-61.89002227783203
-37.314414978027344
-52.39066696166992
-35.68656921386719
-30.646347045898438
-39.131256103515625
-19.11166000366211
-24.876197814941406
-42.13178634643555
-41.300201416015625
-41.27182388305664
-32.375732421875
-28.38518524169922
-39.51321792602539
-32.45523452758789
-38.681270599365234
-34.05006790161133
-0.6485438942909241
-35.438262939453125
-17.775312423706055
-23.501604080200195
-45.2813835144043
-27.294099807739258
-69.2138900756836
-23.896556854248047
-29.517742156982422
-52.57271194458008
-27.610822677612305
-24.2989444732666
-2.446398973464966
-14.82050609588623
-24.264053344726562
-14.566781044006348
-18.667278289794922
-14.856122016906738
-40.519187927246094
-30.201223373413086
-43.912254333496094
-23.332374572753906
-24.615779876708984
-13.806699752807617
-23.41590118408203
-29.73427391052246
-32.61591339111328
-28.026716232299805
-20.152729034423828
-2.3008382320404053
-27.552532196044922
-21.890239715576172
-22.430442810058594
-27.595802307128906
-27.424104690551758
-31.844619750976562
-17.64459800720215
-26.750160217285156
-26.866973876953125
-17.066669464111328
-17.385208129882812
-19.795621871948242
-19.204875946044922
-23.578285217285156
-24.828330993652344
-36.7662353515625
-16.608768463134766
-45.930625915527344
-13.696243286132812
-11.571489334106445
-30.840232849121094
-41.35575485229492
-33.97451400756836
-22.536664962768555
-18.918373107910156
-33.29970932006836
-21.137243270874023
-7.774811744689941
-20.06719970703125
9.862106323242188
-16.888376235961914
-40.75574493408203
-17.718303680419922
-23.643306732177734
-10.357585906982422
-40.01542663574219
-13.297774314880371
-9.834294319152832
-29.46428680419922
-9.815400123596191
-50.814613342285156
-15.423371315002441
-32.860137939453125
-36.35362243652344
-16.257949829101562
-40.67798614501953
-41.07961654663086
7.140379428863525
-26.00444793701172
-21.471242904663086
-15.770854949951172
-37.490169525146484
-13.129494667053223
-25.98598289489746
-23.28519058227539
-35.001182556152344
-29.034584045410156
-17.570871353149414
-35.530574798583984
-0.2093147486448288
-33.89668655395508
-23.559600830078125
-17.217130661010742
-13.489039421081543
-24.46328353881836
-21.949445724487305
-12.804096221923828
-19.440265655517578
-9.689217567443848
-23.01093864440918
-11.943479537963867
-39.688323974609375
-16.315040588378906
12.44632339477539
0.0297904834151268
-18.274375915527344
-27.370168685913086
-25.870784759521484
-17.075035095214844
-16.10474395751953
-23.81232452392578
-7.416444301605225
5.925492763519287
-20.439807891845703
4.397762298583984
-16.27354621887207
-23.959291458129883
-4.56194543838501
-44.44841384887695
-9.365744590759277
-3.1293938159942627
-9.18371295928955
-26.78998565673828
8.144038200378418
-32.227542877197266
0.3761313855648041
-20.016525268554688
-17.139638900756836
2.5683062076568604
-10.023944854736328
-19.960941314697266
-11.616556167602539
-17.575490951538086
-13.749320983886719
-47.32011795043945
-11.661015510559082
-0.4074823260307312
-9.951468467712402
-2.680448293685913
-21.931499481201172
-23.489299774169922
-56.5534553527832
-44.132667541503906
-2.1995792388916016
-21.496435165405273
-5.12876558303833
-22.760780334472656
14.230510711669922
-35.5350456237793
-13.458721160888672
-35.31476974487305
-6.570846080780029
21.636465072631836
-12.825091361999512
-9.756893157958984
-9.27182388305664
-26.630088806152344
-32.78456115722656
-41.87681198120117
-12.103310585021973
-2.7061843872070312
-22.210758209228516
2.9192380905151367
-1.9501349925994873
-11.768499374389648
-28.558195114135742
-9.178934097290039
-9.470771789550781
-2.2665629386901855
11.740134239196777
-23.116289138793945
20.032161712646484
-16.842884063720703
0.8072612285614014
-25.801523208618164
-5.03651237487793
-16.457984924316406
-31.425580978393555
-9.37035846710205
-11.846435546875
-1.059861660003662
-7.647310733795166
2.635892629623413
11.13576889038086
6.361154556274414
-22.33759880065918
-1.8757562637329102
3.5380640029907227
-4.734414577484131
-3.8344991207122803
-11.925853729248047
-25.272438049316406
-14.70797348022461
-2.0324130058288574
0.7580621838569641
2.779956817626953
-41.16874313354492
16.682594299316406
-6.205336570739746
15.130108833312988
-9.066183090209961
-10.191121101379395
-31.556697845458984
-32.078330993652344
-1.44233238697052
-2.6754977703094482
-28.512447357177734
-29.08329963684082
9.310081481933594
17.224376678466797
-6.063212871551514
-5.8106818199157715
-5.448988914489746
-6.579015731811523
-2.292360544204712
-6.238314628601074
-8.209674835205078
-18.487083435058594
15.655904769897461
-5.199213981628418
14.405288696289062
3.538261890411377
-9.813692092895508
-22.502559661865234
-16.817975997924805
-5.298780918121338
6.690123558044434
-4.781473636627197
1.7736667394638062
-17.179481506347656
-36.21925354003906
-17.632991790771484
4.799715518951416
-14.860122680664062
-0.2889030873775482
-15.93946647644043
0.8448953628540039
2.905552625656128
-1.8472012281417847
-29.55276107788086
5.771096229553223
-10.116595268249512
-18.188430786132812
-15.589387893676758
8.071417808532715
-6.893209934234619
-9.122373580932617
-7.887879848480225
0.008024541661143303
-11.707449913024902
-2.0321481227874756
-15.0807466506958
-9.598390579223633
-4.319798469543457
-14.42904281616211
-8.156909942626953
-6.517521381378174
-4.877419948577881
0.29228341579437256
-3.059447765350342
19.604114532470703
-23.28404426574707
-1.1885607242584229
3.7818968296051025
-4.636941909790039
-6.315730571746826
-9.083749771118164
-3.5630784034729004
-5.279700756072998
10.117401123046875
-11.22421646118164
-13.093209266662598
-24.351900100708008
-19.679601669311523
-15.436430931091309
-16.17087745666504
1.4953174591064453
-12.456470489501953
-19.904296875
-0.4379713535308838
-19.85409164428711
2.1771159172058105
32.85712432861328
-5.735707759857178
-27.202800750732422
-12.554597854614258
-21.998512268066406
-11.70401668548584
-3.9245877265930176
-23.387779235839844
4.200267314910889
-34.32614517211914
-16.095245361328125
-0.9985473155975342
9.866318702697754
-1.0338420867919922
-9.668217658996582
-25.241958618164062
-15.972796440124512
-8.42910385131836
-11.091751098632812
-16.21368408203125
11.900010108947754
-21.429033279418945
0.5394908785820007
-8.038646697998047
-7.49198055267334
8.049311637878418
-25.922178268432617
5.491523742675781
-28.42365837097168
-5.6963276863098145
-8.957777976989746
-11.781935691833496
-22.653221130371094
22.60991668701172
0.3862677216529846
-16.7426815032959
12.75798225402832
13.270796775817871
12.503093719482422
-18.621232986450195
-7.531111717224121
-27.96100616455078
-32.799591064453125
-4.1762824058532715
0.21756911277770996
-7.011812686920166
-26.516437530517578
-23.382266998291016
-14.3225736618042
-14.741422653198242
-3.3732948303222656
-12.070083618164062
-15.851127624511719
12.661554336547852
-3.3365795612335205
15.253813743591309
-4.398923397064209
-1.5391976833343506
14.524161338806152
-46.2065544128418
-42.63678741455078
1.9900436401367188
-13.608257293701172
-28.282283782958984
-9.352126121520996
-18.259784698486328
-7.03956413269043
-22.188650131225586
-12.238641738891602
-18.371694564819336
-18.420896530151367
-9.029021263122559
-9.01816463470459
-8.25889778137207
0.902015209197998
-13.793489456176758
-1.8805279731750488
2.003131866455078
-34.48722839355469
-16.560842514038086
0.868103563785553
1.1978468894958496
-12.254006385803223
-9.472633361816406
-13.490204811096191
-27.802865982055664
-7.311076641082764
5.348258018493652
-15.38623046875
4.910501480102539
4.837421894073486
-26.34067726135254
-20.278961181640625
-12.446296691894531
-3.427541494369507
0.08320321142673492
6.872035503387451
-21.45672035217285
-19.650115966796875
-4.981922626495361
-12.021158218383789
-6.718362331390381
-19.890525817871094
-7.347275257110596
16.8847713470459
0.3075396418571472
-4.267875671386719
-6.047222137451172
-18.997005462646484
2.2078194618225098
3.1624536514282227
4.020445823669434
-17.532283782958984
-13.115673065185547
-2.186764717102051
-14.739239692687988
-24.114730834960938
2.393782138824463
-13.974414825439453
-26.073671340942383
-12.320280075073242
-13.341778755187988
17.44430160522461
-20.14372444152832
24.067609786987305
11.482369422912598
13.15389633178711
6.834963321685791
0.3833077847957611
-11.733257293701172
-1.1855136156082153
-17.181602478027344
-13.32373332977295
-22.92088508605957
-13.31973934173584
-18.930416107177734
-2.4220263957977295
1.7301074266433716
-7.3684186935424805
-16.006107330322266
-19.340044021606445
6.800639629364014
8.027155876159668
-2.7290186882019043
-7.351119518280029
-2.6036643981933594
-26.68691635131836
-3.8883068561553955
7.58890438079834
-22.050628662109375
9.635406494140625
-7.41229248046875
15.279949188232422
1.745267391204834
-14.508010864257812
-16.92076873779297
-21.041471481323242
-40.11653518676758
-27.606975555419922
-23.32609748840332
-9.998356819152832
-34.51967239379883
-12.83358097076416
-36.10194778442383
7.236356258392334
6.65215539932251
-11.78477668762207
3.361992120742798
-31.080280303955078
-11.014450073242188
-28.409027099609375
-3.640047788619995
-17.313581466674805
0.5485861897468567
-16.6751708984375
2.9101808071136475
-9.594429969787598
-6.506221294403076
-23.36849594116211
-11.553729057312012
-4.179856777191162
-16.991153717041016
-21.69939422607422
3.1205687522888184
-21.869558334350586
-16.121017456054688
-1.4580779075622559
-37.043190002441406
-5.909465789794922
-14.337851524353027
-5.108853816986084
-35.471778869628906
14.584620475769043
0.5198173522949219
1.9234042167663574
-20.932973861694336
-39.10800552368164
-13.803289413452148
-8.165312767028809
4.007701396942139
-8.3272066116333
-2.0281388759613037
-1.688516616821289
-36.52493667602539
-5.995635509490967
-13.594864845275879
-19.980985641479492
-6.738753795623779
-4.984228134155273
24.078113555908203
-12.81631088256836
-12.091940879821777
-1.382645606994629
-23.693758010864258
19.4613094329834
-12.250068664550781
-9.131378173828125
15.434443473815918
5.873828411102295
-12.118059158325195
-13.337387084960938
-23.460933685302734
-20.013248443603516
-14.496305465698242
-9.923887252807617
0.5561898350715637
-25.243301391601562
5.838569641113281
-21.952444076538086
-2.521507501602173
-30.055864334106445
10.425272941589355
2.3360166549682617
-1.857474684715271
-11.715747833251953
-18.252878189086914
-4.653244972229004
-28.095420837402344
15.215015411376953
-20.259605407714844
10.228992462158203
2.2141780853271484
-13.455021858215332
-19.470212936401367
-17.30938720703125
-9.356765747070312
-10.140298843383789
-8.218056678771973
-18.15159034729004
-8.519881248474121
-11.68634033203125
-4.865441799163818
3.7581639289855957
-9.376375198364258
-19.574718475341797
-13.82293701171875
-5.295753479003906
-27.613859176635742
-7.3125386238098145
-7.2828803062438965
-18.663850784301758
-2.732914924621582
-9.769932746887207
3.973329782485962
-10.48110294342041
-11.017650604248047
-19.711103439331055
7.187690734863281
-9.180557250976562
-32.060340881347656
-0.6177129149436951
-6.629212856292725
7.262701034545898
-2.350371837615967
16.544692993164062
-5.644284725189209
6.3452043533325195
-4.26629638671875
-16.62228012084961
-24.920372009277344
-9.395854949951172
-16.317276000976562
-7.0939717292785645
4.168358325958252
-3.4638254642486572
-17.26169776916504
0.4773736894130707
16.309139251708984
-22.33395767211914
4.187952041625977
-0.465008944272995
8.312119483947754
-9.168130874633789
-8.0335693359375
6.184838771820068
-17.010087966918945
-5.723613262176514
-11.272910118103027
-27.473329544067383
2.4310712814331055
14.4934720993042
-8.121410369873047
-4.670450210571289
-0.7538202404975891
8.183175086975098
0.6380215287208557
-22.779382705688477
34.45170974731445
3.0170915126800537
-1.1602262258529663
-11.261194229125977
6.850502014160156
-23.579038619995117
-5.9423723220825195
-22.423425674438477
-25.799135208129883
-1.8265573978424072
-6.716465473175049
-14.170853614807129
-41.56374740600586
-11.070713996887207
-7.5639214515686035
2.8616838455200195
-16.28384017944336
-8.104361534118652
10.954296112060547
-16.638248443603516
-23.232311248779297
12.751619338989258
-14.307944297790527
-1.6131418943405151
-0.3003333806991577
24.716594696044922
20.19975471496582
3.7638139724731445
3.5985445976257324
10.098275184631348
-21.054140090942383
1.4445430040359497
-16.29857635498047
-15.485604286193848
-14.545794486999512
-1.2850944995880127
2.3835537433624268
-41.6792106628418
-13.77255630493164
-10.927759170532227
-5.5169806480407715
-0.5181902647018433
17.642332077026367
-11.609453201293945
13.953849792480469
3.6300644874572754
-19.233352661132812
-8.62556266784668
-28.526473999023438
15.977056503295898
2.5702853202819824
-13.593391418457031
-2.0201878547668457
8.320327758789062
17.747636795043945
1.2578965425491333
5.9815497398376465
-19.33561134338379
-17.05145835876465
13.010941505432129
-11.79624080657959
-10.073247909545898
-21.23213005065918
-1.7635613679885864
7.726189613342285
-31.116168975830078
6.66956901550293
-9.717280387878418
0.47272083163261414
4.702483177185059
3.1740529537200928
-23.900108337402344
19.361066818237305
-20.933998107910156
-4.197353363037109
-6.622583389282227
24.573040008544922
10.157451629638672
19.725143432617188
-11.935477256774902
0.5076866149902344
16.3153018951416
-26.7375545501709
19.091642379760742
-10.995328903198242
-12.646439552307129
15.256002426147461
-6.4200968742370605
9.976204872131348
-6.850961208343506
6.084159851074219
-26.893741607666016
-8.942843437194824
8.197992324829102
2.622037887573242
-6.044670104980469
-26.708518981933594
1.095007061958313
10.868773460388184
-9.69792652130127
18.62502098083496
21.93653678894043
-2.3880021572113037
10.27635669708252
-16.997955322265625
2.1617960929870605
7.9503607749938965
-12.396524429321289
-4.832395076751709
-3.194282054901123
11.849664688110352
18.497819900512695
14.543251991271973
-6.844698905944824
-22.322721481323242
-18.06821060180664
-9.135397911071777
3.8947739601135254
-12.709345817565918
11.828920364379883
-21.585853576660156
-24.987262725830078
6.440103530883789
-22.550132751464844
-12.860820770263672
-17.12672996520996
-10.054671287536621
-8.824647903442383
-1.986898422241211
-26.892051696777344
6.679283142089844
-6.1330389976501465
-12.460655212402344
6.02812385559082
11.354326248168945
5.990947246551514
-0.46236932277679443
-3.943068265914917
0.883408784866333
18.54076385498047
2.7051374912261963
3.9143550395965576
-33.78352355957031
-4.367279529571533
15.815185546875
-24.220109939575195
-45.08021926879883
-10.302802085876465
-19.065872192382812
8.933049201965332
11.968148231506348
-14.343729019165039
-5.628537654876709
-44.36883544921875
11.816813468933105
-26.017263412475586
-26.404573440551758
6.328038692474365
-8.654669761657715
-29.030744552612305
2.1061902046203613
-24.65739631652832
-23.52621841430664
1.3181040287017822
-12.559476852416992
8.920846939086914
-7.612401962280273
-8.32102108001709
-10.229580879211426
-4.357185363769531
-21.036611557006836
-9.510605812072754
-25.551895141601562
5.550468921661377
-10.650795936584473
19.084781646728516
8.625466346740723
-6.8818182945251465
6.487617492675781
-8.893481254577637
-8.560720443725586
11.6900053024292
-20.100637435913086
3.984159231185913
11.869824409484863
-13.00395393371582
4.1385931968688965
-12.550410270690918
-10.468253135681152
-26.662113189697266
-19.257732391357422
-16.691856384277344
-3.5705127716064453
18.604461669921875
25.65180778503418
-9.678326606750488
12.354338645935059
2.568681001663208
-6.068828105926514
-41.049259185791016
-2.0678656101226807
-11.512428283691406
-9.226834297180176
11.811612129211426
2.9414873123168945
16.020221710205078
-25.565366744995117
-9.435229301452637
-5.090877532958984
-3.9490654468536377
43.744083404541016
-9.007547378540039
13.598909378051758
-28.83820343017578
-5.517331600189209
0.8835507035255432
7.812455177307129
15.267854690551758
-5.089780330657959
-28.9282169342041
-5.879609107971191
-9.217626571655273
-5.62873649597168
7.769786357879639
-36.59623718261719
-6.4411940574646
-18.494165420532227
3.926361083984375
-3.4649174213409424
19.755237579345703
-5.913851261138916
12.73854923248291
-2.75933837890625
-2.3626596927642822
-26.330045700073242
-20.945247650146484
19.093650817871094
-5.234067440032959
-11.757926940917969
-5.1844611167907715
0.3337692320346832
-14.30337905883789
-18.435638427734375
2.145585775375366
27.236520767211914
-11.606549263000488
-12.434772491455078
17.33201026916504
-15.460230827331543
5.942752838134766
-4.73364782333374
-3.9209794998168945
-28.216915130615234
-8.384249687194824
-1.0000388622283936
13.59228515625
-0.6184350252151489
-1.6866309642791748
6.813891887664795
26.10397720336914
-17.277545928955078
2.5508615970611572
-9.715716361999512
-23.16501235961914
8.082771301269531
8.442670822143555
-4.946699142456055
0.4765358865261078
16.529157638549805
0.9523244500160217
-0.9311931133270264
-2.8455231189727783
-19.20123291015625
-14.183672904968262
-17.52998161315918
-9.512884140014648
-4.6409478187561035
0.5112581253051758
-9.378849983215332
-2.1635749340057373
-9.654851913452148
6.7601704597473145
-9.220890998840332
-28.857894897460938
4.395230770111084
-14.495162010192871
9.326040267944336
-36.15776824951172
-31.662002563476562
-8.914398193359375
-3.9172070026397705
4.983676910400391
-7.678108215332031
-6.4083027839660645
7.899574279785156
-3.62992787361145
-14.63644027709961
4.994436264038086
17.726829528808594
0.6964395046234131
-5.955636978149414
-9.075115203857422
6.445145606994629
2.639852523803711
0.19238246977329254
10.929707527160645
7.275509834289551
-16.403167724609375
-24.910093307495117
-13.431154251098633
3.6877353191375732
21.859628677368164
-13.253267288208008
-0.5318172574043274
-13.626778602600098
-11.090267181396484
4.552296161651611
-5.080399036407471
4.789259910583496
-5.08060359954834
-8.823908805847168
22.699039459228516
-9.753477096557617
23.163511276245117
-40.03743362426758
-25.609561920166016
1.3806989192962646
-6.530282974243164
-14.824972152709961
-0.6037147641181946
-0.9362437725067139
2.9153635501861572
9.168477058410645
-27.843616485595703
-4.788639545440674
32.58086013793945
-11.250941276550293
4.5579681396484375
5.234237194061279
6.7100653648376465
-12.515630722045898
-0.4810851812362671
-21.300947189331055
10.018312454223633
0.4251457750797272
-15.191361427307129
6.33152437210083
4.23991060256958
-0.11233668029308319
-7.490589618682861
6.3712544441223145
0.9504725933074951
5.801994323730469
-22.27641487121582
-30.250946044921875
-15.168360710144043
11.840292930603027
9.973552703857422
-17.514854431152344
-23.1766300201416
-26.622695922851562
3.5325124263763428
4.742203235626221
1.3513587713241577
-23.164155960083008
-9.715750694274902
24.29421615600586
-22.446083068847656
-27.02546501159668
14.290033340454102
-0.9091428518295288
-18.727256774902344
11.105462074279785
-2.9422595500946045
8.687063217163086
10.818300247192383
-8.882429122924805
3.4131112098693848
-8.961188316345215
6.617221832275391
-4.422997951507568
4.498074054718018
-6.533008098602295
-10.172490119934082
1.4626984596252441
9.322688102722168
-33.185264587402344
-8.434271812438965
-5.851912021636963
2.704979419708252
-3.0789122581481934
-24.32778549194336
-15.543780326843262
5.992847919464111
5.418432235717773
-10.953031539916992
-20.06817054748535
12.416693687438965
6.600265979766846
13.764979362487793
-6.230794429779053
5.70266580581665
21.69643783569336
14.079842567443848
-13.044698715209961
4.285399436950684
0.018496721982955933
-14.830324172973633
7.438496112823486
17.343381881713867
-1.1400372982025146
36.73124313354492
-16.106067657470703
-0.038741279393434525
-14.83880615234375
5.611268043518066
-5.667250633239746
-11.679390907287598
-27.790889739990234
-26.920690536499023
-0.8484838604927063
15.628412246704102
1.17746102809906
-5.180239200592041
15.362241744995117
-10.429892539978027
1.9352422952651978
-11.718868255615234
-6.3726420402526855
-5.117427825927734
-20.707626342773438
-4.632474422454834
1.0822539329528809
-33.36100769042969
38.26506042480469
-20.306575775146484
-5.095944404602051
10.824641227722168
-4.430622100830078
24.886690139770508
-22.522647857666016
-12.649019241333008
-25.388147354125977
13.69328498840332
8.807506561279297
3.189124584197998
-15.149226188659668
-2.6990723609924316
-23.842464447021484
5.985332012176514
-3.2815968990325928
-4.7252092361450195
-0.7002208232879639
-8.128252983093262
-18.606155395507812
6.8446149826049805
25.46445655822754
27.040098190307617
-17.248193740844727
19.086008071899414
-1.420403242111206
-13.005691528320312
-17.848857879638672
-13.580061912536621
-3.7971153259277344
10.94620132446289
-18.079370498657227
-1.0061885118484497
18.173757553100586
-6.532725811004639
-13.404478073120117
4.675356388092041
2.771320104598999
16.205087661743164
19.50585174560547
-8.898015022277832
9.633685111999512
-24.516189575195312
13.646240234375
14.45882511138916
15.622757911682129
-12.780840873718262
22.119340896606445
-2.808269500732422
-30.9741153717041
3.771484375
8.16232681274414
-1.4711588621139526
-0.6189387440681458
-15.35972785949707
-21.604537963867188
2.1926333904266357
-3.1609761714935303
-5.442176818847656
11.416664123535156
3.1031558513641357
1.0673259496688843
12.08714485168457
-6.9752116203308105
17.16136360168457
5.7322258949279785
18.619815826416016
-14.66453742980957
-2.61622953414917
-7.950779438018799
-13.089982032775879
-22.6998291015625
11.922240257263184
5.775583267211914
-11.347892761230469
27.053604125976562
-14.273392677307129
-0.5978695750236511
-15.223434448242188
-12.731853485107422
2.2734155654907227
14.29916000366211
-6.166633605957031
-4.085013389587402
15.782011032104492
-4.696524143218994
7.348542213439941
7.197587966918945
5.878022193908691
-17.417179107666016
1.8561480045318604
31.175384521484375
5.103857040405273
-0.970687985420227
-20.77466583251953
-11.951488494873047
-16.361949920654297
-18.763729095458984
-0.25643762946128845
-9.983818054199219
6.539498805999756
9.678030967712402
26.615150451660156
-19.888999938964844
12.544008255004883
0.05865345522761345
1.1759752035140991
2.0452654361724854
-1.1360901594161987
-6.8840460777282715
-10.377887725830078
4.268552780151367
39.912757873535156
5.49479341506958
-0.9736557006835938
-3.4292728900909424
13.1278076171875
-18.486616134643555
-6.983822822570801
9.411674499511719
-12.64226245880127
-8.064547538757324
7.849335670471191
14.51406192779541
-5.384016990661621
-25.813291549682617
-1.8171652555465698
9.806191444396973
14.329777717590332
-4.23992919921875
-12.9666166305542
-3.83895206451416
1.349069595336914
-8.424447059631348
9.214486122131348
-26.566125869750977
1.6578449010849
15.734732627868652
-5.656254291534424
-8.295587539672852
17.65414810180664
-5.692646503448486
-21.751596450805664
-1.7315763235092163
16.280244827270508
-11.357471466064453
-22.771942138671875
-1.4749550819396973
-13.710492134094238
12.274169921875
-40.92118835449219
15.076492309570312
20.69830322265625
-20.210121154785156
-4.970337867736816
4.954010963439941
2.747497081756592
1.1653804779052734
16.770957946777344
-16.588886260986328
5.1477370262146
-23.760190963745117
36.49004364013672
12.055903434753418
-14.163505554199219
-21.99025535583496
-6.696457386016846
12.948393821716309
0.5097609758377075
17.591230392456055
-9.560564994812012
6.6581950187683105
-5.089152812957764
-1.0827176570892334
14.16603946685791
-4.004852771759033
-4.247159004211426
-23.37342071533203
11.148727416992188
10.382192611694336
1.2479344606399536
3.5373003482818604
-1.5652687549591064
20.306703567504883
-25.879493713378906
-21.97150421142578
14.161823272705078
2.155301809310913
-6.162542343139648
6.026841640472412
11.313227653503418
-11.817185401916504
-28.0666446685791
-13.507830619812012
1.0320775508880615
9.931529998779297
12.98636245727539
4.581254482269287
14.95531177520752
5.6825947761535645
-25.738189697265625
14.52305793762207
2.893132448196411
20.214387893676758
-13.663951873779297
6.0835700035095215
-34.884422302246094
4.228994369506836
-25.24330711364746
-7.964043617248535
17.284278869628906
-5.557982444763184
-13.0535306930542
12.071015357971191
-14.986590385437012
-5.708480358123779
-5.493309020996094
10.264328002929688
-0.2550410330295563
-17.57552719116211
-0.5944098234176636
3.3126492500305176
-17.840585708618164
-9.694663047790527
-11.376424789428711
1.1404579877853394
-8.822916030883789
26.913585662841797
-25.495967864990234
-0.3179599940776825
-21.51308822631836
-15.491331100463867
-7.7345290184021
0.185647651553154
-6.5731329917907715
-13.00633430480957
-15.242436408996582
-25.131744384765625
-2.6409904956817627
6.740586280822754
2.633338451385498
-1.8800824880599976
0.2671562433242798
-10.114209175109863
-13.24948787689209
11.740382194519043
-12.933349609375
-23.203224182128906
9.370234489440918
4.597846508026123
26.133630752563477
16.89729118347168
-1.6560028791427612
5.152356147766113
3.699740171432495
-7.83454704284668
15.869636535644531
5.890986442565918
12.415023803710938
5.1377129554748535
-9.209817886352539
-10.443268775939941
-10.571900367736816
3.4549167156219482
2.2181804180145264
14.86944580078125
13.901881217956543
-3.319246530532837
-2.6438214778900146
-8.862354278564453
-16.534664154052734
-14.187763214111328
-26.387176513671875
2.884350299835205
-7.3838582038879395
1.7984675168991089
10.989767074584961
-9.6995210647583
5.802672386169434
-19.131399154663086
12.597921371459961
25.416927337646484
10.37313461303711
-11.668187141418457
5.631075382232666
-15.497407913208008
-2.5306732654571533
-14.578509330749512
-6.9317402839660645
2.423499345779419
-11.179914474487305
-17.080507278442383
-0.09664472937583923
4.906533241271973
0.5537889003753662
13.991205215454102
-24.45157241821289
-19.47191047668457
-9.182964324951172
24.662710189819336
-6.547776222229004
18.776838302612305
-20.451086044311523
-14.36850643157959
-1.0127328634262085
-5.910315990447998
9.629752159118652
-9.51304817199707
22.911815643310547
-0.3933994472026825
17.726688385009766
9.395196914672852
-4.592865467071533
6.40688419342041
13.692594528198242
6.8359293937683105
9.76569652557373
-20.15117645263672
-2.0379292964935303
-8.323860168457031
11.584041595458984
-2.846461296081543
-4.258917331695557
6.415884494781494
5.5423903465271
-17.51767921447754
-16.56633186340332
-29.146554946899414
-3.2790751457214355
-18.882568359375
17.365163803100586
23.537216186523438
-7.743178367614746
19.040292739868164
13.080292701721191
-27.68109893798828
15.186053276062012
22.214031219482422
-0.23070798814296722
10.068665504455566
15.370861053466797
4.300858974456787
8.645986557006836
-25.113040924072266
-25.58781623840332
-19.653249740600586
-34.60715866088867
3.7252845764160156
7.942652225494385
-12.628667831420898
-9.970961570739746
4.526050090789795
3.3866097927093506
19.111303329467773
1.9944171905517578
-23.459535598754883
-5.250090599060059
1.5228731632232666
8.666818618774414
-4.599168300628662
-3.4033150672912598
-5.998737812042236
-29.1895809173584
9.86672306060791
-24.051965713500977
-21.183149337768555
-6.186379909515381
-20.41571044921875
27.857263565063477
8.103397369384766
6.206601619720459
-20.393613815307617
29.368322372436523
1.3284657001495361
-8.482278823852539
-16.170522689819336
11.303685188293457
16.518510818481445
-31.363176345825195
12.034675598144531
6.739078998565674
-39.2322883605957
-19.015419006347656
-0.685676634311676
-8.00052261352539
9.199170112609863
-13.762656211853027
-18.054935455322266
4.318484783172607
-10.903664588928223
19.636356353759766
-4.498645782470703
22.626651763916016
6.20124626159668
-18.159423828125
-0.16452933847904205
18.639841079711914
-20.72988510131836
-13.304068565368652
-7.063850402832031
17.356319427490234
-20.161170959472656
-10.035589218139648
-5.59812068939209
2.0564074516296387
-0.033515673130750656
3.7109174728393555
-17.78352165222168
3.142456531524658
0.46559035778045654
15.66319465637207
-7.7450852394104
13.548372268676758
-4.470763206481934
7.915746212005615
23.012908935546875
-15.717130661010742
-18.542200088500977
-5.953129291534424
4.76780366897583
10.110325813293457
-5.650646686553955
0.499168336391449
-6.1790971755981445
-7.382777690887451
6.731504917144775
-16.821807861328125
-22.654884338378906
-5.751128196716309
4.147590637207031
-1.2862194776535034
2.637495994567871
25.474931716918945
-9.151233673095703
15.6785249710083
4.158685207366943
0.74591463804245
-11.305083274841309
4.906158447265625
36.78182601928711
-17.267948150634766
0.2508106529712677
6.22014856338501
11.229209899902344
-5.180059909820557
22.166536331176758
-6.960949420928955
-1.591373324394226
-28.613582611083984
16.824804306030273
12.373529434204102
16.418907165527344
-34.22753143310547
-9.429835319519043
7.07216215133667
-4.712693691253662
-3.2340312004089355
-3.3671774864196777
-12.659002304077148
9.1818208694458
-16.515216827392578
-19.91556739807129
22.09340476989746
22.210681915283203
24.862539291381836
10.878376960754395
5.730586528778076
-22.799299240112305
-5.9066338539123535
-2.7486789226531982
-8.130928993225098
6.4000959396362305
-6.887110233306885
0.4078480899333954
-4.936460971832275
1.6596800088882446
14.174135208129883
6.6403374671936035
-15.407418251037598
-3.4456536769866943
-39.31673049926758
9.626996994018555
23.02699851989746
-1.2133169174194336
-12.618992805480957
-11.843870162963867
-22.197093963623047
-8.632373809814453
10.905677795410156
-13.946004867553711
-6.666945934295654
12.508964538574219
-6.38114070892334
-0.1409951150417328
13.316417694091797
-4.322427749633789
-17.8576602935791
-0.03776325285434723
-11.673748016357422
9.02712345123291
8.697120666503906
3.09005069732666
0.8178026080131531
-9.846538543701172
5.341733455657959
-8.368902206420898
-23.972999572753906
5.336884498596191
0.42004841566085815
12.461735725402832
11.161405563354492
-4.863020896911621
3.7550547122955322
20.017398834228516
11.551633834838867
4.693696022033691
-1.7573007345199585
-4.742503643035889
0.9905539751052856
17.468276977539062
16.247936248779297
-8.029562950134277
-25.893653869628906
12.756217002868652
11.148699760437012
-17.502120971679688
-23.270193099975586
-7.0841965675354
-3.92321515083313
-20.15795135498047
3.4307801723480225
6.621810436248779
-16.053829193115234
-12.771683692932129
-34.08051681518555
0.6095332503318787
-5.112371444702148
-5.010387897491455
5.976224422454834
-13.926291465759277
-15.61279296875
-5.550795555114746
-18.14141082763672
-13.427376747131348
-3.1509897708892822
7.487515926361084
-6.272172927856445
-1.4806207418441772
35.11613464355469
-2.82680082321167
-11.067829132080078
-7.380710601806641
-23.644004821777344
27.252254486083984
7.169595718383789
-18.011577606201172
34.7580680847168
-17.290245056152344
-29.435392379760742
5.789080619812012
33.31344223022461
-2.6563355922698975
-6.18234920501709
-11.919210433959961
14.776130676269531
-11.997340202331543
1.657091498374939
27.3195743560791
-13.13205623626709
1.8763881921768188
-22.21075439453125
-0.9770668745040894
-6.698582172393799
21.484554290771484
-8.03573989868164
9.018710136413574
10.808555603027344
-18.151214599609375
-21.239187240600586
-6.4251203536987305
1.8276288509368896
-17.52989959716797
20.459259033203125
4.903928756713867
12.446752548217773
-10.124337196350098
5.935851097106934
-2.7015652656555176
-15.43813705444336
22.636903762817383
-5.471789836883545
-0.555772602558136
15.062616348266602
-15.652609825134277
-16.07294464111328
4.696495056152344
18.93386459350586
-5.208266258239746
-0.6320720911026001
1.571302890777588
17.29302215576172
16.734880447387695
3.1524107456207275
-7.735771179199219
-10.150824546813965
-12.515741348266602
-22.66072654724121
-0.15988382697105408
-5.174099922180176
-14.54356575012207
-7.226777076721191
-1.9616650342941284
-13.623102188110352
-1.276206135749817
-8.336783409118652
-26.871578216552734
-2.6274869441986084
10.340324401855469
4.409562110900879
8.017006874084473
10.746269226074219
2.046172857284546
-19.274574279785156
7.17451286315918
-17.594961166381836
-16.05803680419922
13.09814167022705
-15.361391067504883
12.53464412689209
21.9821834564209
-4.67751932144165
12.353262901306152
2.4341893196105957
4.097683429718018
-19.191667556762695
17.75654411315918
-21.737857818603516
-3.326815605163574
10.105591773986816
-13.790461540222168
3.498046875
19.535255432128906
18.918109893798828
10.896062850952148
31.362823486328125
20.434106826782227
-2.8159523010253906
-20.907804489135742
-4.8403496742248535
-4.0229716300964355
-3.009312629699707
6.657105922698975
-23.051334381103516
-2.722843647003174
1.0745915174484253
-27.604158401489258
-29.027034759521484
-26.274450302124023
-4.184068202972412
-25.619667053222656
-6.201423645019531
-2.7879345417022705
14.709525108337402
11.76851749420166
20.776840209960938
-0.042939454317092896
-9.308650016784668
-0.9742371439933777
-11.024900436401367
5.7520880699157715
-11.713875770568848
-10.235898971557617
7.596541404724121
-9.943036079406738
9.637892723083496
-6.4265923500061035
0.6965600848197937
-5.601685523986816
9.654582977294922
-23.822792053222656
-4.874543190002441
13.42685317993164
11.725454330444336
11.21806812286377
-27.374441146850586
15.424714088439941
-0.5040500164031982
-2.0508267879486084
6.756734848022461
18.647207260131836
-4.675836563110352
7.194549560546875
-2.815656900405884
-4.406132221221924
13.22914981842041
11.336430549621582
-1.367819905281067
-20.673418045043945
-26.188053131103516
-4.587040424346924
-3.418581962585449
-22.71923828125
12.973359107971191
10.664060592651367
-12.324666023254395
8.542876243591309
29.909875869750977
16.1605224609375
10.963175773620605
18.184425354003906
2.705547332763672
17.769296646118164
16.866641998291016
11.953310012817383
-4.23749303817749
6.351700305938721
-17.095191955566406
-18.360506057739258
-24.005756378173828
-18.438100814819336
-29.30276107788086
-6.4880452156066895
-12.5606050491333
-0.5056902766227722
-16.265029907226562
-0.2747092545032501
-15.7576904296875
-29.861848831176758
-7.424479961395264
-7.204238414764404
4.820974349975586
7.254883766174316
9.752421379089355
24.898855209350586
17.30863380432129
19.487239837646484
-11.70251178741455
-1.2549464702606201
30.740211486816406
10.885737419128418
28.990934371948242
-2.2217752933502197
9.028448104858398
16.575315475463867
2.2501602172851562
-1.397029995918274
13.510173797607422
-7.3013715744018555
-3.4641237258911133
8.837221145629883
22.489316940307617
14.099274635314941
-0.12326961755752563
-14.542288780212402
-31.243074417114258
8.116222381591797
-24.000579833984375
2.3763561248779297
-20.686805725097656
9.259360313415527
7.415696144104004
0.4325621426105499
-10.820693016052246
9.648812294006348
-4.045705318450928
4.361933708190918
0.6925073862075806
-16.0325984954834
-13.099784851074219
8.696983337402344
-6.26557731628418
-28.915098190307617
-19.243690490722656
9.725829124450684
8.383313179016113
-16.132640838623047
28.18693733215332
-14.18818473815918
-6.966672420501709
16.18651580810547
0.3184829652309418
2.283114433288574
20.135778427124023
15.550870895385742
13.517129898071289
0.46196886897087097
-0.27990251779556274
7.15396785736084
19.097450256347656
-2.0954060554504395
-23.897735595703125
-6.916041851043701
15.592642784118652
-4.127553939819336
1.8817328214645386
19.439367294311523
-17.7446231842041
2.807804584503174
2.7490785121917725
-28.303022384643555
-4.716809272766113
0.8745447397232056
-2.0117056369781494
-17.992265701293945
-3.9308085441589355
8.625357627868652
-7.511960029602051
-4.204840660095215
3.8315951824188232
-26.282352447509766
-9.669513702392578
-2.845388174057007
-14.154264450073242
-7.673067569732666
-3.9604616165161133
25.324153900146484
-26.72499656677246
0.1735156923532486
3.7480592727661133
-8.675111770629883
-1.2094719409942627
-1.5802738666534424
16.751441955566406
6.743836879730225
-20.749168395996094
14.596908569335938
-0.1328321248292923
3.1700079441070557
-11.520516395568848
-13.626199722290039
-4.822093486785889
-14.779549598693848
6.8403215408325195
-3.743720531463623
20.417556762695312
5.934574604034424
-13.22219467163086
3.8345296382904053
-11.930685997009277
-4.648095607757568
6.550662040710449
27.3630313873291
-32.6016960144043
15.713834762573242
11.96400260925293
-20.059539794921875
-5.297494411468506
17.523345947265625
-2.654141426086426
6.284398555755615
-30.62509536743164
21.936824798583984
1.222659945487976
-10.086996078491211
-17.227224349975586
13.980670928955078
-20.17377281188965
1.8587318658828735
0.2724171280860901
-5.978908061981201
-8.241169929504395
13.233562469482422
3.795304775238037
-14.097617149353027
-30.016061782836914
-7.654765605926514
3.8798794746398926
-14.256610870361328
5.605687618255615
-13.478527069091797
-12.215250015258789
11.839166641235352
7.1107964515686035
17.823503494262695
-21.07762908935547
-8.621783256530762
7.749929904937744
26.292747497558594
-11.724818229675293
13.852019309997559
5.310600757598877
3.175954580307007
19.642396926879883
-11.54765510559082
-25.628406524658203
-13.723489761352539
11.689220428466797
8.472369194030762
-7.151093482971191
-0.17280060052871704
-20.440155029296875
17.662263870239258
-10.560047149658203
-17.104660034179688
-21.61518096923828
33.47736740112305
-8.48473072052002
-6.74816370010376
-10.770918846130371
28.603017807006836
-0.26926448941230774
10.832651138305664
18.247718811035156
19.868736267089844
6.453898906707764
11.758438110351562
-4.0250043869018555
3.0409133434295654
8.612760543823242
-20.830177307128906
-16.041975021362305
-0.4732942283153534
-23.02116584777832
-26.97739028930664
17.887741088867188
-4.051494598388672
8.246376991271973
20.742990493774414
-13.31734561920166
-23.695068359375
-13.367415428161621
-2.7603321075439453
-21.27228546142578
-0.3821421265602112
-5.536386489868164
4.7633819580078125
-11.90682315826416
-0.3046025037765503
7.504411697387695
-22.32416534423828
-9.437555313110352
5.671078205108643
-1.5754035711288452
23.35033416748047
4.334000110626221
11.477595329284668
23.001224517822266
-18.126083374023438
19.93979835510254
4.119382381439209
-15.15524673461914
-6.716472148895264
9.592841148376465
14.48668098449707
24.31671142578125
14.349587440490723
8.895512580871582
-3.8850314617156982
-16.34136962890625
-14.807046890258789
9.440383911132812
-7.333550453186035
-12.597780227661133
15.0027494430542
12.294791221618652
0.5488210320472717
5.903236389160156
10.136927604675293
23.003374099731445
-13.589957237243652
-9.691718101501465
-7.3086113929748535
-2.6578996181488037
-22.430755615234375
13.195425987243652
-6.097472190856934
-13.617805480957031
-16.374773025512695
13.98463249206543
-20.985881805419922
5.599414348602295
-44.02180480957031
14.513883590698242
4.913456439971924
18.034631729125977
-15.726459503173828
33.55401611328125
-14.172385215759277
22.4133358001709
-0.9619016051292419
-10.525004386901855
6.538421630859375
-15.140928268432617
-1.952657699584961
5.628291130065918
6.430844306945801
-14.297666549682617
0.857764720916748
-17.779386520385742
5.295488357543945
-10.111918449401855
14.074089050292969
-15.554676055908203
11.092864036560059
9.803520202636719
-10.588949203491211
22.857288360595703
7.769528388977051
12.64279556274414
-21.38364028930664
4.714910507202148
15.53463077545166
-19.957143783569336
3.6062755584716797
0.11659189313650131
-7.746285915374756
-18.401302337646484
-3.796882152557373
-27.094440460205078
-21.034982681274414
-1.2027597427368164
-8.726625442504883
-8.439986228942871
17.080427169799805
2.3012402057647705
-20.689367294311523
0.16124875843524933
-10.422053337097168
4.843861103057861
-5.7373576164245605
3.8129971027374268
0.20748122036457062
1.7335748672485352
6.7877197265625
14.474373817443848
19.717792510986328
15.64761734008789
9.731588363647461
-0.8135682940483093
-7.594363212585449
-39.50232696533203
5.682981014251709
-1.0050396919250488
-6.5369744300842285
-19.8536319732666
-14.656144142150879
1.5615688562393188
18.452369689941406
5.140821933746338
-7.930140018463135
-2.3580081462860107
22.045488357543945
5.497995853424072
14.2025146484375
-1.174243688583374
-29.27191925048828
13.11235237121582
7.5890212059021
1.8111509084701538
-17.176185607910156
-3.43139910697937
-3.831627368927002
16.466510772705078
-26.113285064697266
-8.418065071105957
-11.174874305725098
-1.2099026441574097
-1.3777813911437988
-23.953304290771484
-0.9345493912696838
10.716378211975098
7.148787975311279
14.409296035766602
1.771981954574585
6.265965938568115
5.764265537261963
7.443689346313477
-17.013824462890625
23.708141326904297
20.936513900756836
-8.385997772216797
2.5327796936035156
-21.674604415893555
-8.76144790649414
-34.88411331176758
-25.06193733215332
4.503724575042725
0.4086264669895172
-29.310237884521484
3.8646938800811768
-1.9560434818267822
-0.06260436028242111
-5.577834606170654
-18.176815032958984
-1.2007070779800415
6.696805000305176
-0.8774936199188232
-26.875547409057617
10.369925498962402
10.925019264221191
-14.08869743347168
-14.163248062133789
17.817087173461914
17.358253479003906
-0.7400270104408264
12.383082389831543
-4.845564842224121
-28.29399871826172
-10.500211715698242
-27.367530822753906
-6.055006504058838
4.458000183105469
-11.576051712036133
-4.910579204559326
6.738778591156006
3.6835618019104004
0.5835858583450317
5.175425052642822
-1.7482956647872925
-7.784764766693115
-6.56689453125
4.939823150634766
-2.7359631061553955
-10.31454849243164
-0.8936893939971924
10.788978576660156
24.724712371826172
3.9098711013793945
8.401860237121582
-23.804838180541992
9.123946189880371
19.15371322631836
-6.3515400886535645
20.81489372253418
-18.915746688842773
-4.705523490905762
15.40280818939209
28.125720977783203
-15.861055374145508
8.075136184692383
-19.837493896484375
2.179518461227417
-7.416159152984619
10.882842063903809
2.40433406829834
18.752750396728516
1.8845244646072388
0.08000309020280838
-8.4241361618042
-13.915657997131348
-15.478981971740723
-1.0670584440231323
9.360780715942383
13.832599639892578
-1.9529093503952026
12.368087768554688
-5.808545112609863
0.15190976858139038
11.64191722869873
-25.9003849029541
-3.443601369857788
-6.475630760192871
11.699069023132324
-10.504791259765625
2.787187337875366
-26.541732788085938
-15.857928276062012
8.21872329711914
5.003932476043701
-8.825858116149902
0.3197402358055115
12.570883750915527
0.08664216101169586
18.574119567871094
27.32687759399414
28.650089263916016
8.364922523498535
1.0087430477142334
12.543350219726562
-0.2556200325489044
-8.235275268554688
-11.205106735229492
-40.43069076538086
-16.343122482299805
-4.2239460945129395
11.925850868225098
1.1037490367889404
16.160743713378906
-8.176139831542969
16.739246368408203
-2.6585309505462646
2.8228399753570557
7.789492607116699
3.941164016723633
19.913002014160156
-24.732044219970703
-23.499998092651367
-16.946109771728516
-17.711999893188477
-16.961721420288086
-13.465509414672852
-12.203968048095703
-20.513248443603516
-11.768198013305664
-14.75676155090332
0.7484593987464905
-12.513456344604492
-11.43567943572998
-26.633745193481445
-7.0663676261901855
10.01704216003418
3.0514719486236572
25.907917022705078
11.023061752319336
4.879715919494629
-14.137496948242188
-13.481049537658691
-12.007145881652832
5.705322265625
15.5289306640625
-13.942018508911133
-12.339380264282227
-23.134654998779297
8.716780662536621
-19.510515213012695
8.51591968536377
7.175693988800049
3.8233065605163574
12.391047477722168
5.533590316772461
-10.532651901245117
-14.61193561553955
-7.165900230407715
4.407565116882324
16.909236907958984
3.282315969467163
-23.536500930786133
14.973729133605957
7.9574151039123535
-7.172584533691406
15.084535598754883
-16.22620391845703
1.5883731842041016
15.314274787902832
-36.39010238647461
14.252446174621582
-19.320505142211914
5.939986228942871
2.7645821571350098
4.214461803436279
-1.7808260917663574
-4.5193190574646
-0.19208604097366333
4.249604225158691
-5.430882930755615
-5.630500793457031
9.684647560119629
-22.319265365600586
-6.444228172302246
4.327524185180664
17.21257209777832
9.186593055725098
-7.26575231552124
-4.933088302612305
9.860576629638672
4.902876377105713
20.01156997680664
-11.17011547088623
-26.982887268066406
-9.579970359802246
-3.83609676361084
12.726194381713867
5.104783058166504
-4.0386061668396
-6.435182094573975
1.3978099822998047
-14.266716003417969
-1.499589204788208
10.163091659545898
-4.468033790588379
8.764057159423828
13.560219764709473
-15.524117469787598
25.57638931274414
0.9468259215354919
10.262531280517578
12.408625602722168
8.987337112426758
15.693103790283203
-9.094664573669434
-8.84395694732666
-12.191736221313477
-17.688459396362305
-16.89476776123047
-1.9013522863388062
6.317440986633301
-1.7879419326782227
1.0394865274429321
-23.680686950683594
-11.988180160522461
21.774106979370117
-3.0831241607666016
12.165974617004395
-8.295511245727539
16.38209342956543
12.278335571289062
6.325949192047119
-16.21483612060547
-6.154116153717041
-10.42813491821289
10.548215866088867
3.9310860633850098
-15.352272987365723
12.80787467956543
8.563974380493164
-1.195298433303833
-5.160320281982422
-7.599849224090576
-12.368407249450684
-8.042366981506348
-9.950424194335938
-10.663267135620117
-1.123584270477295
-4.145320892333984
15.168863296508789
-7.659207344055176
-17.982751846313477
-2.04988956451416
-3.9668142795562744
-12.770313262939453
5.080206871032715
12.19275951385498
28.227285385131836
-7.790481090545654
-10.473589897155762
-11.001923561096191
17.4261417388916
-26.80705451965332
14.836613655090332
13.48591423034668
-3.634190320968628
-7.044225215911865
5.6419572830200195
0.010019561275839806
-24.238576889038086
3.531954050064087
8.133438110351562
-10.701916694641113
-8.077275276184082
34.97849655151367
-1.7882452011108398
15.673274040222168
14.835955619812012
-11.00655460357666
3.3913111686706543
1.8947604894638062
-16.596805572509766
-25.48896026611328
-13.379901885986328
-3.133774995803833
0.6091192364692688
2.1694133281707764
45.36697769165039
-15.275043487548828
6.82868766784668
0.5504412055015564
-18.11638832092285
-17.916345596313477
-0.18922677636146545
20.568010330200195
-16.75152015686035
-13.416970252990723
-3.155017852783203
-7.390402317047119
-7.104574203491211
31.223691940307617
0.06304947286844254
0.831730842590332
19.00274085998535
14.351862907409668
-1.3429065942764282
21.84530258178711
-5.54775333404541
4.37982702255249
12.8070707321167
22.033466339111328
8.257896423339844
5.572017192840576
9.58295726776123
11.471680641174316
4.331861972808838
-17.01309585571289
0.019205942749977112
5.783125877380371
-35.77998352050781
12.308538436889648
12.906329154968262
-25.23994255065918
5.982989311218262
27.288103103637695
18.42190170288086
-7.8468017578125
-0.7056812047958374
-21.023666381835938
-25.80470848083496
-8.163948059082031
-14.769526481628418
-28.57240867614746
13.588788032531738
2.725013256072998
8.661884307861328
2.923604726791382
2.8923251628875732
-10.163925170898438
-15.89067554473877
-3.370129108428955
16.19691276550293
-13.767009735107422
4.727839946746826
-2.569458246231079
8.660633087158203
-1.229543685913086
-12.491252899169922
-9.851181030273438
10.133439064025879
-6.056238174438477
-8.222576141357422
-8.682913780212402
6.668835163116455
-0.2610843777656555
-21.940706253051758
-5.960488319396973
10.986263275146484
-17.908334732055664
5.573897361755371
-23.512104034423828
-2.4325520992279053
14.245255470275879
0.7088877558708191
7.576838970184326
22.043981552124023
-2.236100435256958
6.521676540374756
-1.4538178443908691
2.992762327194214
3.845353603363037
3.1211061477661133
-13.005976676940918
-10.097559928894043
-29.53908348083496
-3.2794175148010254
4.1056599617004395
-21.824127197265625
18.167633056640625
-16.018877029418945
-20.992544174194336
18.552677154541016
6.223274230957031
-22.566591262817383
7.4857563972473145
5.672613143920898
-13.370112419128418
-15.814909934997559
25.797393798828125
-17.072397232055664
-4.016473770141602
-35.91783905029297
6.7055344581604
13.382485389709473
19.620935440063477
-0.9225572943687439
-11.869810104370117
-1.4600940942764282
-16.484926223754883
9.993881225585938
7.870004177093506
18.82646369934082
-0.8534917831420898
-14.296492576599121
-10.798338890075684
-16.7408447265625
2.3641443252563477
-3.885857582092285
9.72303295135498
-0.4468163847923279
10.782852172851562
6.192015171051025
8.259974479675293
6.568819999694824
-1.083587646484375
-11.554526329040527
-7.676784515380859
-6.754068374633789
-2.5112783908843994
2.553546190261841
19.04860496520996
-17.600709915161133
6.65634298324585
-0.12339764088392258
14.821663856506348
11.054620742797852
14.735465049743652
-4.749128818511963
3.5773367881774902
-2.2229785919189453
-12.958046913146973
1.6146005392074585
12.31132984161377
2.579376220703125
-28.233856201171875
7.30427360534668
-10.230891227722168
-27.2804012298584
-15.155508995056152
-18.262523651123047
0.6049995422363281
-10.577272415161133
-1.031431794166565
-0.6760115027427673
-4.356894493103027
1.3854998350143433
-11.272420883178711
-25.263797760009766
4.4713969230651855
-3.040114164352417
-3.218672275543213
-6.079718589782715
-13.534747123718262
3.8477134704589844
15.274378776550293
-2.3844542503356934
40.54106521606445
-20.345300674438477
-0.6267902851104736
20.78770637512207
-7.661935329437256
5.496939182281494
1.665252685546875
14.261845588684082
-24.21478271484375
-7.511378765106201
-17.960538864135742
-26.504823684692383
-7.991511821746826
0.18848396837711334
-6.862420082092285
-29.7786808013916
0.47756800055503845
-18.681474685668945
-10.391937255859375
3.3878273963928223
-12.207558631896973
13.98266315460205
-3.6223325729370117
20.276376724243164
19.73627471923828
-10.522226333618164
8.807018280029297
21.475650787353516
2.7723093032836914
14.197006225585938
-34.43183898925781
3.2805569171905518
1.114213466644287
23.43609619140625
-5.017844200134277
-17.169189453125
9.252392768859863
8.144328117370605
15.524968147277832
-5.870268821716309
-8.79113483428955
16.750070571899414
-1.1654508113861084
-16.488435745239258
23.5516357421875
-5.577739715576172
16.793495178222656
-22.5194149017334
15.455792427062988
0.07055813819169998
-10.841052055358887
11.38542652130127
-13.785588264465332
-36.83717727661133
-6.912248611450195
-0.43316560983657837
5.102999210357666
-17.229820251464844
0.15946432948112488
-5.947825908660889
-4.629337787628174
19.299612045288086
-17.000131607055664
17.2274169921875
-2.1920483112335205
17.97979736328125
46.05329895019531
0.23840057849884033
-11.889714241027832
2.0682027339935303
18.077816009521484
-17.522748947143555
-1.9948229789733887
-3.8268001079559326
7.776657581329346
-2.7574830055236816
0.09127235412597656
-5.6101179122924805
8.622720718383789
19.088478088378906
12.558837890625
-2.3319602012634277
10.042838096618652
-24.803661346435547
1.2552934885025024
-1.2810553312301636
4.248537540435791
2.26961350440979
-10.109432220458984
-28.09526252746582
-4.615687847137451
-8.597044944763184
0.4795876443386078
-16.706335067749023
5.243554592132568
-8.291645050048828
28.843076705932617
19.658527374267578
8.570112228393555
-10.349322319030762
0.25891631841659546
-0.21203061938285828
-2.9419684410095215
-0.420697420835495
2.110757827758789
-1.3771754503250122
4.39642858505249
-0.9762431979179382
6.568024635314941
-1.870408535003662
21.921409606933594
-3.619965076446533
-3.10909104347229
-11.091866493225098
-8.271537780761719
-4.6835713386535645
3.625666618347168
-14.782180786132812
-18.77446174621582
14.315048217773438
-12.809734344482422
35.0065803527832
5.899521350860596
25.968828201293945
-6.006275653839111
10.195280075073242
6.808401107788086
1.3566861152648926
-8.583669662475586
3.8544774055480957
-21.551645278930664
1.0499478578567505
-1.4051724672317505
-16.979930877685547
-3.4434616565704346
-21.910348892211914
3.8555097579956055
13.40829849243164
-13.227294921875
0.12519033253192902
8.560890197753906
0.3867640197277069
-1.3009015321731567
-8.636296272277832
5.140336990356445
27.506332397460938
16.560848236083984
-6.298831939697266
22.670997619628906
19.331077575683594
7.417471408843994
17.793691635131836
2.2989683151245117
-7.677698135375977
7.299294948577881
-13.594440460205078
-1.7737406492233276
-21.654624938964844
8.24246883392334
-14.199516296386719
-4.727186679840088
-20.335668563842773
-6.377769470214844
-9.33915901184082
-16.017295837402344
-15.912615776062012
14.94957447052002
-20.585119247436523
-22.363773345947266
-5.718866348266602
-6.7704949378967285
19.90397834777832
9.737933158874512
15.791224479675293
2.5047049522399902
18.543813705444336
11.128748893737793
-25.356529235839844
8.118144035339355
-17.581632614135742
-7.307319641113281
12.806801795959473
-31.74482536315918
-4.659235000610352
1.6212871074676514
21.67374610900879
-20.936601638793945
-5.133596420288086
-7.836004257202148
27.40696144104004
-12.154186248779297
0.5621249675750732
-2.772951364517212
-8.485965728759766
-10.061817169189453
-2.8453025817871094
17.7098331451416
8.092782974243164
10.795473098754883
-9.25487995147705
8.612404823303223
9.497992515563965
-6.6574201583862305
-18.44843101501465
24.491029739379883
13.52315616607666
12.251829147338867
3.6369242668151855
-8.288463592529297
0.8272191286087036
5.711562156677246
0.26754075288772583
-4.567067623138428
3.1631059646606445
10.890121459960938
-9.359603881835938
-8.673107147216797
-1.8196735382080078
6.368490695953369
-5.7326860427856445
30.782756805419922
-8.890050888061523
-4.867338180541992
-23.07490348815918
20.758159637451172
5.215487003326416
-27.134611129760742
-17.516571044921875
18.096282958984375
-7.783316135406494
21.401845932006836
20.066688537597656
-11.291459083557129
-35.014041900634766
9.52458667755127
3.2634894847869873
3.4599087238311768
-12.698348045349121
9.668981552124023
19.882905960083008
21.42353630065918
21.525285720825195
-4.944456577301025
-30.429601669311523
-16.079471588134766
-21.057058334350586
-8.278935432434082
7.272884368896484
-12.656787872314453
8.228760719299316
20.164987564086914
-3.7110447883605957
-5.07253360748291
-8.973005294799805
8.071999549865723
-15.403572082519531
24.646419525146484
-14.510462760925293
-15.70317268371582
-2.065382480621338
14.006170272827148
-9.415359497070312
21.804157257080078
-23.09792709350586
-0.09768132120370865
6.46278190612793
0.26828867197036743
10.357239723205566
17.569753646850586
-0.9040319919586182
1.3421688079833984
14.71513843536377
4.359035968780518
-7.342087268829346
1.515392541885376
-13.07912826538086
6.69239616394043
-5.842111587524414
5.904999732971191
-3.0826709270477295
-2.1730830669403076
7.917330265045166
-5.604886531829834
-4.644233703613281
23.898454666137695
-15.482060432434082
-7.80293083190918
-4.408961772918701
0.4177422523498535
10.007372856140137
3.9752955436706543
-4.888890743255615
1.8928836584091187
-6.218835830688477
-21.616214752197266
17.196868896484375
3.030486583709717
-18.994754791259766
-8.423172950744629
-22.417203903198242
-4.4907121658325195
-22.37932586669922
13.020573616027832
13.581598281860352
4.8675856590271
15.033985137939453
4.657773494720459
0.49801546335220337
5.120285511016846
-13.890735626220703
-4.192497253417969
-23.854494094848633
5.635242938995361
-8.977431297302246
5.205307960510254
-4.209503173828125
-0.11433669179677963
4.086582183837891
-3.6169705390930176
-20.037593841552734
4.876744747161865
-3.708634853363037
-3.819364547729492
-11.047414779663086
2.348609447479248
1.5148122310638428
-5.163546085357666
20.758573532104492
-12.64543628692627
47.82343673706055
31.790515899658203
-4.555241107940674
-2.3600783348083496
28.668987274169922
15.289175987243652
2.046466112136841
10.379389762878418
-21.787704467773438
-11.908746719360352
-11.514702796936035
7.308114528656006
7.471044540405273
-17.07071304321289
20.837799072265625
-26.177459716796875
-4.170792579650879
-6.022008895874023
19.57180404663086
-10.508852005004883
-3.0118043422698975
1.6899590492248535
12.472925186157227
3.616161823272705
-18.018966674804688
23.02941131591797
-11.285483360290527
24.725811004638672
-11.978533744812012
8.52590274810791
-18.408512115478516
1.8875231742858887
47.61632537841797
-10.567424774169922
6.237725734710693
17.758169174194336
14.251225471496582
9.501823425292969
-14.560619354248047
2.865237236022949
-10.377317428588867
-0.9692627787590027
7.909432888031006
-23.469974517822266
-1.5732790231704712
25.24880599975586
-18.666038513183594
0.3145090937614441
-0.6308158040046692
-3.9065499305725098
-20.722299575805664
-8.538215637207031
-9.897293090820312
-17.398603439331055
6.450644016265869
4.109585762023926
20.546600341796875
-9.352602005004883
-11.065394401550293
16.130556106567383
22.377775192260742
-3.0936648845672607
20.235239028930664
-5.248789310455322
1.769916296005249
-20.021242141723633
-8.511737823486328
-12.79288101196289
23.68524742126465
4.6886210441589355
8.642257690429688
13.377852439880371
20.424354553222656
9.384600639343262
-2.2686314582824707
-2.155855178833008
-6.5492143630981445
0.3787318468093872
5.949615478515625
-25.625774383544922
-9.930245399475098
0.8761458992958069
-10.621451377868652
21.52073097229004
-20.276683807373047
11.917278289794922
-22.487138748168945
-11.176141738891602
4.121251583099365
-7.786910533905029
1.0616368055343628
6.564456939697266
4.819840431213379
20.742902755737305
-6.240588188171387
-13.418716430664062
4.5774407386779785
0.9086872935295105
-12.02387809753418
-36.36678695678711
-16.945711135864258
-0.9062853455543518
17.702877044677734
-13.37267780303955
0.8414559960365295
4.250268936157227
25.191890716552734
6.21551513671875
16.49585723876953
-17.95543670654297
27.345441818237305
4.619493007659912
-18.006723403930664
-16.13234519958496
-5.660859107971191
-5.743118762969971
18.234554290771484
7.423301696777344
0.4589809775352478
17.265798568725586
2.6856000423431396
-38.42506790161133
2.6278655529022217
11.784914016723633
3.939598321914673
-13.194962501525879
13.37446403503418
1.9369696378707886
1.736268162727356
13.40964126586914
6.6578755378723145
-22.62856101989746
-12.785788536071777
9.455059051513672
6.412378311157227
-19.13768768310547
-13.307514190673828
31.143468856811523
-10.40848445892334
-9.905885696411133
-10.034097671508789
5.941980361938477
12.69729995727539
-4.994134426116943
-0.17813710868358612
-0.10148730874061584
12.659394264221191
14.065807342529297
-5.631327152252197
-11.225482940673828
-3.615922212600708
-11.515300750732422
-8.252009391784668
2.7560126781463623
-1.6421681642532349
21.810272216796875
7.834245681762695
-2.0900087356567383
8.351205825805664
5.437808990478516
17.04450225830078
3.2866854667663574
-18.864906311035156
9.926859855651855
-11.731925010681152
2.3729684352874756
2.903810739517212
-12.313661575317383
-6.386581897735596
-8.4891996383667
-8.422881126403809
7.6931233406066895
-8.676976203918457
1.8773564100265503
-0.9720901846885681
-16.392192840576172
3.579843759536743
25.077716827392578
-13.509312629699707
19.41850471496582
6.8351240158081055
12.128579139709473
-15.856386184692383
-2.3739213943481445
7.825229644775391
6.439620494842529
4.3354597091674805
-0.7386770844459534
1.9297972917556763
15.754939079284668
0.16358637809753418
-17.522769927978516
-22.447036743164062
-12.60245132446289
-12.00516128540039
13.480219841003418
-8.476978302001953
20.726511001586914
2.5976686477661133
4.682406425476074
6.263508319854736
20.5067081451416
8.774950981140137
1.7774999141693115
3.7359132766723633
-48.73804473876953
-9.549250602722168
-6.914355754852295
-5.119304180145264
-8.66103744506836
5.199726581573486
-13.645540237426758
3.4446873664855957
3.522813081741333
5.9612650871276855
-30.2557373046875
-21.021221160888672
-14.25988483428955
16.086441040039062
-9.226643562316895
-15.322735786437988
-3.886220693588257
2.8752429485321045
-5.088628768920898
-2.218003273010254
-0.1777653992176056
-3.411911725997925
-4.117979526519775
9.50829792022705
-18.300636291503906
-16.005197525024414
-11.52562427520752
-0.3040724992752075
-9.87248706817627
25.074769973754883
18.010250091552734
-3.7944388389587402
-14.068305969238281
-3.1373238563537598
3.6360692977905273
-7.692795276641846
24.535499572753906
-5.312888145446777
-1.6236714124679565
-13.35347843170166
9.022340774536133
-10.009294509887695
-0.7510082721710205
-9.66341495513916
16.172157287597656
3.169107675552368
10.41073226928711
4.348358154296875
3.2873826026916504
20.44049072265625
-6.5313897132873535
3.444061279296875
5.5189528465271
23.89563751220703
8.164281845092773
-14.840286254882812
-11.176761627197266
7.407334327697754
-3.604823112487793
8.978621482849121
5.222114562988281
-24.794464111328125
-15.078656196594238
-16.022634506225586
8.904582977294922
-15.46778392791748
13.452157020568848
-30.471214294433594
17.05892562866211
7.499425888061523
-22.85434341430664
2.126636266708374
2.4871249198913574
21.122114181518555
-18.631549835205078
-18.068511962890625
-24.808870315551758
18.761322021484375
7.998836040496826
8.773307800292969
4.819678783416748
8.118937492370605
-23.026092529296875
9.49437427520752
-22.965986251831055
-7.656991958618164
0.31478771567344666
-29.463634490966797
12.895770072937012
2.639268159866333
-7.237482070922852
3.795558214187622
9.652334213256836
10.147942543029785
0.044333964586257935
3.997678756713867
-10.162313461303711
26.231136322021484
-6.679651737213135
-19.162355422973633
-15.145645141601562
-6.023149490356445
1.2935545444488525
-13.92062759399414
2.7734904289245605
20.825843811035156
-3.8078453540802
-16.750328063964844
31.097768783569336
-4.705252647399902
11.168656349182129
22.730989456176758
-19.694889068603516
4.316801071166992
-27.882431030273438
-14.431385040283203
-4.333179950714111
-6.095848083496094
-18.344621658325195
1.6521639823913574
-8.079544067382812
-26.61958122253418
26.0825138092041
-11.803845405578613
8.15627670288086
27.758459091186523
-2.390077829360962
19.659381866455078
15.718232154846191
6.789702415466309
21.06700325012207
19.531604766845703
-7.804914474487305
-15.388106346130371
25.173959732055664
-24.742074966430664
-0.32619455456733704
1.969096064567566
2.391270637512207
21.300580978393555
-13.42568588256836
7.850821018218994
20.18693733215332
-13.991622924804688
-30.6854190826416
6.9077839851379395
-8.52690601348877
10.784993171691895
13.45824909210205
14.627819061279297
-14.628253936767578
-4.013096809387207
-25.511634826660156
-9.9667387008667
-7.29573392868042
10.201099395751953
-24.710472106933594
-1.9083218574523926
0.049021489918231964
10.381243705749512
2.123263359069824
-19.6938419342041
-1.5576975345611572
-8.282064437866211
16.243854522705078
10.369813919067383
-0.3508279025554657
7.7906975746154785
-20.422183990478516
-28.092636108398438
-4.620168685913086
-1.6314289569854736
16.918716430664062
-14.888148307800293
-22.253252029418945
-14.263679504394531
19.285545349121094
-2.448023557662964
-15.114314079284668
7.873378276824951
6.366871356964111
27.22576141357422
10.501520156860352
-6.9333882331848145
-0.8274543285369873
0.613411009311676
9.555895805358887
26.139387130737305
-14.83671760559082
-1.7447433471679688
-15.41544246673584
-11.128077507019043
4.404805660247803
8.304662704467773
8.278085708618164
-2.604006767272949
0.0824255496263504
-10.94847583770752
15.991992950439453
9.867684364318848
10.764606475830078
-20.903221130371094
-3.866079092025757
4.18058967590332
4.046117782592773
3.3706114292144775
17.490835189819336
-4.871210098266602
-6.1797003746032715
9.315695762634277
17.469770431518555
-8.570326805114746
4.631724834442139
-8.530027389526367
-11.54037094116211
-8.567991256713867
10.401310920715332
-23.599578857421875
-26.300945281982422
-8.992619514465332
-20.662433624267578
0.6843046545982361
-5.437144756317139
-11.179449081420898
-9.477059364318848
3.47119140625
3.516047716140747
2.592984914779663
14.94636058807373
-3.04486083984375
26.379045486450195
-21.613162994384766
2.3514697551727295
-7.048562526702881
-7.31831169128418
6.744083881378174
-5.927354335784912
-5.6879658699035645
6.8536295890808105
9.742212295532227
-24.052183151245117
-19.319482803344727
23.913822174072266
2.398759126663208
2.003591775894165
8.952000617980957
9.0162935256958
4.995518207550049
18.543338775634766
-11.321172714233398
-21.051504135131836
-15.750166893005371
3.694125175476074
14.76295280456543
-12.346915245056152
-19.13240623474121
6.84851598739624
-0.5405347347259521
20.05537986755371
7.39243221282959
8.236410140991211
-2.8351473808288574
4.2006144523620605
-6.518608093261719
18.585020065307617
1.0737651586532593
4.167939186096191
15.880946159362793
8.860289573669434
1.6253833770751953
14.16977310180664
-1.076263666152954
-24.117380142211914
-4.644717693328857
-24.212406158447266
-5.727837562561035
-14.811541557312012
-0.7732222676277161
-24.94835090637207
-2.2698252201080322
-24.135986328125
-12.040246963500977
8.086444854736328
32.71071243286133
3.491244316101074
-18.266324996948242
6.019130229949951
14.263677597045898
-7.368630886077881
-16.471899032592773
-3.1149203777313232
7.299690246582031
8.806981086730957
-9.143997192382812
11.109713554382324
-5.9269280433654785
3.9577674865722656
-17.171546936035156
-19.116172790527344
-18.62375259399414
-11.676081657409668
17.322837829589844
11.015125274658203
-13.775079727172852
-15.33388900756836
1.1870986223220825
13.723929405212402
3.3436591625213623
-12.983034133911133
13.649029731750488
-1.1455025672912598
2.481846809387207
8.66472339630127
-23.45267105102539
-15.802658081054688
-26.433279037475586
14.693408966064453
-7.741886138916016
-11.400162696838379
-16.66839027404785
16.131479263305664
10.599004745483398
-13.337760925292969
2.941049575805664
-17.611190795898438
1.0320311784744263
-8.058670043945312
19.839082717895508
7.527053356170654
5.842881679534912
2.991835594177246
-1.7733004093170166
9.352493286132812
-24.28840446472168
-17.836645126342773
-26.26662254333496
16.595829010009766
-12.87850284576416
12.85500431060791
-9.356269836425781
-13.373811721801758
3.492832899093628
-4.5550031661987305
-15.678118705749512
-23.644481658935547
-26.613731384277344
5.305069923400879
-6.167060852050781
-0.7994771599769592
-1.9041824340820312
7.8995537757873535
12.741317749023438
-1.363692045211792
5.132802486419678
-11.604025840759277
14.671957015991211
10.520716667175293
16.37720489501953
1.9464364051818848
10.703303337097168
-0.9517214894294739
5.524746894836426
-7.52061653137207
-21.258384704589844
-20.106746673583984
-16.385501861572266
1.1059454679489136
-11.631146430969238
10.058797836303711
-3.585080862045288
-21.229108810424805
-3.218684196472168
-2.1743927001953125
18.530014038085938
-5.632928848266602
-13.964495658874512
1.3078187704086304
-3.562044143676758
-10.837129592895508
-13.481724739074707
1.2743301391601562
14.040628433227539
-4.055833339691162
9.86410140991211
-10.854599952697754
-7.209165096282959
-9.662909507751465
-9.787485122680664
-8.073328018188477
7.167081356048584
-26.870084762573242
-1.6278902292251587
26.072813034057617
-14.005537986755371
5.1725077629089355
26.490875244140625
-14.442804336547852
21.025535583496094
15.529217720031738
2.7444987297058105
-15.26935863494873
-22.688520431518555
7.487900733947754
-23.360332489013672
1.9183470010757446
-8.313237190246582
-2.1304521560668945
-21.291563034057617
-32.661231994628906
27.415559768676758
14.13064956665039
-6.8981099128723145
4.4966936111450195
3.704551935195923
-0.20718909800052643
25.268951416015625
-15.874516487121582
8.078564643859863
14.569005012512207
-12.52790355682373
6.6969895362854
-8.945161819458008
2.4478917121887207
-5.574785232543945
-10.233531951904297
-8.369220733642578
6.059035301208496
22.701690673828125
-14.769526481628418
8.21420669555664
-8.670004844665527
2.172752618789673
-11.991643905639648
16.315338134765625
-20.973854064941406
-13.284733772277832
2.124687671661377
-6.353050231933594
-10.751967430114746
0.7090669870376587
-22.853445053100586
-1.2162429094314575
-19.914493560791016
-5.072654724121094
0.46490031480789185
7.897024631500244
-1.5143260955810547
47.559017181396484
26.526594161987305
19.591262817382812
26.458293914794922
13.435612678527832
-5.265473365783691
-6.165577411651611
13.3429594039917
12.78403377532959
2.8893213272094727
11.61912727355957
0.8148385286331177
-2.0995185375213623
-4.558350563049316
-12.156678199768066
18.170217514038086
-4.4592132568359375
-1.3169939517974854
-10.40834903717041
15.22260570526123
-3.9970085620880127
-10.20875358581543
-0.46109655499458313
13.20844841003418
-4.710691928863525
-10.393227577209473
-3.932220935821533
3.567275285720825
-8.73839282989502
0.8325216770172119
-12.30466079711914
-25.22844123840332
14.502493858337402
-5.588647842407227
10.329384803771973
4.74028205871582
-16.363656997680664
11.010675430297852
9.950803756713867
1.09524667263031
-6.759624004364014
18.880369186401367
-4.860947608947754
10.018838882446289
10.521055221557617
4.901298522949219
-20.9091854095459
3.6786327362060547
1.4952694177627563
-3.84614896774292
-0.18714183568954468
-5.01345682144165
-1.7129343748092651
-6.237900257110596
8.62590503692627
-4.95224142074585
-2.7230756282806396
18.31092643737793
6.522154331207275
8.0778169631958
-11.028009414672852
0.14661899209022522
8.005037307739258
0.7604997158050537
-8.685393333435059
6.40270471572876
5.128662586212158
-12.64241886138916
-11.465303421020508
19.749425888061523
1.2299129962921143
-28.626325607299805
-2.3762567043304443
12.047558784484863
1.608743667602539
-15.490975379943848
-3.63185977935791
18.290578842163086
-8.647245407104492
4.30023717880249
23.126985549926758
-1.3990273475646973
13.357161521911621
36.71319580078125
-12.97084903717041
-9.744179725646973
-18.934059143066406
-8.585655212402344
5.152878761291504
-0.7303965091705322
-0.25993427634239197
-14.56700611114502
11.945119857788086
-6.246377468109131
1.8379666805267334
16.630050659179688
11.547738075256348
12.246244430541992
2.8406965732574463
11.6382417678833
14.123739242553711
10.710013389587402
6.440205097198486
-24.004568099975586
1.4242140054702759
-22.68219566345215
-5.568782806396484
-30.494251251220703
3.3154802322387695
-12.595512390136719
-15.7697172164917
13.20993709564209
16.307899475097656
-4.705112934112549
-12.816863059997559
-11.763616561889648
-4.374687194824219
-24.365285873413086
2.8359384536743164
1.0836927890777588
-13.99526309967041
-4.2201924324035645
1.917121171951294
-8.378337860107422
25.110918045043945
-14.413070678710938
9.64233684539795
10.994659423828125
6.49450159072876
-7.114390850067139
-12.37564468383789
7.455355644226074
22.778228759765625
2.271205186843872
-15.024439811706543
2.4540891647338867
-0.7245338559150696
-5.3812737464904785
-4.119559288024902
-16.620891571044922
-1.0238463878631592
-7.485780239105225
-2.7695119380950928
9.728598594665527
8.994007110595703
6.796436786651611
-9.69803237915039
16.034589767456055
-0.4908246397972107
0.36275947093963623
1.779429316520691
39.17879867553711
14.027166366577148
7.792062759399414
-14.879522323608398
-1.2535343170166016
-12.048534393310547
-1.75510573387146
7.6228766441345215
13.12407398223877
-28.464752197265625
11.871903419494629
-15.109576225280762
2.091121196746826
0.617726743221283
-0.4077426493167877
14.139467239379883
-11.1637601852417
9.962363243103027
33.8498420715332
1.9366910457611084
27.580751419067383
1.9326114654541016
8.805437088012695
-1.2018110752105713
-15.647880554199219
-25.020156860351562
-2.3175578117370605
12.969935417175293
-20.426769256591797
22.795793533325195
3.04207444190979
23.107303619384766
-10.87438678741455
-14.384798049926758
-12.985465049743652
-18.660215377807617
-7.360445499420166
19.157608032226562
-23.643301010131836
-10.055974960327148
-1.825777530670166
-7.575621128082275
-11.198640823364258
-3.374509572982788
-30.798030853271484
8.27296257019043
-0.7582482099533081
-5.134298324584961
-5.631353378295898
-2.7565994262695312
13.372292518615723
-8.973363876342773
2.2407045364379883
-18.76231575012207
-5.863405704498291
2.1754608154296875
-8.309012413024902
24.822439193725586
11.236842155456543
10.943463325500488
-0.792212963104248
17.19057273864746
5.679413795471191
4.339349269866943
-8.043431282043457
-21.77305030822754
-24.292972564697266
11.536941528320312
-13.34167766571045
6.880430698394775
1.4200439453125
-3.957218885421753
8.032693862915039
8.2991361618042
16.729116439819336
-7.093813896179199
-9.086142539978027
-6.2653374671936035
5.795526027679443
-9.716846466064453
-13.929896354675293
-26.611408233642578
9.237837791442871
10.818564414978027
-11.240610122680664
10.266549110412598
-34.33765411376953
-5.571382999420166
-22.420896530151367
31.689882278442383
4.12717866897583
-18.91973876953125
-30.0852108001709
-5.4579901695251465
4.092476844787598
5.375720500946045
10.262846946716309
2.7299089431762695
6.235872268676758
-6.147695541381836
-18.760887145996094
10.252740859985352
13.946029663085938
-18.534305572509766
-18.813323974609375
7.261327743530273
2.5459144115448
-15.699433326721191
13.208995819091797
-17.764732360839844
2.0642833709716797
10.51106071472168
-11.392375946044922
18.819345474243164
-3.0863211154937744
22.266529083251953
-8.480494499206543
5.828441143035889
-13.942398071289062
-6.7335381507873535
1.7462681531906128
19.811309814453125
8.719669342041016
-19.24018669128418
4.918054580688477
9.841883659362793
3.469738483428955
0.971737265586853
12.015149116516113
-0.7407279014587402
-8.36241626739502
6.095637798309326
25.975940704345703
-6.233242034912109
-5.561093330383301
-3.1931827068328857
5.828676700592041
-26.456722259521484
-18.160852432250977
-7.02659797668457
-4.026243209838867
2.5716800689697266
14.70294189453125
5.187724590301514
-5.101668357849121
1.287370204925537
7.119688510894775
17.596805572509766
10.203516960144043
18.664291381835938
-2.981846809387207
-18.387462615966797
1.525528907775879
0.23124997317790985
-7.14432430267334
-4.3124213218688965
-34.689579010009766
16.31167221069336
8.149765014648438
-5.4571733474731445
-2.1937637329101562
-7.767619609832764
13.69184398651123
-0.2876691222190857
0.9207689166069031
-20.0606632232666
-13.213285446166992
-4.895224571228027
-4.003746032714844
16.653532028198242
10.189797401428223
-13.79596996307373
-4.643335819244385
-22.764358520507812
-14.754155158996582
19.162845611572266
-34.121150970458984
5.034672260284424
-22.61427879333496
-5.39978551864624
7.818973541259766
25.084938049316406
-6.175112247467041
-3.4885671138763428
-6.216952323913574
4.83206033706665
4.4240522384643555
-24.399303436279297
5.037905693054199
0.9153702259063721
-9.046795845031738
13.57043743133545
-17.5203914642334
14.14246654510498
-1.706492304801941
18.015560150146484
0.8469460606575012
-3.8950400352478027
-15.835193634033203
4.441593647003174
20.646350860595703
-0.887481153011322
-2.9824628829956055
3.84985613822937
-4.533383846282959
-9.091873168945312
3.3517210483551025
5.060335636138916
6.206538677215576
18.306270599365234
12.049989700317383
-6.6826863288879395
14.467877388000488
-20.259838104248047
-5.815408229827881
-1.3498165607452393
2.8107426166534424
3.6554155349731445
16.816314697265625
-11.96681022644043
17.776119232177734
-1.9307397603988647
-0.709289014339447
-5.990537166595459
18.849685668945312
-8.87818717956543
2.0797088146209717
6.614194393157959
28.747766494750977
-24.64803695678711
6.7626729011535645
-4.89875602722168
-15.155380249023438
-6.694025039672852
-1.660698652267456
-8.056126594543457
15.07738971710205
-17.95821189880371
-2.3329877853393555
17.91830825805664
-4.6305389404296875
-1.5435017347335815
-3.841538190841675
24.307016372680664
5.659266948699951
1.0342556238174438
-9.944974899291992
-19.715835571289062
-31.056581497192383
13.67413330078125
-7.294229507446289
-4.016156196594238
-31.098833084106445
3.76479172706604
13.863641738891602
-1.080942988395691
-6.20274019241333
6.876260280609131
26.085603713989258
15.573929786682129
21.842082977294922
2.8085203170776367
1.3966645002365112
-11.0159912109375
-2.1762664318084717
-14.074861526489258
-8.49293041229248
-2.9736509323120117
15.933283805847168
-10.351639747619629
20.36867332458496
-16.277576446533203
3.8381428718566895
-7.04517936706543
-7.879443645477295
-3.0374064445495605
-1.9435912370681763
-4.865771293640137
8.456450462341309
13.139059066772461
17.89069366455078
26.190370559692383
-27.032726287841797
1.9579789638519287
19.419490814208984
-13.088654518127441
11.40190601348877
-11.668493270874023
-1.7804880142211914
-7.980456829071045
7.855677127838135
18.684823989868164
-5.842705249786377
-0.7144466042518616
5.3008317947387695
4.3729400634765625
1.8349194526672363
3.7442846298217773
-9.187593460083008
32.38786315917969
-3.9360406398773193
-0.24324876070022583
-2.486067533493042
-16.13324546813965
-2.9006354808807373
-22.506391525268555
-0.7772440314292908
3.3560538291931152
-6.234294891357422
13.566929817199707
10.312967300415039
2.435098886489868
-13.880830764770508
-17.229095458984375
19.537696838378906
-13.542838096618652
-11.934868812561035
8.03351879119873
-8.433666229248047
-5.460224628448486
3.069153308868408
-25.165626525878906
5.277318000793457
-5.092062473297119
32.35950469970703
13.142759323120117
-4.085391521453857
2.333861827850342
-6.437136173248291
23.447355270385742
-5.381141185760498
0.16851429641246796
1.7313547134399414
0.8250278234481812
12.518321990966797
-1.5601410865783691
25.40595817565918
-11.512832641601562
13.014738082885742
-12.288118362426758
-9.431869506835938
22.635799407958984
22.022396087646484
-1.9046269655227661
10.902548789978027
-22.98871421813965
5.636437892913818
24.13987159729004
-25.908945083618164
-12.568614959716797
-11.63584041595459
-1.2934538125991821
-0.03662296012043953
8.26086139678955
-12.214606285095215
-5.099124908447266
-1.9115509986877441
20.294374465942383
-15.14901065826416
26.643863677978516
-6.934707164764404
18.735620498657227
10.50428295135498
8.058242797851562
-11.374293327331543
4.57730770111084
0.5884767174720764
-12.802135467529297
6.923969745635986
-1.024891972541809
-12.52426815032959
2.381357192993164
0.42231425642967224
17.235992431640625
-4.828350067138672
27.055856704711914
13.73975944519043
-9.668323516845703
-8.530656814575195
1.3064813613891602
20.40275764465332
16.762317657470703
-4.417520046234131
19.663331985473633
5.57021951675415
-12.56625747680664
2.9425294399261475
9.866832733154297
-10.206466674804688
-10.663393020629883
-28.684171676635742
-32.59404373168945
-1.1180883646011353
15.72957992553711
10.510979652404785
-2.9895179271698
23.915212631225586
-6.816866397857666
8.656092643737793
4.208193302154541
-1.6685614585876465
-24.116662979125977
23.517383575439453
0.9580274224281311
3.6001195907592773
-12.844552040100098
-34.434696197509766
-20.624244689941406
-9.028199195861816
33.80509948730469
14.216934204101562
23.244564056396484
-0.2656231224536896
8.545520782470703
-27.592403411865234
-4.755794525146484
-36.38456726074219
-16.1636962890625
17.11184310913086
9.007515907287598
-24.908058166503906
11.129541397094727
-5.383143901824951
-7.554847717285156
-4.295558452606201
-1.3140816688537598
6.043506622314453
13.790731430053711
4.886229515075684
-27.181625366210938
24.49481964111328
-9.318574905395508
1.2971421480178833
6.941525936126709
2.4763972759246826
-0.21383211016654968
-3.9505131244659424
-13.24555778503418
9.493386268615723
-16.3346004486084
-14.275337219238281
31.878726959228516
-11.119959831237793
-31.160852432250977
7.206098556518555
-7.676984786987305
-8.333597183227539
3.1114702224731445
-6.844279766082764
6.9521660804748535
0.7671603560447693
4.280365943908691
-16.836191177368164
25.518442153930664
3.2277421951293945
-0.7795324325561523
3.601527452468872
25.593963623046875
2.685781478881836
7.774504661560059
32.86013412475586
-5.793937683105469
-9.830602645874023
-12.46171760559082
-2.954132080078125
7.494719505310059
6.722935199737549
-20.45258903503418
-28.214244842529297
13.144732475280762
-4.834631443023682
-6.95695686340332
3.099095582962036
-12.549179077148438
-0.8066878914833069
1.0337904691696167
12.57301139831543
-14.708822250366211
-5.809708595275879
-3.179978609085083
-2.3290650844573975
5.005579471588135
-11.102584838867188
15.401590347290039
-21.279199600219727
8.221755981445312
-7.779401779174805
16.645193099975586
-18.10139274597168
-5.6769795417785645
-1.2422436475753784
5.099308967590332
0.7896115183830261
6.904965877532959
9.346270561218262
0.07739342749118805
-18.043838500976562
20.178762435913086
-22.060462951660156
-0.813369631767273
-8.966286659240723
0.8564920425415039
-8.556451797485352
-5.6037421226501465
-27.364490509033203
-4.776731967926025
-10.686226844787598
-1.8489097356796265
7.064456939697266
5.304049491882324
-9.390933990478516
-11.849617958068848
-15.48983097076416
24.881839752197266
20.813743591308594
0.5734148621559143
-5.359248638153076
26.652469635009766
-8.870871543884277
4.324443817138672
9.046092987060547
-7.204489231109619
-9.894766807556152
-4.104019641876221
18.360353469848633
-11.830855369567871
-6.916027545928955
15.56406307220459
2.373671770095825
30.734413146972656
12.754936218261719
10.271821022033691
-7.5771002769470215
6.161426067352295
-9.178155899047852
-2.2515363693237305
0.14919106662273407
7.118927955627441
9.221871376037598
-0.0535118393599987
-35.93947982788086
-14.534648895263672
-16.795961380004883
26.1912784576416
3.9369688034057617
12.28000259399414
0.018542231991887093
-12.842965126037598
4.025962829589844
-24.479116439819336
9.867116928100586
-10.534663200378418
-16.505680084228516
9.323732376098633
27.163400650024414
4.339156627655029
6.026159286499023
-11.023054122924805
13.57928466796875
3.8578391075134277
-10.3812837600708
14.322698593139648
-15.792390823364258
2.9290130138397217
4.1867499351501465
6.3429059982299805
-2.467282772064209
4.457764148712158
-15.776650428771973
13.128144264221191
15.586943626403809
-2.7994096279144287
-1.1855005025863647
-15.308967590332031
-13.0062837600708
6.337001800537109
-20.346790313720703
26.0662784576416
-6.73684024810791
-2.2699902057647705
-17.06424331665039
-16.614830017089844
-9.28125
9.173858642578125
-17.625835418701172
-18.87201690673828
-17.76468276977539
13.44421672821045
0.6855078935623169
-1.267069697380066
-9.689202308654785
11.761014938354492
18.185699462890625
4.6031174659729
-11.381393432617188
-5.3415703773498535
7.8727946281433105
7.491944313049316
-4.203405380249023
-21.438030242919922
17.548295974731445
11.344649314880371
-25.076889038085938
13.578080177307129
17.053068161010742
-23.473899841308594
-15.62606143951416
0.9297686219215393
-39.22148513793945
16.657020568847656
-24.825820922851562
-17.0417423248291
4.387519836425781
-8.857207298278809
3.619190216064453
13.662199974060059
-2.1390485763549805
11.584868431091309
-22.139711380004883
4.464085102081299
5.856516361236572
-2.6419198513031006
4.263457298278809
-18.177486419677734
-14.762921333312988
2.414531946182251
22.538955688476562
-25.607288360595703
0.6067714691162109
16.591033935546875
-17.00973892211914
17.820045471191406
-12.432608604431152
-12.355839729309082
-14.011590957641602
-12.012358665466309
-12.957281112670898
-8.702086448669434
4.054696083068848
-18.641035079956055
6.292654514312744
-14.294168472290039
-13.132542610168457
15.871430397033691
2.4526352882385254
21.245908737182617
-5.393184185028076
-10.76410961151123
18.826520919799805
18.212635040283203
11.097634315490723
20.173646926879883
11.540735244750977
-20.58884048461914
-5.148388385772705
-14.407658576965332
17.014299392700195
3.733717441558838
7.971559047698975
-14.97431755065918
-1.9232525825500488
-15.035882949829102
26.757240295410156
-15.440767288208008
-12.048446655273438
-9.988906860351562
1.663360595703125
23.3631591796875
15.922747611999512
-11.269221305847168
16.078903198242188
11.203362464904785
2.78499436378479
20.18113136291504
9.286853790283203
10.520180702209473
-21.973167419433594
-5.704706192016602
7.391411781311035
-4.985997200012207
3.1035914421081543
