898.7607421875
547.0042114257812
345.2732849121094
367.5496826171875
492.4654235839844
288.9415588378906
743.6286010742188
515.6243896484375
909.7723388671875
565.4212036132812
209.7768096923828
297.54364013671875
71.27733612060547
86.907470703125
119.51029205322266
299.22662353515625
295.7582092285156
125.9352035522461
20.420629501342773
207.349365234375
6.78113317489624
59.447967529296875
41.71760559082031
101.49481964111328
35.0507698059082
18.81526756286621
62.52546310424805
48.659549713134766
27.34521484375
79.7931137084961
49.785892486572266
64.89977264404297
149.79689025878906
47.32329177856445
29.076417922973633
14.818492889404297
29.386091232299805
62.185707092285156
64.79143524169922
13.764825820922852
18.30516815185547
11.38010311126709
296.88702392578125
12.797300338745117
15.015122413635254
109.08956909179688
18.308753967285156
14.57196044921875
147.3622589111328
42.643585205078125
6.778142929077148
46.77450942993164
12.086209297180176
14.094609260559082
10.169412612915039
24.856725692749023
16.284568786621094
187.22259521484375
6.031317234039307
9.364718437194824
39.64259719848633
63.04572677612305
98.80078887939453
10.598564147949219
57.954715728759766
62.39458084106445
15.958413124084473
42.14274597167969
105.25830078125
17.415529251098633
77.71683502197266
29.7786865234375
11.941507339477539
41.11757278442383
17.5447998046875
138.38751220703125
11.66677474975586
182.0163116455078
163.89866638183594
55.51631546020508
26.352516174316406
4.998153209686279
15.471641540527344
120.7033462524414
61.19475173950195
102.69821166992188
25.078550338745117
12.746111869812012
17.84364128112793
31.326797485351562
51.01477813720703
55.285011291503906
43.281795501708984
15.316730499267578
8.717809677124023
149.33685302734375
22.17376136779785
100.57721710205078
12.163139343261719
18.202585220336914
28.657154083251953
36.25001907348633
27.86982536315918
45.371917724609375
12.513406753540039
139.13047790527344
6.539945125579834
70.53350067138672
52.06786346435547
6.780313491821289
40.77028274536133
9.605828285217285
64.40380859375
65.85073852539062
16.94537353515625
49.59661865234375
17.461750030517578
7.834484100341797
34.93095779418945
35.417293548583984
5.0401291847229
129.18907165527344
100.4659194946289
7.481322288513184
7.467724800109863
17.45970916748047
39.18196105957031
53.67130661010742
10.588275909423828
6.802065372467041
9.103464126586914
10.471213340759277
22.30068016052246
10.628986358642578
13.757173538208008
64.11064147949219
8.541594505310059
10.81660270690918
47.72125244140625
64.45384979248047
44.967063903808594
125.00361633300781
35.86769104003906
96.78633880615234
55.71953201293945
6.145671367645264
138.61083984375
94.05451202392578
3.8705880641937256
71.35820770263672
4.929836273193359
60.367984771728516
14.802755355834961
14.21937370300293
60.3342170715332
14.272162437438965
51.989620208740234
7.211756229400635
118.31220245361328
12.047405242919922
396.3710632324219
29.493349075317383
24.34910774230957
42.419952392578125
29.00541877746582
37.63581848144531
35.04790496826172
10.664793968200684
7.1768598556518555
64.69407653808594
64.45442962646484
161.1050567626953
8.230717658996582
21.9803409576416
26.06476402282715
148.15065002441406
6.445586204528809
7.521309852600098
4.548252582550049
13.46281909942627
5.0293684005737305
27.316417694091797
76.87689208984375
186.43185424804688
50.44761657714844
5.636672496795654
221.47201538085938
60.82122802734375
6.833246231079102
4.033174991607666
61.071571350097656
39.23989486694336
13.001533508300781
53.10211944580078
10.70135498046875
71.96359252929688
18.63589096069336
42.010250091552734
30.275253295898438
21.432659149169922
26.347248077392578
8.253649711608887
4.244457244873047
6.097007751464844
147.05482482910156
44.01897430419922
133.24099731445312
17.648603439331055
26.961502075195312
36.754364013671875
4.4517412185668945
9.401634216308594
13.614789962768555
46.62124252319336
33.08036422729492
40.335147857666016
15.577099800109863
12.481114387512207
31.03339958190918
20.83197784423828
56.374107360839844
5.608358383178711
12.804737091064453
6.309182643890381
77.28988647460938
37.24557876586914
9.442707061767578
32.35081100463867
150.90713500976562
100.32660675048828
6.499999046325684
14.928874969482422
24.517221450805664
148.2642059326172
198.78074645996094
13.686344146728516
53.78049087524414
9.724322319030762
20.83857536315918
53.57438659667969
7.5980544090271
15.997238159179688
42.68938446044922
60.886146545410156
105.53900909423828
24.311458587646484
27.73711585998535
8.266304016113281
14.64493179321289
134.81460571289062
137.11647033691406
15.02105712890625
6.212795734405518
14.64636516571045
62.420631408691406
30.178613662719727
23.676982879638672
26.198450088500977
95.37689971923828
6.382656097412109
17.34212875366211
36.49147033691406
65.91757202148438
23.475902557373047
8.700660705566406
142.44961547851562
16.60972023010254
192.16737365722656
14.27527141571045
13.472352981567383
19.184480667114258
135.1064453125
6.779401779174805
6.763296604156494
194.62966918945312
47.46255111694336
8.862443923950195
89.28094482421875
20.03013038635254
17.990192413330078
14.86024284362793
113.39788055419922
10.54243278503418
4.215367794036865
240.24996948242188
8.868805885314941
6.61133337020874
14.758166313171387
11.822614669799805
27.490121841430664
152.80026245117188
9.813006401062012
79.41010284423828
11.753050804138184
29.241235733032227
56.31177520751953
35.035667419433594
18.579702377319336
94.65968322753906
18.950334548950195
22.226917266845703
11.256081581115723
15.357708930969238
4.171159744262695
15.43233871459961
15.280755996704102
18.331653594970703
23.93766212463379
9.10118579864502
82.68940734863281
19.787382125854492
135.0912628173828
73.46768188476562
6.797245979309082
201.9291534423828
7.219967365264893
10.533352851867676
26.80510711669922
9.49571704864502
9.660189628601074
153.8441925048828
7.6135125160217285
83.84549713134766
21.010513305664062
46.937347412109375
10.273042678833008
6.152143478393555
7.163881778717041
5.582100868225098
5.5456647872924805
59.551910400390625
15.938726425170898
40.344139099121094
6.560533046722412
25.353099822998047
35.899925231933594
102.52638244628906
128.56024169921875
5.2214131355285645
94.29289245605469
7.550167560577393
19.411596298217773
16.155635833740234
18.255067825317383
8.284309387207031
48.917625427246094
16.033340454101562
16.36485481262207
22.681800842285156
18.755168914794922
16.228361129760742
5.804777145385742
5.648014545440674
32.01323699951172
25.475875854492188
25.255340576171875
4.017261981964111
11.251520156860352
13.529296875
203.02577209472656
4.266304969787598
41.35805130004883
38.63377380371094
7.430446624755859
53.67021942138672
37.49165344238281
21.322935104370117
19.020782470703125
136.0229034423828
28.914703369140625
76.73707580566406
30.104225158691406
68.4871826171875
19.378459930419922
2.9512717723846436
58.284610748291016
23.731290817260742
64.596435546875
82.37760925292969
50.722625732421875
39.384521484375
5.980831146240234
20.179033279418945
64.09380340576172
4.404212951660156
14.371831893920898
24.834928512573242
56.466835021972656
74.45834350585938
2.9827771186828613
137.9784698486328
3.7783567905426025
10.785865783691406
155.3203887939453
46.493309020996094
17.122549057006836
8.775274276733398
13.735814094543457
8.650113105773926
296.9444274902344
18.402629852294922
86.29457092285156
41.826515197753906
47.53559112548828
17.92272186279297
37.67693328857422
87.46354675292969
16.47138023376465
66.71710205078125
33.19116973876953
28.30484962463379
17.540767669677734
5.899295806884766
7.295928955078125
13.513938903808594
26.695972442626953
14.017753601074219
30.862010955810547
68.00772094726562
42.35681915283203
108.98973083496094
51.38663864135742
40.08254623413086
114.99729919433594
13.920822143554688
27.235612869262695
17.934268951416016
43.779605865478516
185.44313049316406
9.470154762268066
18.097923278808594
15.44451904296875
5.482547760009766
24.90545654296875
26.274770736694336
10.042869567871094
10.847108840942383
5.599603652954102
52.56694030761719
16.257648468017578
47.068580627441406
22.983884811401367
36.942161560058594
20.728492736816406
40.76152420043945
142.10374450683594
48.29459762573242
42.402122497558594
28.91217803955078
11.307638168334961
39.08950424194336
155.43125915527344
2.1404526233673096
66.11064147949219
6.944111347198486
117.97588348388672
7.853593349456787
72.94868469238281
3.379493236541748
51.31523132324219
13.969712257385254
39.27292251586914
63.737911224365234
61.21967697143555
78.24679565429688
3.129354238510132
8.318282127380371
91.71640014648438
46.87623977661133
28.49327278137207
76.06505584716797
117.80335235595703
8.745145797729492
6.747801780700684
88.54985809326172
15.103428840637207
11.28625774383545
85.33866119384766
142.58689880371094
19.388399124145508
27.519941329956055
12.102869987487793
32.944149017333984
17.874540328979492
187.37037658691406
29.18717384338379
24.980077743530273
67.24540710449219
30.477066040039062
179.58177185058594
66.88050079345703
95.16120147705078
7.206657409667969
15.59621524810791
163.86553955078125
6.537267684936523
25.300203323364258
21.326932907104492
101.29935455322266
4.884513854980469
69.4476318359375
23.603778839111328
44.12997055053711
28.1995792388916
15.279684066772461
25.765628814697266
21.895414352416992
50.02682876586914
22.1570987701416
25.788312911987305
13.923068046569824
93.46162414550781
18.186777114868164
6.846764087677002
15.751730918884277
2.591144323348999
59.1658821105957
23.283981323242188
31.849803924560547
93.7205810546875
28.901365280151367
3.565190553665161
7.058258056640625
15.436014175415039
48.853355407714844
35.07313537597656
48.885032653808594
6.99916934967041
18.84918975830078
7.351088523864746
102.59149169921875
16.72140884399414
11.694833755493164
15.959051132202148
13.439358711242676
39.63478469848633
10.509454727172852
44.130313873291016
46.45518112182617
39.43630599975586
11.953553199768066
7.349905967712402
15.290250778198242
74.3911361694336
17.939029693603516
17.70737648010254
28.66706657409668
22.196590423583984
20.928762435913086
38.39419937133789
6.963400363922119
6.051661968231201
97.25788879394531
6.721153259277344
66.84026336669922
46.81650924682617
37.125144958496094
14.421374320983887
17.014684677124023
76.72010803222656
25.767276763916016
58.49061965942383
56.69432067871094
56.56703186035156
9.525535583496094
55.54775619506836
4.9246368408203125
15.782909393310547
27.55611228942871
27.617712020874023
79.33211517333984
36.942161560058594
115.92386627197266
16.767276763916016
24.040159225463867
9.972204208374023
12.358342170715332
12.99625301361084
39.85767364501953
102.50395202636719
4.208824157714844
133.64718627929688
41.793949127197266
15.055166244506836
6.166557788848877
19.82198143005371
23.986989974975586
256.68157958984375
23.45745086669922
28.051998138427734
108.1507339477539
77.05402374267578
22.559724807739258
9.658063888549805
87.2942886352539
34.86766815185547
19.196155548095703
30.64226531982422
25.070167541503906
48.39324951171875
45.155235290527344
51.571937561035156
22.74671173095703
12.868948936462402
42.68524169921875
6.209334373474121
35.85385513305664
93.69837951660156
177.0642547607422
90.95238494873047
96.55043029785156
10.116026878356934
78.41563415527344
4.091540336608887
163.34552001953125
11.869421005249023
54.9660530090332
133.28904724121094
83.90831756591797
20.229745864868164
9.882303237915039
19.694398880004883
82.6357192993164
1.0997971296310425
5.233028411865234
42.07243347167969
18.245372772216797
43.60788345336914
14.972134590148926
2.6509265899658203
9.365878105163574
8.17646312713623
4.963205814361572
12.81821346282959
100.2078857421875
18.706449508666992
12.376914978027344
30.602127075195312
23.31695556640625
20.129526138305664
42.997074127197266
18.10968780517578
5.444417953491211
5.9963297843933105
7.592870235443115
17.85574722290039
41.195003509521484
36.541683197021484
29.84054183959961
164.0662384033203
22.95256805419922
11.7539644241333
9.13162612915039
10.885677337646484
60.316551208496094
70.24515533447266
80.24210357666016
77.9934310913086
4.014826774597168
49.03652572631836
34.40018844604492
60.96184158325195
44.93855667114258
8.28933048248291
33.27888107299805
63.24531555175781
2.3678345680236816
5.611269474029541
3.8809967041015625
53.30056381225586
78.99250030517578
25.32859230041504
20.883018493652344
19.474475860595703
34.24407196044922
80.58997344970703
18.946754455566406
14.737733840942383
61.0997428894043
38.23527145385742
7.022027969360352
13.820810317993164
44.27985382080078
86.80856323242188
149.36265563964844
27.746456146240234
199.7940216064453
27.034038543701172
20.28983497619629
22.970184326171875
11.018295288085938
34.11948013305664
15.930789947509766
4.876642227172852
29.58139991760254
21.462139129638672
5.193692207336426
21.60442352294922
11.574419975280762
18.43531036376953
81.97177124023438
9.817601203918457
8.945292472839355
39.91893768310547
5.954924583435059
29.73870277404785
9.941271781921387
6.384576797485352
12.994933128356934
36.42143630981445
89.41263580322266
4.866817474365234
26.456045150756836
21.280803680419922
6.361725807189941
29.167512893676758
9.279668807983398
21.656578063964844
7.692336559295654
35.36332321166992
10.829187393188477
31.384464263916016
332.2268981933594
1.4814437627792358
88.40508270263672
22.617841720581055
63.21474838256836
34.625701904296875
37.74003601074219
145.16574096679688
56.29365921020508
3.2906882762908936
37.371986389160156
10.304121971130371
191.0497283935547
8.446320533752441
47.202056884765625
10.98023509979248
12.723867416381836
8.527511596679688
133.73497009277344
210.2323455810547
5.03855037689209
6.759190559387207
26.556987762451172
19.954753875732422
2.6970605850219727
4.46575403213501
26.732954025268555
98.96367645263672
18.08916473388672
13.840054512023926
155.69845581054688
5.717016220092773
9.74733829498291
5.647287845611572
30.39789581298828
30.931116104125977
5.754174709320068
15.88888168334961
5.0222086906433105
14.171907424926758
38.80430221557617
4.260722637176514
74.31591796875
7.491955280303955
10.262300491333008
37.622764587402344
100.72859954833984
2.962998867034912
4.6635260581970215
2.1410303115844727
47.60075378417969
8.621187210083008
40.69172286987305
3.0771188735961914
28.372865676879883
1.8130080699920654
9.543707847595215
2.82725191116333
8.88888168334961
2.8268747329711914
94.93887329101562
12.044368743896484
25.06810760498047
8.113445281982422
7.526308536529541
6.915676116943359
3.1573379039764404
33.60504913330078
23.617589950561523
61.51266860961914
8.741308212280273
28.759960174560547
4.220909118652344
51.42357635498047
49.79624557495117
78.51203155517578
140.5301055908203
25.971290588378906
5.9780778884887695
3.4356536865234375
37.57511520385742
7.058768272399902
5.133588790893555
26.868099212646484
46.895450592041016
25.89253044128418
49.1883659362793
15.296751022338867
13.220856666564941
13.228126525878906
18.846527099609375
13.380180358886719
10.509449005126953
82.34722137451172
22.850332260131836
39.61186599731445
4.821115493774414
14.7057466506958
12.75197982788086
18.4342098236084
20.032913208007812
32.57072067260742
28.291980743408203
7.268698692321777
18.719402313232422
41.70321273803711
187.59515380859375
8.453734397888184
120.60643005371094
34.550235748291016
43.50065612792969
6.680416584014893
100.91844940185547
31.192628860473633
25.201269149780273
50.043514251708984
49.272003173828125
60.1934814453125
23.09646987915039
38.72811508178711
18.136125564575195
41.27328109741211
24.291025161743164
20.508180618286133
2.937687397003174
41.2006721496582
162.5382843017578
34.71552658081055
98.0779037475586
39.637325286865234
8.630329132080078
36.53722381591797
19.216407775878906
61.780906677246094
8.38148021697998
28.82474136352539
6.1226959228515625
4.989126682281494
17.864971160888672
34.23328399658203
13.06406307220459
8.48893928527832
6.957371234893799
12.273838996887207
20.055002212524414
5.427047252655029
17.804710388183594
173.3109588623047
56.38859939575195
24.768552780151367
94.55728149414062
18.97438621520996
54.632320404052734
7.463632106781006
138.6641082763672
14.418076515197754
165.646240234375
6.526296138763428
26.322935104370117
179.24685668945312
106.12572479248047
103.36673736572266
8.592318534851074
31.543336868286133
27.352331161499023
27.745052337646484
15.651691436767578
98.13028717041016
22.99235725402832
27.125198364257812
4.209193706512451
138.84231567382812
4.683504581451416
10.435834884643555
2.5750555992126465
72.62276458740234
25.87401008605957
23.374143600463867
17.333742141723633
157.9464569091797
7.74045991897583
108.35824584960938
41.19635772705078
11.610024452209473
8.348287582397461
14.799905776977539
17.92969512939453
42.56001281738281
93.22916412353516
24.497236251831055
60.87767028808594
147.4970245361328
15.132193565368652
15.685840606689453
58.34327697753906
13.728418350219727
12.718672752380371
63.9069938659668
18.162702560424805
34.18864822387695
5.0232744216918945
204.71139526367188
22.830446243286133
37.68821334838867
51.86674880981445
7.412899494171143
52.563819885253906
19.082422256469727
19.35140037536621
37.589622497558594
2.847951650619507
58.11250305175781
6.095888614654541
25.322919845581055
18.05731201171875
128.23561096191406
7.342001438140869
9.006858825683594
48.999000549316406
3.3307533264160156
58.99536895751953
6.078014373779297
34.9148063659668
11.382076263427734
7.51135778427124
18.29990005493164
13.002252578735352
10.596040725708008
26.281848907470703
10.389848709106445
9.66305923461914
7.165379047393799
69.10559844970703
59.59724426269531
59.817989349365234
100.30916595458984
12.060483932495117
73.1729736328125
9.58806324005127
7.446599006652832
23.169824600219727
144.07984924316406
56.0372200012207
217.2235565185547
43.688743591308594
16.21347427368164
7.588992595672607
45.828880310058594
11.710426330566406
16.227359771728516
34.184165954589844
10.997661590576172
42.52632141113281
38.53432846069336
10.309104919433594
28.02471923828125
9.162773132324219
35.457889556884766
4.866584300994873
7.193853378295898
57.868839263916016
149.87326049804688
56.171302795410156
32.121986389160156
24.084095001220703
11.670413970947266
28.137218475341797
19.19989585876465
31.366209030151367
14.483613967895508
3.739727020263672
34.05664825439453
42.781700134277344
92.70945739746094
5.416346549987793
6.37540340423584
22.332555770874023
10.508472442626953
71.78634643554688
7.024573802947998
62.60230255126953
8.68765640258789
23.605302810668945
3.7677032947540283
11.908462524414062
37.227210998535156
4.736354827880859
39.34004592895508
15.928629875183105
51.878639221191406
54.95243835449219
131.5868682861328
21.955425262451172
16.1803035736084
83.3376235961914
4.673257350921631
9.27604866027832
3.563405990600586
110.37928771972656
35.059715270996094
19.16995620727539
22.091163635253906
8.879279136657715
15.695335388183594
63.81045150756836
16.235868453979492
36.49460220336914
16.91298484802246
36.091094970703125
12.488911628723145
24.9820556640625
16.80626106262207
7.3230085372924805
37.0845947265625
11.4363374710083
30.820825576782227
33.79499435424805
72.04916381835938
26.528671264648438
2.0428104400634766
120.45308685302734
30.018239974975586
93.09791564941406
5.683886528015137
48.142398834228516
52.98087692260742
11.555546760559082
19.471637725830078
12.433067321777344
34.85625076293945
24.090768814086914
19.91534996032715
22.35155487060547
4.994119644165039
9.741700172424316
8.824740409851074
18.335309982299805
51.04378890991211
4.2942657470703125
18.433595657348633
4.835563659667969
32.64494705200195
18.627965927124023
12.273287773132324
45.021575927734375
5.766135215759277
31.42578887939453
33.667755126953125
10.39702320098877
7.976136207580566
12.178285598754883
227.6046600341797
19.63251304626465
6.5850043296813965
6.5611252784729
85.56603240966797
15.176238059997559
15.077543258666992
51.03532409667969
14.709839820861816
19.5539493560791
35.415260314941406
3.51070237159729
42.84709167480469
23.90042495727539
26.32636833190918
243.73556518554688
234.6616973876953
7.571923732757568
19.163936614990234
5.51552152633667
6.564225196838379
41.487571716308594
79.65347290039062
30.337072372436523
47.09672164916992
94.51744079589844
200.79522705078125
10.860355377197266
5.093200206756592
117.97057342529297
45.290794372558594
56.736610412597656
9.748924255371094
4.516264915466309
6.309821605682373
43.30577087402344
8.465848922729492
73.33281707763672
8.508073806762695
26.72586441040039
81.40625762939453
61.1930046081543
159.89208984375
19.941204071044922
6.258275508880615
13.474651336669922
118.38670349121094
60.241024017333984
9.7534818649292
12.158788681030273
10.642376899719238
58.833740234375
17.286001205444336
4.97415828704834
12.811515808105469
23.307029724121094
5.172303199768066
5.569100856781006
5.289769649505615
81.59140014648438
22.967775344848633
7.368762969970703
109.36038208007812
15.71916675567627
6.644548416137695
11.513879776000977
2.946035623550415
21.140161514282227
67.73295593261719
10.50667667388916
45.82183074951172
163.87142944335938
14.016883850097656
23.281747817993164
2.8171803951263428
5.419103622436523
7.851581573486328
55.676666259765625
132.23829650878906
12.51350212097168
88.34982299804688
9.866585731506348
52.336483001708984
15.535857200622559
38.732608795166016
6.25007963180542
54.58758544921875
71.6218032836914
51.989784240722656
32.23930358886719
2.768864870071411
126.96719360351562
14.959028244018555
295.6877136230469
7.787292003631592
7.047643184661865
98.5931396484375
4.105093955993652
90.81161499023438
19.66619110107422
10.50004768371582
34.17653274536133
3.464261054992676
19.592082977294922
24.743854522705078
112.34915924072266
9.591408729553223
3.2282698154449463
80.7957992553711
56.21588897705078
15.454940795898438
5.5864691734313965
16.41431427001953
20.527347564697266
32.016475677490234
9.016712188720703
54.50901412963867
46.19924545288086
17.381568908691406
13.984321594238281
8.002907752990723
8.3240385055542
93.5477066040039
50.52182388305664
30.522951126098633
28.161739349365234
183.0277099609375
11.328518867492676
10.834202766418457
10.649788856506348
82.37920379638672
7.913370609283447
31.98604965209961
28.57666015625
30.788841247558594
7.228363513946533
35.119232177734375
19.354135513305664
8.981395721435547
51.5682487487793
25.04998779296875
10.052523612976074
22.43307113647461
185.63133239746094
27.76439094543457
43.77267074584961
95.47000885009766
13.965983390808105
10.513529777526855
42.65446472167969
58.93455123901367
13.385496139526367
80.17908477783203
29.614532470703125
32.07884979248047
50.1788215637207
64.3048095703125
30.77225685119629
21.421518325805664
47.5084228515625
44.29648208618164
60.53099822998047
118.66353607177734
86.1748275756836
45.70417022705078
10.252105712890625
104.53871154785156
52.444766998291016
34.34553909301758
38.11367416381836
33.27138900756836
25.567598342895508
48.53255081176758
17.481487274169922
8.820417404174805
60.80390548706055
15.881573677062988
7.374349594116211
5.673996448516846
70.83599853515625
13.886698722839355
13.136322975158691
15.772324562072754
49.21586990356445
18.986055374145508
4.8868021965026855
34.963382720947266
56.17152404785156
8.463144302368164
12.551338195800781
33.79288101196289
80.23866271972656
23.55284309387207
31.381824493408203
10.503888130187988
14.391702651977539
5.245543956756592
41.522186279296875
4.224299430847168
6.840007305145264
68.43058013916016
19.69367027282715
97.7445297241211
12.3217191696167
151.02967834472656
91.70138549804688
31.733205795288086
15.149919509887695
20.839527130126953
56.789913177490234
6.13546895980835
23.890256881713867
23.73783302307129
13.624235153198242
22.67169952392578
17.482847213745117
46.72102355957031
13.524707794189453
96.30211639404297
26.78937339782715
4.130009651184082
12.991971969604492
69.69332885742188
15.010214805603027
34.63861083984375
99.67874908447266
54.744468688964844
20.813472747802734
236.9346160888672
35.14175033569336
10.59463882446289
44.092918395996094
82.09349060058594
3.288318395614624
16.845975875854492
4.1718034744262695
5.076844215393066
2.1657233238220215
12.367770195007324
240.49490356445312
33.17353057861328
6.749627590179443
11.51858901977539
5.674952983856201
31.14606285095215
43.232364654541016
12.994163513183594
87.20343780517578
12.278547286987305
63.06101608276367
196.5637664794922
10.442218780517578
3.0086021423339844
5.278964042663574
125.74531555175781
86.10454559326172
10.600250244140625
20.176265716552734
14.990510940551758
22.842586517333984
94.10196685791016
106.83936309814453
29.298667907714844
91.8514404296875
3.4260430335998535
35.02357482910156
20.55987548828125
3.029337167739868
15.347628593444824
7.748617649078369
67.96961212158203
43.90983200073242
17.76776885986328
14.63655948638916
15.244285583496094
25.873838424682617
15.651622772216797
53.700286865234375
2.7856624126434326
30.98227310180664
21.389862060546875
20.266847610473633
8.848297119140625
12.115081787109375
8.932788848876953
28.69695281982422
37.26374435424805
29.048067092895508
64.21009063720703
9.764765739440918
120.68362426757812
9.288111686706543
30.57678985595703
21.733396530151367
15.899429321289062
23.699068069458008
34.926185607910156
13.990035057067871
34.78850173950195
11.92905330657959
176.06797790527344
62.27269744873047
68.62276458740234
130.4154815673828
10.675654411315918
19.102664947509766
46.76601028442383
7.342761516571045
5.836327075958252
32.54020690917969
9.220951080322266
59.52871322631836
7.0339741706848145
3.657196283340454
7.764848709106445
13.537158966064453
6.590396881103516
12.274174690246582
14.92614459991455
23.673770904541016
24.796621322631836
6.73521614074707
109.36539459228516
26.312175750732422
20.479373931884766
41.98546600341797
6.485531330108643
16.159196853637695
10.426441192626953
94.60494232177734
7.695670127868652
9.779274940490723
7.652218341827393
129.80514526367188
2.9647622108459473
140.64707946777344
4.264349460601807
33.844398498535156
379.0306091308594
28.527400970458984
59.011573791503906
52.29241180419922
24.153947830200195
43.229312896728516
6.526913166046143
41.41614532470703
23.152820587158203
5.46224308013916
2.968996524810791
38.89561462402344
14.593347549438477
42.538429260253906
15.375911712646484
17.03141975402832
78.01493835449219
7.556227684020996
21.660724639892578
23.56529998779297
12.249594688415527
46.83799362182617
21.647733688354492
11.216812133789062
13.667107582092285
24.238515853881836
33.90578079223633
13.96132755279541
8.168486595153809
21.801345825195312
10.359910011291504
4.025744438171387
20.38556671142578
61.2064094543457
48.11486053466797
244.88177490234375
117.57200622558594
6.705843925476074
38.031368255615234
42.960853576660156
70.36840057373047
4.981916427612305
174.8887176513672
7.298363208770752
5.8256754875183105
15.689197540283203
10.831690788269043
68.76921081542969
28.734249114990234
18.668161392211914
6.826249599456787
7.182346820831299
3.457777500152588
12.469857215881348
18.94280242919922
31.36083221435547
18.698745727539062
8.67363452911377
20.46381378173828
8.520707130432129
14.195182800292969
16.259611129760742
12.634471893310547
12.37293815612793
6.323751926422119
5.265100955963135
35.10308074951172
9.930203437805176
61.9642219543457
8.895225524902344
20.382150650024414
25.52253532409668
33.84083938598633
16.20717430114746
15.386317253112793
22.912153244018555
21.21420669555664
115.60628509521484
9.416884422302246
25.160701751708984
44.155033111572266
277.61590576171875
6.690403461456299
83.8967514038086
54.592010498046875
52.13246536254883
23.350078582763672
32.817955017089844
7.514989852905273
10.960480690002441
83.27429962158203
83.95755004882812
13.84955883026123
15.695158958435059
8.045755386352539
6.456268310546875
11.300962448120117
16.797903060913086
285.060302734375
34.17454147338867
10.307926177978516
5.629934310913086
4.690585136413574
24.38480567932129
23.938451766967773
7.739923000335693
34.54785919189453
6.308111190795898
3.990262031555176
15.31383991241455
1.4375407695770264
108.1162338256836
16.97270393371582
4.510570526123047
10.225508689880371
23.2965030670166
30.362892150878906
13.031060218811035
142.86582946777344
8.4033203125
88.65169525146484
12.85355281829834
9.739679336547852
6.848470211029053
22.911752700805664
30.66301155090332
5.5796308517456055
88.11579895019531
30.956424713134766
14.457209587097168
122.35163879394531
13.674088478088379
16.6894474029541
13.644487380981445
21.540149688720703
34.278385162353516
48.34943771362305
18.589935302734375
4.4038987159729
38.07202911376953
4.6174726486206055
4.795368671417236
38.65237808227539
93.21845245361328
6.211889743804932
123.85061645507812
6.955424785614014
15.32457160949707
15.639442443847656
34.0925407409668
4.790783405303955
5.688200950622559
53.33778381347656
9.81071662902832
25.033952713012695
8.611896514892578
9.143208503723145
5.910359859466553
12.02322769165039
16.86227035522461
31.302513122558594
56.117347717285156
6.056496620178223
19.445083618164062
160.04896545410156
20.43807601928711
91.69534301757812
8.00079345703125
13.004220008850098
22.342140197753906
78.43427276611328
17.72367286682129
107.87818145751953
15.268238067626953
18.71385383605957
32.71943664550781
4.728555679321289
52.894622802734375
27.916088104248047
26.642602920532227
42.40209197998047
81.93148040771484
8.354819297790527
9.303032875061035
10.400739669799805
11.04983139038086
16.023727416992188
9.16867446899414
57.96049499511719
23.06989097595215
106.60143280029297
166.8272705078125
32.34180450439453
13.711919784545898
15.451159477233887
6.324380397796631
90.01226806640625
7.566466331481934
34.3323860168457
35.29845428466797
50.13311767578125
7.8205060958862305
29.80776596069336
197.15122985839844
10.38471508026123
3.4833576679229736
37.76971435546875
5.409994602203369
13.47934627532959
5.312160491943359
127.80347442626953
10.411128997802734
12.4347505569458
29.56561279296875
282.1813659667969
9.323558807373047
23.321367263793945
35.36389923095703
14.018468856811523
18.710248947143555
70.64686584472656
8.294509887695312
9.161107063293457
109.44842529296875
91.72638702392578
45.19052505493164
43.46247863769531
67.11737060546875
36.260231018066406
9.543097496032715
8.445672035217285
141.49551391601562
95.61753845214844
14.544928550720215
24.106422424316406
12.929866790771484
4.282623291015625
8.533551216125488
3.6587119102478027
67.68798065185547
80.95423889160156
6.646043300628662
16.419593811035156
196.81048583984375
39.67853927612305
121.0186767578125
15.07718276977539
73.65845489501953
31.40960693359375
18.131452560424805
14.919775009155273
70.78974914550781
3.9519824981689453
111.46743774414062
13.255358695983887
22.38081169128418
131.75901794433594
29.17511558532715
31.917306900024414
8.040534019470215
12.074152946472168
5.060718059539795
3.6458680629730225
65.5523452758789
5.574552059173584
5.073193550109863
43.438167572021484
42.99263000488281
3.8791115283966064
69.4711685180664
10.8909273147583
20.709850311279297
6.960755348205566
74.6605453491211
23.521621704101562
22.696775436401367
18.612958908081055
40.76942825317383
4.987375736236572
15.330174446105957
165.1864471435547
4.5204010009765625
7.624237060546875
23.327768325805664
6.411111831665039
41.71332931518555
10.217638969421387
24.144956588745117
13.018433570861816
7.541937828063965
15.673079490661621
29.144193649291992
35.447486877441406
145.98324584960938
32.478363037109375
33.316802978515625
22.71558380126953
17.230987548828125
50.666297912597656
26.650545120239258
23.337696075439453
3.5081913471221924
3.6736323833465576
14.194432258605957
11.532422065734863
40.826663970947266
62.88416290283203
88.23163604736328
12.021882057189941
6.830714702606201
158.9046630859375
24.64571762084961
6.772439479827881
18.388023376464844
22.240005493164062
5.681466102600098
9.950429916381836
34.13141632080078
17.71373176574707
16.12059211730957
28.686161041259766
2.2925918102264404
30.09780502319336
34.8195686340332
35.290771484375
8.764547348022461
35.55534744262695
12.049436569213867
20.028059005737305
120.48236846923828
73.10807800292969
56.8291015625
13.019200325012207
10.675394058227539
31.569072723388672
13.73453140258789
27.2805233001709
20.091154098510742
71.92103576660156
56.491737365722656
32.58595657348633
59.26742172241211
11.9613676071167
37.00132751464844
93.9925308227539
3.857999801635742
5.05335807800293
7.079291343688965
98.290283203125
6.664872646331787
7.097827434539795
5.806550979614258
4.696662902832031
12.57345962524414
33.79323196411133
7.416952610015869
9.38663387298584
11.566628456115723
38.037315368652344
20.15045166015625
94.0584945678711
252.83383178710938
103.45220184326172
20.02084732055664
36.03741455078125
34.25290298461914
69.62258911132812
28.03046226501465
87.03395080566406
10.405962944030762
214.40682983398438
58.65303421020508
10.631769180297852
16.41460609436035
40.537288665771484
19.444089889526367
22.934795379638672
6.594814300537109
2.471038341522217
13.047823905944824
4.003417491912842
4.941379547119141
19.255168914794922
48.21990203857422
4.686480522155762
7.625380039215088
5.608039379119873
100.5524673461914
32.55967712402344
8.475741386413574
18.476022720336914
45.4169921875
16.001131057739258
31.903079986572266
81.03421020507812
89.41738891601562
5.962131023406982
42.71755599975586
69.99413299560547
55.56081008911133
21.84481430053711
6.263482570648193
9.4153413772583
6.245968818664551
26.59395980834961
5.491593360900879
20.64655303955078
18.324031829833984
10.186994552612305
41.91659927368164
32.06238555908203
50.21998596191406
175.65798950195312
33.77264404296875
19.471939086914062
15.148544311523438
167.6837158203125
16.431663513183594
9.660257339477539
50.792598724365234
14.725378036499023
54.7026252746582
2.4968490600585938
10.615375518798828
19.221702575683594
14.828826904296875
15.947909355163574
22.32501983642578
88.67105102539062
23.045690536499023
42.550437927246094
12.47945785522461
9.117961883544922
34.81853103637695
11.566222190856934
55.50304412841797
15.649821281433105
31.96950912475586
3.2415313720703125
223.36361694335938
15.260396957397461
3.5530214309692383
42.328941345214844
40.000362396240234
3.764453411102295
15.504400253295898
10.25277042388916
82.19271087646484
29.550765991210938
22.438312530517578
4.596261501312256
5.023055553436279
23.508052825927734
8.586553573608398
14.015693664550781
12.33853816986084
25.98968505859375
42.24098587036133
15.990960121154785
9.73128890991211
66.29413604736328
61.254051208496094
93.46087646484375
35.5973014831543
51.043373107910156
11.251198768615723
2.009138584136963
11.679265975952148
9.434263229370117
30.561330795288086
104.0942153930664
29.61229133605957
74.051513671875
28.560924530029297
8.278848648071289
5.828252792358398
36.55046081542969
14.216601371765137
60.0567512512207
21.287174224853516
5.425638198852539
85.36231994628906
47.1482048034668
14.123213768005371
19.75434112548828
24.26667022705078
12.016645431518555
40.98611831665039
38.94441604614258
42.23224639892578
6.273451805114746
31.835798263549805
28.527103424072266
8.804970741271973
47.14104461669922
33.902626037597656
36.74045944213867
9.479742050170898
2.1578128337860107
11.01307487487793
8.647018432617188
17.668697357177734
6.831287860870361
26.985071182250977
10.429374694824219
7.2451982498168945
26.683612823486328
23.00435447692871
80.30423736572266
35.688568115234375
75.3972396850586
16.403156280517578
33.89007568359375
89.3210220336914
3.6513843536376953
197.59271240234375
20.773509979248047
65.1364517211914
85.22440338134766
71.60108184814453
77.34322357177734
13.901100158691406
29.144527435302734
25.023252487182617
142.90042114257812
34.36036682128906
130.86581420898438
11.867025375366211
1.9903579950332642
3.835512161254883
5.251547336578369
13.096200942993164
29.17597007751465
31.1263484954834
11.063166618347168
11.96843147277832
12.919438362121582
4.340325832366943
10.481492042541504
133.30747985839844
2.913865327835083
34.121803283691406
13.47425651550293
12.95225715637207
8.1047945022583
6.895971775054932
31.196582794189453
54.20907211303711
19.02800750732422
52.9984245300293
63.22069549560547
25.730945587158203
12.849019050598145
10.43347454071045
38.97423553466797
12.599167823791504
111.22872924804688
17.91249656677246
13.413362503051758
85.32633209228516
21.271024703979492
17.905973434448242
16.524808883666992
67.9315414428711
27.63268280029297
18.132822036743164
24.470670700073242
9.474547386169434
33.65614700317383
9.69340705871582
2.736849069595337
85.6579360961914
13.634505271911621
6.404525279998779
45.676734924316406
9.381770133972168
41.866477966308594
33.56343078613281
19.22718048095703
78.07872009277344
9.455187797546387
8.388914108276367
18.43202781677246
51.13367462158203
4.463613986968994
3.9322304725646973
15.053217887878418
24.233144760131836
91.68579864501953
21.447507858276367
20.518329620361328
12.966769218444824
5.5023393630981445
24.519086837768555
61.09234619140625
54.70844650268555
60.56589126586914
63.14702606201172
109.84746551513672
49.691837310791016
22.384931564331055
6.244625568389893
10.378689765930176
16.525911331176758
55.20510482788086
42.25162124633789
17.654420852661133
15.418844223022461
9.197057723999023
7.639621257781982
80.90692901611328
7.248423099517822
38.56404113769531
4.5497236251831055
18.08036994934082
55.08773422241211
22.237836837768555
5.563623428344727
23.3362979888916
13.322699546813965
4.355108261108398
35.86891555786133
16.886430740356445
39.45275115966797
29.194955825805664
15.927411079406738
23.854135513305664
9.667508125305176
41.022789001464844
6.960639953613281
36.91929626464844
30.13612174987793
6.259571075439453
42.414798736572266
80.61933135986328
28.241945266723633
10.175917625427246
97.83628845214844
8.883111953735352
70.70706176757812
99.62726593017578
7.305568218231201
5.72583532333374
86.26361083984375
45.183292388916016
15.069167137145996
21.509075164794922
3.4824559688568115
27.84368133544922
88.80165100097656
6.854524612426758
242.92176818847656
9.852660179138184
40.41816711425781
55.17654037475586
16.29477882385254
284.8658447265625
85.73560333251953
4.880522727966309
17.76365852355957
4.754602909088135
4.656739711761475
7.991984844207764
17.532228469848633
20.303874969482422
15.983194351196289
159.18283081054688
77.59720611572266
177.17636108398438
40.946861267089844
21.743000030517578
3.9694535732269287
43.169349670410156
77.94310760498047
5.888929843902588
86.45962524414062
6.1876935958862305
95.3609390258789
12.32476806640625
4.552541255950928
17.999849319458008
27.788063049316406
127.13298034667969
42.0350341796875
34.37528991699219
13.825041770935059
245.96456909179688
18.409439086914062
60.135921478271484
40.49534225463867
20.58990478515625
6.057661533355713
21.9541015625
6.927609443664551
3.1494102478027344
12.717147827148438
4.74501895904541
31.671432495117188
57.356571197509766
68.13322448730469
13.745560646057129
31.785598754882812
28.636459350585938
43.21842956542969
14.89342975616455
5.049071788787842
3.3556630611419678
9.056663513183594
42.80113220214844
12.348772048950195
15.500802993774414
30.25343894958496
56.874542236328125
15.416842460632324
17.768199920654297
5.6008076667785645
11.714653968811035
32.005126953125
20.429750442504883
25.429012298583984
35.833255767822266
54.97142028808594
7.168953895568848
9.698982238769531
95.7002944946289
52.0710563659668
4.8531718254089355
3.8691978454589844
8.191269874572754
3.3547496795654297
18.003332138061523
3.8125715255737305
48.59114074707031
12.692826271057129
71.26802062988281
12.914982795715332
31.07255744934082
2.948932647705078
3.0539751052856445
3.236520290374756
2.9676637649536133
2.410698890686035
18.68404769897461
4.524151802062988
13.506107330322266
4.686765193939209
84.28985595703125
53.11482620239258
18.684438705444336
19.616586685180664
54.86476516723633
39.00092697143555
41.679595947265625
54.624114990234375
57.23740005493164
35.31413650512695
206.94583129882812
34.232765197753906
6.633401393890381
72.29413604736328
13.635087013244629
9.032350540161133
15.07176685333252
25.478322982788086
37.04532241821289
52.25104904174805
22.876386642456055
5.640302658081055
82.77893829345703
137.63296508789062
18.56250762939453
35.132568359375
34.9465217590332
22.04646110534668
7.884125232696533
3.607541561126709
25.850364685058594
26.842575073242188
59.613319396972656
38.59466552734375
58.36741256713867
129.38758850097656
9.140962600708008
112.26211547851562
21.81232452392578
10.498581886291504
57.57713317871094
119.87165069580078
20.321712493896484
116.6669692993164
2.7618892192840576
7.770873546600342
3.4048194885253906
31.849475860595703
27.34549903869629
6.385153293609619
9.205668449401855
39.0089225769043
11.354558944702148
20.395477294921875
13.533790588378906
32.52919006347656
13.003795623779297
8.70856761932373
27.471206665039062
63.21428298950195
6.646235466003418
25.293577194213867
11.076680183410645
55.48706817626953
52.81020736694336
34.85641098022461
6.3310546875
23.60366439819336
69.03841400146484
22.394372940063477
28.754127502441406
57.76297378540039
150.49415588378906
3.3888707160949707
45.84947204589844
17.60662841796875
48.17383575439453
3.594153881072998
11.05823040008545
23.361038208007812
56.643333435058594
39.60114669799805
14.699121475219727
32.929161071777344
35.33248519897461
6.651963233947754
22.44847297668457
6.173949718475342
8.471697807312012
24.176883697509766
40.02500534057617
39.12018966674805
62.7543830871582
72.71177673339844
5.323378086090088
14.053542137145996
88.96639251708984
5.397548675537109
6.260771751403809
40.718204498291016
57.56959915161133
16.343046188354492
37.414642333984375
71.27839660644531
35.249332427978516
22.45444679260254
34.672630310058594
32.61833953857422
284.25653076171875
42.10724639892578
4.816225528717041
2.4057328701019287
7.339494705200195
4.024543285369873
19.987958908081055
166.3133087158203
70.87174987792969
35.80998611450195
251.63339233398438
12.98383617401123
6.306947708129883
33.18065643310547
89.4876480102539
109.21350860595703
2.4151265621185303
28.25234603881836
81.25276947021484
11.281996726989746
2.0657660961151123
7.695621967315674
20.806730270385742
13.964497566223145
12.16901969909668
8.837076187133789
12.275629997253418
103.16312408447266
51.186832427978516
5.094956874847412
78.31356811523438
108.10942840576172
7.889148712158203
5.9712042808532715
11.509441375732422
8.782411575317383
22.270484924316406
305.3296203613281
72.15939331054688
46.262001037597656
60.825469970703125
33.64846420288086
12.414546012878418
22.814485549926758
22.52402114868164
18.0150203704834
18.891340255737305
4.666750431060791
33.63663864135742
4.761047840118408
42.7121467590332
185.97178649902344
66.12664031982422
6.97484827041626
14.898205757141113
9.315610885620117
52.52420425415039
32.01018142700195
20.854524612426758
5.117568016052246
22.928386688232422
33.8050651550293
152.76812744140625
78.09980010986328
10.13350772857666
22.37137222290039
49.9520378112793
9.135412216186523
66.24015045166016
30.242719650268555
12.359832763671875
1.7346458435058594
23.377521514892578
78.21012115478516
72.3763427734375
10.652591705322266
52.987762451171875
54.338951110839844
81.74241638183594
119.05244445800781
26.639883041381836
148.47422790527344
22.29024314880371
37.695289611816406
75.45496368408203
11.870948791503906
22.923906326293945
23.500171661376953
85.09369659423828
5.4109601974487305
16.480443954467773
16.27290916442871
23.33747673034668
9.3098726272583
8.6851224899292
10.962973594665527
55.91889572143555
10.371440887451172
9.022199630737305
7.0479655265808105
15.023555755615234
5.428933620452881
46.618324279785156
9.151238441467285
32.569374084472656
85.27505493164062
11.996258735656738
2.0356454849243164
20.309181213378906
23.84769058227539
6.7542619705200195
17.79227638244629
7.41245174407959
37.57814025878906
17.19560432434082
10.401810646057129
7.916078090667725
12.846271514892578
19.573932647705078
36.60091018676758
6.948866844177246
2.8482413291931152
17.30342674255371
29.482521057128906
22.167478561401367
74.79692840576172
10.947135925292969
47.096946716308594
19.094539642333984
42.369102478027344
3.2318410873413086
218.43463134765625
31.346744537353516
49.648963928222656
319.1624755859375
25.780900955200195
8.686562538146973
28.776033401489258
111.7204818725586
11.736042022705078
12.149312019348145
4.325098514556885
2.82670521736145
32.2101936340332
11.757808685302734
37.033470153808594
29.344989776611328
4.385351657867432
46.81360626220703
3.7920656204223633
12.181136131286621
14.086568832397461
165.81504821777344
37.75617599487305
3.6174447536468506
47.0609016418457
37.68866729736328
130.174072265625
43.01909637451172
7.714555740356445
39.304561614990234
23.453231811523438
31.737728118896484
28.238874435424805
32.955265045166016
33.168514251708984
14.085774421691895
91.39966583251953
17.626256942749023
7.129643440246582
9.147271156311035
42.01285171508789
36.58091735839844
10.312837600708008
32.198974609375
18.374134063720703
6.4349751472473145
5.767012119293213
6.039057731628418
7.2352375984191895
140.70587158203125
5.409285068511963
9.995601654052734
74.11419677734375
29.008811950683594
9.794672012329102
36.41151809692383
26.887378692626953
12.233853340148926
28.777694702148438
55.96809387207031
78.53897094726562
15.667045593261719
4.812976360321045
30.567739486694336
1.7666620016098022
50.44398880004883
6.268598556518555
8.704607963562012
5.388336181640625
10.76168155670166
45.98462677001953
68.90968322753906
21.648395538330078
62.43180847167969
11.689350128173828
9.143773078918457
141.59519958496094
49.83929443359375
18.40332794189453
82.45027160644531
342.5164794921875
6.411739349365234
20.383787155151367
8.54242992401123
9.336188316345215
32.638450622558594
38.73036575317383
36.9617919921875
260.5246276855469
65.799072265625
6.170757293701172
45.18508529663086
54.1458625793457
40.237144470214844
13.662474632263184
6.235124588012695
43.42475891113281
33.60200119018555
40.440589904785156
94.30776977539062
11.220664024353027
54.488128662109375
50.643707275390625
3.6908581256866455
8.792854309082031
13.639294624328613
98.61979675292969
37.567169189453125
63.193275451660156
83.84949493408203
17.969621658325195
99.04352569580078
32.848670959472656
6.369072437286377
10.611855506896973
4.838725566864014
4.0072340965271
50.05093765258789
13.994036674499512
10.019943237304688
2.6172409057617188
5.322330951690674
38.3175048828125
38.682464599609375
7.864695072174072
25.79407501220703
4.739627838134766
4.833593845367432
5.919190406799316
90.37672424316406
16.27372932434082
30.531639099121094
8.651339530944824
14.711101531982422
100.67366790771484
20.639543533325195
2.248382091522217
7.79257345199585
137.00582885742188
21.4898738861084
50.97993469238281
86.51935577392578
118.51954650878906
5.736262321472168
24.648897171020508
31.713930130004883
104.8355484008789
18.156335830688477
20.61089515686035
117.93438720703125
19.626476287841797
16.134502410888672
16.37209129333496
10.584465980529785
20.118633270263672
40.60260009765625
16.807331085205078
23.464237213134766
31.420278549194336
8.671323776245117
9.10072135925293
174.32763671875
20.166492462158203
32.092323303222656
6.996657848358154
23.33074378967285
53.453338623046875
17.37982177734375
9.983500480651855
30.285764694213867
45.08256530761719
19.08032989501953
93.07304382324219
41.97092819213867
153.84854125976562
39.4822998046875
9.719361305236816
50.974952697753906
19.86077880859375
10.475508689880371
31.749021530151367
99.86782836914062
115.22911071777344
99.3621826171875
4.261421203613281
25.134471893310547
5.141924858093262
58.999874114990234
66.32579040527344
12.180191040039062
57.189308166503906
32.98527145385742
4.933634281158447
74.26861572265625
45.390804290771484
27.54574966430664
35.2813720703125
20.375850677490234
11.096468925476074
418.7713623046875
294.8893737792969
10.193089485168457
64.19474029541016
27.720571517944336
272.3848876953125
4.589648723602295
4.799440383911133
87.15978240966797
70.4415283203125
84.21650695800781
10.21269416809082
27.520837783813477
9.367812156677246
7.744716644287109
104.56136322021484
89.11730194091797
45.26353454589844
3.5534067153930664
14.697291374206543
48.59077835083008
59.95142364501953
57.39704895019531
13.958196640014648
23.887962341308594
76.34568786621094
7.505012035369873
16.61872100830078
56.12300109863281
34.0718879699707
2.4047229290008545
36.650306701660156
10.116076469421387
25.260587692260742
51.04288864135742
34.4586067199707
8.58176326751709
44.529273986816406
111.66989135742188
24.154935836791992
70.00502014160156
104.07347869873047
56.15876770019531
50.64757537841797
20.37563133239746
12.304508209228516
30.48540687561035
42.01508712768555
26.878225326538086
48.833065032958984
16.98033905029297
102.32499694824219
43.91790771484375
76.43832397460938
235.2339324951172
19.802005767822266
22.28373146057129
20.53879165649414
4.687192916870117
10.852554321289062
32.62900161743164
23.552017211914062
49.452606201171875
6.831265926361084
33.9408073425293
32.666786193847656
6.409949779510498
53.18048858642578
59.539405822753906
133.97325134277344
206.97488403320312
4.952341079711914
146.4773712158203
9.703471183776855
33.50254821777344
14.878948211669922
90.81420135498047
39.2485237121582
15.776040077209473
14.751870155334473
17.069061279296875
25.83111000061035
8.80490493774414
43.202449798583984
388.45953369140625
8.71396255493164
42.89525604248047
2.414762258529663
18.05439567565918
80.42346954345703
25.847776412963867
92.67345428466797
5.468085765838623
38.988975524902344
37.747440338134766
7.232131004333496
38.553489685058594
39.32112121582031
10.7415189743042
55.67655944824219
10.522640228271484
92.2877197265625
19.659317016601562
127.64775848388672
9.423511505126953
50.373451232910156
31.76151466369629
10.870203018188477
70.63961791992188
9.046407699584961
4.607433795928955
66.52237701416016
41.98738479614258
15.028156280517578
6.1297287940979
15.518884658813477
21.282506942749023
15.321647644042969
7.261849403381348
16.159923553466797
16.665359497070312
40.75470733642578
136.6396026611328
59.69413375854492
30.714012145996094
33.41804122924805
15.00094223022461
45.44853210449219
14.906867980957031
28.08535385131836
105.71266174316406
244.48434448242188
15.755573272705078
37.93521499633789
12.969612121582031
47.01301956176758
10.231947898864746
81.09778594970703
186.91580200195312
130.7959442138672
24.6146240234375
2.8108396530151367
24.217830657958984
37.968788146972656
21.58290672302246
138.8673095703125
8.154925346374512
12.730973243713379
46.17638397216797
18.334033966064453
23.046855926513672
428.7882995605469
8.823853492736816
3.7115843296051025
70.161376953125
13.729604721069336
6.567132472991943
15.80052661895752
2.3926689624786377
20.38971519470215
14.906519889831543
38.54676055908203
78.0649642944336
37.84709930419922
24.002243041992188
55.63261032104492
51.86250305175781
14.059366226196289
10.226009368896484
3.0470688343048096
42.73350524902344
6.779524803161621
9.024672508239746
51.29630661010742
30.470596313476562
13.711402893066406
22.91025161743164
13.504618644714355
47.55289077758789
40.5032958984375
9.868035316467285
12.792469024658203
2.8806025981903076
70.15982055664062
8.933149337768555
60.4229850769043
8.645745277404785
31.712650299072266
6.178765773773193
81.22904205322266
95.48420715332031
2.3716633319854736
57.407527923583984
15.749659538269043
20.680238723754883
7.792325973510742
30.754806518554688
29.175321578979492
169.7425079345703
169.99974060058594
17.020023345947266
36.084529876708984
47.15323257446289
7.754889965057373
42.99415588378906
103.40962982177734
3.0871641635894775
16.02050018310547
3.710846185684204
15.385173797607422
12.756823539733887
16.71755599975586
9.810786247253418
22.885515213012695
128.88491821289062
5.122366905212402
6.8621344566345215
8.465340614318848
63.43165969848633
16.435924530029297
15.331335067749023
3.1265668869018555
143.51785278320312
2.869638442993164
24.63233184814453
10.751350402832031
6.653377532958984
16.406808853149414
23.780345916748047
18.626968383789062
5.042216777801514
30.103017807006836
1.8245912790298462
22.62397575378418
35.14997100830078
46.68672180175781
15.915889739990234
49.26799011230469
25.220552444458008
6.29455041885376
9.900727272033691
2.905515193939209
14.602873802185059
9.552464485168457
16.532339096069336
18.43830680847168
12.25726318359375
2.2285377979278564
4.302797794342041
15.756646156311035
6.777935028076172
12.00870418548584
92.31922912597656
42.0911979675293
5.6750030517578125
27.49846076965332
1.7579129934310913
108.73846435546875
5.478176116943359
7.217962265014648
115.64643859863281
18.762731552124023
6.014364719390869
131.39230346679688
7.912287712097168
2.4450831413269043
47.00414276123047
8.526971817016602
5.518369674682617
2.0867083072662354
179.65538024902344
5.241134166717529
118.778564453125
52.80739212036133
6.469931125640869
7.345091819763184
8.357292175292969
5.765923976898193
6.3939008712768555
23.651208877563477
73.94080352783203
24.02300262451172
11.252073287963867
12.144378662109375
37.933937072753906
5.140353202819824
3.39396333694458
55.57041931152344
41.645328521728516
69.7286605834961
6.3315324783325195
61.924442291259766
6.707836627960205
28.37577247619629
36.505245208740234
84.98121643066406
18.563074111938477
43.24776840209961
26.659509658813477
9.43103313446045
5.145623683929443
32.56935119628906
3.786954641342163
7.572042465209961
103.01371002197266
5.224492073059082
7.56124210357666
8.974858283996582
4.562008380889893
11.665227890014648
59.2345085144043
30.83980369567871
46.32987976074219
3.9278385639190674
155.29238891601562
48.669734954833984
4.20298433303833
119.56476593017578
18.922048568725586
2.2606780529022217
7.94174861907959
31.895402908325195
18.73244857788086
98.55215454101562
48.52238845825195
8.046262741088867
8.049545288085938
8.781357765197754
9.223824501037598
25.410602569580078
13.437637329101562
45.85846710205078
8.40082836151123
38.6580696105957
14.246925354003906
15.01987361907959
26.431589126586914
26.301212310791016
12.825846672058105
17.362117767333984
17.00746726989746
15.597835540771484
17.11182975769043
2.892777919769287
19.816808700561523
2.5520472526550293
24.714412689208984
6.213696002960205
42.378196716308594
32.4066047668457
9.075143814086914
49.75263977050781
13.407793998718262
13.6491060256958
3.5572214126586914
136.67526245117188
23.992807388305664
9.44197940826416
15.055182456970215
15.238618850708008
3.873142719268799
7.437063217163086
23.986526489257812
3.6324498653411865
6.338590621948242
3.120187759399414
69.03286743164062
9.252902030944824
12.897440910339355
7.344313144683838
6.3088178634643555
43.21896743774414
6.259814262390137
20.136125564575195
118.53363800048828
10.191130638122559
8.681249618530273
44.12759017944336
16.908470153808594
50.62709045410156
37.340152740478516
15.327669143676758
32.792484283447266
19.777372360229492
39.89291763305664
130.83706665039062
31.44940757751465
15.324700355529785
11.752760887145996
24.902969360351562
44.79951477050781
48.46824264526367
29.35824966430664
46.84514617919922
27.957706451416016
7.375246047973633
21.119516372680664
6.105221271514893
20.221206665039062
25.964693069458008
79.89068603515625
59.11858367919922
10.765871047973633
118.40213775634766
7.324454307556152
