5240.89306640625
3756.652099609375
5921.275390625
3924.142578125
4690.2646484375
3286.556396484375
5329.3603515625
5782.25439453125
7795.318359375
4791.08056640625
4023.571533203125
5578.53662109375
3088.12158203125
3760.362060546875
6432.67822265625
6512.443359375
4829.74755859375
7260.8515625
6027.162109375
7297.57177734375
7057.58837890625
8249.701171875
7628.2802734375
8219.4130859375
7490.61962890625
9100.4462890625
6619.556640625
5375.13037109375
5494.048828125
6631.57763671875
8003.27001953125
5817.4365234375
7626.0634765625
3142.62841796875
6428.2158203125
5078.5703125
4895.08056640625
3778.0439453125
3719.89404296875
4559.25439453125
4942.0693359375
4387.31494140625
5023.896484375
4586.14208984375
4701.9052734375
3159.251953125
4821.13623046875
5283.1796875
5466.1943359375
3991.37158203125
5493.6943359375
4834.134765625
4920.07666015625
5415.11328125
4657.03955078125
4841.46875
6281.91455078125
5057.3203125
5505.3896484375
5884.37158203125
5102.02880859375
5879.3193359375
5819.0302734375
6806.4404296875
4709.03369140625
5807.4375
6374.49853515625
4392.71826171875
5845.6884765625
5623.78125
5399.36181640625
5847.05615234375
7092.638671875
5651.45703125
5715.0166015625
3492.970703125
2979.59765625
4215.1806640625
3885.58837890625
5179.91748046875
4522.5322265625
2493.375244140625
4997.81494140625
5297.74853515625
4548.8173828125
3697.016845703125
6427.69189453125
5028.818359375
6419.369140625
6661.98388671875
6111.56640625
6103.0908203125
4093.330322265625
4821.6865234375
4901.779296875
4734.5634765625
4550.21484375
4574.349609375
4310.06396484375
4116.255859375
4561.75634765625
3228.4462890625
2924.415771484375
4053.5966796875
4446.2880859375
3811.553466796875
3412.65234375
3862.15576171875
1980.775146484375
3681.205078125
4167.71435546875
4341.37060546875
3596.008056640625
4895.87939453125
3248.732421875
4375.33251953125
3776.055908203125
3303.0
3052.235107421875
3967.13330078125
2848.27685546875
3896.446533203125
2910.29296875
3474.898193359375
3029.353271484375
2309.100341796875
3267.091796875
2389.01171875
3519.87109375
2999.594970703125
2626.176025390625
2565.54296875
2171.340576171875
1999.757080078125
1802.600830078125
2498.127197265625
1748.540771484375
900.9735107421875
1160.763427734375
1985.3179931640625
2025.2918701171875
1233.6795654296875
1747.2103271484375
1399.3201904296875
1884.4075927734375
808.1260375976562
1059.890625
1461.883544921875
1546.6893310546875
980.9575805664062
1317.6334228515625
1176.7706298828125
2097.442138671875
1430.8353271484375
901.369873046875
1232.9324951171875
907.8727416992188
989.6339721679688
936.9767456054688
905.1279296875
1511.3084716796875
909.593017578125
1415.2818603515625
1555.0330810546875
1321.038818359375
1296.2193603515625
1068.470703125
886.0765991210938
1338.4327392578125
841.3602294921875
1497.6385498046875
1682.586669921875
1434.693115234375
1365.2625732421875
1331.20068359375
1304.0440673828125
1302.5213623046875
1341.0321044921875
1072.742431640625
1514.606689453125
935.8203125
1056.34130859375
1252.1339111328125
961.6747436523438
1155.710693359375
1135.206787109375
1139.9503173828125
1182.5692138671875
1282.700439453125
1102.9822998046875
1691.209228515625
1706.0108642578125
1429.078857421875
1188.1785888671875
1276.822265625
1027.5452880859375
1487.6671142578125
1044.7918701171875
1319.4151611328125
1357.45458984375
1539.1712646484375
1812.2220458984375
2123.120361328125
1703.0992431640625
1024.265625
1578.55029296875
1466.9178466796875
1363.9859619140625
1208.8135986328125
1943.8114013671875
1840.2523193359375
1082.4810791015625
1102.7867431640625
1756.2021484375
1076.9805908203125
1436.2779541015625
1057.8408203125
1092.784912109375
1057.977783203125
1111.168701171875
1261.45166015625
1113.589599609375
1127.9638671875
1460.6136474609375
1054.47314453125
1030.2637939453125
1018.8948364257812
1029.1478271484375
1010.8069458007812
1144.0013427734375
1156.010009765625
1080.458251953125
1048.8370361328125
1011.2034301757812
1026.8966064453125
1451.449462890625
1034.076416015625
1188.2506103515625
1306.9481201171875
994.4196166992188
1643.2489013671875
1400.5384521484375
1096.508544921875
1008.2377319335938
941.2875366210938
1139.0355224609375
1538.971923828125
1116.3094482421875
1036.945556640625
1190.55712890625
1343.6278076171875
949.1660766601562
951.3099365234375
1001.280517578125
1322.2071533203125
1096.0277099609375
942.5416259765625
945.0045776367188
1495.8800048828125
1088.8907470703125
1200.0145263671875
1018.1533203125
1339.0230712890625
1067.81884765625
986.7113037109375
1014.336669921875
1054.496826171875
1081.534912109375
978.5003051757812
924.263427734375
937.479736328125
1008.9490966796875
1218.923583984375
892.768798828125
1051.3756103515625
981.7852783203125
988.1944580078125
1148.1881103515625
926.3946533203125
930.7374267578125
1384.292724609375
833.0660400390625
1032.2003173828125
1355.5831298828125
1325.36083984375
1156.7740478515625
888.0704345703125
1070.7733154296875
1044.9268798828125
1032.6514892578125
1003.8717651367188
1289.25048828125
1202.5028076171875
1237.3583984375
901.2722778320312
1496.4019775390625
1186.0189208984375
1085.3642578125
1664.91552734375
993.4321899414062
953.7955322265625
1369.603271484375
1504.794921875
1540.9793701171875
1298.207275390625
962.3666381835938
1320.3046875
2197.762939453125
1956.8331298828125
1819.303955078125
2099.784423828125
971.5474243164062
1533.4228515625
1824.01416015625
1167.5345458984375
922.3277587890625
1253.228515625
965.4352416992188
932.9005126953125
1415.3658447265625
1069.9539794921875
1107.31396484375
987.0806884765625
1077.1019287109375
1363.656494140625
1386.676025390625
1044.0185546875
1099.7806396484375
1083.46240234375
1441.5084228515625
946.5439453125
1042.2333984375
1267.724609375
1330.0908203125
1366.548828125
939.626708984375
935.8707275390625
1040.1627197265625
969.0336303710938
928.849365234375
936.7486572265625
897.2449340820312
1224.09912109375
1132.021484375
2094.851806640625
1288.1654052734375
1069.12060546875
1087.5521240234375
1089.8858642578125
1031.0975341796875
1016.6688232421875
881.838623046875
933.9549560546875
1040.1314697265625
949.61328125
1139.77490234375
902.5144653320312
897.327392578125
902.6729125976562
1026.374267578125
957.8635864257812
911.8785400390625
919.6138305664062
906.7113037109375
861.5614624023438
825.2425537109375
973.09033203125
841.251708984375
1210.7529296875
1316.4393310546875
848.2073364257812
1214.915771484375
939.2536010742188
842.9232177734375
1243.7313232421875
976.4937133789062
1115.465087890625
1137.44189453125
1507.7408447265625
941.1364135742188
784.4274291992188
778.2042846679688
911.811767578125
1008.3818359375
899.0747680664062
820.4189453125
1413.2518310546875
806.6776733398438
922.3478393554688
794.9301147460938
826.5369873046875
797.4605102539062
1300.620849609375
1375.60009765625
1392.0513916015625
1433.60205078125
1084.8345947265625
2182.455322265625
1279.9307861328125
930.0079345703125
1144.180419921875
1079.482421875
1439.292724609375
1664.2911376953125
826.373291015625
843.6277465820312
1285.749267578125
1172.072509765625
2093.014404296875
975.4074096679688
1270.6693115234375
1415.8795166015625
1630.6240234375
2076.53662109375
855.6102294921875
858.8541259765625
859.2225341796875
883.4514770507812
836.7454223632812
872.8919677734375
937.0927124023438
996.7963256835938
809.0462036132812
1126.1824951171875
809.8045654296875
995.8367919921875
789.6975708007812
938.51513671875
895.6082153320312
816.3896484375
904.2564697265625
807.6213989257812
804.8756713867188
811.7537231445312
798.9139404296875
760.8875122070312
909.1326293945312
768.5781860351562
784.3555297851562
903.7518920898438
739.3557739257812
743.59521484375
749.2153930664062
837.4661865234375
779.845703125
854.2666015625
715.95654296875
745.617919921875
701.4356689453125
949.369873046875
713.4307250976562
783.4705810546875
864.2418212890625
994.0691528320312
978.8456420898438
1214.1920166015625
1026.8682861328125
1184.089599609375
803.991455078125
1324.3089599609375
956.4248046875
1070.46728515625
1186.833984375
714.3385009765625
731.2493896484375
1056.6190185546875
697.4139404296875
718.0857543945312
1145.3236083984375
1002.7030029296875
1125.0948486328125
1016.5543212890625
1547.6044921875
1174.3887939453125
1430.0125732421875
1260.0869140625
1501.461181640625
1093.041259765625
1152.45849609375
835.7324829101562
1354.819580078125
1827.075439453125
2122.306640625
781.4500122070312
754.18798828125
1253.99072265625
771.1214599609375
1003.2131958007812
792.0037841796875
800.1693725585938
807.630126953125
1058.10986328125
813.9560546875
973.7613525390625
975.3641357421875
1795.3743896484375
862.7557373046875
908.9439697265625
1127.1876220703125
793.3688354492188
869.485107421875
1101.3638916015625
768.0450439453125
776.5018920898438
1191.5506591796875
759.897216796875
907.919677734375
887.8529663085938
901.4805908203125
778.2940063476562
815.4783935546875
773.6651000976562
1566.0594482421875
776.6214599609375
755.2199096679688
780.9912109375
1071.25927734375
740.59716796875
738.8743286132812
825.1854858398438
715.694091796875
813.8147583007812
859.766357421875
862.1292114257812
692.924560546875
1214.818359375
823.2285766601562
740.3615112304688
1064.968994140625
793.0036010742188
773.6384887695312
1328.2686767578125
792.9844970703125
762.5619506835938
966.4166259765625
1116.4234619140625
922.6975708007812
751.6937255859375
852.6229248046875
874.078857421875
890.9651489257812
877.474853515625
733.8101806640625
1096.0323486328125
702.5103759765625
767.998779296875
919.7311401367188
1016.4176635742188
1319.3192138671875
767.4085083007812
1547.2122802734375
693.7329711914062
752.9378662109375
683.5460815429688
1017.8092651367188
808.1923828125
887.79638671875
829.2410278320312
1642.1395263671875
1152.83837890625
992.0588989257812
831.2362670898438
886.9957275390625
879.637451171875
813.555908203125
1074.300537109375
732.439697265625
860.5619506835938
1325.5101318359375
1265.244384765625
1341.6055908203125
1138.6292724609375
1300.81396484375
1152.04638671875
1314.0819091796875
1926.8548583984375
1590.650146484375
836.6477661132812
1792.3988037109375
1740.0506591796875
1188.9443359375
2096.366455078125
1072.1787109375
1301.826171875
1904.310791015625
1753.5689697265625
1489.4425048828125
901.6557006835938
1541.187255859375
1601.5335693359375
1468.4368896484375
1288.6737060546875
1522.9725341796875
1158.9188232421875
1040.828857421875
1266.9998779296875
1400.9853515625
1101.290283203125
1283.8826904296875
1177.3468017578125
1334.6259765625
1570.543212890625
1068.4449462890625
932.7138061523438
1056.6009521484375
1498.9403076171875
961.6597900390625
941.67578125
1008.1715698242188
976.840576171875
1037.885986328125
939.9472045898438
1110.98876953125
953.8646850585938
933.9146118164062
912.9808349609375
937.7797241210938
951.2525024414062
964.1309204101562
891.51171875
1111.5936279296875
1432.8072509765625
896.8262329101562
879.5532836914062
1093.5191650390625
854.8978881835938
946.5633544921875
861.5225830078125
944.7107543945312
891.2325439453125
905.2988891601562
925.1744384765625
842.1995239257812
976.5958251953125
891.365966796875
879.334228515625
826.2791748046875
783.9274291992188
774.5220947265625
795.352783203125
751.3294067382812
990.0884399414062
756.7986450195312
772.4535522460938
875.3135375976562
802.875732421875
773.6090698242188
894.4071044921875
902.0823364257812
720.5753173828125
711.17626953125
733.40234375
707.3219604492188
755.1780395507812
716.4774169921875
685.371337890625
676.9591064453125
752.0718383789062
641.4506225585938
668.892333984375
700.9774780273438
659.8326416015625
837.7666015625
1010.2327270507812
606.3080444335938
648.329345703125
837.86328125
673.4248046875
736.4678344726562
569.3286743164062
592.2758178710938
576.5963134765625
653.6884155273438
571.4378051757812
546.0178833007812
714.9078979492188
554.9547729492188
894.0020141601562
698.791259765625
560.4215087890625
613.90380859375
792.651123046875
594.7544555664062
624.6239013671875
623.60400390625
553.1541748046875
690.285888671875
1110.7275390625
587.4401245117188
1540.5960693359375
553.6618041992188
682.7516479492188
623.8222045898438
640.18701171875
618.0358276367188
671.7981567382812
808.220458984375
666.6317138671875
547.3247680664062
524.7620239257812
864.5289916992188
643.789794921875
664.7633056640625
529.9981079101562
737.2318725585938
530.9705810546875
518.800048828125
762.7540283203125
601.1524658203125
648.820068359375
571.90966796875
931.5009765625
797.0324096679688
670.3053588867188
860.5567626953125
1097.1090087890625
1049.5050048828125
1273.71240234375
835.7063598632812
1199.303955078125
921.8666381835938
671.854248046875
552.5816650390625
648.8551025390625
783.6600952148438
784.7464599609375
735.1962890625
820.8167724609375
702.565673828125
1245.999267578125
866.6305541992188
845.348388671875
736.6553344726562
729.7635498046875
893.7229614257812
601.4659423828125
777.4248046875
920.1678466796875
704.0172729492188
607.57373046875
640.53857421875
823.3253784179688
658.613037109375
712.5695190429688
722.1072998046875
676.44580078125
957.9453125
821.1995239257812
605.0166015625
844.7477416992188
658.2141723632812
856.7180786132812
647.166748046875
776.10791015625
756.7009887695312
650.342529296875
1146.03466796875
873.506591796875
1293.3292236328125
769.7197875976562
862.9862670898438
746.3579711914062
823.8049926757812
734.9196166992188
1081.0145263671875
1123.7904052734375
772.7583618164062
1080.797119140625
946.8212890625
922.3491821289062
726.7224731445312
771.8507080078125
1079.8875732421875
1124.63671875
777.2766723632812
688.9266967773438
893.999267578125
709.1032104492188
740.9178466796875
769.4788208007812
880.3004760742188
852.258544921875
764.653076171875
987.4769287109375
863.001708984375
700.9674072265625
769.9395751953125
1000.0777587890625
925.8463134765625
714.1895751953125
815.8753051757812
1098.4525146484375
893.0621337890625
667.7289428710938
659.0814819335938
703.4176025390625
782.0452880859375
816.0369873046875
796.9259033203125
676.4256591796875
713.88916015625
672.6390380859375
648.6136474609375
681.1114501953125
889.2802124023438
678.533447265625
635.1506958007812
697.53125
642.5621948242188
642.2392578125
641.7116088867188
628.8445434570312
721.6900634765625
605.3179321289062
1112.5811767578125
625.3553466796875
772.4780883789062
699.8713989257812
825.1932373046875
771.603759765625
1542.1417236328125
884.4927368164062
568.0735473632812
887.9524536132812
719.9093017578125
1454.2581787109375
936.6152954101562
1062.842041015625
1228.587890625
889.1825561523438
620.8458251953125
1146.8404541015625
1489.6806640625
818.9082641601562
1253.644287109375
1134.12646484375
901.0779418945312
938.0087890625
1275.839599609375
636.172119140625
1158.3599853515625
1137.0657958984375
789.7772827148438
722.4163818359375
949.3872680664062
1586.1751708984375
1684.8934326171875
1525.4324951171875
717.3505859375
969.5371704101562
1099.9783935546875
731.869384765625
758.2409057617188
674.962158203125
821.1376953125
687.6367797851562
716.8469848632812
794.5298461914062
694.9747924804688
689.4754028320312
688.87890625
807.2097778320312
998.2360229492188
1208.79833984375
1065.730224609375
706.9267578125
681.282470703125
667.5961303710938
735.6000366210938
667.5235595703125
909.9066162109375
765.5977783203125
964.9213256835938
742.0971069335938
680.9349975585938
631.8890991210938
623.7467041015625
623.129638671875
686.7740478515625
665.6249389648438
738.7180786132812
709.5015258789062
615.4349975585938
584.50830078125
1410.7977294921875
1314.6646728515625
595.3943481445312
941.0892944335938
766.4138793945312
641.9708862304688
609.9495239257812
673.6259155273438
662.6065063476562
1298.162109375
796.9524536132812
754.9202880859375
612.2138671875
811.5062866210938
1305.9420166015625
1153.5455322265625
594.8731079101562
924.4091186523438
690.1229248046875
1064.71728515625
763.34765625
632.9617309570312
1270.396728515625
1002.6585083007812
689.5819702148438
890.30126953125
1433.1236572265625
1627.507568359375
882.5166625976562
1159.99755859375
837.5020751953125
1304.030029296875
1214.407958984375
898.5986938476562
2173.706787109375
1242.2510986328125
1296.4970703125
2036.71875
4434.4501953125
1867.5689697265625
4454.87451171875
2514.560546875
5744.544921875
1322.2694091796875
4803.0419921875
4815.724609375
4728.70947265625
4241.8837890625
4950.8203125
5603.70068359375
5197.349609375
4886.546875
4980.04443359375
5549.75439453125
4848.30908203125
9911.2763671875
4417.71630859375
3088.323486328125
2544.913330078125
4988.44873046875
3793.285888671875
3757.735595703125
3046.455322265625
3041.852783203125
2871.43359375
3413.036865234375
2936.441162109375
2947.250732421875
2921.935791015625
2402.436279296875
2702.077880859375
2523.31494140625
2569.2919921875
1598.1331787109375
1289.8267822265625
1492.8433837890625
913.4166259765625
1424.02294921875
1075.8443603515625
1263.8021240234375
1121.6962890625
1067.259765625
907.3616333007812
1078.27392578125
993.9404296875
892.334716796875
902.8421020507812
975.6243286132812
934.9544677734375
972.547607421875
917.8922729492188
1066.0009765625
926.3885498046875
891.0589599609375
1049.3319091796875
926.9780883789062
961.6971435546875
833.6535034179688
854.0020141601562
942.7954711914062
820.6514892578125
819.6564331054688
815.1063232421875
774.321533203125
854.505615234375
1067.6072998046875
805.7783203125
763.8243408203125
754.5306396484375
762.1143798828125
743.0922241210938
733.441162109375
680.5725708007812
707.0623168945312
796.6741333007812
734.7698364257812
731.0159301757812
717.0474243164062
722.9265747070312
671.7935791015625
706.2789916992188
619.5775146484375
668.0729370117188
704.031982421875
616.7291870117188
585.3378295898438
614.5565795898438
784.9647216796875
763.4544677734375
583.6277465820312
614.2653198242188
596.3518676757812
762.240478515625
556.648193359375
559.2241821289062
552.9740600585938
572.9225463867188
619.4135131835938
583.5675659179688
1300.465087890625
789.0592041015625
671.3167724609375
573.9833984375
568.4479370117188
820.6170654296875
805.7327270507812
639.6771240234375
621.2095336914062
642.2498168945312
700.1823120117188
879.2606811523438
585.167236328125
916.0869750976562
689.3920288085938
736.4468994140625
503.8122253417969
758.36474609375
565.079345703125
517.465087890625
557.8457641601562
562.001220703125
650.5615844726562
479.70208740234375
535.43017578125
598.536376953125
470.68817138671875
753.9528198242188
641.6464233398438
581.3218994140625
518.5606689453125
539.2149658203125
1198.7603759765625
915.2936401367188
816.2972412109375
652.8395385742188
651.2068481445312
999.2431640625
623.7840576171875
949.6383666992188
658.2365112304688
586.4224243164062
670.3359985351562
964.76123046875
529.225830078125
954.1939697265625
504.7549133300781
883.8717651367188
601.3416748046875
642.0380859375
544.6382446289062
683.4994506835938
529.72216796875
611.3423461914062
503.61737060546875
515.7236938476562
519.1748046875
686.1649169921875
708.5321655273438
710.751220703125
914.0599975585938
521.0289916992188
629.859375
535.9363403320312
531.2639770507812
558.285888671875
518.4351196289062
833.876220703125
477.9875183105469
553.7865600585938
507.29901123046875
508.5259094238281
485.35205078125
492.76934814453125
567.8101806640625
495.1817932128906
469.5877380371094
487.44232177734375
538.1018676757812
588.5407104492188
454.4132995605469
445.6517639160156
439.0481262207031
755.945556640625
480.90338134765625
569.59716796875
438.7902526855469
476.1947326660156
550.7553100585938
544.1489868164062
450.48956298828125
436.3410339355469
628.7855224609375
420.5093994140625
464.6851806640625
542.3563842773438
771.68701171875
891.3902587890625
919.7285766601562
452.63482666015625
441.21728515625
598.67578125
756.6171875
588.6949462890625
553.3800659179688
741.8060302734375
473.10028076171875
495.7977294921875
597.7882080078125
444.53839111328125
449.4319152832031
413.4835205078125
670.1904296875
398.2964782714844
637.2822265625
407.9674987792969
416.9677429199219
468.53216552734375
422.51220703125
495.3466491699219
428.90087890625
409.5274963378906
399.24365234375
419.3497619628906
374.6854553222656
384.7108154296875
461.03466796875
535.1382446289062
513.3441162109375
664.2326049804688
371.8861083984375
466.67333984375
413.9718933105469
409.7857360839844
487.5094909667969
783.6273193359375
466.3175964355469
537.261962890625
534.9417114257812
422.551025390625
390.097412109375
403.6183166503906
685.3353271484375
374.09564208984375
503.2835693359375
384.01318359375
569.6878051757812
415.6732482910156
382.19940185546875
357.7396545410156
713.8911743164062
472.4297790527344
449.7087097167969
433.17333984375
348.7007751464844
698.0055541992188
653.503173828125
473.62908935546875
611.4987182617188
367.51336669921875
386.7809753417969
593.0524291992188
525.6420288085938
405.13232421875
444.8265075683594
485.4942932128906
359.7157897949219
437.93963623046875
417.1696472167969
354.9684753417969
895.3960571289062
563.09130859375
421.83880615234375
359.9532775878906
454.433349609375
495.08465576171875
359.15618896484375
501.56158447265625
467.9969482421875
402.1799621582031
423.58416748046875
473.44329833984375
452.6927490234375
408.99566650390625
479.4163818359375
468.253662109375
572.1268310546875
650.114990234375
463.7196044921875
368.4908447265625
458.1734619140625
393.3707580566406
359.1696472167969
360.08880615234375
494.87493896484375
563.57177734375
395.3624267578125
602.7272338867188
339.6986083984375
1223.7901611328125
385.72686767578125
353.6993103027344
330.1276550292969
429.0751647949219
525.4658813476562
565.781494140625
334.16851806640625
348.4509582519531
354.9662170410156
402.0545349121094
531.7703857421875
349.96923828125
616.9119873046875
545.5674438476562
340.86529541015625
588.4182739257812
995.0723266601562
348.32940673828125
699.8895263671875
716.1267700195312
405.2884826660156
631.9033203125
700.0234375
412.5909729003906
1088.726806640625
403.8428955078125
479.0363464355469
535.8863525390625
618.40185546875
486.3562316894531
416.5252990722656
970.39404296875
434.058349609375
487.8367614746094
536.314453125
407.90863037109375
358.9617919921875
427.45550537109375
359.5643005371094
447.31317138671875
430.87890625
590.0628662109375
716.8072509765625
363.7722473144531
354.1404724121094
626.465576171875
623.576171875
376.7210388183594
459.16064453125
472.0140380859375
346.05865478515625
939.0309448242188
460.7347412109375
431.93658447265625
479.24822998046875
377.5289306640625
395.296630859375
408.4015197753906
552.5453491210938
591.638916015625
415.2685241699219
408.9202880859375
755.3572998046875
457.8824768066406
391.8702697753906
409.9703674316406
467.6593933105469
694.2778930664062
393.5444030761719
628.663330078125
607.3412475585938
420.0323791503906
530.8568725585938
594.7034301757812
413.24853515625
461.6250915527344
510.8468933105469
636.9114990234375
402.59375
525.45751953125
396.8521423339844
518.0966796875
1006.5489501953125
415.65423583984375
448.95159912109375
770.3485107421875
697.120849609375
639.0933227539062
739.0601806640625
441.95965576171875
445.1467590332031
477.212890625
569.4805297851562
401.0379333496094
427.6178894042969
385.575927734375
395.99365234375
366.640380859375
625.4678955078125
629.6099243164062
494.0858459472656
452.433349609375
874.5765991210938
458.5837097167969
423.3880920410156
422.5290222167969
625.6297607421875
436.654296875
427.83880615234375
413.79986572265625
666.2520141601562
455.556884765625
668.500732421875
627.6132202148438
423.5419616699219
451.36419677734375
697.7108764648438
432.91448974609375
370.41094970703125
486.878662109375
367.0516662597656
687.2883911132812
605.82470703125
564.6448364257812
378.44537353515625
376.25872802734375
413.674072265625
406.17877197265625
483.7647705078125
449.8742370605469
449.85504150390625
373.7400817871094
423.2880554199219
368.29742431640625
372.31781005859375
408.2776794433594
420.0205383300781
389.11407470703125
484.54595947265625
641.6134033203125
524.2293701171875
615.6945190429688
424.359375
381.3628234863281
427.7818603515625
499.02105712890625
613.8030395507812
390.8397216796875
362.2818298339844
497.1473083496094
378.6847229003906
326.4449462890625
455.19921875
349.05804443359375
340.52978515625
554.7457885742188
474.27935791015625
411.99481201171875
400.20684814453125
583.4568481445312
381.2056884765625
351.3125
343.283203125
378.6863098144531
691.3889770507812
310.3376159667969
322.2533874511719
355.8871765136719
358.15191650390625
364.2237854003906
554.2071533203125
527.4598999023438
318.591552734375
353.93988037109375
619.8099365234375
473.47216796875
432.2661437988281
993.5597534179688
454.74224853515625
631.1707153320312
344.7467041015625
329.4931335449219
329.48040771484375
387.81842041015625
347.4582214355469
412.421875
281.3991394042969
503.0437927246094
332.0226135253906
316.4100646972656
485.5946960449219
371.69903564453125
441.27667236328125
427.5871887207031
287.9226989746094
504.52783203125
490.9913330078125
333.02142333984375
479.3179931640625
377.2911071777344
319.3803405761719
357.7773742675781
306.3231201171875
434.41259765625
369.3769226074219
289.72528076171875
889.503173828125
285.15509033203125
442.9173583984375
476.75933837890625
338.38995361328125
291.2458190917969
366.4983215332031
389.9621887207031
344.5208435058594
317.9742126464844
911.2916259765625
565.116455078125
447.0577392578125
324.76385498046875
422.6744384765625
301.56243896484375
304.6454772949219
909.05029296875
324.5712890625
382.7274475097656
291.3671875
737.7072143554688
626.7534790039062
412.11956787109375
768.8877563476562
437.7181701660156
384.6346435546875
352.8584899902344
578.9752197265625
317.9281005859375
1137.4268798828125
314.143310546875
362.828857421875
535.4888305664062
974.8574829101562
362.8973083496094
495.34088134765625
373.7014465332031
398.8227844238281
349.6952819824219
709.0760498046875
435.6491394042969
329.97662353515625
745.3035888671875
533.1339111328125
384.77423095703125
379.14215087890625
549.7565307617188
461.6883544921875
333.07403564453125
368.9967041015625
339.3189392089844
312.19708251953125
527.697021484375
292.3938903808594
361.1234436035156
424.5628356933594
325.4695739746094
336.8034973144531
322.63067626953125
322.6126403808594
328.4728088378906
333.2413635253906
454.64251708984375
312.8258972167969
339.26275634765625
306.5193786621094
545.3992309570312
400.0161437988281
498.91552734375
334.04144287109375
284.7279968261719
347.3175354003906
313.6361389160156
339.8990478515625
282.71087646484375
269.5980529785156
421.7713928222656
379.7154541015625
452.2282409667969
337.47222900390625
377.2586364746094
258.8325500488281
372.93572998046875
312.7008056640625
744.8522338867188
259.99755859375
331.4739685058594
265.1099853515625
869.545654296875
334.0268249511719
275.2676696777344
467.07208251953125
357.7320556640625
417.9079284667969
335.46209716796875
327.11651611328125
345.2815246582031
478.7478942871094
356.8514099121094
319.386474609375
273.9666442871094
583.4464721679688
264.8536682128906
355.5915222167969
254.742431640625
623.3990478515625
424.0524597167969
243.18150329589844
313.56072998046875
324.00421142578125
348.04498291015625
273.9156799316406
301.94805908203125
840.118896484375
612.634521484375
502.0028991699219
441.8307800292969
262.8334045410156
282.1408386230469
302.24273681640625
257.09954833984375
518.39208984375
710.794189453125
305.3731994628906
316.01470947265625
463.0484924316406
508.88824462890625
276.94647216796875
457.3977355957031
316.8794250488281
382.2792663574219
568.9471435546875
632.5859985351562
341.0636291503906
368.93463134765625
329.60760498046875
365.0106201171875
346.13623046875
461.349365234375
283.6317138671875
344.53765869140625
580.8355102539062
270.3826599121094
362.0589599609375
687.1957397460938
250.5782012939453
289.3301086425781
284.8244934082031
382.0706787109375
562.5250854492188
535.964599609375
328.04522705078125
269.062744140625
328.7322692871094
307.1689147949219
373.27447509765625
326.7420349121094
401.3288879394531
393.6589050292969
274.70166015625
267.49066162109375
378.30230712890625
342.0616149902344
380.54681396484375
370.4936828613281
251.92373657226562
345.2553405761719
302.98681640625
465.1965637207031
372.5179443359375
519.7907104492188
266.0060119628906
260.5755920410156
417.1130065917969
298.15283203125
297.1529541015625
273.3276672363281
364.9381103515625
301.6319274902344
269.00933837890625
283.4335021972656
320.0197448730469
461.0556335449219
273.3792419433594
269.97003173828125
398.37298583984375
399.3345947265625
299.0610046386719
403.13494873046875
393.8226318359375
354.1775207519531
255.66375732421875
650.834716796875
260.4683837890625
280.7554016113281
289.8609924316406
387.1223449707031
284.5210876464844
301.260986328125
260.4988098144531
326.1355285644531
445.3699645996094
235.8065643310547
268.05072021484375
273.5562744140625
296.25286865234375
331.76141357421875
261.4030456542969
281.02264404296875
413.3512878417969
290.0080871582031
294.4999084472656
240.8702392578125
293.0757751464844
261.24749755859375
318.36114501953125
331.24798583984375
226.19166564941406
386.6745300292969
247.50933837890625
317.8623046875
382.21771240234375
301.9494934082031
727.3726196289062
256.73492431640625
349.5022277832031
408.4351806640625
574.7815551757812
276.5283508300781
452.2915954589844
489.33544921875
243.0090789794922
401.861328125
319.73699951171875
355.32177734375
256.9051208496094
280.7960205078125
789.4994506835938
379.01800537109375
568.431640625
397.5170593261719
400.048583984375
246.81593322753906
374.337646484375
293.744384765625
524.9408569335938
237.70703125
289.9092712402344
289.6927795410156
276.0666809082031
344.0865478515625
599.4765625
324.94287109375
819.6514892578125
472.0289306640625
464.08380126953125
501.593994140625
578.3685913085938
408.5953674316406
944.5111694335938
548.71826171875
438.3232727050781
320.6386413574219
443.7381896972656
539.122314453125
624.1671142578125
323.0050354003906
431.7296142578125
666.5157470703125
382.89996337890625
323.9057312011719
757.6875
622.60205078125
396.9527282714844
420.70318603515625
595.9556884765625
332.2255859375
314.275390625
306.0355224609375
342.2943420410156
303.51708984375
295.8057861328125
549.8575439453125
358.06402587890625
330.1546325683594
362.01568603515625
314.2572021484375
302.98883056640625
294.2672119140625
282.1885986328125
282.6141662597656
288.3741455078125
312.48309326171875
295.2261047363281
275.2398681640625
259.411376953125
346.21044921875
242.2879638671875
298.27020263671875
278.155029296875
374.0776672363281
343.7107849121094
372.4815368652344
434.8462219238281
257.9250793457031
426.51361083984375
315.9028015136719
275.637939453125
257.0870666503906
287.1272888183594
282.2237243652344
234.57952880859375
336.66888427734375
284.4224548339844
391.10113525390625
239.3140411376953
273.0904235839844
342.19940185546875
258.8902587890625
331.927001953125
240.58216857910156
270.9602966308594
350.6288757324219
229.3905487060547
539.4876708984375
275.3638916015625
355.29400634765625
222.43585205078125
228.24058532714844
236.92430114746094
326.1873474121094
222.5809326171875
222.10174560546875
281.19342041015625
408.1888427734375
383.35565185546875
242.01885986328125
245.2079620361328
221.54017639160156
213.18521118164062
447.7887268066406
257.27008056640625
204.78053283691406
211.1866455078125
203.38299560546875
222.2606964111328
229.49240112304688
199.16720581054688
206.78558349609375
336.6017150878906
268.96527099609375
251.74456787109375
371.62884521484375
296.7131652832031
405.39910888671875
395.8915710449219
208.2595977783203
181.90365600585938
202.73675537109375
410.25299072265625
299.37060546875
313.7093505859375
300.2572937011719
228.7265167236328
380.4886779785156
260.55218505859375
208.7890167236328
657.2993774414062
355.85601806640625
335.2690124511719
406.8901062011719
230.63131713867188
303.8161926269531
262.9288635253906
369.53094482421875
274.72174072265625
319.1641540527344
339.8707580566406
229.28892517089844
381.67242431640625
301.6107177734375
237.12533569335938
284.7004089355469
262.58837890625
271.0096740722656
297.38629150390625
427.681884765625
271.07989501953125
296.7490234375
323.70904541015625
235.94140625
227.39215087890625
281.6998291015625
251.90829467773438
326.5914306640625
313.02239990234375
488.6169128417969
303.00274658203125
208.20787048339844
253.54739379882812
447.9065246582031
265.7290344238281
276.0479431152344
222.1396026611328
319.6826477050781
395.90057373046875
282.8091735839844
250.99366760253906
218.51290893554688
214.41856384277344
238.14471435546875
480.2770080566406
426.3579406738281
395.95501708984375
256.631103515625
264.1964111328125
502.7122802734375
214.48081970214844
220.41265869140625
208.0868682861328
518.198974609375
230.63751220703125
420.11907958984375
233.556396484375
219.82608032226562
251.36868286132812
314.2506103515625
210.55532836914062
186.27288818359375
255.99839782714844
212.9581756591797
218.13540649414062
267.4478759765625
251.4454803466797
259.609619140625
541.5082397460938
288.4400939941406
260.7037353515625
213.91465759277344
284.3648681640625
258.10498046875
348.0982666015625
298.9888916015625
200.42396545410156
540.1351318359375
497.0744934082031
226.29229736328125
212.34481811523438
286.7908935546875
239.315673828125
287.9569091796875
253.76596069335938
235.13052368164062
224.1521759033203
263.9071044921875
550.3798217773438
216.85678100585938
289.27471923828125
365.9591369628906
306.4820251464844
322.27197265625
411.1012878417969
364.0976257324219
239.2731475830078
364.0674133300781
351.3864440917969
205.90553283691406
334.2552795410156
273.0574951171875
314.1996765136719
750.4010009765625
673.7098388671875
538.9649658203125
240.8341064453125
268.5087890625
551.0062255859375
364.7191467285156
270.26043701171875
434.7120361328125
246.7586669921875
385.0813293457031
227.96568298339844
664.0020751953125
559.0669555664062
228.9921875
806.8043212890625
492.9444885253906
297.39422607421875
278.8877868652344
291.99951171875
305.4958801269531
315.44085693359375
386.67742919921875
262.92041015625
268.52044677734375
473.9312744140625
256.0867919921875
326.09210205078125
313.689453125
277.6231994628906
298.39886474609375
226.85470581054688
227.2353973388672
246.8683319091797
293.9822998046875
334.0611572265625
324.9233703613281
472.0499267578125
253.12156677246094
222.89474487304688
255.39572143554688
383.07525634765625
222.98854064941406
227.74020385742188
207.49835205078125
284.432373046875
303.4671325683594
249.41029357910156
209.51095581054688
218.06983947753906
195.0435333251953
203.02581787109375
414.71923828125
241.238525390625
256.0779724121094
339.9165344238281
633.5438232421875
227.2277069091797
334.3893127441406
343.3800048828125
296.8743896484375
247.32286071777344
882.3969116210938
251.4104461669922
196.57325744628906
241.228515625
221.75169372558594
241.00160217285156
342.5743713378906
250.33517456054688
576.045166015625
234.1483917236328
185.60791015625
865.509033203125
476.9907531738281
299.4905090332031
514.53857421875
241.70851135253906
236.17063903808594
226.14329528808594
220.79429626464844
215.0156707763672
217.5605926513672
529.139892578125
418.44378662109375
652.8135986328125
257.26837158203125
249.41661071777344
248.3896484375
259.19720458984375
275.9554138183594
529.1015625
244.991943359375
218.10687255859375
223.95098876953125
323.9353332519531
249.1434326171875
389.7299499511719
225.8094024658203
428.15814208984375
511.412353515625
229.6834716796875
211.26800537109375
259.3424987792969
396.90283203125
224.13967895507812
230.8329620361328
239.90234375
218.08139038085938
206.6199493408203
654.525634765625
211.10333251953125
352.0183410644531
212.47898864746094
201.02867126464844
237.9456024169922
188.14361572265625
206.49481201171875
282.1416931152344
240.08627319335938
263.8437805175781
185.5513153076172
217.110107421875
243.11476135253906
225.86927795410156
240.0672149658203
177.49635314941406
185.47882080078125
283.14862060546875
221.29568481445312
244.28469848632812
186.55909729003906
183.5659942626953
308.73974609375
240.5691680908203
276.79486083984375
179.13656616210938
336.2403869628906
400.27996826171875
170.67074584960938
173.04652404785156
288.2247009277344
177.831298828125
171.16488647460938
229.76287841796875
480.0754089355469
216.92906188964844
463.5692138671875
179.16529846191406
487.8993835449219
314.21240234375
260.84417724609375
270.8676452636719
218.7798614501953
167.0727081298828
421.7275695800781
281.7311096191406
329.2842712402344
256.0910949707031
161.55563354492188
515.8025512695312
291.922607421875
443.89990234375
187.19161987304688
183.070068359375
393.97705078125
273.6119384765625
167.9199676513672
306.5910949707031
161.1649627685547
349.84637451171875
250.0358428955078
406.1025695800781
199.39369201660156
182.32473754882812
204.4586944580078
265.74493408203125
171.46746826171875
229.4695587158203
356.1009521484375
209.4618682861328
220.9512176513672
195.63595581054688
180.395751953125
217.6610870361328
285.75921630859375
197.70159912109375
241.210693359375
369.1348571777344
217.38388061523438
191.91835021972656
182.5317840576172
220.66029357910156
277.79217529296875
514.0025024414062
182.48561096191406
182.80648803710938
341.64141845703125
1427.6168212890625
321.1076354980469
327.6468505859375
220.8579864501953
864.38671875
168.66900634765625
626.130126953125
348.0085754394531
1509.505859375
271.1861572265625
209.6697540283203
304.4319763183594
352.7008972167969
278.54119873046875
255.97515869140625
182.1771697998047
749.9300537109375
411.6656494140625
208.1058807373047
255.119140625
217.19810485839844
291.4002685546875
208.97801208496094
239.3916778564453
283.4652099609375
193.71226501464844
181.542724609375
204.32212829589844
242.2382049560547
189.9108428955078
217.35494995117188
211.51431274414062
244.8340301513672
172.13308715820312
169.95703125
179.6918182373047
219.81483459472656
311.5472412109375
168.98899841308594
216.72532653808594
207.82383728027344
322.4357604980469
302.9974670410156
326.54925537109375
180.35385131835938
192.87960815429688
193.8002166748047
199.2698516845703
183.47073364257812
281.1053161621094
145.5461883544922
158.3467559814453
225.5362548828125
218.30413818359375
204.96165466308594
687.8469848632812
178.39239501953125
220.2656707763672
192.18731689453125
167.60577392578125
425.85064697265625
165.7506103515625
223.2025604248047
161.7501678466797
472.8987121582031
173.55093383789062
453.27215576171875
327.6368103027344
245.4081268310547
236.95848083496094
166.51258850097656
176.94186401367188
156.36978149414062
277.9781494140625
178.97425842285156
159.34707641601562
303.5888366699219
179.6687774658203
193.68896484375
340.8019714355469
157.52671813964844
162.23587036132812
219.7674102783203
374.17279052734375
225.3807830810547
191.4203643798828
142.72140502929688
206.01776123046875
226.62435913085938
164.37527465820312
633.3612060546875
309.7025146484375
246.85546875
303.34912109375
403.4626159667969
204.42196655273438
493.24847412109375
150.4709014892578
179.81582641601562
190.531005859375
358.17987060546875
173.95159912109375
444.2123107910156
179.8677215576172
249.13340759277344
167.40042114257812
212.2502899169922
154.97775268554688
181.76641845703125
230.19479370117188
157.8448028564453
251.29678344726562
509.45806884765625
172.6883087158203
183.32029724121094
364.1710205078125
158.573486328125
158.89764404296875
152.65187072753906
244.5133819580078
168.31100463867188
172.18418884277344
158.53170776367188
180.0765838623047
166.13497924804688
157.4717559814453
302.3595275878906
235.11354064941406
146.96054077148438
238.14776611328125
408.90185546875
174.13433837890625
167.2724151611328
486.92010498046875
137.9878692626953
140.92538452148438
196.9581756591797
165.18077087402344
237.93020629882812
172.7694854736328
180.7166748046875
322.5979919433594
154.98434448242188
132.8619842529297
167.3697509765625
126.57252502441406
137.53347778320312
123.3476791381836
189.0321807861328
209.36256408691406
130.09893798828125
134.63311767578125
143.12721252441406
130.70513916015625
131.7516326904297
191.22373962402344
115.08769989013672
123.642578125
127.65867614746094
119.94717407226562
380.91668701171875
124.57711029052734
119.19932556152344
164.51084899902344
305.04736328125
114.47290802001953
125.32231140136719
152.38148498535156
106.61602020263672
201.94876098632812
266.42327880859375
355.8262634277344
307.655029296875
149.38229370117188
569.6974487304688
118.55059051513672
156.15904235839844
201.7581024169922
236.5599822998047
263.2054443359375
147.9956512451172
164.1918182373047
259.8635559082031
139.22604370117188
151.18394470214844
317.4533996582031
278.2907409667969
314.4127502441406
295.5354309082031
217.7781982421875
187.1197509765625
161.97744750976562
122.40406036376953
166.1228790283203
154.58128356933594
193.77943420410156
235.92808532714844
170.794921875
299.5855712890625
221.64614868164062
199.48654174804688
168.19947814941406
157.7096710205078
222.53077697753906
202.0290069580078
558.8803100585938
202.3330535888672
166.6428680419922
158.10691833496094
214.32374572753906
158.30760192871094
161.94566345214844
206.92527770996094
144.55783081054688
142.03741455078125
615.877685546875
153.83905029296875
134.57232666015625
336.1101989746094
144.46517944335938
312.81109619140625
155.09320068359375
135.21617126464844
149.8397979736328
137.2702178955078
187.47608947753906
174.84115600585938
281.6417541503906
219.1004638671875
136.4755859375
126.06948852539062
171.01930236816406
210.2626495361328
125.94725036621094
191.22738647460938
188.00509643554688
212.85972595214844
329.9874572753906
130.560546875
226.6073760986328
251.0596160888672
287.52044677734375
129.84820556640625
148.45152282714844
163.24839782714844
245.31687927246094
141.9365234375
130.30184936523438
139.38381958007812
304.27947998046875
124.96853637695312
309.6390380859375
173.1848907470703
226.41278076171875
131.8915252685547
259.5835876464844
247.56678771972656
191.73048400878906
171.36680603027344
243.9668426513672
131.16876220703125
234.09022521972656
151.3949432373047
147.7037811279297
143.0608367919922
371.8084411621094
262.7121887207031
200.6201629638672
152.93057250976562
140.63864135742188
282.8150939941406
198.5199432373047
233.13604736328125
542.8838500976562
144.3590850830078
168.37033081054688
142.45889282226562
180.4378204345703
169.7171630859375
224.4835662841797
196.67440795898438
152.24932861328125
210.6593475341797
127.95159149169922
195.23004150390625
212.34703063964844
139.25613403320312
209.99232482910156
364.458984375
136.58384704589844
162.3437957763672
329.1024475097656
148.2284393310547
199.0640411376953
173.18031311035156
234.16236877441406
214.16506958007812
376.3307800292969
245.3660430908203
322.69287109375
137.87118530273438
143.27984619140625
171.2369384765625
162.6908416748047
215.2679901123047
151.37672424316406
218.5198211669922
167.8415069580078
179.65264892578125
157.17259216308594
295.2601013183594
202.49830627441406
204.40162658691406
189.24539184570312
228.16851806640625
225.3819122314453
239.10385131835938
188.679443359375
310.2424621582031
240.21446228027344
176.93960571289062
216.62762451171875
181.75152587890625
327.3031311035156
170.62388610839844
197.16806030273438
159.71243286132812
178.42056274414062
225.35296630859375
208.71298217773438
206.18109130859375
269.5706787109375
386.1072082519531
198.6893310546875
169.75038146972656
195.52981567382812
168.4849395751953
273.5661315917969
230.05596923828125
175.1864471435547
175.01412963867188
246.49630737304688
307.54742431640625
138.05184936523438
215.97096252441406
161.9312286376953
179.41213989257812
195.3964080810547
158.45294189453125
214.7837677001953
159.02630615234375
170.11016845703125
149.85301208496094
141.6935577392578
212.2960662841797
286.05908203125
175.20904541015625
152.230224609375
231.91159057617188
214.696044921875
127.85407257080078
150.46861267089844
201.63409423828125
160.3398895263672
211.65594482421875
243.57164001464844
453.2708740234375
135.1591033935547
166.46453857421875
190.15805053710938
176.2594451904297
194.3167266845703
127.15157318115234
126.74659729003906
188.82432556152344
208.2000274658203
151.60702514648438
169.64559936523438
172.99134826660156
163.64743041992188
135.5741424560547
234.08114624023438
226.3612060546875
250.3016815185547
153.7541961669922
158.30752563476562
184.962646484375
189.21487426757812
140.86746215820312
147.66468811035156
122.92327117919922
154.7107696533203
110.44831085205078
269.5358581542969
216.28707885742188
160.16513061523438
218.85789489746094
174.37380981445312
256.4196472167969
281.9762268066406
171.96697998046875
154.733154296875
142.0839080810547
170.93629455566406
226.50794982910156
300.0664978027344
270.04913330078125
227.83457946777344
199.7664031982422
162.8627166748047
344.5044250488281
171.9189910888672
184.48829650878906
153.62982177734375
198.50856018066406
165.16688537597656
133.09906005859375
247.23614501953125
239.48118591308594
329.88238525390625
253.63400268554688
148.69076538085938
158.48287963867188
163.2749786376953
200.06768798828125
330.1380615234375
126.02584075927734
270.2556457519531
244.7672882080078
147.5003662109375
220.24514770507812
239.37466430664062
234.9075164794922
401.1521911621094
285.4839172363281
237.8467254638672
375.90447998046875
236.4333038330078
198.10313415527344
238.53639221191406
182.84031677246094
217.19317626953125
182.67906188964844
176.24644470214844
187.6348114013672
433.5187072753906
414.22747802734375
160.01812744140625
166.07318115234375
184.46498107910156
175.71725463867188
169.89073181152344
159.0438690185547
186.48294067382812
167.45050048828125
180.44419860839844
170.0575714111328
205.99200439453125
173.16575622558594
159.44723510742188
272.1552429199219
164.80299377441406
389.79290771484375
174.59149169921875
260.1399230957031
157.1958770751953
157.96627807617188
158.52642822265625
168.5535888671875
176.559814453125
174.391845703125
328.0818176269531
139.6427001953125
161.22207641601562
304.3316955566406
155.5772705078125
293.2684326171875
270.59832763671875
134.90335083007812
244.1348114013672
350.7630615234375
263.4012145996094
297.3896789550781
310.2175598144531
131.4578399658203
294.87841796875
227.789794921875
174.5204620361328
167.63577270507812
176.82638549804688
230.15460205078125
349.36712646484375
203.5135498046875
147.87252807617188
268.13177490234375
414.5821228027344
173.75135803222656
157.5209197998047
225.22808837890625
217.60499572753906
230.8584747314453
641.4581298828125
168.47967529296875
208.64276123046875
269.18096923828125
189.1016845703125
143.37649536132812
160.77757263183594
189.53964233398438
187.4178009033203
259.3499755859375
186.69158935546875
298.7753601074219
164.07955932617188
280.3303527832031
377.462646484375
294.47113037109375
230.0547332763672
270.86810302734375
200.2684326171875
145.15081787109375
155.478759765625
205.22036743164062
141.30494689941406
145.20375061035156
141.1621856689453
483.5333557128906
326.7322692871094
267.0593566894531
158.4227752685547
299.0066223144531
157.34266662597656
277.70245361328125
151.5120849609375
203.4638671875
170.72682189941406
134.88742065429688
180.1816864013672
240.016845703125
730.6937866210938
170.21282958984375
160.43687438964844
358.0031433105469
155.57208251953125
157.93882751464844
190.04859924316406
147.78578186035156
230.12388610839844
133.50335693359375
231.5898895263672
261.7473449707031
174.8321075439453
155.22430419921875
154.559814453125
241.7850341796875
449.6244201660156
121.19340515136719
129.8198699951172
361.6539611816406
191.81240844726562
145.2516632080078
263.54901123046875
361.2597961425781
179.21006774902344
202.951416015625
202.17149353027344
286.9383544921875
194.05870056152344
174.86643981933594
275.581298828125
293.02301025390625
150.753173828125
174.04820251464844
163.01438903808594
149.4580841064453
192.67530822753906
200.96315002441406
188.38919067382812
173.25552368164062
146.48365783691406
411.2884826660156
135.1712188720703
132.33384704589844
190.75827026367188
164.826416015625
639.4345703125
349.92120361328125
217.22708129882812
165.729248046875
127.82730102539062
160.265625
129.00706481933594
185.631591796875
211.42340087890625
174.17825317382812
127.96577453613281
135.64944458007812
169.7359161376953
149.1359100341797
116.05543518066406
253.71315002441406
113.98125457763672
170.81491088867188
243.55877685546875
166.1666259765625
109.66114807128906
186.50563049316406
149.1394805908203
154.51657104492188
163.1284942626953
119.92984008789062
277.1763916015625
140.82778930664062
125.87261962890625
123.53258514404297
238.68576049804688
222.8790740966797
133.4854278564453
107.4848403930664
113.71016693115234
117.43429565429688
178.665283203125
158.7359619140625
114.07557678222656
166.0865936279297
126.21409606933594
160.7217559814453
142.7664794921875
139.8689727783203
181.3219757080078
137.5318145751953
120.19136810302734
101.11544799804688
197.67320251464844
130.73202514648438
157.01300048828125
159.49391174316406
126.64215087890625
94.24405670166016
532.3850708007812
278.9132080078125
598.324951171875
840.97607421875
258.1832275390625
124.82711029052734
169.835205078125
566.368408203125
419.69927978515625
146.43087768554688
128.65736389160156
233.6980743408203
209.8200225830078
146.1394805908203
160.78884887695312
227.78594970703125
130.77694702148438
239.81155395507812
211.13050842285156
150.31622314453125
240.96839904785156
196.2961883544922
223.80625915527344
155.9873504638672
172.88247680664062
157.1072235107422
127.66226196289062
123.95149230957031
244.3370361328125
281.1240539550781
227.0312042236328
209.7440948486328
243.98028564453125
157.10025024414062
151.90980529785156
284.2073974609375
239.4767303466797
199.3652801513672
294.2650451660156
145.09169006347656
165.87042236328125
305.5120849609375
240.07107543945312
164.85389709472656
241.23416137695312
156.07020568847656
169.43795776367188
147.6925048828125
219.0384979248047
169.37452697753906
144.62478637695312
170.49893188476562
145.0611572265625
180.9093017578125
159.03369140625
173.84422302246094
131.8698272705078
252.409912109375
118.95038604736328
115.56037902832031
341.64642333984375
153.080322265625
126.11479187011719
151.75161743164062
141.22377014160156
121.94139099121094
412.0361022949219
282.34423828125
164.29869079589844
141.4202423095703
182.3389434814453
126.87242889404297
113.38707733154297
186.69541931152344
117.98323059082031
124.21377563476562
229.9581756591797
111.68221282958984
125.88597869873047
149.87210083007812
225.02981567382812
331.13775634765625
188.44801330566406
148.94090270996094
220.56178283691406
288.2666320800781
478.9286804199219
130.57643127441406
151.26182556152344
115.97284698486328
139.46156311035156
210.11634826660156
319.50457763671875
353.81268310546875
346.8232421875
195.03448486328125
132.29725646972656
150.2403106689453
112.04428100585938
171.5188751220703
116.06304931640625
127.62053680419922
172.26905822753906
254.98977661132812
296.1272277832031
191.21282958984375
206.59686279296875
156.648681640625
380.5845642089844
125.61882019042969
122.88059997558594
184.52378845214844
155.60772705078125
125.39037322998047
166.60321044921875
176.79617309570312
423.2064514160156
123.60661315917969
126.8572998046875
163.05316162109375
159.17941284179688
201.56552124023438
117.32623291015625
164.423583984375
141.22142028808594
266.3681945800781
157.03370666503906
178.3052978515625
162.45542907714844
146.7786865234375
142.52552795410156
167.89630126953125
117.64817810058594
121.63532257080078
130.46400451660156
182.95738220214844
116.0940933227539
134.17832946777344
146.457763671875
126.13809967041016
211.53897094726562
308.752197265625
128.026123046875
180.809326171875
158.1499481201172
113.89674377441406
120.91783905029297
112.57657623291016
127.66944885253906
110.63114166259766
140.84600830078125
222.79461669921875
98.55805206298828
120.65349578857422
317.1414489746094
200.33819580078125
208.13845825195312
184.3913116455078
269.7398681640625
141.98672485351562
382.55096435546875
118.99876403808594
193.974853515625
103.59873962402344
142.58355712890625
176.31427001953125
134.2343292236328
182.86927795410156
120.6562271118164
137.1811065673828
99.52163696289062
123.49946594238281
136.07191467285156
271.9551696777344
237.51304626464844
127.86508178710938
211.1389617919922
119.8213119506836
103.65994262695312
141.94989013671875
215.02012634277344
118.68547821044922
170.1143341064453
189.75242614746094
230.86642456054688
184.66261291503906
218.13429260253906
112.77628326416016
162.3462677001953
627.3692016601562
166.20184326171875
149.70635986328125
130.05116271972656
120.3966293334961
271.9813537597656
227.9045867919922
157.30108642578125
215.8435821533203
141.00157165527344
142.7510528564453
172.4957733154297
158.4317626953125
134.2197265625
385.155029296875
134.70213317871094
157.84292602539062
155.8640899658203
126.84235382080078
118.24915313720703
131.37222290039062
134.3899688720703
339.4308166503906
339.80572509765625
159.73829650878906
261.90948486328125
126.86039733886719
144.35952758789062
199.50732421875
342.900146484375
284.8284912109375
151.48695373535156
223.4110565185547
298.697265625
151.33839416503906
184.3933563232422
237.1900177001953
480.9352722167969
131.84222412109375
180.87091064453125
322.57373046875
487.8913879394531
164.3142852783203
167.2071990966797
146.29847717285156
160.53271484375
139.76824951171875
364.54541015625
372.95068359375
331.73870849609375
146.5167694091797
1208.7451171875
405.8317565917969
174.8729705810547
408.7711486816406
122.70598602294922
144.38015747070312
133.2940216064453
193.2230682373047
399.44512939453125
174.1245880126953
482.7707824707031
156.14710998535156
189.9444122314453
159.99380493164062
211.23390197753906
217.52520751953125
248.80673217773438
215.57191467285156
193.1781005859375
123.77236938476562
142.62075805664062
181.4398193359375
211.3877410888672
154.16555786132812
139.8208770751953
685.2544555664062
152.8412322998047
287.31005859375
141.88735961914062
153.40965270996094
283.6923828125
124.06298828125
154.7003631591797
145.49964904785156
144.02572631835938
192.740966796875
154.40367126464844
213.3240966796875
234.69883728027344
664.8665771484375
147.91494750976562
196.64337158203125
116.52242279052734
130.96652221679688
159.7112274169922
206.00306701660156
175.03274536132812
128.33453369140625
230.71031188964844
204.07769775390625
149.82217407226562
195.33596801757812
205.0460205078125
166.4108123779297
119.4481201171875
189.37486267089844
176.75526428222656
106.98780822753906
329.8054504394531
216.29244995117188
114.47728729248047
161.52041625976562
152.30482482910156
117.17826843261719
190.78968811035156
144.2111053466797
319.3314208984375
327.1627197265625
156.68063354492188
135.57704162597656
158.08119201660156
170.93362426757812
176.864990234375
348.26788330078125
187.95721435546875
158.2516632080078
143.67210388183594
165.29803466796875
164.6273651123047
120.99179077148438
278.0273742675781
126.01121520996094
194.4035186767578
154.7728729248047
157.03848266601562
145.2349090576172
118.9541244506836
173.31329345703125
206.33987426757812
221.40008544921875
103.87557220458984
204.3127899169922
137.21876525878906
139.79876708984375
160.825927734375
364.2477722167969
103.55744934082031
213.51800537109375
205.10560607910156
120.79039764404297
114.61304473876953
101.0513916015625
144.9859619140625
166.8248748779297
238.74082946777344
97.95221710205078
268.22613525390625
101.93097686767578
171.91415405273438
227.33460998535156
313.1670837402344
104.59292602539062
93.19728088378906
136.82322692871094
115.09166717529297
180.97740173339844
269.646728515625
102.55892944335938
175.46823120117188
84.92674255371094
522.4332885742188
323.2417297363281
245.53024291992188
81.9682388305664
165.0884552001953
81.87136840820312
111.2158432006836
81.48906707763672
107.47907257080078
153.6329345703125
96.5573501586914
182.845458984375
75.5772933959961
90.11839294433594
455.71533203125
95.29046630859375
86.61727142333984
125.24795532226562
106.5535888671875
159.94830322265625
78.16043853759766
185.5110321044922
185.9091033935547
747.3109741210938
161.47108459472656
493.1457824707031
100.19825744628906
120.5348129272461
170.5213165283203
126.43325805664062
115.8183822631836
187.38558959960938
82.7484130859375
146.62088012695312
144.49703979492188
140.2920684814453
170.97625732421875
245.49630737304688
317.3333740234375
110.31761932373047
101.90878295898438
295.7096862792969
76.1722183227539
211.90174865722656
100.52961730957031
251.04916381835938
438.6658630371094
233.09344482421875
91.89825439453125
275.8619384765625
102.2516098022461
334.3717041015625
210.22328186035156
174.45863342285156
108.60116577148438
296.633056640625
132.3510284423828
89.665283203125
150.68333435058594
91.41060638427734
116.70673370361328
79.53816986083984
254.70469665527344
243.5052947998047
142.4496307373047
138.17137145996094
182.03756713867188
146.3229522705078
103.81409454345703
75.18330383300781
299.7076110839844
310.4181213378906
149.6900177001953
188.3885955810547
92.26810455322266
359.4256286621094
170.80221557617188
97.27960968017578
77.2712631225586
128.43890380859375
90.7675552368164
257.8635559082031
106.20435333251953
99.69509887695312
112.78987121582031
139.2056427001953
109.21350860595703
119.19581604003906
100.68514251708984
85.33181762695312
97.92074584960938
106.2485580444336
125.92630767822266
130.66192626953125
219.20880126953125
207.85006713867188
117.67718505859375
87.04680633544922
309.0821228027344
119.50709533691406
129.53350830078125
151.93362426757812
97.85931396484375
114.1539306640625
120.52375030517578
81.11152648925781
100.37688446044922
232.53892517089844
100.92798614501953
104.6893081665039
136.17860412597656
119.60529327392578
110.31576538085938
86.6599349975586
121.34396362304688
92.90057373046875
118.44198608398438
75.47483825683594
94.5138931274414
76.72603607177734
231.31564331054688
106.62384796142578
135.20799255371094
241.9123992919922
116.74749755859375
69.21229553222656
236.4141387939453
139.6363067626953
119.40216827392578
172.37164306640625
115.67194366455078
189.64797973632812
225.33636474609375
147.04164123535156
182.73373413085938
118.60680389404297
173.94522094726562
80.3850326538086
128.64759826660156
141.6841278076172
111.05101013183594
104.57916259765625
170.75013732910156
119.57423400878906
182.06106567382812
94.01858520507812
224.6309814453125
149.59344482421875
94.95789337158203
164.95718383789062
104.31804656982422
113.39535522460938
169.4873809814453
208.64474487304688
108.22340393066406
90.88926696777344
118.71832275390625
241.00547790527344
171.876220703125
122.31778717041016
167.10467529296875
156.80450439453125
101.7408676147461
226.982666015625
192.94229125976562
93.3373031616211
104.85768127441406
166.12615966796875
164.46450805664062
291.678466796875
82.99172973632812
178.2903594970703
86.69117736816406
82.8414077758789
96.84996795654297
99.14337921142578
143.321044921875
98.8731689453125
415.1829833984375
275.4599914550781
70.37152862548828
285.55718994140625
113.37764739990234
157.44381713867188
274.1959533691406
129.78648376464844
79.67485046386719
175.8837127685547
149.23316955566406
119.02586364746094
95.58609008789062
145.6155242919922
132.62059020996094
132.76693725585938
165.419921875
146.6312713623047
115.49433135986328
109.40599060058594
108.87637329101562
164.58123779296875
154.24160766601562
110.24565124511719
207.34544372558594
178.86683654785156
80.14562225341797
142.10760498046875
172.34796142578125
200.6454315185547
96.68073272705078
123.90988159179688
238.23081970214844
94.61527252197266
181.857177734375
129.864990234375
77.8530502319336
96.95240783691406
137.18206787109375
159.43865966796875
76.8692398071289
86.57611083984375
115.25550079345703
308.64154052734375
96.2638168334961
113.72286224365234
87.03382873535156
96.1976089477539
108.20692443847656
147.79901123046875
73.59654998779297
77.84188842773438
149.53604125976562
98.99040222167969
80.27620697021484
71.54561614990234
95.47650146484375
159.09320068359375
108.71333312988281
173.4230499267578
131.43283081054688
148.6222686767578
100.04116821289062
117.60350036621094
85.19677734375
108.63568115234375
94.18984985351562
154.07261657714844
83.08135223388672
76.79854583740234
89.950927734375
77.8282699584961
78.8691177368164
370.2488098144531
79.88095092773438
145.8583526611328
332.9957275390625
77.12926483154297
206.45326232910156
73.93966674804688
81.47783660888672
65.94334411621094
72.9676284790039
82.47310638427734
98.6237564086914
70.01914978027344
79.52800750732422
152.2725372314453
137.35704040527344
149.0094451904297
61.95039749145508
205.4442138671875
280.88018798828125
90.78963470458984
129.05813598632812
91.80159759521484
417.74005126953125
205.3466033935547
74.96836853027344
202.3325958251953
207.53782653808594
88.18930053710938
77.5914535522461
82.2131576538086
104.97976684570312
130.3018798828125
396.557861328125
80.92533874511719
69.0364990234375
93.9488525390625
71.5906982421875
320.7821350097656
114.79176330566406
153.45494079589844
147.80569458007812
75.4866714477539
75.01905822753906
121.56706237792969
87.6216049194336
70.8769760131836
89.46117401123047
77.4298095703125
86.64871978759766
76.11360168457031
61.19029235839844
153.3909912109375
108.12090301513672
181.91607666015625
113.69087219238281
62.234310150146484
87.95460510253906
81.5857162475586
147.37326049804688
89.63712310791016
89.62931823730469
149.12171936035156
109.66163635253906
83.44304656982422
68.51677703857422
75.32322692871094
101.27954864501953
76.60990142822266
98.22681427001953
126.59390258789062
87.8861083984375
85.02244567871094
167.77369689941406
75.4776840209961
62.66604995727539
63.95953369140625
66.4393310546875
102.09178161621094
72.50518035888672
67.74443817138672
74.2899398803711
209.90432739257812
119.50554656982422
456.1936340332031
249.40103149414062
117.6521987915039
237.78787231445312
108.00074768066406
185.7884979248047
89.78487396240234
73.92012786865234
101.82457733154297
157.69760131835938
145.41156005859375
159.36676025390625
92.45162963867188
125.60359954833984
276.6853942871094
122.43680572509766
92.89234924316406
68.88108825683594
82.9425277709961
192.01144409179688
219.1241455078125
243.1844940185547
96.88138580322266
86.87360382080078
99.1618423461914
222.81016540527344
162.76248168945312
169.4751434326172
94.3492660522461
110.47635650634766
116.0361557006836
200.11032104492188
137.35568237304688
145.46205139160156
78.61949920654297
87.89718627929688
135.51132202148438
72.7213134765625
102.83621978759766
92.25274658203125
267.6707763671875
141.44821166992188
147.19638061523438
207.69969177246094
77.44817352294922
106.78850555419922
73.43675231933594
67.25565338134766
91.56340026855469
276.5617980957031
78.25921630859375
81.51677703857422
79.78203582763672
194.75682067871094
74.17285919189453
65.84811401367188
411.8780822753906
180.03086853027344
195.6041717529297
166.26283264160156
102.12100982666016
72.00406646728516
322.75567626953125
132.13995361328125
216.92759704589844
110.91505432128906
210.9774627685547
97.67950439453125
285.11199951171875
88.63179016113281
350.2572021484375
131.57383728027344
258.8316650390625
142.1828155517578
177.43492126464844
228.10549926757812
87.9193344116211
180.67886352539062
277.6766357421875
180.067626953125
132.35604858398438
172.68479919433594
94.29999542236328
86.98611450195312
156.82347106933594
218.32626342773438
233.519775390625
177.1281280517578
166.10311889648438
118.39752960205078
144.05856323242188
117.45040130615234
127.94766998291016
132.0602569580078
245.899169921875
121.75914764404297
168.84451293945312
90.2115249633789
69.52254486083984
143.82289123535156
123.02955627441406
118.87020874023438
168.82113647460938
74.55463409423828
119.39559936523438
202.23280334472656
132.2377166748047
67.34123229980469
176.80123901367188
59.15651321411133
71.82730865478516
219.67527770996094
64.73644256591797
122.20238494873047
239.54278564453125
133.50323486328125
98.58402252197266
63.12300491333008
262.7736511230469
129.01687622070312
167.4308319091797
79.8902587890625
67.55059051513672
91.92671203613281
119.25691986083984
82.23172760009766
66.80524444580078
64.70866394042969
156.9500274658203
83.20207977294922
62.603546142578125
82.62469482421875
60.102569580078125
123.16039276123047
65.98758697509766
62.777122497558594
91.17027282714844
98.34143829345703
79.44782257080078
171.2002716064453
159.12246704101562
56.31519317626953
136.7691192626953
113.22144317626953
206.00140380859375
162.4687042236328
140.1177520751953
117.20999908447266
63.07117462158203
89.93291473388672
84.99030303955078
131.89085388183594
182.60794067382812
184.58807373046875
104.56666564941406
112.37722778320312
103.77068328857422
106.19454956054688
108.62259674072266
72.35325622558594
106.51530456542969
173.7870635986328
271.0818786621094
84.28009796142578
95.96411895751953
202.65301513671875
94.06297302246094
70.11398315429688
74.86180114746094
161.61798095703125
149.176025390625
87.54122924804688
73.29435729980469
195.90370178222656
103.50328826904297
154.63449096679688
148.98301696777344
120.35408782958984
95.4594497680664
99.32038879394531
127.6031494140625
89.00370025634766
145.0692901611328
136.24400329589844
113.65959930419922
112.92831420898438
89.44599914550781
78.04523468017578
494.119384765625
79.5055923461914
82.32398986816406
78.88778686523438
71.14215087890625
135.24586486816406
89.15760040283203
141.2311248779297
110.32991027832031
68.68219757080078
79.00346374511719
271.11474609375
91.01924133300781
118.88687133789062
96.6466293334961
91.98374938964844
126.94651794433594
108.80245208740234
68.31141662597656
116.59971618652344
106.20841217041016
336.46075439453125
66.87435913085938
83.07659912109375
63.04419708251953
108.0341567993164
92.89203643798828
68.96495819091797
80.24559020996094
202.347900390625
60.27056884765625
372.7672424316406
247.60516357421875
129.7324676513672
124.13449096679688
142.34072875976562
94.53706359863281
92.28067016601562
113.30606079101562
105.20047760009766
125.18412780761719
154.0048065185547
91.80464935302734
93.15921783447266
132.4730987548828
330.3118591308594
147.00108337402344
142.519775390625
94.01284790039062
102.54611206054688
117.56716918945312
91.57003784179688
119.90447235107422
580.90087890625
102.96719360351562
427.296630859375
112.83179473876953
255.1153106689453
390.6039123535156
150.71580505371094
120.35546875
97.2455062866211
112.81373596191406
127.72405242919922
217.6260986328125
215.4941864013672
207.90615844726562
459.0220947265625
72.29640197753906
119.52914428710938
118.78638458251953
74.04744720458984
244.2398223876953
110.59971618652344
108.02040100097656
91.12406158447266
98.45622253417969
92.66847229003906
85.41596984863281
123.09113311767578
129.58419799804688
69.53324127197266
213.107177734375
115.78932189941406
160.9178924560547
109.1566162109375
131.34722900390625
105.93376922607422
151.87567138671875
190.48110961914062
75.0005111694336
126.07395935058594
112.5406723022461
92.33724975585938
164.07723999023438
106.20707702636719
259.6608581542969
92.5634536743164
152.68844604492188
122.10003662109375
246.42904663085938
183.64630126953125
141.1044464111328
69.37787628173828
91.0006332397461
97.8104476928711
65.52091979980469
113.54203796386719
102.98777770996094
95.21227264404297
81.7301025390625
167.375244140625
171.393310546875
75.29964447021484
298.72991943359375
52.88224792480469
245.2155303955078
61.20344543457031
101.73229217529297
85.93812561035156
392.7281494140625
53.1203727722168
203.3859100341797
81.42279052734375
74.37602233886719
54.17699432373047
74.10269165039062
153.457275390625
127.30685424804688
109.97383880615234
113.6666488647461
111.5352783203125
103.19452667236328
85.24736022949219
73.44277954101562
94.86531829833984
156.4940643310547
95.53080749511719
124.99768829345703
83.27713775634766
61.547149658203125
102.16744232177734
274.7325134277344
227.95584106445312
115.65975952148438
162.46612548828125
57.942298889160156
83.23310852050781
64.63994598388672
359.54229736328125
63.279964447021484
75.70901489257812
120.99501037597656
135.91619873046875
250.77891540527344
108.74297332763672
155.41514587402344
86.21240997314453
59.86457443237305
382.74285888671875
203.0945587158203
181.1232452392578
167.2588348388672
92.99394989013672
222.2996368408203
163.35523986816406
78.10822296142578
193.61634826660156
206.9372100830078
62.82594680786133
107.91932678222656
66.3134994506836
157.2382049560547
119.07073211669922
72.82817840576172
185.95919799804688
105.09186553955078
96.52061462402344
74.86044311523438
68.8635482788086
114.94432067871094
213.80239868164062
84.22557067871094
316.1968078613281
60.44731140136719
206.5657196044922
64.87721252441406
248.94793701171875
116.26342010498047
74.45616149902344
104.67131805419922
380.3650817871094
151.51397705078125
97.09126281738281
93.14588165283203
189.6470489501953
152.8339080810547
153.64495849609375
239.72406005859375
136.44171142578125
105.3729019165039
76.20362854003906
282.57220458984375
71.2400131225586
64.96332550048828
118.69219207763672
92.7044677734375
63.68772506713867
105.26995086669922
134.6693115234375
73.75093841552734
80.61066436767578
60.32889938354492
97.48754119873047
291.5600280761719
57.71869659423828
58.49742889404297
93.89620208740234
84.6814956665039
239.96331787109375
58.42310333251953
46.77488708496094
349.64666748046875
58.07680892944336
69.02481079101562
73.12686157226562
130.79397583007812
83.5483627319336
85.14584350585938
90.94679260253906
49.77103042602539
99.98031616210938
65.6436996459961
131.6773223876953
193.39048767089844
43.135902404785156
57.137779235839844
430.8655700683594
50.284828186035156
60.23339080810547
110.82222747802734
239.7394256591797
261.42010498046875
156.329833984375
128.4394989013672
73.20616149902344
61.699493408203125
279.4358215332031
97.60001373291016
82.10184478759766
194.5196075439453
155.79945373535156
207.89967346191406
68.92166900634766
85.56669616699219
103.28109741210938
61.601497650146484
179.4033966064453
85.60334014892578
55.823177337646484
70.16421508789062
169.40892028808594
76.35442352294922
196.8068084716797
93.2400131225586
119.09913635253906
122.96843719482422
73.06111907958984
60.30271530151367
58.81050109863281
127.6928482055664
62.926246643066406
103.0
256.8249816894531
201.9307403564453
108.73989868164062
140.45790100097656
165.81024169921875
91.73601531982422
75.83502960205078
115.69839477539062
61.524295806884766
63.87879943847656
111.70137786865234
64.02395629882812
78.43978881835938
323.37591552734375
81.55198669433594
60.370147705078125
51.24808120727539
85.52806854248047
148.34828186035156
126.1884994506836
123.02129364013672
65.45887756347656
74.64442443847656
60.25541687011719
438.12042236328125
135.96925354003906
89.82501983642578
95.62687683105469
118.16121673583984
61.8823127746582
113.8209228515625
107.92316436767578
51.48863983154297
145.13853454589844
115.06080627441406
142.02005004882812
80.39270782470703
52.04266357421875
95.83763122558594
126.93206024169922
142.56378173828125
64.06939697265625
69.95807647705078
109.18335723876953
188.5718994140625
156.7132110595703
97.62967681884766
69.7406997680664
54.51713180541992
218.669677734375
144.94435119628906
76.25731658935547
58.01817321777344
192.3158721923828
55.775306701660156
145.503662109375
157.03736877441406
178.33724975585938
88.28826141357422
60.027713775634766
88.01335906982422
113.35710906982422
259.4610290527344
252.95228576660156
71.87213134765625
93.73320770263672
76.75350189208984
61.0796012878418
77.72450256347656
104.45834350585938
62.01945877075195
112.37149810791016
89.29043579101562
77.28325653076172
96.99444580078125
100.01390075683594
56.61914825439453
86.87318420410156
80.0545883178711
52.95864486694336
117.05709075927734
64.43154907226562
144.98077392578125
132.56166076660156
102.0864486694336
164.52511596679688
46.76719665527344
46.06024932861328
65.87550354003906
43.66832733154297
78.6207046508789
49.692413330078125
67.020751953125
268.3404235839844
48.64372253417969
50.51639938354492
49.64741516113281
53.96992492675781
60.83462905883789
211.62376403808594
319.59564208984375
47.147071838378906
111.26770782470703
47.42953872680664
50.47109603881836
37.36412048339844
112.02799987792969
