1328.4237060546875
648.4427490234375
1186.14501953125
962.880859375
797.2218627929688
905.581787109375
363.5569763183594
646.0776977539062
772.5220947265625
238.30323791503906
648.3733520507812
541.2964477539062
537.1332397460938
314.8584289550781
381.23675537109375
226.23826599121094
51.11514663696289
304.8807067871094
599.5430908203125
92.10608673095703
296.6050720214844
466.027587890625
24.075645446777344
624.7467651367188
244.93850708007812
172.87718200683594
115.67145538330078
96.92985534667969
179.85159301757812
295.5213317871094
278.9463195800781
263.7995910644531
137.33045959472656
159.00230407714844
81.46109771728516
204.80755615234375
242.8505401611328
450.1073303222656
54.46586990356445
64.824951171875
695.19580078125
225.10772705078125
99.376708984375
31.376853942871094
94.14115142822266
340.9120788574219
337.9065246582031
132.28521728515625
49.83354568481445
92.24430084228516
56.797691345214844
52.579586029052734
16.834096908569336
104.82908630371094
49.48346710205078
57.45018768310547
165.0293731689453
124.45049285888672
69.15597534179688
24.24595832824707
187.42979431152344
139.33743286132812
43.6949577331543
39.801448822021484
179.43545532226562
61.990814208984375
18.20694923400879
58.73759078979492
38.74479675292969
28.17621612548828
93.39775848388672
88.6060791015625
84.55964660644531
44.51999282836914
78.79291534423828
18.25815773010254
47.24968719482422
83.20966339111328
90.73002624511719
33.0096435546875
82.26641845703125
61.97489547729492
63.30178451538086
63.45920181274414
13.175801277160645
138.50869750976562
76.44293975830078
75.37809753417969
24.578035354614258
138.75146484375
64.41514587402344
110.48123168945312
33.50090026855469
23.763473510742188
31.71782684326172
41.1055908203125
25.61062240600586
14.072396278381348
95.89196014404297
25.413217544555664
31.10138511657715
35.87030029296875
196.3968048095703
147.4072265625
17.03162956237793
16.67969512939453
35.466182708740234
199.32215881347656
18.338186264038086
37.53995132446289
26.416732788085938
11.973702430725098
16.265090942382812
39.35097122192383
42.219234466552734
81.60609436035156
15.280200004577637
148.90931701660156
7.863553524017334
9.62282657623291
69.453125
21.65105628967285
17.680789947509766
12.721118927001953
124.11695861816406
75.98381805419922
13.839672088623047
7.2533278465271
88.8602523803711
30.4434871673584
95.62369537353516
36.762577056884766
4.722604751586914
52.44322204589844
201.02090454101562
12.409443855285645
65.85791778564453
17.834556579589844
49.81962966918945
76.35994720458984
85.00501251220703
39.18452072143555
24.262819290161133
30.31612777709961
138.44615173339844
13.331303596496582
118.5514144897461
45.44931411743164
17.898422241210938
21.936147689819336
157.82264709472656
7.011909008026123
42.48161697387695
77.8347396850586
5.080824851989746
50.825592041015625
200.53005981445312
5.886360168457031
96.4476318359375
53.70354461669922
6.736080169677734
23.67441177368164
47.21464538574219
24.598011016845703
5.264121055603027
84.54375457763672
33.48304748535156
32.316036224365234
75.67369842529297
24.00918197631836
42.73465347290039
8.689657211303711
6.587078094482422
72.45051574707031
22.470144271850586
41.04371643066406
12.09578800201416
77.068603515625
78.81204223632812
24.18445587158203
18.358335494995117
27.186525344848633
46.70367431640625
40.45847702026367
35.71400833129883
85.51480102539062
14.765616416931152
6.24002742767334
4.480323791503906
36.3741455078125
16.44635772705078
37.467002868652344
21.86005210876465
18.079307556152344
14.514120101928711
37.98755645751953
75.57231903076172
98.12908172607422
49.30283737182617
24.951568603515625
17.156814575195312
24.31401252746582
40.69100570678711
24.0240535736084
47.70996856689453
42.6397705078125
6.169268608093262
31.76031494140625
15.182061195373535
9.327817916870117
20.284996032714844
7.3512420654296875
26.247180938720703
6.455317974090576
52.676124572753906
14.721650123596191
37.94755172729492
71.78614044189453
5.4930267333984375
7.0976691246032715
7.627674102783203
63.88462829589844
15.093448638916016
13.389973640441895
3.689788818359375
209.19564819335938
24.66224479675293
45.322532653808594
19.365938186645508
14.555975914001465
34.333744049072266
107.03871154785156
72.21202087402344
57.922420501708984
8.188178062438965
15.656609535217285
7.700777530670166
42.80474853515625
64.85810852050781
35.5915412902832
188.64779663085938
31.997285842895508
26.90191650390625
15.152192115783691
71.77266693115234
55.72832107543945
56.18922424316406
31.855052947998047
4.01328706741333
23.374197006225586
14.490996360778809
51.835426330566406
36.95729064941406
42.73114776611328
83.78598022460938
22.50776481628418
134.3355712890625
10.867095947265625
92.62590026855469
57.86708450317383
142.8735809326172
30.551828384399414
10.199286460876465
13.297968864440918
15.623117446899414
29.099966049194336
6.126288890838623
37.4445686340332
34.8591423034668
64.4200439453125
73.02236938476562
38.23088073730469
44.95583724975586
98.09686279296875
15.306907653808594
70.46514892578125
29.243928909301758
45.56538391113281
3.580080270767212
43.1209716796875
19.831541061401367
19.193899154663086
21.127471923828125
9.299771308898926
15.049631118774414
13.479100227355957
6.008888244628906
35.105934143066406
18.301252365112305
10.857929229736328
12.285468101501465
15.32568359375
5.5891828536987305
6.036762237548828
22.207921981811523
12.5291748046875
24.746437072753906
24.59441375732422
123.71961212158203
10.59842586517334
8.25529670715332
18.06114387512207
43.624794006347656
7.390946865081787
24.17532730102539
17.02223014831543
25.207534790039062
4.319209098815918
20.357620239257812
4.611456871032715
5.034852027893066
10.475062370300293
3.6100881099700928
11.683938980102539
19.400867462158203
29.751544952392578
37.50162887573242
12.421412467956543
22.829978942871094
14.244597434997559
10.185185432434082
2.9122471809387207
11.581441879272461
30.035659790039062
77.47588348388672
20.871047973632812
32.59040069580078
105.12584686279297
3.7760491371154785
43.37638854980469
59.70505905151367
83.6182861328125
26.36638069152832
18.775827407836914
38.02946853637695
11.956451416015625
3.550945281982422
35.402503967285156
21.42520523071289
10.692124366760254
58.30604934692383
99.23414611816406
104.92680358886719
20.39822769165039
6.414535999298096
13.159485816955566
17.056015014648438
66.70488739013672
51.78725051879883
17.280603408813477
50.230384826660156
45.777523040771484
18.174793243408203
8.436822891235352
44.93807601928711
79.53215789794922
30.51910972595215
7.767744541168213
61.973724365234375
32.12751770019531
89.16020965576172
23.728443145751953
65.82176971435547
8.540573120117188
81.60758972167969
163.0818328857422
18.702360153198242
48.334449768066406
56.1512451171875
43.16536331176758
111.16768646240234
22.98123550415039
71.65797424316406
148.8472137451172
11.826506614685059
13.249545097351074
33.17317199707031
11.360633850097656
26.036535263061523
124.1080322265625
46.53233337402344
8.12231731414795
27.017982482910156
38.05224609375
91.58968353271484
299.5863952636719
73.4627914428711
266.0520324707031
20.979448318481445
31.085302352905273
17.468496322631836
25.055450439453125
21.850326538085938
32.6184196472168
2.974062919616699
29.60348892211914
20.429826736450195
69.86412048339844
9.091898918151855
21.413898468017578
85.83653259277344
6.872136116027832
13.616260528564453
19.984621047973633
19.307090759277344
39.01511764526367
93.73204040527344
27.204599380493164
90.65769958496094
31.271589279174805
67.61011505126953
18.758970260620117
61.13682556152344
90.54231262207031
24.593568801879883
14.508063316345215
32.4394645690918
27.021150588989258
25.63254165649414
56.9731330871582
5.912875652313232
9.309109687805176
27.690515518188477
463.3564453125
52.23127365112305
71.85226440429688
54.50656509399414
67.28923797607422
22.320690155029297
77.31391906738281
39.828617095947266
12.429948806762695
302.2333068847656
12.215606689453125
74.29867553710938
54.83734130859375
16.98088836669922
53.554019927978516
7.989271640777588
48.71623992919922
43.81586837768555
4.960442066192627
14.125292778015137
12.236968994140625
16.404043197631836
152.75897216796875
15.268418312072754
20.60157585144043
44.219871520996094
6.421034336090088
4.5716447830200195
15.439698219299316
5.8120551109313965
41.992801666259766
84.57272338867188
15.655435562133789
225.04641723632812
8.123364448547363
13.183553695678711
5.0637946128845215
116.06089782714844
14.676778793334961
2.4269909858703613
36.166934967041016
36.27837371826172
39.9327392578125
5.692491054534912
12.994938850402832
5.488813400268555
33.68906021118164
43.4783821105957
36.18513488769531
49.883426666259766
41.318111419677734
7.29017448425293
31.764616012573242
29.176036834716797
34.5250244140625
31.29558753967285
69.17037200927734
92.3154067993164
74.3323974609375
9.287836074829102
22.275205612182617
20.4847354888916
7.275611877441406
283.46124267578125
53.79021453857422
9.369562149047852
10.455738067626953
21.105051040649414
39.58132553100586
4.02441930770874
16.905527114868164
52.35948181152344
41.2230224609375
3.878354787826538
16.530866622924805
47.82735824584961
40.57481384277344
115.19404602050781
10.89887523651123
33.767948150634766
11.349310874938965
93.92444610595703
27.64170265197754
45.94654846191406
18.081584930419922
6.177859783172607
121.67222595214844
9.586174964904785
15.984578132629395
16.326934814453125
21.66279411315918
10.897714614868164
8.486783027648926
19.817962646484375
6.338704586029053
63.82904815673828
76.64667510986328
16.985090255737305
8.150362968444824
6.906327724456787
47.618404388427734
148.64605712890625
70.87630462646484
100.23490142822266
16.081214904785156
24.014190673828125
34.3569450378418
115.10638427734375
9.722917556762695
109.31591033935547
28.934717178344727
4.411163806915283
8.34447956085205
85.78604125976562
150.21568298339844
25.613357543945312
3.937446355819702
50.27088165283203
19.90557289123535
14.385198593139648
75.08409881591797
65.83419799804688
11.36959171295166
80.75355529785156
5.907351970672607
31.820220947265625
78.92723846435547
15.994463920593262
12.164085388183594
39.54182434082031
20.814666748046875
26.97335433959961
51.086708068847656
90.99372863769531
24.991065979003906
25.900474548339844
51.46915817260742
4.536201477050781
39.23448181152344
7.018835067749023
14.685342788696289
5.720846176147461
20.76976203918457
71.93983459472656
5.562937259674072
67.78993225097656
23.40973472595215
87.43158721923828
15.083775520324707
13.052431106567383
47.2183837890625
6.531433582305908
5.682975769042969
23.904237747192383
50.299407958984375
6.444687366485596
2.454592227935791
119.40985870361328
11.11587905883789
8.058037757873535
7.501219749450684
4.37350606918335
4.587663173675537
84.51890563964844
22.029075622558594
8.526219367980957
7.867394924163818
25.461570739746094
22.1938419342041
27.943235397338867
20.453655242919922
192.43118286132812
77.42884063720703
12.49921703338623
58.67664337158203
22.238248825073242
19.319612503051758
189.6883087158203
6.865921497344971
36.666072845458984
192.70509338378906
7.178131580352783
65.97860717773438
53.40990447998047
9.012161254882812
29.145231246948242
8.049616813659668
8.162071228027344
24.380834579467773
67.2470932006836
14.769881248474121
14.624674797058105
28.486196517944336
2.760300397872925
13.52910041809082
31.729204177856445
56.137725830078125
20.105737686157227
5.926830291748047
91.39862823486328
28.759645462036133
20.628543853759766
57.773067474365234
34.27390670776367
31.711393356323242
12.145731925964355
43.49606704711914
11.850319862365723
25.50180435180664
54.901885986328125
7.330569267272949
28.431509017944336
7.244714260101318
23.30047607421875
7.7073516845703125
19.645832061767578
36.410343170166016
20.081695556640625
71.61737060546875
76.02700805664062
78.00776672363281
53.27328872680664
13.088804244995117
21.926815032958984
10.730873107910156
25.187252044677734
33.2143440246582
17.469615936279297
14.934815406799316
66.95037078857422
22.296348571777344
3.9680941104888916
38.64965057373047
160.10398864746094
11.946613311767578
13.87105941772461
29.05992889404297
13.446771621704102
11.270556449890137
18.134357452392578
8.453962326049805
11.90980339050293
12.26463508605957
18.684568405151367
18.68320655822754
46.640045166015625
55.05458450317383
108.99517059326172
47.74039840698242
27.12565040588379
90.47492980957031
5.541529178619385
16.14284324645996
72.54893493652344
33.264522552490234
6.870116233825684
7.294103145599365
72.1803970336914
26.31707191467285
34.146915435791016
58.74686050415039
25.591672897338867
10.726765632629395
12.798050880432129
30.932863235473633
73.63391876220703
12.04249382019043
46.10247039794922
8.080765724182129
32.045166015625
47.506309509277344
54.23524475097656
75.05702209472656
21.94346046447754
37.77334976196289
14.299063682556152
9.660321235656738
33.429046630859375
49.8544807434082
15.260814666748047
21.94057846069336
16.254505157470703
12.377706527709961
30.741199493408203
8.89284896850586
16.016984939575195
38.009273529052734
11.72148323059082
15.030749320983887
61.24966049194336
7.619369029998779
20.680187225341797
53.591468811035156
38.20065689086914
52.372047424316406
51.56057357788086
50.85987091064453
42.92097854614258
95.63911437988281
67.65724182128906
11.279281616210938
73.24966430664062
15.506953239440918
27.05016326904297
19.338661193847656
198.76329040527344
13.19135570526123
34.24521255493164
34.672359466552734
34.47228240966797
12.082706451416016
24.487897872924805
5.094021797180176
30.719823837280273
14.010821342468262
14.359709739685059
115.36653137207031
54.10095977783203
24.87140655517578
8.860239028930664
11.579488754272461
11.044322967529297
5.836182117462158
168.78363037109375
207.40574645996094
4.8530802726745605
4.712282657623291
17.03133773803711
134.56527709960938
10.598282814025879
6.120779037475586
25.859817504882812
14.851990699768066
29.523815155029297
10.615118026733398
12.451976776123047
8.843829154968262
35.660701751708984
38.485321044921875
37.243404388427734
134.66717529296875
20.7705078125
6.552048206329346
7.118669509887695
7.497187614440918
10.730588912963867
10.066078186035156
24.667428970336914
102.1610336303711
13.252154350280762
64.89620971679688
13.944945335388184
9.441925048828125
28.445526123046875
25.544675827026367
6.820132732391357
57.06369400024414
33.810508728027344
9.540177345275879
5.272091865539551
25.637304306030273
56.27382278442383
3.013230323791504
20.003414154052734
32.102630615234375
5.368699550628662
37.11087417602539
23.087087631225586
6.2876973152160645
3.906183958053589
57.18678283691406
3.6725172996520996
62.39727783203125
148.4685516357422
17.377445220947266
29.405479431152344
65.14533996582031
144.06512451171875
11.083632469177246
14.369573593139648
35.55332565307617
4.14003849029541
68.9259033203125
44.767032623291016
62.723411560058594
26.175090789794922
12.852079391479492
17.26961326599121
8.165925025939941
5.455862998962402
27.672990798950195
10.657642364501953
40.76129913330078
223.6499786376953
50.22737121582031
9.562895774841309
131.19764709472656
33.68777847290039
8.190868377685547
54.1430778503418
6.346968173980713
21.191749572753906
172.9679718017578
24.672130584716797
41.57355880737305
8.145856857299805
38.40927505493164
5.346513271331787
4.178819179534912
6.259772300720215
12.262640953063965
170.1815643310547
39.3963737487793
71.36579132080078
19.74770164489746
9.414925575256348
8.769871711730957
46.13379669189453
198.18618774414062
25.326374053955078
98.16585540771484
3.7675693035125732
12.280914306640625
2.8297274112701416
17.034269332885742
12.297928810119629
12.208500862121582
9.21615219116211
25.110198974609375
34.80556106567383
30.783029556274414
10.170654296875
7.623358726501465
17.334548950195312
32.50760269165039
51.212066650390625
29.457136154174805
30.668384552001953
32.5540771484375
240.79698181152344
45.01795959472656
12.217658042907715
32.95468521118164
101.30799865722656
94.90795135498047
15.0167818069458
31.666507720947266
33.88921356201172
163.8267364501953
4.61345100402832
156.91650390625
14.209449768066406
8.537288665771484
28.389204025268555
62.669002532958984
7.325808048248291
3.0837979316711426
17.4638614654541
12.422182083129883
35.9169807434082
12.695822715759277
10.355345726013184
113.80296325683594
82.4171142578125
6.659509658813477
9.363219261169434
5.968023300170898
4.0916571617126465
41.40427017211914
64.7022705078125
101.65043640136719
17.10059928894043
48.439674377441406
9.7345552444458
28.55523681640625
62.583831787109375
38.19881820678711
50.33395767211914
70.68228149414062
36.818016052246094
5.865912914276123
25.6114559173584
91.87322235107422
9.155035018920898
9.834345817565918
5.69435453414917
85.89716339111328
36.77906799316406
25.913488388061523
10.000402450561523
34.97541046142578
19.039691925048828
156.11468505859375
23.686763763427734
15.705992698669434
5.7777299880981445
51.02519607543945
28.718982696533203
23.026626586914062
13.312021255493164
56.45841979980469
60.49782180786133
12.192042350769043
18.167787551879883
3.288694143295288
5.788248538970947
21.98900032043457
3.732656717300415
4.6157426834106445
49.264793395996094
69.92257690429688
45.285465240478516
24.556657791137695
32.37766647338867
10.838530540466309
11.159162521362305
66.8882827758789
3.3277106285095215
3.2018768787384033
6.056296348571777
23.61983871459961
83.9605484008789
9.41496467590332
17.939836502075195
13.305154800415039
10.854496955871582
21.00053596496582
4.336215496063232
19.061634063720703
16.389686584472656
8.32495403289795
6.2574262619018555
14.642139434814453
6.239204406738281
110.89432525634766
86.38821411132812
27.06368064880371
17.734378814697266
9.278238296508789
92.05897521972656
76.6641616821289
18.517833709716797
37.18402862548828
134.6796112060547
140.56402587890625
3.8483994007110596
49.27971649169922
257.1304626464844
87.82316589355469
11.379467010498047
42.99897003173828
24.021862030029297
14.511219024658203
22.686511993408203
82.99683380126953
17.886394500732422
14.118907928466797
21.350086212158203
89.93067932128906
7.4281840324401855
130.25396728515625
91.7369155883789
26.517698287963867
19.85858726501465
37.90346908569336
187.3252410888672
52.374183654785156
5.408209800720215
9.174586296081543
20.090837478637695
5.494022846221924
37.852962493896484
39.865970611572266
55.21354675292969
8.789496421813965
13.773508071899414
27.95840072631836
53.61664962768555
7.010717868804932
67.09437561035156
40.06554412841797
28.09891128540039
41.03473663330078
13.504470825195312
71.57018280029297
51.74972152709961
14.914401054382324
57.7823371887207
97.9400634765625
34.2888069152832
6.2201056480407715
72.16683959960938
106.13560485839844
215.06288146972656
8.299015998840332
26.781076431274414
20.11146354675293
13.183392524719238
14.04692554473877
33.14185333251953
94.60200500488281
3.846421003341675
10.138319969177246
4.970674514770508
7.566310405731201
32.80414581298828
22.489057540893555
14.1813325881958
33.599388122558594
29.977771759033203
18.973976135253906
301.01654052734375
72.75215911865234
27.007404327392578
132.34408569335938
131.6964569091797
53.15622329711914
32.646522521972656
118.29733276367188
6.92127799987793
34.62302017211914
13.765538215637207
17.89991569519043
22.330543518066406
16.0101318359375
24.88538932800293
24.19528579711914
3.677772283554077
3.3880324363708496
78.74407196044922
6.637634754180908
30.0209903717041
241.6614990234375
3.601370096206665
14.259510040283203
70.16941833496094
11.498796463012695
13.69959831237793
7.872934818267822
32.9224853515625
8.45113754272461
11.818306922912598
12.4583101272583
66.0665283203125
39.6959342956543
15.012248992919922
23.506450653076172
12.568717956542969
5.1331257820129395
55.39997863769531
47.42755889892578
20.638891220092773
13.17914867401123
35.69029998779297
10.569991111755371
14.472275733947754
72.68726348876953
33.224388122558594
21.229690551757812
195.84136962890625
9.588367462158203
184.5249786376953
42.51625061035156
3.086113929748535
73.59253692626953
56.97886657714844
5.210783004760742
38.72000503540039
10.15859317779541
10.163833618164062
31.95919418334961
47.049095153808594
36.47188949584961
10.703083992004395
15.371857643127441
72.86038970947266
39.97362518310547
29.171876907348633
8.761067390441895
15.861481666564941
18.597972869873047
37.9605598449707
8.695738792419434
2.957512617111206
63.8751106262207
60.291343688964844
68.85763549804688
46.73957443237305
7.861554145812988
47.128841400146484
94.40894317626953
65.34917449951172
76.3636474609375
13.65698528289795
5.842052936553955
71.11849212646484
46.23516082763672
40.61085891723633
27.3641300201416
2.79091477394104
2.305342197418213
2.370443344116211
17.06365966796875
20.100852966308594
45.76032257080078
94.40735626220703
13.450912475585938
3.7658283710479736
49.532798767089844
85.4100341796875
8.439726829528809
31.885526657104492
227.3190155029297
6.700367450714111
14.341876983642578
61.2827033996582
4.224806308746338
6.811316013336182
75.97706604003906
58.89981460571289
79.61895751953125
37.621490478515625
17.59398078918457
8.828202247619629
40.92043685913086
10.648381233215332
31.02460289001465
18.506277084350586
14.568610191345215
90.29402160644531
13.722238540649414
15.376527786254883
43.506832122802734
14.289200782775879
57.58246612548828
39.400794982910156
74.2438735961914
39.61439895629883
40.08624267578125
19.373878479003906
64.10675048828125
51.07221984863281
162.8634033203125
6.160650730133057
71.13986206054688
70.4585952758789
33.285709381103516
3.6705734729766846
76.69098663330078
17.921810150146484
24.457984924316406
47.983489990234375
3.784470796585083
90.06201934814453
5.152701377868652
10.507022857666016
40.214881896972656
89.07662200927734
32.91529083251953
32.32831573486328
18.521713256835938
11.093936920166016
33.1788330078125
28.878826141357422
42.933502197265625
5.625799655914307
2.8672327995300293
5.427781581878662
18.389318466186523
4.535156726837158
8.43903636932373
36.74336242675781
97.86605072021484
20.431610107421875
17.88705062866211
10.74260139465332
7.943667888641357
3.5511910915374756
15.667978286743164
17.499937057495117
31.983123779296875
1.3418275117874146
2.731100082397461
4.728593826293945
161.29241943359375
17.052087783813477
19.836679458618164
60.879127502441406
24.291162490844727
12.91281795501709
26.46782112121582
68.56065368652344
39.69270324707031
4.953248500823975
11.88035774230957
16.860912322998047
44.14665603637695
2.9027349948883057
11.347701072692871
14.693604469299316
29.710296630859375
18.66290283203125
30.136463165283203
50.92526626586914
11.723814010620117
1.4917552471160889
20.30498695373535
77.67327117919922
27.141685485839844
59.25385665893555
108.39896392822266
5.388784408569336
22.104936599731445
26.781475067138672
100.35318756103516
30.031309127807617
20.82833480834961
3.630291700363159
92.48556518554688
18.44877052307129
15.691821098327637
15.572465896606445
37.00905990600586
53.33130645751953
93.97761535644531
6.4791131019592285
8.038915634155273
20.927200317382812
27.56595802307129
6.631050109863281
8.837714195251465
25.266468048095703
44.460819244384766
104.14558410644531
32.86587905883789
28.416261672973633
8.221271514892578
94.62914276123047
13.72111701965332
7.050259113311768
5.886042594909668
45.42232894897461
59.28276443481445
4.473721504211426
6.751945495605469
31.94517707824707
31.56910514831543
50.58763885498047
16.534212112426758
16.279394149780273
15.499726295471191
26.415851593017578
6.722848892211914
3.904334306716919
25.960189819335938
48.12541961669922
26.328508377075195
5.677992820739746
19.340938568115234
7.414334297180176
66.9161376953125
6.263417720794678
66.96446990966797
3.8151044845581055
16.40162467956543
15.998512268066406
6.31538200378418
102.0912094116211
3.062558889389038
13.1845064163208
8.740571022033691
21.645856857299805
44.525787353515625
71.05699920654297
24.76669692993164
11.528121948242188
20.07535743713379
79.65512084960938
6.741981506347656
32.49285125732422
152.15652465820312
9.410133361816406
25.696537017822266
10.83945369720459
75.10899353027344
33.72893524169922
71.52275848388672
19.6600284576416
8.159098625183105
2.0051021575927734
11.952333450317383
10.681929588317871
63.73558044433594
223.0145721435547
11.7240571975708
70.79512023925781
20.091943740844727
10.924993515014648
10.75290298461914
32.966026306152344
111.9609146118164
20.573577880859375
17.24397850036621
53.07646179199219
15.910889625549316
34.078792572021484
5.176642417907715
133.27798461914062
64.96078491210938
12.269329071044922
29.936912536621094
156.60194396972656
36.82508087158203
4.967396259307861
97.24622344970703
4.927076816558838
22.0412654876709
12.057791709899902
15.990377426147461
60.04188537597656
46.4040412902832
40.99615478515625
46.17283248901367
52.7432861328125
7.9600138664245605
44.86052703857422
18.045753479003906
98.86355590820312
121.1137924194336
57.49846649169922
64.05621337890625
5.916101455688477
93.0365219116211
12.001416206359863
21.371429443359375
13.547263145446777
6.041163444519043
9.717764854431152
99.81839752197266
12.731267929077148
9.37906551361084
28.314075469970703
42.571170806884766
33.549522399902344
12.142305374145508
10.952459335327148
12.621660232543945
6.018347263336182
5.123552322387695
11.986451148986816
61.378761291503906
68.3492202758789
16.095041275024414
10.5556640625
43.05107116699219
15.440629005432129
17.113779067993164
32.0114860534668
18.086721420288086
5.309136867523193
21.665639877319336
19.07105827331543
9.21440315246582
26.881519317626953
198.41714477539062
74.94136810302734
5.222991466522217
70.79522705078125
60.53900146484375
29.109689712524414
10.481745719909668
3.993739604949951
5.039012908935547
31.71082305908203
38.37459182739258
38.04672622680664
100.82634735107422
51.098628997802734
222.4771270751953
5.479168891906738
9.140094757080078
14.511833190917969
8.231318473815918
38.09148025512695
26.376323699951172
6.494349956512451
8.357622146606445
31.43852996826172
16.92512321472168
12.990549087524414
51.20587921142578
65.43446350097656
21.05706214904785
16.91706657409668
36.968345642089844
60.92048645019531
25.51630401611328
46.047969818115234
22.174488067626953
52.94697189331055
260.5707702636719
7.930009841918945
8.611190795898438
1.7729926109313965
19.26772117614746
8.504921913146973
22.12259864807129
82.0133285522461
34.299312591552734
13.34679889678955
49.92544174194336
32.511436462402344
24.57996368408203
44.65944290161133
3.866093635559082
11.497002601623535
21.70623207092285
21.56452751159668
10.154762268066406
9.099635124206543
21.625795364379883
17.75759506225586
18.43999671936035
15.320664405822754
12.399887084960938
30.258010864257812
12.347702026367188
11.493478775024414
86.49990844726562
105.52031707763672
76.57113647460938
5.489274978637695
13.984243392944336
95.25154113769531
8.453977584838867
4.290876388549805
61.595848083496094
13.37991714477539
39.3243293762207
7.440201282501221
19.45426368713379
23.932600021362305
49.33516311645508
25.19803810119629
4.507558822631836
32.389366149902344
44.792930603027344
16.41873550415039
12.867058753967285
96.96231079101562
20.649423599243164
6.104331970214844
11.343085289001465
43.77479934692383
15.247517585754395
5.831780910491943
7.727341175079346
4.425740718841553
65.7655029296875
48.757930755615234
4.491898059844971
30.225513458251953
4.851480484008789
2.292142868041992
5.903229713439941
12.23120403289795
66.14693450927734
47.16069793701172
65.76444244384766
93.33647918701172
24.27532196044922
22.34234619140625
26.617843627929688
6.4760942459106445
25.255704879760742
67.78612518310547
28.77889633178711
44.451026916503906
45.3177604675293
37.691036224365234
16.682785034179688
96.05384063720703
22.52556610107422
10.066564559936523
30.35114097595215
29.891820907592773
26.052946090698242
27.388015747070312
2.752324104309082
5.326944828033447
9.475475311279297
16.19843292236328
3.3244845867156982
18.813003540039062
116.98410034179688
17.753990173339844
6.353340148925781
6.000558853149414
61.52915573120117
108.88150024414062
187.37435913085938
7.83376407623291
30.494705200195312
16.921463012695312
3.8754215240478516
19.49655532836914
60.08125686645508
69.90238189697266
8.393513679504395
10.021169662475586
44.16834259033203
49.06064987182617
6.282349586486816
2.7778213024139404
7.681785583496094
29.77011489868164
16.157711029052734
29.44447898864746
157.80917358398438
7.420456886291504
4.510297775268555
6.5915608406066895
3.3047947883605957
12.408466339111328
4.0036702156066895
47.634765625
46.33397674560547
45.338871002197266
19.222211837768555
88.77498626708984
172.3252716064453
49.50752258300781
93.16761779785156
67.32278442382812
51.5571403503418
31.0682430267334
75.04779052734375
69.92631530761719
26.577613830566406
2.7600982189178467
150.00950622558594
155.40023803710938
19.23481559753418
66.98550415039062
118.1470718383789
14.528368949890137
27.6080379486084
24.3654842376709
23.407669067382812
14.82381820678711
8.66428279876709
28.516889572143555
19.08839225769043
34.29408264160156
34.40814971923828
33.47756576538086
19.959497451782227
29.454071044921875
48.133941650390625
45.093597412109375
13.855804443359375
120.33092498779297
92.35258483886719
7.931971073150635
98.64334106445312
166.97824096679688
10.567869186401367
6.772378921508789
6.704293251037598
220.74012756347656
11.435890197753906
8.107257843017578
30.292015075683594
17.309833526611328
21.019939422607422
15.967687606811523
18.343618392944336
54.859535217285156
86.29698944091797
35.089412689208984
5.080221652984619
39.80630111694336
38.05698013305664
26.263986587524414
18.988962173461914
101.2828140258789
10.109268188476562
7.58847713470459
17.57624053955078
20.720226287841797
3.9245078563690186
59.733619689941406
29.61995506286621
56.72809600830078
37.26376724243164
4.75523567199707
47.15494918823242
11.891325950622559
26.445207595825195
5.808813095092773
8.052064895629883
34.76730728149414
50.00239562988281
16.042654037475586
75.20455932617188
1.9624183177947998
28.70454978942871
15.199986457824707
96.96955108642578
18.0321102142334
119.07906341552734
21.617666244506836
14.823808670043945
131.1359405517578
29.972034454345703
2.7319211959838867
5.64199686050415
30.274961471557617
26.735734939575195
8.644661903381348
10.798230171203613
69.5660629272461
66.5233154296875
68.32215118408203
6.524174213409424
15.043463706970215
29.166507720947266
53.13007736206055
151.9215087890625
10.719950675964355
1.8411082029342651
15.408381462097168
15.78877067565918
6.3531174659729
5.8805251121521
19.028215408325195
16.190732955932617
24.841238021850586
14.196638107299805
25.96087074279785
10.930924415588379
26.840822219848633
21.844898223876953
5.280772686004639
16.22903823852539
4.303269863128662
9.974907875061035
7.585550308227539
24.052501678466797
11.732161521911621
6.5534820556640625
23.51417350769043
4.72900390625
67.78606414794922
16.62739372253418
30.452117919921875
25.837411880493164
151.30467224121094
12.062651634216309
288.59521484375
21.287189483642578
13.828500747680664
32.53290939331055
5.516901969909668
95.79292297363281
40.874603271484375
65.71231079101562
11.783783912658691
92.0328369140625
7.270388126373291
32.56220626831055
66.37005615234375
28.953115463256836
3.393831491470337
4.956417560577393
12.641119956970215
13.830883979797363
23.66209602355957
48.7294807434082
62.25818634033203
9.161734580993652
8.147406578063965
38.00654220581055
18.030996322631836
13.58890151977539
9.37008285522461
17.808452606201172
50.045936584472656
23.601835250854492
34.31687545776367
186.7487030029297
40.405784606933594
99.85707092285156
8.89539623260498
176.87435913085938
1.7110159397125244
18.222780227661133
10.43641471862793
9.583942413330078
9.435784339904785
24.083412170410156
52.72908020019531
24.117292404174805
17.98284912109375
48.40071105957031
69.68289947509766
71.81008911132812
8.87324047088623
4.611575126647949
30.765398025512695
12.984082221984863
3.9082412719726562
108.8896255493164
115.40547943115234
19.752330780029297
79.93463134765625
65.61042785644531
38.86296463012695
16.301555633544922
55.241676330566406
2.5375120639801025
15.144068717956543
27.508420944213867
37.01970672607422
118.93968200683594
9.920941352844238
26.773780822753906
36.276588439941406
116.89278411865234
6.305875301361084
94.21329498291016
8.0231351852417
28.12113380432129
16.782981872558594
6.0861430168151855
4.706703186035156
36.33015823364258
33.52571487426758
5.398703575134277
12.445415496826172
32.551937103271484
9.885469436645508
40.527076721191406
33.518707275390625
35.731937408447266
17.823406219482422
36.271663665771484
60.70315170288086
9.911112785339355
10.156584739685059
11.201946258544922
8.521822929382324
65.70805358886719
16.258136749267578
9.410517692565918
24.523218154907227
7.610316276550293
8.454689979553223
70.39308166503906
5.484726905822754
119.49911499023438
9.344340324401855
58.39022445678711
54.847415924072266
88.6880111694336
47.40525436401367
93.17784118652344
8.001152038574219
3.843198299407959
85.51801300048828
13.220519065856934
21.541521072387695
13.578948020935059
24.17814064025879
52.44694137573242
25.76930046081543
5.684648036956787
11.000518798828125
20.41239356994629
22.169897079467773
15.002401351928711
27.455713272094727
14.524577140808105
62.16563415527344
75.33891296386719
51.88130187988281
15.32705020904541
60.66357421875
11.065141677856445
4.270421028137207
41.87058639526367
9.852618217468262
3.7233469486236572
8.55862045288086
51.15406799316406
8.990457534790039
89.37513732910156
10.425275802612305
7.467655658721924
18.740081787109375
63.21192169189453
9.053528785705566
16.06859588623047
2.4042866230010986
58.93788528442383
5.524306297302246
43.42808151245117
41.314979553222656
21.621734619140625
14.345687866210938
9.586939811706543
10.733692169189453
27.047386169433594
31.98316764831543
11.305089950561523
9.03194522857666
45.197837829589844
15.484893798828125
7.507290363311768
22.83381462097168
16.89579963684082
13.16771125793457
35.203216552734375
7.737290382385254
32.20686721801758
50.16908645629883
6.9550957679748535
73.75424194335938
24.16908073425293
4.157980918884277
68.23609161376953
6.293235778808594
84.5107421875
6.718911647796631
142.43368530273438
36.058502197265625
7.658528804779053
2.071903705596924
2.0119407176971436
222.6392822265625
4.554831504821777
16.781442642211914
36.7167854309082
5.571817398071289
6.590567588806152
4.115673542022705
14.70849323272705
43.87407302856445
18.02846908569336
40.70594024658203
26.250303268432617
95.1170654296875
71.9434814453125
5.245680809020996
17.95794677734375
196.7474822998047
4.108744144439697
5.459300518035889
13.453720092773438
27.054317474365234
8.703679084777832
44.16555404663086
111.10505676269531
95.15583038330078
45.047698974609375
16.011974334716797
11.245359420776367
83.66178131103516
5.8808393478393555
104.70311737060547
16.39769172668457
5.918754577636719
7.979172229766846
13.807395935058594
2.843663454055786
23.742185592651367
38.37274169921875
9.41561508178711
10.845503807067871
46.9292106628418
17.901744842529297
14.036076545715332
5.999413967132568
67.34253692626953
89.83296966552734
17.804485321044922
62.49879837036133
46.214073181152344
231.60528564453125
10.528120994567871
96.45825958251953
34.196327209472656
7.45518684387207
25.500198364257812
4.643518447875977
64.22122955322266
19.594038009643555
50.355628967285156
28.594581604003906
45.1099967956543
8.043259620666504
22.18902015686035
5.961277484893799
31.403396606445312
16.68474006652832
21.1357364654541
25.25377082824707
58.607730865478516
22.290815353393555
5.563905239105225
63.969608306884766
67.73328399658203
12.302078247070312
9.179962158203125
54.60429763793945
5.881218910217285
29.208606719970703
46.99436950683594
4.113222599029541
28.52714729309082
20.52880859375
4.566883087158203
10.11446475982666
51.80824279785156
14.749517440795898
14.872600555419922
51.2513427734375
18.4948673248291
23.837600708007812
146.72157287597656
65.71570587158203
92.30191802978516
11.962798118591309
9.763530731201172
33.95903015136719
5.632602214813232
42.76043701171875
7.920491695404053
6.906242847442627
14.818424224853516
4.436840057373047
141.92337036132812
57.33893585205078
14.670001029968262
43.867008209228516
33.47663879394531
36.772090911865234
28.536588668823242
28.338502883911133
6.206830978393555
9.334986686706543
158.82757568359375
60.34785842895508
78.79682159423828
42.86153030395508
133.7866668701172
3.4829771518707275
9.394583702087402
32.90203094482422
14.426924705505371
8.699325561523438
151.64463806152344
41.13179016113281
14.38342571258545
24.60023307800293
63.789066314697266
19.386455535888672
23.529752731323242
40.744632720947266
10.48747730255127
12.01167106628418
59.255062103271484
27.20396614074707
47.258548736572266
38.596153259277344
14.157674789428711
4.0545806884765625
27.9508113861084
5.196383476257324
16.796213150024414
7.125293254852295
198.28472900390625
67.599365234375
51.63040542602539
17.521501541137695
5.360182762145996
27.66789436340332
20.18759536743164
70.0350570678711
78.24160766601562
89.19322967529297
67.62346649169922
9.942723274230957
7.472644329071045
42.95742416381836
85.08702850341797
51.06123352050781
14.757645606994629
29.291664123535156
22.43831443786621
4.354769706726074
25.213899612426758
7.5761213302612305
4.078677177429199
44.43855285644531
40.013092041015625
28.352354049682617
7.6429877281188965
7.698561668395996
69.81842803955078
13.037750244140625
63.7794303894043
51.44416427612305
8.905771255493164
9.419514656066895
11.044354438781738
232.99388122558594
47.69779968261719
170.0160369873047
315.9347839355469
10.473379135131836
23.847055435180664
7.25166130065918
24.083946228027344
4.448418140411377
11.752307891845703
63.71090316772461
30.627927780151367
13.187677383422852
47.97563934326172
120.89112091064453
5.735617637634277
103.38925170898438
2.833591938018799
13.628982543945312
163.67591857910156
47.47381591796875
30.73862075805664
4.949460506439209
3.5183632373809814
20.148197174072266
14.923843383789062
352.0663146972656
8.089837074279785
3.924877166748047
41.406490325927734
31.11212921142578
11.754364967346191
40.750667572021484
944.1951293945312
28.501739501953125
19.10676383972168
2.9256553649902344
36.2352409362793
3.7516088485717773
3.353029489517212
28.09807586669922
4.414741516113281
14.966064453125
6.148436546325684
165.1641845703125
5.207413196563721
16.681495666503906
10.714350700378418
96.59600830078125
21.89157485961914
19.71533203125
15.40458869934082
32.21445846557617
26.489086151123047
69.02922821044922
5.5129876136779785
62.16314697265625
14.73251724243164
144.43670654296875
10.42556095123291
5.454163551330566
43.64912796020508
63.510562896728516
3.50819730758667
4.500136375427246
27.917560577392578
33.33983612060547
37.21884536743164
12.439886093139648
167.22547912597656
5.851902484893799
220.53335571289062
29.571189880371094
8.812418937683105
28.444744110107422
37.479007720947266
70.71918487548828
56.67472457885742
13.985020637512207
53.90972137451172
8.015470504760742
5.249416828155518
13.120683670043945
7.734437465667725
34.22459030151367
14.047181129455566
87.07671356201172
94.6182632446289
2.692521333694458
11.942354202270508
38.49311065673828
89.3057861328125
36.53124237060547
29.15006446838379
4.916155815124512
212.75588989257812
6.836354732513428
5.408060073852539
23.26471519470215
3.4990322589874268
27.401466369628906
2.463179349899292
53.514400482177734
2.6499154567718506
135.0391845703125
37.51585388183594
29.797433853149414
12.599617004394531
25.69684410095215
11.135271072387695
11.519425392150879
11.343443870544434
10.349019050598145
17.430320739746094
12.03840446472168
19.2487850189209
91.17182159423828
9.831103324890137
30.11243438720703
24.311893463134766
62.085330963134766
3.3906219005584717
9.802733421325684
13.665711402893066
52.0733757019043
9.028236389160156
55.17802429199219
29.19078254699707
44.64303970336914
148.29425048828125
15.200512886047363
4.911537170410156
50.958465576171875
4.380046844482422
63.94747543334961
3.519789457321167
43.86650085449219
4.0041046142578125
15.593216896057129
14.381631851196289
9.91886043548584
43.16730880737305
61.01145935058594
42.56192398071289
35.208274841308594
25.026437759399414
5.008286952972412
26.86713981628418
81.02368927001953
17.019651412963867
4.914061546325684
153.9982452392578
19.319684982299805
7.364345073699951
17.404172897338867
58.72870635986328
152.5718231201172
29.79986000061035
106.0593490600586
6.373895168304443
21.5124568939209
15.407358169555664
14.748400688171387
16.023338317871094
88.17053985595703
18.315837860107422
46.764625549316406
10.688944816589355
9.393447875976562
118.41669464111328
28.99327278137207
61.03920364379883
130.79185485839844
25.735321044921875
23.820270538330078
7.7025370597839355
151.0188446044922
30.070436477661133
30.944387435913086
14.748611450195312
33.65369415283203
14.893169403076172
29.060211181640625
47.134498596191406
65.68177032470703
5.37326192855835
15.289369583129883
17.570396423339844
91.07363891601562
16.459115982055664
40.62907409667969
51.59920883178711
24.65262222290039
23.76015281677246
4.656031131744385
14.764269828796387
16.190692901611328
35.72557830810547
35.678314208984375
128.48629760742188
10.4622163772583
26.394359588623047
23.26114273071289
60.22892761230469
49.157318115234375
32.30942916870117
57.06741714477539
104.67859649658203
30.14350700378418
47.44301223754883
47.992530822753906
8.320769309997559
11.873546600341797
49.674564361572266
31.643856048583984
39.306270599365234
34.09334945678711
7.299055576324463
107.71884155273438
3.148289203643799
5.62620735168457
22.78768539428711
33.027549743652344
6.045741558074951
7.6867547035217285
94.71409606933594
14.887871742248535
15.587151527404785
10.092731475830078
33.189754486083984
27.365558624267578
50.9818229675293
19.621868133544922
24.95418357849121
87.9426498413086
22.331729888916016
19.97703742980957
1.952409029006958
36.18890380859375
12.723017692565918
32.823482513427734
43.74607467651367
6.0367560386657715
13.190881729125977
19.80376434326172
4.368555068969727
62.86057662963867
18.056480407714844
59.13595199584961
24.00127601623535
71.66461944580078
7.52772855758667
89.38834381103516
12.061060905456543
11.324788093566895
50.37651824951172
21.26860237121582
19.575105667114258
37.27843475341797
6.561681270599365
15.418505668640137
27.028148651123047
3.957726001739502
7.648776531219482
66.28996276855469
11.374095916748047
12.518319129943848
41.324703216552734
5.241086483001709
7.564303398132324
6.2346601486206055
28.980548858642578
19.48102569580078
89.11333465576172
64.61515808105469
7.412808895111084
21.201934814453125
10.11299991607666
42.53826141357422
114.51900482177734
53.66011047363281
8.386590003967285
11.901055335998535
13.664385795593262
14.63670539855957
89.66636657714844
17.812183380126953
120.56143188476562
64.91427612304688
23.088191986083984
21.44611930847168
18.43939971923828
124.93154907226562
7.780904293060303
17.290626525878906
16.010957717895508
20.686283111572266
29.828542709350586
3.2502498626708984
58.698421478271484
8.477805137634277
50.109596252441406
5.335605144500732
94.29522705078125
14.763306617736816
21.108293533325195
20.522228240966797
63.98369598388672
6.7155656814575195
6.7820281982421875
36.11143493652344
32.9882698059082
16.17792320251465
37.145145416259766
69.48637390136719
26.16305923461914
32.964263916015625
54.38246154785156
11.827594757080078
20.75090980529785
63.20347595214844
43.639530181884766
12.422039031982422
121.68785858154297
41.12163162231445
20.961292266845703
8.169912338256836
9.616551399230957
75.33086395263672
7.929111957550049
51.691078186035156
10.514142990112305
22.538026809692383
32.53997802734375
25.030500411987305
125.35047149658203
28.32147979736328
13.15842056274414
82.24061584472656
4.135763168334961
2.7579879760742188
78.41089630126953
44.1697883605957
9.552474975585938
24.20075035095215
5.52162504196167
65.45509338378906
101.52811431884766
16.01923370361328
22.644765853881836
76.3545150756836
16.96161651611328
49.327510833740234
11.302260398864746
20.100902557373047
4.702467918395996
47.34968948364258
7.387234687805176
11.35654354095459
26.591970443725586
10.179340362548828
14.092559814453125
63.26521682739258
16.274539947509766
4.866159915924072
138.29261779785156
23.189788818359375
57.10650634765625
32.62739181518555
72.95498657226562
17.375518798828125
92.84281158447266
9.707305908203125
5.768296241760254
26.43549919128418
47.92627716064453
16.7474422454834
28.540122985839844
4.835151195526123
29.713844299316406
19.803733825683594
20.14681053161621
8.413542747497559
154.12371826171875
63.47917938232422
24.578407287597656
16.484643936157227
16.485807418823242
17.249597549438477
38.33026123046875
31.584714889526367
114.13978576660156
25.080974578857422
26.298707962036133
18.651199340820312
8.553709030151367
26.732881546020508
39.746158599853516
7.252857208251953
23.146480560302734
94.04723358154297
133.98280334472656
36.42573547363281
125.22844696044922
3.272676467895508
26.806711196899414
11.220232009887695
8.686341285705566
68.13977813720703
27.995851516723633
2.1459996700286865
48.60685729980469
2.8494131565093994
138.1819610595703
1.9712835550308228
90.10954284667969
110.18550872802734
6.479491710662842
175.8492889404297
37.75293731689453
8.95323657989502
18.111936569213867
24.885862350463867
6.098377227783203
20.228744506835938
50.5838508605957
3.39646577835083
17.44989585876465
32.42979431152344
3.2111809253692627
42.31517028808594
32.97635269165039
25.928447723388672
15.421310424804688
8.578910827636719
8.74901294708252
9.757914543151855
113.79602813720703
11.806511878967285
41.41726303100586
3.38993501663208
28.21334457397461
142.4247589111328
6.18215274810791
73.84675598144531
112.1266098022461
106.73136901855469
7.090812683105469
46.60627746582031
30.641674041748047
46.46820831298828
8.016984939575195
17.24847984313965
36.14036178588867
6.898458957672119
208.19760131835938
94.6778564453125
148.05377197265625
19.22083854675293
7.121484279632568
15.183494567871094
27.05858039855957
87.2423095703125
8.768275260925293
50.31142044067383
45.70133590698242
2.922739028930664
40.28602600097656
46.86575698852539
3.4528615474700928
1.9141241312026978
35.163883209228516
56.407432556152344
3.019562005996704
26.92714500427246
5.190017223358154
8.940237998962402
15.66458797454834
39.618106842041016
1.997166633605957
8.542316436767578
38.950523376464844
4.898839473724365
68.71825408935547
32.27108383178711
6.415603160858154
35.544681549072266
10.305341720581055
106.60919189453125
65.5030517578125
25.863569259643555
20.823261260986328
6.513252258300781
36.637977600097656
28.210695266723633
39.653480529785156
2.8215343952178955
38.39025115966797
69.8082504272461
22.10753631591797
14.217923164367676
78.78276824951172
4.474170207977295
30.733823776245117
24.905858993530273
7.3936686515808105
18.980121612548828
68.44355010986328
67.30194091796875
54.71677017211914
10.959105491638184
4.205653667449951
7.965506553649902
12.995911598205566
3.3794877529144287
5.361466884613037
95.64644622802734
33.661094665527344
11.100499153137207
2.699319839477539
18.20625877380371
25.272422790527344
137.83621215820312
7.065688133239746
14.541547775268555
43.32588195800781
80.28280639648438
17.574445724487305
12.134154319763184
14.203402519226074
11.360342025756836
10.416391372680664
61.88671875
2.8386104106903076
5.289585590362549
28.57774543762207
34.31113052368164
11.591361045837402
68.32081604003906
84.4778060913086
5.985931873321533
5.114069938659668
29.356443405151367
26.06165885925293
7.55305290222168
63.78200149536133
19.45054054260254
119.76774597167969
41.431419372558594
45.53797912597656
152.74624633789062
24.328147888183594
4.9657440185546875
10.675711631774902
15.098767280578613
14.02629566192627
59.422943115234375
37.332176208496094
9.791449546813965
5.632658958435059
5.201559543609619
49.233646392822266
72.8154296875
64.94986724853516
5.946738243103027
19.467226028442383
84.87730407714844
35.98662185668945
5.200439453125
14.730670928955078
111.78295135498047
2.336620807647705
3.2514121532440186
18.547555923461914
107.37211608886719
9.718762397766113
30.628976821899414
5.925906181335449
18.880590438842773
12.14008617401123
16.370250701904297
53.35322570800781
11.978557586669922
34.78318405151367
45.086299896240234
114.70203399658203
71.781982421875
130.83181762695312
11.248443603515625
33.574527740478516
56.61229705810547
27.724288940429688
48.587520599365234
26.862266540527344
23.586688995361328
84.32587432861328
12.425774574279785
88.36760711669922
103.59423065185547
13.335283279418945
8.477044105529785
5.923970699310303
4.4030046463012695
3.572221279144287
122.56249237060547
33.402767181396484
15.620561599731445
72.79197692871094
20.020044326782227
7.768798351287842
26.91265106201172
17.01105308532715
68.26034545898438
21.006755828857422
47.25902557373047
60.45193862915039
15.909046173095703
23.374135971069336
313.0475158691406
175.47979736328125
67.42654418945312
9.821697235107422
9.688690185546875
51.58759307861328
3.4138898849487305
2.6053354740142822
107.90308380126953
24.155349731445312
25.70843505859375
21.465057373046875
6.819453239440918
32.814632415771484
122.34164428710938
15.901756286621094
8.294431686401367
42.76788330078125
26.457738876342773
9.046834945678711
3.1420419216156006
73.74658966064453
17.557147979736328
18.63123321533203
35.908992767333984
45.51151657104492
4.393707752227783
45.259944915771484
13.374165534973145
5.825042247772217
7.2002716064453125
269.6997375488281
51.42681121826172
9.694293022155762
27.64902114868164
28.382904052734375
5.7776594161987305
175.58724975585938
8.924007415771484
21.986501693725586
18.837085723876953
5.035726070404053
10.762730598449707
168.2642822265625
13.54778003692627
40.07685089111328
96.37190246582031
4.990353584289551
19.54001235961914
13.40553092956543
23.982986450195312
10.819147109985352
248.7553253173828
67.58778381347656
49.82781219482422
11.786187171936035
60.48302459716797
99.0705795288086
20.18021583557129
67.46238708496094
78.74403381347656
8.748403549194336
25.945417404174805
109.79458618164062
29.875587463378906
6.9720635414123535
50.47176742553711
28.180004119873047
29.6660099029541
45.47891616821289
57.091365814208984
10.360543251037598
127.72002410888672
14.72707462310791
4.360128402709961
21.68893814086914
158.0977783203125
14.653515815734863
5.340531826019287
27.673564910888672
75.32984924316406
20.264930725097656
23.428390502929688
78.26192474365234
5.885791301727295
22.49327850341797
2.7959866523742676
7.7797441482543945
15.340641975402832
12.741823196411133
14.49130916595459
13.35863971710205
74.5360107421875
40.08808135986328
13.501851081848145
19.344846725463867
122.71302032470703
24.69277000427246
54.209754943847656
43.903873443603516
10.795211791992188
165.1040496826172
49.690555572509766
32.62984848022461
87.5851821899414
22.036785125732422
8.152239799499512
54.86823272705078
76.31422424316406
2.2879703044891357
20.592382431030273
34.054771423339844
20.657705307006836
92.2042236328125
113.71009826660156
53.82030487060547
45.343299865722656
1.9894896745681763
17.79344367980957
15.805041313171387
8.304476737976074
20.73443603515625
39.3790397644043
42.13483428955078
19.510297775268555
14.842569351196289
17.156705856323242
19.35823631286621
110.1773452758789
9.447876930236816
6.844627380371094
14.341401100158691
89.23432922363281
35.445098876953125
14.982314109802246
6.756445407867432
201.33184814453125
28.585702896118164
56.25482177734375
12.885908126831055
32.54896545410156
2.8027713298797607
15.270612716674805
20.918970108032227
4.865142345428467
41.59060287475586
4.257471084594727
1.917811632156372
7.595558166503906
104.27962493896484
36.98246765136719
17.3687801361084
2.0833261013031006
36.792266845703125
99.07256317138672
18.32145881652832
62.750518798828125
13.387868881225586
28.458454132080078
17.92437171936035
4.426620006561279
6.635979652404785
17.40924835205078
4.613484859466553
26.79391098022461
47.5790901184082
5.002921104431152
30.639774322509766
23.947917938232422
14.182683944702148
104.7248764038086
24.322622299194336
43.3095703125
54.87335205078125
10.507344245910645
4.068888187408447
15.440923690795898
21.168617248535156
4.898308277130127
10.467421531677246
22.149524688720703
119.1935806274414
8.85390853881836
130.19480895996094
7.118824005126953
25.446937561035156
19.197874069213867
89.50392150878906
7.785076141357422
63.036354064941406
9.818659782409668
11.496504783630371
36.317386627197266
17.8096866607666
29.02042579650879
14.232337951660156
32.05439376831055
15.793807983398438
62.429420471191406
17.88614273071289
226.92507934570312
6.953507900238037
10.640033721923828
36.25972366333008
50.57359313964844
26.34943389892578
5.278937339782715
16.043804168701172
17.779035568237305
19.225425720214844
61.716243743896484
18.952117919921875
31.583728790283203
96.6903305053711
33.6369743347168
8.930633544921875
64.02021026611328
4.809882640838623
14.085331916809082
3.600370407104492
32.94283676147461
51.826438903808594
75.47735595703125
74.78872680664062
15.196259498596191
4.333377838134766
9.86784553527832
25.791950225830078
92.28459930419922
56.41029739379883
51.2731819152832
26.196264266967773
34.48562240600586
6.746032238006592
2.48667049407959
27.392982482910156
58.04597473144531
2.0059053897857666
90.27143096923828
4.429677486419678
48.89067459106445
25.86308479309082
41.19679641723633
11.7314453125
66.01683044433594
81.9974365234375
27.08112907409668
15.148818016052246
4.674570560455322
29.123445510864258
14.97995376586914
4.9576897621154785
68.22315979003906
136.21755981445312
29.12065315246582
21.20860481262207
3.110776901245117
70.9729232788086
41.98930358886719
23.620302200317383
86.76736450195312
79.26026153564453
10.500320434570312
10.15476131439209
15.222611427307129
10.036172866821289
11.614562034606934
69.1217041015625
24.045534133911133
67.7162094116211
2.731642484664917
17.28648567199707
4.801798343658447
7.370820045471191
45.22517776489258
39.07249450683594
3.0895330905914307
3.7806236743927
21.90406608581543
2.9840340614318848
5.044927597045898
17.36516761779785
25.89471435546875
26.91840934753418
19.489526748657227
49.18153381347656
41.84779357910156
33.951107025146484
32.654293060302734
17.364171981811523
126.36932373046875
9.996321678161621
8.712502479553223
44.5909538269043
43.155704498291016
18.854246139526367
6.047690391540527
48.49374008178711
12.205183029174805
16.427677154541016
2.7416586875915527
8.426359176635742
68.73146057128906
103.29593658447266
170.576904296875
50.527565002441406
3.5012905597686768
31.11610221862793
3.6359856128692627
4.8671722412109375
12.516319274902344
41.7549934387207
4.830705165863037
38.49410629272461
79.11019897460938
1.6086704730987549
16.4205265045166
66.51712799072266
22.228525161743164
25.102237701416016
10.096095085144043
13.137775421142578
31.520963668823242
107.95220184326172
40.6293830871582
9.80869197845459
91.11843872070312
20.47966766357422
14.861143112182617
161.12405395507812
16.346166610717773
79.1114273071289
46.832881927490234
6.848993301391602
45.654701232910156
22.676467895507812
7.132624626159668
47.69945526123047
13.07772159576416
44.69276428222656
27.615835189819336
17.73521614074707
39.638755798339844
