14603.236591996296
14002.910517133521
12803.609608101062
14549.863598004564
13826.55020960034
12329.55020960034
14052.745519376
12995.170283487472
16607.014501796064
14159.05020960034
14256.756220809733
12925.024135560836
15219.612270471154
14676.128573484219
13655.236591996296
13032.542525776145
14352.401972193937
14714.4042148729
15017.434395024306
13447.918624748418
12910.040747776
12931.05020960034
15272.628573484219
13834.91843798383
14343.05020960034
13671.41843798383
15040.822739166028
12413.05020960034
12081.15855611283
13988.697706671883
15735.542334969507
13629.55020960034
13308.55020960034
14405.05020960034
14504.610310554694
13395.110327856919
13262.285933072813
15514.540747776
14195.596758501777
15169.514501796066
14301.519522621551
13777.076554183874
12725.514501796066
14772.922845329247
15746.55020960034
14461.724233437362
14120.842899720055
14201.65855611283
15827.199027266057
15243.543751830168
14649.05020960034
13983.056683887142
14041.54957702013
16908.05020960034
12927.06048907607
14469.112270471154
12959.05020960034
14619.628573484219
15082.236591996296
14163.55020960034
12849.91843798383
15253.610327856919
13473.05020960034
13698.128573484219
15908.05020960034
12560.55020960034
12729.827439882612
15980.540747776
14078.576377921545
12447.55020960034
13078.112270471154
11350.513977361832
17627.05020960034
12923.112270471154
12387.05020960034
13044.278722753714
15746.55020960034
13108.632263047519
15534.526477795755
13925.127870162523
13052.55020960034
14013.05020960034
14710.55020960034
13117.567461324206
12146.236591996296
15241.334341399126
13451.855283191571
13190.535098931936
12377.110327856919
17460.55020960034
15975.500274851614
15362.628573484219
12454.110327856919
12526.610327856919
14913.236591996296
15279.087050114718
14024.128573484219
12288.128573484219
12698.55020960034
13416.535183234366
14812.297030976732
13999.110327856919
16688.05020960034
13182.110327856919
13542.88534884203
13545.040747776
13636.049672655841
14615.610327856919
14192.05020960034
13737.736591996296
14491.05020960034
15157.41843798383
15196.01668108066
16010.55020960034
12012.05020960034
14867.524135560836
12735.236989967085
12932.05020960034
13189.601436778743
14563.55020960034
15436.05020960034
13922.736591996296
15949.83594864505
13580.05020960034
13487.241433763595
14700.112270471154
15471.05020960034
13366.697706671883
14634.043751830168
13121.628573484219
14192.628573484219
13170.628573484219
12515.736591996296
13784.834341399126
13534.561648390665
16216.920469982122
13645.110327856919
14178.05020960034
14975.014501796066
13967.236989967085
14489.128573484219
11362.609608101062
15753.55020960034
14777.433360864243
14186.128573484219
13986.610327856919
14632.128573484219
12163.55020960034
13125.04074777599
13716.236591996296
13564.05020960034
14461.91843798383
15708.55020960034
13909.094917530048
13029.05020960034
12145.692914264202
13968.441826761864
17470.540747775987
14370.402537560727
14865.110327856919
16282.05020960034
12567.181063256674
14630.112270471154
14339.543711246472
14956.55020960034
16103.401972193937
14725.628573484219
14618.55020960034
13656.88534884203
14400.55020960034
18545.05020960034
14338.110327856919
14240.181749435525
14657.12455583873
13142.612274047011
14664.628573484219
13605.036143391198
13321.736591996296
14881.55020960034
12256.876714571632
13259.140035287883
13847.123686437602
15502.110327856919
13054.55020960034
14177.036143391198
12357.19703756988
14190.54957702013
14030.736591996296
16061.236591996296
15474.194804703668
13420.05020960034
12774.706978091685
19667.05020960034
14995.236591996296
13561.91843798383
16482.228602278177
12816.462738648757
12002.610327856919
15333.834341399126
17313.206689504812
12607.40635222873
14960.41843798383
12967.633774272204
14507.128573484219
13462.128573484219
14164.610327856919
15121.752616025786
14261.41843798383
14644.697706671883
15990.112270471154
14562.610327856919
14297.128573484219
16181.41843798383
13868.000832428273
16780.170283487467
14682.41843798383
12417.490657018061
15166.245519376
14901.88534884203
14185.05020960034
13653.736591996296
13639.91843798383
14826.05020960034
15080.185878117
14352.537042330385
13454.55020960034
14751.736989967085
14660.110327856919
14516.112270471154
14069.612274047011
13340.05020960034
12724.939110123752
12788.005984888508
12595.236591996296
16879.35140163983
15515.236989967085
14149.55020960034
15413.05020960034
17638.55020960034
15758.891267528159
14815.736591996296
14920.093737209314
14442.547320580301
13526.05020960034
14779.736591996296
14531.41843798383
15709.05020960034
14035.736591996296
16033.56285809425
14946.640035287883
13767.059266850716
14023.38534884203
12067.110327856919
14445.05020960034
15434.55020960034
14736.91843798383
17151.112270471145
13310.402537560727
16171.848410512923
13408.834341399126
13599.003960883947
12601.839252936144
13794.051140585998
14707.05020960034
13784.55020960034
13597.60960810023
14184.411920580615
14222.91843798383
13587.032699435977
14700.05020960034
13562.06713032431
14498.128573484219
12485.55020960034
15234.05020960034
14988.05020960034
13115.006378687345
14859.736989967085
14743.040747776
13689.25447629466
14909.55020960034
13691.610327856919
17351.55020960034
16124.110327856919
13050.628573484219
13681.05020960034
14403.661744264049
14668.24128146825
12856.941826761864
12990.204664052648
14691.55020960034
14535.182774256387
17864.110327856917
14664.128573484219
14905.112270471154
13924.55020960034
13482.059577144179
14579.527289131727
15936.05020960034
13606.41843798383
14672.427803420132
13120.128573484219
14024.05020960034
12747.12041099722
14138.185878117
13832.55020960034
12205.503812609479
14435.05020960034
13755.55020960034
13977.007174971654
17245.00622743956
15161.05020960034
12917.628573484219
14548.55020960034
13638.55020960034
16201.543751830168
15209.983946532182
12455.543751830168
11514.88534884203
15303.206689504816
11610.610327856919
15352.002613504763
14510.55020960034
15232.628573484219
14411.55020960034
14469.112274047011
13785.55020960034
12928.110327856919
12927.128573484219
13043.594801802688
13222.017708225158
12675.05020960034
13898.008388017488
12149.128573484219
15582.401972193937
13252.610327856919
11720.236591996296
14967.55020960034
13717.524135560836
13301.140035287883
14886.236591996296
12870.27541909296
12940.27454168052
13081.161959784004
13429.242091098396
14973.97249035252
15017.128573484219
16404.170351890087
13462.123686437602
13670.628573484219
13733.610327856919
15428.91843798383
14558.628573484219
13106.670283487472
14112.670283487472
14076.042334969507
14337.55020960034
17573.799496187363
14819.692343560773
12633.109608101062
14238.614344133739
15085.699027266057
14002.736591996296
13319.043711246472
16376.552750040231
13680.55020960034
11897.05020960034
15103.610327856919
12781.610327856919
15364.55020960034
13703.612270471154
17665.41843798383
15153.112274047011
13511.610327856919
13190.027287856761
12326.036852973031
13737.05020960034
13812.524135560836
13673.543751830168
14306.05020960034
13277.114184196573
13693.236591996289
12175.828225813364
14962.610327856919
16281.128573484219
12297.110327856919
13868.55020960034
13374.745076832696
14451.05020960034
12445.55020960034
13205.628573484219
13441.05020960034
14666.042334969507
17469.55020960034
14726.610327856919
14022.118721355302
14006.968741964842
14521.55020960034
16005.236591996296
13496.427803420132
14908.55020960034
15760.610327856919
15405.401972193937
15030.55020960034
14976.619081802302
13581.834341399126
13491.05020960034
13204.610327856919
12344.764121937971
15695.550956497818
15208.628573484219
12925.160419875943
14352.08452981993
15236.941826761864
15356.110327856919
13534.787126666628
12545.524135560836
13695.042334969507
14525.05020960034
13616.56048907607
17425.55020960034
14932.55020960034
13595.55020960034
15138.927803420132
13804.5452040292
15695.55020960034
14180.70823759319
15089.42092736497
15731.069761656798
12052.05020960034
12827.206689504816
16042.012141272415
15064.05020960034
12941.685878117
14535.612270471154
12967.736591996296
13821.411920580615
14199.441826761864
15350.05020960034
14324.236591996296
14914.91843798383
13387.119050653837
14588.195869010528
12183.754322063598
16138.55020960034
15639.41843798383
13279.05020960034
12412.748546065402
14911.35133744956
12961.736591996296
13084.110327856919
17266.55020960034
12490.748546065402
14508.610327856919
13221.860339594612
14675.736591996296
11737.106638232051
18047.00598489129
14664.55020960034
13428.42092736497
13869.902354124863
14255.10000669842
14669.540779156825
13711.736591996296
15220.91843798383
13619.016965173983
11099.128573484219
14318.542343354637
15537.711813448135
13533.91843798383
14015.110327856919
13544.52907413761
15063.736591996296
14943.33594864505
16577.55020960034
13359.20299094517
14915.41843798383
11671.560421916078
12982.236591996296
15590.128573484219
13437.110327856919
15135.55020960034
15343.55020960034
12752.05020960034
12728.123686437602
15666.91843798383
13477.236989967085
13655.612274047011
13165.128573484219
14982.05020960034
14206.504710812844
14426.05020960034
15827.05020960034
15429.07395436239
13812.128573484219
14721.38534884203
15263.55020960034
12919.043751830168
13331.736591996296
11729.524135560836
14303.524135560836
11229.338054368842
14241.55020960034
13127.110327856919
14313.110327856919
13577.849937819858
14660.527256408603
14597.901972193937
15277.736591996296
17155.41843798383
16391.41843798383
12902.612274047011
13785.421173169814
13411.91843798383
13339.612270471154
14169.55020960034
15035.128573484219
12827.863598004564
15882.610327856919
14470.91843798383
13274.41843798383
12747.55020960034
16127.85133744956
15011.052750040231
17328.736591996287
14876.05020960034
14213.758666464983
13852.236591996296
13614.612270471154
12441.55020960034
14435.76236872134
14437.110327856919
14243.628573484219
13009.612270471154
13906.043711256727
15163.110327856919
12519.042334969507
13983.425120489273
14289.05020960034
19388.901972193933
13854.694804703668
14088.55020960034
16213.55020960034
14529.05020960034
12786.706689504816
12867.05020960034
15239.41843798383
13313.105382226888
14007.736591996296
12691.05020960034
14411.736591996296
13680.55020960034
14355.901972193937
13223.941826761864
14419.05020960034
13145.670283487472
17369.798112355642
14471.91843798383
13811.610327856919
12305.161959784004
13552.736591996296
15090.128573484219
15469.236591996296
16439.128573484217
15024.334341399126
15141.941826761864
19309.086505102543
16052.05020960034
13015.524135560836
14627.880029823142
12758.156135232059
15632.41843798383
15031.566207239599
13358.628573484219
14160.077516594216
16403.736591996298
13031.505772071228
13177.736989967085
16722.05020960034
13053.91843798383
12484.610327856919
14128.000832428273
13225.524135560836
13618.128573484219
14228.628573484219
13130.91843798383
15338.68445894519
14279.927803420132
16602.85227739262
12702.05957640474
14651.014501796066
15069.69788142702
15019.612274047011
16061.401972193937
13129.691864183858
13426.127378002344
14498.628573484219
12043.05020960034
14005.200169130556
13352.172721989204
13749.83594864505
13998.112270471154
13151.595379910525
12802.05020960034
14995.206594567859
15011.264929055536
12594.05020960034
12833.925851799413
14972.61464945084
15420.70299094517
14687.41843798383
14884.55020960034
14126.582611909907
14111.123686437602
13089.236591996296
15430.55020960034
13270.09940571452
14014.086505102543
13504.789914474894
13526.05020960034
12605.05020960034
15086.05020960034
14441.941826761864
13019.55827268458
13566.99394273928
14786.441826761864
15092.527256408603
13440.687149255422
16160.612270471154
13788.628573484219
14629.55020960034
12793.236989967085
13666.751478183898
15160.736989967085
13125.55020960034
13027.91843798383
17198.55020960034
12991.802057787738
16790.05020960034
16541.55020960034
14733.05020960034
12764.05020960034
12996.059671203728
12736.610327856919
13359.2618801245
14528.55020960034
14529.664274963752
12630.612810434453
12313.598233551054
13892.91843798383
13209.700738537482
14242.55020960034
18315.937671965676
16504.697706671883
14449.463354725338
13868.334341399126
13577.867415057204
12753.292523040041
15162.612270471154
13347.91843798383
12425.10960810023
14209.41843798383
13609.55020960034
14708.037042330385
15668.628573484219
13238.110327856919
17918.197706671854
15954.834341399126
13833.905091065895
17181.685878116994
13609.888984068362
13606.736989967085
13419.05020960034
15959.832748926858
13109.54957702013
14581.112270471154
14547.54074777599
15428.925125022812
14004.05020960034
13677.109608101062
14693.542334969507
13525.55020960034
14279.55020960034
15055.697706671883
16024.840279394648
12120.93072905988
14444.610327856919
12119.685878117
14817.612270471154
13520.556106165195
16480.040747776
13435.524135560836
16946.05020960034
15128.245912695305
12830.422657042856
14813.301694226204
12784.834341399126
14799.859067178673
13521.38534884203
13738.736989967085
15014.601928533202
14737.55020960034
14406.236591996296
15383.540747776
13979.112270471154
15229.05020960034
14626.55020960034
13107.236989967085
15326.55020960034
13253.597951811944
13380.354965142933
13435.440948899588
14760.128573484219
13537.901972193937
12816.55020960034
13705.024135560836
14902.55020960034
14766.91843798383
15258.495035882068
15152.612270471154
12889.55020960034
15911.05020960034
12197.114203905418
13737.094801802688
12490.879439573173
14003.552302350565
14310.736591996296
13436.786288452939
13633.074465489008
12191.065037751254
13622.857278403097
13967.55020960034
13542.741753824343
14005.05020960034
14319.486314663181
13928.429750394005
14916.55020960034
15245.236591996296
13426.012292551373
14469.185878117
14124.41843798383
13064.610327856919
13859.524830212134
11896.05020960034
14475.612274047011
13612.128573484219
15823.04957702013
16597.64003528788
13942.05020960034
11934.55020960034
14442.05020960034
13106.640035287883
11841.524135560836
15049.348410512923
11715.54914382215
14135.41843798383
15350.236591996296
14814.736591996296
13689.05020960034
16036.55020960034
13793.610327856919
13073.91843798383
12143.067130325357
14622.128573484219
13271.60960810023
14375.19788142702
15350.706689504816
14500.236591996296
13824.91843798383
15022.05020960034
14067.628573484219
16647.451241250124
11487.02269022988
13340.236989967085
14100.55020960034
13957.236591996296
13690.52907413761
15170.610327856919
13351.05020960034
14256.91843798383
14231.55020960034
14215.205257188982
14794.110327856919
14950.112270471154
18899.128573484217
15253.610327856919
15939.206689504816
14015.05020960034
12667.524135560836
14628.008388017488
14331.05020960034
16032.05020960034
18751.161437570103
17196.128573484217
16356.110327856919
16013.194804703668
13350.074770605092
13319.05020960034
14832.628573484219
14474.88534884203
13680.39953760148
14168.10650066736
14923.736591996296
12437.612270471154
13820.610327856919
15810.236591996296
13890.110327856919
13700.185878117
14162.024135560836
13760.685878117
13498.55020960034
14262.073357339264
14020.018908475886
14209.94280507439
12085.128573484219
14469.55020960034
13143.610327856919
14611.41843798383
11738.05020960034
14840.834341399126
14304.542334969507
13955.358576286906
14418.236591996296
14977.85133744956
13265.236591996296
13627.110327856919
13766.070126452028
13118.726422052385
16263.05020960034
15154.05020960034
17552.55020960034
14467.628573484219
13772.144829562847
15590.058436058194
12835.658557760546
14451.55020960034
15670.41843798383
14233.704788819741
14501.087142156575
15828.55020960034
12070.024135560836
14381.55020960034
13374.778557419142
12651.050691194105
13865.110327856919
16596.41843798383
17573.128573484217
12423.110327856919
14123.128573484219
14121.042334969507
14429.689641059613
15457.05020960034
13088.620073060678
14075.334341399126
17044.55020960034
12825.610327856919
16235.202616030014
13503.986314663181
14571.91843798383
14728.153902386252
14710.612270471154
12516.242081541644
13887.55020960034
14198.427803420132
15392.612274047011
14590.33594864505
15328.834341399126
14832.55020960034
14516.01790807844
14926.55020960034
13214.05020960034
17287.55020960034
14481.05020960034
14168.736989967085
13819.55020960034
12798.05020960034
15348.542334969507
14946.041275142146
13614.91843798383
13285.236591996289
12752.040101393444
13747.236591996296
13380.250482774622
12602.55020960034
14266.612270471154
16684.05020960034
16181.55020960034
12166.757813865948
13303.65855611283
17934.55020960034
13481.91843798383
12898.024830212134
12535.05020960034
14135.610327856919
11674.681932862864
15025.834341399126
14321.55020960034
12083.524135560836
14935.038167383807
14984.610327856919
13995.658557760546
13052.025212011327
16223.112274047011
16394.54375183017
14913.05020960034
14053.110327856919
16609.941640991958
13160.013413555505
13992.55020960034
13969.925103014484
12911.110327856919
12957.391267528159
12900.524135560836
14383.55020960034
13993.540747776
13879.077508191931
14268.41843798383
16544.112274047013
15137.601038613418
14953.91843798383
12411.628573484219
13264.421173169814
15417.07012645202
14551.670283487472
13000.05020960034
13220.499958340099
12457.024135560836
14024.536227332319
17229.44193685477
14104.41843798383
13821.27454168052
13145.628573484219
14492.55020960034
13175.524135560836
16673.55020960034
12279.110327856919
15177.848410512923
13028.110327856919
15147.185878117
15145.05020960034
14399.128573484219
14994.55020960034
15232.612270471154
15873.55020960034
13825.128573484219
13429.236989967085
17090.55020960034
13758.920469982122
12939.372048116034
13941.610327856919
12773.501006227805
15142.610327856919
12499.248546068206
13416.05020960034
12289.334341399126
11998.088531102889
14763.360339594601
15287.05020960034
12477.91843798383
15324.110327856919
14159.154268328717
12628.30328381102
16930.610327856917
16301.55020960034
13393.236591996296
15249.05020960034
14920.505027989764
13927.91843798383
12544.83606007336
13524.509799482783
13432.434757006546
14558.05020960034
14984.610327856919
14125.185878117
11938.126003573585
13354.28221514356
12415.610327856919
14528.112270471154
13950.505984888508
15574.05020960034
13088.784787579283
14176.55020960034
14088.236591996296
13290.628573484219
18764.10960810106
15470.543753505728
14938.110327856919
16967.24591269531
14501.197706671883
15035.55020960034
13560.613037346411
15434.05020960034
16123.064762924208
12834.610327856919
15091.628573484219
16263.441826761864
12911.05020960034
13601.640035287883
11947.736591996296
16662.55020960034
13367.05020960034
12387.786353517282
13653.00723861315
14930.695869010528
13283.941826761864
13481.916370335666
13459.55020960034
13802.934386833545
13436.633640749216
13500.55020960034
13742.55020960034
15069.55020960034
13787.128573484219
11774.346926901602
14633.05020960034
13611.55020960034
14923.05020960034
15529.55020960034
12735.308448347361
13930.723185951292
13331.05020960034
13917.128573484219
14855.236591996296
13679.897176044598
15569.042984020241
16153.55020960034
13067.736591996296
13910.610327856919
16022.628573484219
13641.333324879897
13597.628573484219
13138.79034115178
12882.05020960034
14146.925125022812
13309.000834424149
11934.571242448354
14507.110327856919
14156.185878117
16206.011473742024
12396.419496764607
14560.05020960034
14403.461758640184
12699.18878345035
15258.38534884203
15912.185878117
12978.226510071618
16693.360339594616
11342.754812940257
12587.603113094396
14570.91843798383
14437.610327856919
13187.628573484219
14128.170283487472
14515.610327856919
12620.628573484219
12775.236591996296
14443.128573484219
12579.112274047011
14942.05020960034
13919.434859507364
15662.85133744956
13010.941826761864
13796.855283191571
18220.05020960034
13842.05020960034
14705.83594864505
14344.123686437602
13972.381063108736
14315.736591996296
12299.763251919789
12689.524135560836
13346.236591996296
14563.05020960034
12223.858507972682
15553.05020960034
13430.128573484219
13856.05020960034
14450.860339594612
14449.55020960034
14177.41843798383
12327.55020960034
16044.112274047011
12422.05020960034
14130.05020960034
16711.114649450832
12578.441826761864
16654.736591996287
14643.29034115178
15107.55020960034
14917.05020960034
14485.628573484219
12678.112879882534
13018.197706671883
14716.736591996296
14521.628573484219
15834.05020960034
13473.875135470913
15334.891267528159
14134.105551863478
13952.74465194225
13819.05020960034
13614.514178331747
13621.236591996296
13698.628573484219
12254.917243517904
14259.30541971132
17538.05020960034
14118.55020960034
13360.170283487472
13418.236591996296
14403.628573484219
13450.05020960034
13781.024135560836
14888.05020960034
13841.550956497851
15268.55020960034
16062.628573484219
12064.50790362521
14413.427803420132
13867.236591996296
12646.110327856919
13742.79359118239
16211.91843798383
13578.610327856919
12526.91843798383
15210.610327856919
15554.05020960034
14647.542984020241
13290.606084644447
11354.05020960034
13457.170966869618
12634.542334969507
13690.024830212134
15604.524006848593
15005.05020960034
14713.128573484219
15661.541275142146
14028.55020960034
15657.55020960034
14199.628573484219
13459.697706671883
14615.524135560836
13150.610327856919
15740.55020960034
14048.610327856919
11959.859099563158
14347.628573484219
12353.55020960034
14382.05020960034
13069.097250713265
13921.55020960034
14206.91843798383
13014.012619434723
13792.727373912727
12796.332992966762
16152.176237211423
13602.55020960034
14973.236591996296
13203.55020960034
13970.360339594612
13802.610327856919
13210.35815153828
13889.110327856919
14622.91843798383
14206.113856250382
12578.649298623259
16261.685878117
14973.586505102543
14062.237168723485
14253.55020960034
11989.327458994836
15869.55020960034
16243.05020960034
14415.827361074103
14739.55020960034
11930.373767970003
13908.110327856919
13905.91843798383
13386.38534884203
15866.110327856919
15934.05020960034
17223.736591996287
14666.715175040155
14656.610327856919
14330.544114328031
16801.508276848585
13541.401972193937
14237.051142047185
15190.05020960034
13715.628573484219
13860.559204228965
13784.384637534444
16957.185878116994
15986.236591996296
15598.55020960034
14557.91843798383
14269.024135560836
12803.670283642034
14021.005984891297
13619.524135560836
14812.327324117832
14128.733048646489
17059.542334969483
11695.460077299815
13338.059280951158
14742.901972193937
14506.55020960034
15309.736591996296
14350.55020960034
17379.697706671854
13865.016965172796
14145.17499339054
14059.05020960034
14862.885348842026
14142.29694126632
12601.907968900952
13548.736591996296
13586.41843798383
14465.973271633531
12548.156288836299
15418.040747776
13979.628573484219
14103.628573484219
15492.55020960034
13700.05020960034
14568.736591996296
13328.05020960034
13202.181888361352
14906.941826761864
12681.206689504816
13995.91843798383
17394.736989967085
12810.55020960034
12419.927163290156
13033.55020960034
12996.540747776
13319.55020960034
12154.327458994836
13903.140033875783
15457.441826761864
13733.524135560836
13806.128573484219
13098.05020960034
13673.733048646489
14285.91843798383
16823.55020960034
15444.845457635922
15924.891267528159
14824.941826761864
14124.157592636406
14258.05020960034
11872.05020960034
13013.628573484219
14818.55020960034
13608.236591996296
16261.59635524854
13130.91843798383
13266.55020960034
13721.05020960034
14869.41843798383
15825.848410512923
14268.953712530809
16780.36033959461
15797.55020960034
12853.208243560814
15572.05020960034
13767.55020960034
14162.096698175183
15557.659080206116
13685.555699612436
14989.55020960034
14920.716889525678
13875.524135560836
16375.941826761864
13005.270656668908
14072.128573484219
12921.128573484219
15548.91843798383
13677.366058568956
16781.05020960034
14841.612270471154
14526.128573484219
12774.161959784004
13082.179137134002
13096.33594864505
16025.41843798383
12143.185878117
14160.023631602253
13420.537042330385
15250.91843798383
16247.441826761864
14292.178591656684
13245.97833966332
13849.559204228965
16772.41843798383
12944.776060879763
13838.55020960034
14986.834341399126
15954.197706671883
11685.76882290035
13248.05020960034
12315.236989967085
14831.55020960034
14304.112270471154
13669.701935550618
15583.05020960034
15262.96965814993
14234.628573484219
15887.05020960034
13643.612270471154
13253.610327856919
14358.55020960034
13120.748546068206
13777.110327856919
14652.55020960034
13758.110327856919
14595.236989967085
14281.610327856919
11535.547979610557
14072.195869010528
13523.505984891297
13756.55020960034
14624.699027266057
14219.901972193937
13906.902537560727
13070.140036900111
14153.236204195106
15572.736591996296
13881.891267528159
14996.540747776
13983.60076278826
14174.55020960034
15016.236989967085
12225.05020960034
13043.594801802688
13017.610327856919
14032.902354124863
14032.613300120556
12130.128573484219
13540.185878117
16788.05020960034
14378.55020960034
15471.612270471154
14030.024135560836
14242.334341399126
13850.736591996296
17281.842523252508
14572.55020960034
13599.55020960034
12663.200396752785
12965.05020960034
12887.524135560836
14458.236591996296
11667.610327856919
12160.140359148914
14666.05020960034
15248.05020960034
13447.41843798383
14693.54957702013
14019.55020960034
13710.043753505728
17539.41843798383
14218.410517133521
13521.441826761864
15185.860339594612
17466.610327856917
12540.141424485917
13503.628573484219
14236.110327856919
13669.05020960034
15748.736591996296
13540.612270471154
14953.55020960034
18497.44542215304
15906.685878117
14600.575770439842
13177.206689504816
15773.736591996296
16029.628573484219
15535.148376543937
14578.110327856919
14158.298903491768
13048.05020960034
13774.986317458553
14119.524135560836
17063.05020960034
14411.000832428273
13127.435044889027
17032.736591996287
14214.55020960034
15635.41843798383
13673.610327856919
14599.128573484219
12555.05020960034
14868.736591996296
13882.55020960034
12936.05020960034
13569.610327856919
14895.873767970003
13780.55020960034
14404.55020960034
13888.55020960034
14106.012619434723
14380.99809069348
13060.321856775337
12939.594801802688
12606.197370001615
13160.610327856919
14395.462687562282
14847.55020960034
13515.427843851525
14722.110327856919
13104.123686437602
13432.401972193937
14578.029072517615
14563.41843798383
14477.41843798383
16416.55020960034
13172.543751830168
13317.69770667186
13762.128573484219
12775.236591996296
13941.842523252551
13724.566373325382
16776.05020960034
14107.941826761864
13660.236591996296
12759.05020960034
13872.55020960034
13861.128573484219
16300.55020960034
12530.110327856919
13475.561323991822
15597.05020960034
12539.398779466856
15340.612270471154
12680.55020960034
11822.736591996296
13521.05020960034
13936.834341399126
13823.441826761864
12718.628573484219
14988.610327856919
13435.542334969507
15263.634225805477
15667.05020960034
13761.834341399126
13407.112270471154
14955.55020960034
13850.975777721987
12684.88551928672
14366.128573484219
15386.91843798383
14097.55020960034
13037.161959784004
12928.55020960034
16343.327324117832
15221.41843798383
11590.024135560836
15158.41843798383
14643.798903491768
12445.258666467244
14521.628573484219
15608.185878117
14111.015055071197
13155.334341399126
16036.891267528159
14792.292523040041
13653.628573484219
13686.508276848586
14945.052750040231
12676.255855041312
14203.610327856919
15876.55020960034
14443.110327856919
15308.05020960034
14480.236591996296
12887.236989967085
14249.112270471154
12783.524135560836
13454.128573484219
13810.112161451025
15138.391267528159
12779.652594243364
14584.295769318524
15085.934395024306
16087.128573484219
14674.360339594612
13727.65855611283
13740.171093263723
15109.736989967085
14838.612274047011
12752.204664052648
12544.628573484219
15641.610327856919
12911.54178424673
14446.610327856919
13241.55020960034
13015.830637787092
12176.384624011087
14800.706689504816
15926.420885577445
15483.028609392224
15449.55020960034
13349.902077455601
12690.55020960034
15598.41843798383
13775.334341399126
15223.128573484219
14218.736591996296
13490.334341399126
14420.046817250144
12775.100158332605
13999.566207239599
14145.08387583875
20038.05020960034
13988.05020960034
14964.628573484219
14234.185480835009
14510.55020960034
13848.55020960034
13130.486314663181
14094.628573484219
15477.334341399126
13576.024135560836
13707.628573484219
14141.91843798383
12997.441826761864
13884.236591996296
15724.042334969507
12676.05020960034
14805.610327856919
15360.55020960034
15101.885348842026
16598.112270471152
14356.927047151617
15414.610327856919
13934.236591996289
14958.473714561665
13323.610327856919
16136.47791488513
15144.236591996296
14937.401972193937
13538.164651586087
12898.140036900111
15316.55020960034
12337.441826761864
13630.250482774622
14980.715168311783
12911.110327856919
14851.128573484219
16376.05020960034
13947.860962626622
13235.736591996296
13671.524461836796
14180.05020960034
16515.411920580616
11509.55020960034
14131.003675494489
13577.642108673494
16686.586505102543
15371.540747776
13808.04759957625
15017.05020960034
13821.685878117
14334.05020960034
14948.610327856919
14950.506361149985
14669.570412670864
12886.128573484219
13212.052000023705
13411.05020960034
14982.05020960034
13579.944391266265
13188.610327856919
16416.56111446063
14645.685878117
14522.736989967085
12619.936556338369
12915.55020960034
16530.712901742576
12896.628573484219
12588.128573484219
14633.41843798383
13263.609608101062
11238.110327856919
13136.55020960034
14382.543711256727
12881.082731633476
13532.55020960034
14889.551078856714
14156.043751830168
16332.185878117
13821.109608101062
14036.736591996296
16224.05020960034
12971.093597080224
15349.55020960034
13218.697706671883
13990.276801949281
17612.55020960034
12901.612274047011
11903.675235923154
13747.258666467244
13832.201485792293
15389.612270471154
12985.05020960034
14627.146244107294
15686.55020960034
14038.110327856919
14954.468741964842
13354.612270471154
14285.77454168052
12804.110327856919
13445.41843798383
13860.960945964025
14626.236591996296
16118.112270471154
14019.110327856919
14372.941826761864
12310.120665500439
16040.05020960034
13802.128573484219
12915.733048646489
12577.20299094517
13983.595379909204
14521.901972193937
15484.55020960034
15955.852246887904
12371.623686437602
13222.714444779494
12442.110327856919
13444.55020960034
13987.05020960034
14869.610327856919
13693.05020960034
15778.612270471154
13774.441826761864
15898.040747776
16625.610327856917
13813.110327856919
13722.792523040041
11923.095379910525
12540.736989967085
14980.834341399126
17129.05020960034
13951.112274047011
13357.540747776
13014.99201171135
13687.55020960034
15247.05020960034
14240.612176403742
13554.610327856919
14541.12544732666
15130.028769779901
14416.112270471154
13793.110327856919
13041.012141272415
14497.110327856919
14743.112274047011
13504.722968287664
13089.067634310153
13282.236591996289
13394.076316879813
13872.05020960034
19115.185878116994
12983.05020960034
14302.50872895282
15036.05020960034
12903.128573484219
15134.128573484219
14766.610327856919
13616.55020960034
18071.453714870797
14970.736989967085
13356.623686437602
13977.05020960034
11701.652967683449
15040.55020960034
12268.186144525913
13388.41843798383
14605.697706671883
13397.522134547613
12629.01793537793
12996.55020960034
13958.55020960034
12807.109608101062
17147.112274047002
15210.197706671883
12865.236989967085
14550.05020960034
13660.41843798383
17002.21071821118
14231.331499639226
15881.05020960034
15779.55020960034
13749.05020960034
12097.05020960034
16049.15221802582
14679.360339594612
14482.55020960034
12863.218994212899
13421.623686437602
16546.2935911824
13816.352243215559
13792.628573484219
12056.628573484219
14585.55020960034
14153.064122104937
14239.334341399126
14040.920469982122
14224.110327856919
14540.05020960034
18512.110327856917
14915.628573484219
14693.110327856919
14208.473961619633
11143.656135232059
12709.402354124863
14564.086505102543
15409.543751830168
12612.612270471154
14320.55020960034
12971.628573484219
12612.285012596982
14168.610327856919
13969.053000986503
14234.042343354637
11612.05020960034
16496.040747776
17000.351337449552
14611.612274047011
15373.110327856919
12669.110327856919
13134.831499639226
14315.189371604967
11867.024135560836
14117.194804703668
16285.128573484219
12183.01793537793
12606.55020960034
13614.623686437602
12673.55020960034
13072.396271269801
14566.628573484219
14231.05020960034
12928.670283487472
12176.5477759153
12595.630067118782
12788.586505102543
13851.371061472202
14193.05020960034
15241.792376645866
12087.05020960034
14987.194804703668
14335.55020960034
15032.694804703668
14250.818770826429
14427.55020960034
12884.610327856919
14565.372048116034
17785.386790368608
14349.736591996296
13881.110327856919
15950.128573484219
13912.502613504763
15316.05020960034
14314.966842831327
13969.61333333626
14708.628573484219
13952.05020960034
13070.005984891297
15427.41843798383
15807.41843798383
13403.942464229336
13940.736591996296
12329.55020960034
13697.236591996296
13266.170283487472
13376.628573484219
12618.706689504816
13783.112270471154
15514.222573721921
13518.639714646946
14483.543751830168
15317.55020960034
13472.367280324679
15651.55020960034
13747.051140585998
16287.05020960034
16230.128573484219
14242.052750040231
15117.05020960034
14038.685878117
15325.33594864505
12941.313390850857
15241.628573484219
14094.589372729084
13625.755755220369
15462.55020960034
13867.194804703668
13360.612270471154
19109.128573484217
13695.513230244493
13420.05020960034
14927.05020960034
15943.55020960034
12153.610327856919
15488.55020960034
14789.348410512923
13988.360339594612
15095.112274047011
14770.59029036902
13804.636130035022
15391.628573484219
12719.05020960034
13518.55020960034
15884.05020960034
12552.577224112963
12641.567130325357
13078.128573484219
13093.112270471154
17009.55020960034
13986.91843798383
14920.05020960034
15798.468741964842
15010.334341399126
16423.170283487474
15366.612270471154
13569.360962626622
12021.640035287883
13766.05020960034
17216.543751830162
14570.040747776
13333.908726730193
13320.55020960034
13390.024830212134
13714.415375133898
13135.694720431198
12491.85922322026
15888.898046154785
17143.460971598597
12500.733938013202
13553.05020960034
13998.587358036018
14676.55020960034
14316.55020960034
13651.88534884203
13750.951241249248
12721.110327856919
15190.05020960034
13204.110327856919
15891.669236698322
14429.55020960034
17956.921667213726
13483.695351508366
13284.901972193937
12887.55020960034
14273.043751830168
16307.55020960034
13993.05020960034
14011.022630176394
14771.05020960034
13441.206689504816
12578.906344368495
14286.55020960034
13561.236591996296
14248.91843798383
14479.236591996296
14432.112274047011
15442.41843798383
14464.602365350374
13179.110327856919
13865.677370956239
13787.05020960034
15073.927803420132
13549.55020960034
14350.042334969507
11983.161959784004
14930.628573484219
12138.524135560836
13915.206689504816
14280.550956497851
14920.46712207357
14702.792427297956
12374.565346384312
15521.236591996296
14730.628573484219
13642.016802046852
13357.628573484219
14538.736591996296
15815.236591996296
12577.77131027229
13412.128573484219
14136.91843798383
16390.55020960034
15157.112270471154
14627.540747776
14497.204688405403
14727.550956497851
12661.55020960034
15208.612270471154
13831.55020960034
13364.368190638606
14009.628573484219
13420.05020960034
14319.05020960034
15900.55020960034
16362.55020960034
15220.141391405334
15052.91843798383
16798.55020960034
14363.35133744956
12456.486317458553
13794.541275142146
14116.128573484219
14646.925125022812
13222.609608101062
14730.014501796066
14140.110327856919
14389.05020960034
14281.55020960034
13339.05020960034
12655.05020960034
13890.55020960034
13223.789914474894
13303.236591996296
14819.401972193937
13516.941826761864
15289.334341399126
14859.55020960034
13140.110327856919
13664.05020960034
13739.040747776
13084.01820915509
12377.55020960034
15500.043751830168
15495.197706671883
13231.128573484219
15519.236591996296
15610.55020960034
12441.610327856919
12631.776060879763
14296.55020960034
13941.236591996296
13876.236591996296
13128.23029277055
14086.427803420132
12802.911920580615
15787.128573484219
13516.55020960034
14321.55020960034
13367.718038983357
12798.64160660354
14131.562497474453
16648.670283487467
13933.748546065402
16013.55020960034
13606.613667380074
15661.05020960034
14864.628573484219
13967.191142983536
14559.509650151036
14352.953714870942
14285.236591996296
13109.55020960034
15914.258652969356
15166.05020960034
16216.05020960034
14774.91843798383
12667.355283189005
14530.55020960034
16492.05020960034
15055.55020960034
14433.670283487472
13559.236591996296
14666.628573484219
14402.35133744956
14220.215168311783
13677.05020960034
13189.529850792145
14314.05020960034
13324.178226303713
13422.57787848485
13530.339890868383
13074.610327856919
14571.197706671883
14581.695869010528
12920.236591996296
13148.689680301308
14389.05020960034
15046.91843798383
13714.128573484219
14769.551142047185
14937.59432506566
12726.509863491709
15176.05020960034
14283.860339594612
14998.55020960034
14726.05020960034
15385.41843798383
14491.250482774622
16490.05020960034
12193.128573484219
12700.110327856919
13712.185878117
13940.61333333626
14289.040747776
14075.941826761864
12571.11442000141
14510.360339594612
14950.11333333626
15294.540747776
13009.594889819731
12905.610327856919
14718.122296510957
15008.61333333626
16308.821851606994
14386.55020960034
13732.05020960034
13811.040747776
16100.55020960034
13515.128573484219
15415.05020960034
14112.05020960034
13754.55020960034
13477.05020960034
15270.736591996296
14393.247494140296
17223.559204228884
11422.524135560836
12087.610327856919
14238.197706671883
18476.55020960034
14885.55020960034
13645.55020960034
15968.05020960034
13304.05020960034
14133.427803420132
15224.55020960034
13943.05020960034
12437.128573484219
17015.610327856917
13683.110327856919
14069.005984891297
15406.128573484219
13364.55020960034
14081.38534884203
14218.454175943538
16582.05020960034
12607.10960810023
13568.55020960034
13609.827458994836
14431.585988726158
15793.632263047519
13452.628573484219
15008.55020960034
15500.41843798383
16044.55020960034
13862.55020960034
13438.55020960034
16141.953712530809
15466.91843798383
16133.236989967085
12869.640035287883
16327.05020960034
14056.612270471154
14998.610327856919
13864.236591996296
14797.540747776
14358.628573484219
14593.05020960034
15140.05020960034
14056.043711246472
14978.110327856919
13704.043751830168
14339.38534884203
13972.55020960034
13668.029611495429
15567.642736215394
13705.55020960034
13738.524135560836
14530.736591996296
14278.628573484219
15869.401972193937
14096.236591996296
13514.55020960034
16484.17515621066
14675.042334969507
14326.05020960034
13563.128573484219
15708.736591996296
12755.110327856919
13905.123686437602
17206.628573484217
14537.112270471154
11742.110327856919
14067.524135560836
13276.110327856919
14197.628573484219
14189.508388017488
14614.05020960034
14266.442228738337
14403.10960810023
15492.736591996289
13772.05020960034
14384.252616025671
13593.524135560836
14655.112270471154
14480.05020960034
14193.145789861343
14429.187149255422
16029.55020960034
13348.005984891297
13669.872048116034
16570.55020960034
15785.128573484219
13354.236591996296
13151.076377922107
15214.55020960034
14067.540747776
13621.29359118239
18420.55020960034
13679.53672068832
12175.524135560836
14389.736989967085
12661.0495829171
14563.170351890087
16741.55020960034
13700.944403728896
16391.236989967085
14528.616795154892
11498.236989967085
14774.736989967085
15969.55020960034
12937.628573484219
14463.55020960034
13907.91843798383
14444.41843798383
12811.446151549639
15235.112270471154
13913.05020960034
15141.391267528159
13225.55020960034
14662.05020960034
13925.697706671883
14527.112270471154
16261.110327856919
12365.961622434554
13844.55020960034
14842.05020960034
15530.091976202084
11937.110327856919
13178.478933858418
16877.901972193933
13585.170283487472
16656.55020960034
16581.55020960034
13872.851456129032
13739.15855611283
13274.05020960034
12998.206689504816
16642.05020960034
12121.05020960034
12687.522871755382
15518.550956497851
13957.05020960034
16945.505984888514
16929.05020960034
13039.042334969507
14145.050956497851
13313.19788142702
18231.05633294092
15352.05020960034
12757.545363967907
14551.110327856919
14262.55020960034
13551.112270471154
16821.711980363867
13958.736989967085
14355.941826761864
13166.41843798383
14528.55020960034
15166.41843798383
15278.040764503583
13102.413595109465
16371.05020960034
14781.55020960034
13663.41843798383
16207.05020960034
14895.55020960034
14025.194804703668
15555.425125022812
15327.17909981835
14602.05020960034
13938.005984891297
17009.628573484217
14521.05020960034
14568.05020960034
15211.41843798383
15668.91843798383
16121.353428445129
13436.628573484219
14703.05020960034
14116.540747776
14422.610327856919
14649.55020960034
14360.91843798383
13688.042334969507
14710.55020960034
19232.236591996287
16333.41843798383
15854.91843798383
15449.612270471154
14336.609608101062
13586.236591996289
12664.128573484219
15844.29046934418
15922.610327856919
14840.41843798383
13768.236591996296
14370.05020960034
14154.91843798383
14145.812901615469
13325.55020960034
14261.55020960034
12733.01691534481
14298.05020960034
12945.693116773364
18594.236591996287
14297.037042330385
12769.934859507364
14780.206689504816
15167.236591996296
13695.966704774448
14288.628573484219
14915.236591996296
13273.002978973327
17045.18620085173
17155.901972193933
16030.736591996296
13498.252136039126
14064.170283487472
12991.05020960034
12994.604271843868
15409.05020960034
15526.542343354637
13144.05020960034
13605.91843798383
13154.576886678966
14670.645168892512
14175.986314664195
12606.05020960034
13246.37555333144
14376.110327856919
12044.21420339607
12070.827458994836
13891.110327856919
15080.901972193937
15863.941826761864
15690.05020960034
14673.041275142146
13962.102764513766
15593.55020960034
13315.610327856919
13410.642954337007
11948.55020960034
14207.540747776
11953.110327856919
12785.55020960034
14698.05020960034
13739.05020960034
12427.312883062074
17571.236591996287
14297.91843798383
13006.736591996296
15833.612270471154
15296.628573484219
14504.685878117
14800.91843798383
17897.3751354709
14551.941826761864
13033.05020960034
14025.540747776
12963.109608101062
15039.112274047011
16946.55020960034
13825.55020960034
14040.91843798383
16924.41843798383
13243.05020960034
17254.41843798383
18146.236591996287
16295.427803420132
13924.05020960034
14597.05020960034
13268.612274047011
13001.612270471154
13959.55020960034
14375.110327856919
15214.05020960034
14165.514501796066
14286.986317458553
14955.051140585998
15288.05020960034
13660.401972193937
14156.540747776
15062.110327856919
14199.736591996296
14771.05020960034
16134.920469982122
15746.110327856919
13589.152860777927
16341.110327856919
14291.05020960034
13933.41843798383
13219.561331167322
14577.441826761864
11880.55020960034
14210.128573484219
12267.33980687906
16393.55020960034
14164.55020960034
14518.628573484219
15278.236591996296
15584.55020960034
13218.05020960034
13329.128573484219
15338.55020960034
15722.612270471154
15366.185878117
17178.55020960034
15912.55020960034
13636.029560426909
15002.685878117
14090.05020960034
16124.38551928672
12152.043751830168
14296.55020960034
13639.610327856919
14907.736591996296
12364.05020960034
13097.031699276067
12557.02269022988
17285.542343354617
14449.736591996296
14718.610327856919
14019.016965173983
14113.05020960034
14443.05020960034
16979.05020960034
13471.005984891297
12568.128573484219
12205.551140585998
14749.91843798383
16152.391267528159
14518.704664052648
13962.05020960034
13392.19979334973
14060.91843798383
13777.55020960034
13414.55020960034
14358.236591996296
12730.110327856919
18491.05020960034
14552.628573484219
15261.685878117
11731.05020960034
13056.628573484219
12265.31288091857
13745.670283487472
15505.236989967085
19455.128573484217
14910.628573484219
15477.69788142702
12803.05020960034
13884.575700351164
14151.628573484219
14168.55020960034
13861.584869681295
13116.891267528159
12685.05020960034
14214.032389262054
13517.55020960034
14788.55020960034
14411.453712530809
13683.55020960034
14679.524135560836
11101.024135560836
15012.55020960034
12025.05020960034
14088.610327856919
16020.55020960034
13411.05020960034
16828.112270471145
13105.360339594612
13661.699027266057
12006.128573484219
13801.206689504816
16355.09863557102
13770.334341399126
14451.610327856919
13088.170283487472
14192.91843798383
14061.623686437602
14512.05020960034
11630.110327856919
15101.55020960034
12240.110327856919
13791.55020960034
13690.559204228965
15563.05020960034
15099.55020960034
13967.55020960034
15955.41843798383
13111.482087272989
14732.05020960034
13219.610327856919
13755.891267528159
13389.55020960034
13361.55020960034
19291.425120489268
14596.043751830168
14177.135527562657
13820.05020960034
14910.42480755101
15397.915375133898
12997.327458994836
13228.91843798383
14261.55020960034
14434.472635808508
15785.110327856919
14608.05020960034
13744.91843798383
14657.55020960034
16476.05020960034
15752.55020960034
14766.628573484219
16257.040747776
17757.128573484217
15250.685878117
15482.05020960034
14947.112270471154
15254.05020960034
16750.236591996287
14446.025383474294
15964.754486541988
13374.614234744002
12854.55020960034
11779.911920580615
12576.128573484219
15624.236591996296
15374.628573484219
16409.55020960034
14742.541647226986
12065.65855611283
14725.867600963536
14167.55020960034
15653.854766185119
15429.05020960034
13795.051140585998
13191.05020960034
13350.55020960034
12680.55020960034
16115.612270471154
13559.169334377388
12587.495325771135
17163.94182676186
15235.014501796066
15146.298903491768
14236.441826761864
13318.05020960034
14447.8425268262
13249.007989282605
13478.05020960034
15680.128573484219
12506.039630219288
13274.924197961856
15809.91843798383
14889.110327856919
14257.628573484219
15481.610327856919
14972.610327856919
12622.524135560836
12999.610327856919
14952.128573484219
13478.20449243711
12878.628573484219
15887.401972193937
13714.05020960034
14365.670283487472
15617.55020960034
14567.110327856919
12696.573575257114
14496.685878117
14243.55020960034
12903.312883061295
13711.128573484219
14243.334341399126
13448.197706671883
13677.110327856919
14078.613289163903
13883.55020960034
14991.05020960034
15478.901972193937
13337.128573484219
12917.425125022812
14411.261301084614
14767.60960810023
13170.524135560836
12708.05020960034
15819.380029823142
12627.685878117
16091.05020960034
11493.110327856919
13572.05020960034
14844.128573484219
14396.05020960034
12215.292384798355
13627.321618662434
14078.05020960034
15502.736591996296
13689.610327856919
13374.05020960034
13152.391267528159
13050.32216721816
13395.567130325357
13862.706689504816
13477.91843798383
14107.41843798383
20243.612270471145
12099.524135560836
17647.41843798383
13833.05020960034
15944.110327856919
15000.05020960034
15964.91843798383
12250.610327856919
12529.514501796066
14342.736591996296
15257.91843798383
14162.166571524782
13784.628573484219
13892.128573484219
14667.670283487472
14212.046870282998
12059.55020960034
13750.110327856919
16632.128573484217
12812.697706671883
14513.901972193937
14382.909911636427
14658.128573484219
13664.720785640404
14192.508276847453
12430.55020960034
15760.05020960034
16300.236591996296
12891.55020960034
14019.664651586087
16066.05020960034
13492.05020960034
13156.112270471154
12618.19014290021
13593.110327856919
11887.35119888102
13184.112270471154
15066.05020960034
13563.55020960034
12582.628573484219
12139.128573484219
12193.564829703924
13737.005984888508
13395.024135560836
13486.610327856919
13369.41843798383
13169.707370398766
14292.945422154382
13712.83594864505
11882.05020960034
12246.935624794618
13155.941826761864
15037.05020960034
13263.044114328031
14553.91843798383
12542.486314664195
13022.05020960034
14024.91843798383
13533.043751830168
13569.518393441123
13421.128573484219
14456.139917271708
15269.206689504816
12662.05020960034
15887.040747776
15751.05020960034
15171.112274047011
13933.55020960034
14777.652424656311
13667.05020960034
12954.128573484219
15639.05020960034
12818.736591996296
15314.697706671883
16798.55020960034
14609.65855611283
13781.41843798383
16569.236591996287
13399.05020960034
13863.363060493626
16708.128573484217
12546.076377921545
14489.005984888508
12886.112270471154
13599.196766626621
14273.236591996296
15398.110327856919
12975.128573484219
13951.425120489277
14272.550956497851
14930.128573484219
15568.91843798383
13014.594917530048
13971.736989967085
14389.05020960034
14771.612270471154
14350.425120489277
14492.60528712659
16898.901972193933
12032.758666464983
13721.402354124863
15568.05020960034
13648.681864803466
14203.767705500186
15590.182774256387
11910.736591996296
13082.236591996296
12440.128573484219
15330.41843798383
16642.236591996287
14789.55020960034
13159.85922322026
13810.612270471154
14106.681864803466
13281.736591996296
13670.55020960034
13672.837352424984
12254.941826761864
14919.685878117
13113.112270471154
13496.55020960034
15514.55020960034
14775.185878117
12975.769114839213
16200.55020960034
12895.05020960034
12591.097951813274
13360.043711256727
13951.85133744956
12905.248546068206
13174.406037565854
14177.55020960034
13834.121114012916
13536.41843798383
13424.381063108736
15539.697706671883
14774.706689504816
12253.628573484219
14647.586505102543
12761.05020960034
13500.063240675596
13299.236591996296
11761.110327856919
14731.55020960034
12614.748546068206
14817.55020960034
14929.05020960034
12183.55020960034
15805.610327856919
14666.91843798383
15299.05020960034
14965.298903491768
14862.128573484219
13733.55020960034
13907.941826761864
13788.736591996296
13555.112997473028
14251.925125022799
16741.05020960034
13064.236591996296
11959.640033875783
12827.176703943387
14393.534870502139
15216.222841508168
13809.334341399126
12998.05020960034
16547.736591996287
13364.59248316988
16265.05020960034
13611.005984888508
15175.610327856919
14928.628573484219
13706.55020960034
14538.839365135946
12308.067859946272
13707.05020960034
13242.91843798383
15850.41843798383
14281.05020960034
14197.252616025786
15807.110327856919
13602.610327856919
13718.110327856919
15611.628573484219
13969.41843798383
13318.834341399126
15132.236591996296
13766.760093004646
12978.57112136017
15566.628573484219
14073.258666464983
14223.519965217374
13076.55020960034
16447.110327856917
12766.929568102996
13949.80501540247
12448.132479809941
14182.128573484219
13346.050956497851
13194.519230119462
13110.524135560836
12182.110327856919
15381.55020960034
13081.024135560836
12510.610327856919
11958.628573484219
13449.110327856919
13273.736989967085
13797.110327856919
14880.110327856919
14482.736591996296
15595.05020960034
14330.91843798383
12648.736591996296
14378.026370533009
17187.112274047002
13193.610327856919
14568.334341399126
11960.110327856919
15116.084934890723
11941.000568096739
16149.628573484219
14497.25226113311
15306.55020960034
16642.05020960034
14522.736591996296
14787.05020960034
14224.55020960034
15066.605601552197
13489.350921682428
13193.834341399126
13209.110327856919
13002.248546068206
13749.628573484219
13506.950010952552
13778.200544081901
14147.55020960034
14246.610327856919
13443.610327856919
12654.185878117
13708.026176031164
14375.254799360302
13171.236591996289
13806.628573484219
14247.628573484219
12490.55020960034
15139.41843798383
14939.55020960034
13212.543711256727
14221.128573484219
13380.05020960034
13250.628573484219
13327.058872256493
11501.05020960034
14189.41843798383
14060.049150069875
12662.524135560836
12299.109608101062
12621.55020960034
12916.736591996296
12797.699027266057
15221.152477138046
14233.05020960034
13731.05020960034
12645.55020960034
13556.736591996296
14296.327458994836
15273.713590149962
14365.736591996296
12400.170283487472
13370.920469982122
16159.55020960034
12883.91843798383
16661.612270471152
14632.736989967085
15942.042334969507
12390.289914474894
15613.612270471154
12579.901972193937
12314.54642386763
12951.233048646489
15605.55020960034
11990.040747776
13728.743822573626
12704.05020960034
14845.55020960034
14392.05020960034
13851.941826761864
15250.55020960034
14894.128573484219
15836.55020960034
12665.170283487472
13050.609608101062
15261.05020960034
15090.540747776
14225.112270471154
13731.65855611283
14541.601781304867
14325.396712523596
14055.060474268455
13879.236591996296
13694.05020960034
12618.540747776
14516.523321787796
13816.05020960034
13928.660997807396
12568.334341399126
13800.91843798383
16120.593745009217
12272.109608101062
13793.41843798383
14992.402537560727
17952.30205778771
15867.628573484219
15762.55020960034
15563.612270471154
14902.05020960034
15886.55020960034
12666.05020960034
12783.05020960034
15701.612270471154
12269.127575264449
13398.612270471154
14061.185878117
14857.05020960034
13339.112270471154
13328.55020960034
14627.860339594612
13550.05020960034
14856.042334969507
14315.005984888508
16401.05020960034
13218.05020960034
13898.401972193937
15411.524135560836
11693.628573484219
12547.736989967085
12184.194804703668
15520.901972193937
13032.05020960034
13991.030909314322
14549.05020960034
14613.05020960034
13842.901972193937
13259.55020960034
15184.55020960034
16526.292523040043
16283.612270471154
13895.040747776
12046.75626062357
13398.609616856469
14994.05020960034
14683.55020960034
14208.55020960034
12553.05020960034
11608.089531105661
12883.05020960034
14263.524135560836
12008.79650426867
13658.530909314322
14532.670283487472
13813.236591996296
12423.941826761864
13514.551140585998
15830.55020960034
14599.55020960034
13839.05020960034
13768.112270471154
12803.441826761864
12571.635188582652
13863.941826761864
12693.211775840258
13814.55020960034
13431.128573484219
13625.941826761864
16064.05020960034
12984.110327856919
14231.41843798383
14091.051140585998
15903.05020960034
15192.05020960034
14766.91843798383
14521.55020960034
15149.05020960034
14886.252616025786
13915.628573484219
15082.191864183858
18293.524118350924
13851.496913513523
13907.206689504816
13978.921173169814
11475.36013034034
14588.752616025786
14460.941826761864
12986.05020960034
12571.91843798383
15712.88551928672
16018.41843798383
12275.698606164926
12685.094801802688
12992.524135560836
14314.736989967085
16902.41843798383
14488.109608101062
14244.736989967085
14972.41843798383
12466.524135560836
13627.629648091926
12945.941393928717
14123.128573484219
18361.401987075707
14583.112270471154
13215.094801802688
14462.05020960034
16823.128573484217
13712.197706671883
12354.123404773356
15100.541275142146
13832.55020960034
12186.503785614826
12795.610327856919
13754.05020960034
12838.917931345664
12228.128573484219
11941.05020960034
13950.334341399126
12162.675488507688
12845.354504858627
16096.206689504816
14091.043751830168
13780.834341399126
14619.541275142146
17197.55020960034
13544.128573484219
18397.40486232817
15597.736591996296
12979.05020960034
15104.610327856919
12809.05020960034
12168.15362096602
14238.79359118239
14367.55020960034
14326.901972193937
13090.505984891297
14049.206689504816
13710.55020960034
15329.55020960034
14295.706689504816
12607.736591996296
12203.07496848224
15269.628573484219
14779.901972193937
13385.736989967085
15350.670351890087
13403.610327856919
13214.096522069523
15116.685878117
13389.60960810023
13337.55020960034
13195.500834424149
15204.628573484219
12512.699027266057
13086.55020960034
15788.05020960034
15448.685878117
13748.05020960034
15932.41843798383
13209.695869010528
16027.55020960034
12496.472635808508
13198.30152668384
