687.558837890625
742.4127807617188
666.7683715820312
691.4268798828125
677.488037109375
652.876953125
658.0934448242188
673.2150268554688
635.876220703125
622.7235107421875
661.5021362304688
648.0267333984375
670.2675170898438
700.7239990234375
667.9022216796875
650.7659301757812
693.8049926757812
678.825927734375
635.1030883789062
682.3920288085938
717.1318359375
669.0845947265625
670.916015625
682.3214111328125
658.9595947265625
731.3456420898438
679.6370849609375
691.4752197265625
635.398681640625
684.3700561523438
596.8699951171875
633.8917846679688
697.8640747070312
711.9404296875
683.945556640625
699.3745727539062
669.702392578125
687.8936157226562
705.5232543945312
709.1812744140625
651.556396484375
630.93115234375
730.8582763671875
678.8197021484375
712.0880126953125
620.6748046875
661.794677734375
642.6447143554688
652.12158203125
660.7763671875
679.7500610351562
618.2576904296875
755.5975952148438
665.373779296875
724.333740234375
696.9539794921875
666.1286010742188
695.2601318359375
704.3801879882812
658.4667358398438
646.6624755859375
671.8546142578125
625.6891479492188
623.5186157226562
680.4937744140625
682.20654296875
654.5347290039062
683.3475952148438
674.055908203125
629.2796630859375
705.6266479492188
661.8038330078125
645.432861328125
696.9580078125
628.7588500976562
690.6604614257812
669.8683471679688
690.3075561523438
623.945556640625
585.9885864257812
623.35888671875
671.7636108398438
629.1314086914062
682.6656494140625
643.0655517578125
610.74365234375
653.0430908203125
686.8486328125
666.5087890625
712.73486328125
700.039794921875
713.8302001953125
619.1641235351562
710.163818359375
697.4331665039062
660.2496948242188
625.9737548828125
617.9344482421875
648.4816284179688
689.6571044921875
634.2529296875
655.0993041992188
632.7511596679688
710.7694091796875
646.4702758789062
649.53076171875
681.7046508789062
671.1978759765625
645.7982177734375
676.8526611328125
638.7261352539062
631.63330078125
643.7207641601562
682.0321655273438
649.8037109375
645.1509399414062
644.5989990234375
727.7273559570312
656.4146728515625
607.3630981445312
660.9699096679688
717.4390869140625
602.4651489257812
629.1425170898438
688.0537109375
682.2335205078125
640.71044921875
668.2152709960938
647.6187133789062
684.595947265625
642.5996704101562
672.1262817382812
630.622314453125
626.3946533203125
720.1328125
658.0664672851562
644.716796875
624.8997192382812
623.5494995117188
669.7064819335938
601.0941162109375
604.900390625
672.0459594726562
602.1148071289062
587.01025390625
594.8054809570312
643.05810546875
633.5604248046875
603.3013305664062
665.401123046875
621.3902587890625
640.9246826171875
589.76171875
664.811767578125
663.485595703125
661.8875732421875
698.9392700195312
675.5315551757812
617.0654296875
615.9583740234375
633.5100708007812
664.4486083984375
685.9398803710938
695.4174194335938
678.9229736328125
628.6696166992188
584.2518920898438
661.110107421875
670.83984375
638.9117431640625
695.404296875
606.0801391601562
636.595703125
678.1549072265625
562.7703247070312
736.07568359375
652.1089477539062
703.4803466796875
621.5286865234375
591.0320434570312
620.3508911132812
667.2987060546875
598.860107421875
612.2548217773438
660.4208984375
626.9738159179688
662.815185546875
692.2054443359375
645.8438110351562
673.5149536132812
647.8525390625
691.4214477539062
577.0253295898438
650.7100219726562
648.381591796875
639.8106079101562
637.0126953125
667.8897094726562
636.1823120117188
734.905517578125
618.1289672851562
667.960205078125
660.9290771484375
613.9395751953125
641.4685668945312
665.5944213867188
699.21337890625
601.0027465820312
652.4716796875
690.93310546875
613.8271484375
624.8204956054688
612.7618408203125
651.1629028320312
660.6126098632812
631.2197875976562
601.451171875
624.2438354492188
640.0172729492188
595.7462768554688
654.8886108398438
617.6881103515625
610.9620361328125
646.334228515625
705.5636596679688
617.828857421875
587.1536254882812
685.4591674804688
649.5584106445312
664.2366943359375
629.276123046875
667.2058715820312
683.4763793945312
598.77978515625
639.7197265625
649.789306640625
609.543212890625
700.7587280273438
614.09375
660.3363647460938
634.53857421875
655.6688232421875
656.6171875
657.5320434570312
636.5016479492188
641.1852416992188
622.393798828125
649.8519287109375
634.2091064453125
648.1206665039062
661.5966796875
614.4241333007812
608.2079467773438
674.9482421875
624.6572875976562
626.365234375
656.4929809570312
660.7052001953125
684.741455078125
618.0939331054688
687.9058837890625
628.3101196289062
660.4556884765625
667.56591796875
645.8338623046875
612.8203735351562
644.8772583007812
682.2575073242188
642.5529174804688
626.9324951171875
628.0711669921875
634.072265625
644.6963500976562
595.7127075195312
679.2418212890625
678.6771240234375
642.63232421875
673.2542114257812
632.916015625
630.00830078125
694.4644775390625
686.7561645507812
657.929443359375
614.8487548828125
649.0471801757812
600.5164184570312
609.8648681640625
598.8555908203125
655.0569458007812
608.7207641601562
624.8905029296875
602.4241333007812
641.5672607421875
591.0659790039062
635.46044921875
625.1229248046875
580.6965942382812
677.888427734375
588.1041870117188
664.1122436523438
646.9769287109375
666.4568481445312
651.0277099609375
696.6738891601562
646.8735961914062
632.1027221679688
720.9390258789062
647.2391357421875
700.2073364257812
672.33984375
669.4884033203125
620.68115234375
625.8253784179688
599.1694946289062
688.0455322265625
630.7011108398438
652.9591674804688
600.5048217773438
630.3618774414062
660.5179443359375
623.0806884765625
615.9443359375
630.0399169921875
643.2099609375
623.440673828125
689.3250122070312
643.5128173828125
586.9071655273438
633.6865844726562
644.5177612304688
635.8914184570312
662.963134765625
628.4572143554688
647.50341796875
643.6557006835938
661.3699340820312
629.1865234375
650.1893920898438
656.9750366210938
647.1341552734375
653.2244262695312
685.6254272460938
578.712646484375
670.6273803710938
652.2024536132812
634.8587036132812
632.177490234375
637.092041015625
695.0798950195312
651.7056274414062
662.4132690429688
624.523681640625
624.2076416015625
577.4109497070312
588.5971069335938
603.6307983398438
672.2088623046875
603.6815185546875
612.763671875
678.1881713867188
594.3920288085938
609.076904296875
651.8916015625
609.1878662109375
609.686767578125
652.0076293945312
618.1029052734375
626.9456787109375
672.1720581054688
614.1152954101562
641.64892578125
604.8143920898438
609.955810546875
648.6317138671875
665.5662841796875
643.9810180664062
604.7723388671875
640.1929321289062
668.2943725585938
605.63330078125
632.726806640625
631.317138671875
680.1564331054688
591.2621459960938
681.0932006835938
683.2182006835938
625.9464721679688
597.4385986328125
607.838623046875
674.14404296875
627.4564819335938
656.1061401367188
632.2871704101562
658.8938598632812
624.7335205078125
633.2962036132812
645.1527099609375
611.1978759765625
616.2694702148438
663.2291259765625
708.5745239257812
680.78466796875
649.4512939453125
581.8793334960938
579.3818969726562
644.9981689453125
594.9683227539062
679.8806762695312
669.173095703125
657.0510864257812
620.1058349609375
630.5681762695312
601.695068359375
646.6407470703125
656.641845703125
646.1192626953125
642.3720703125
619.836181640625
679.9078979492188
685.66162109375
657.8971557617188
632.514892578125
611.5170288085938
620.8463134765625
671.586669921875
598.8309326171875
606.768798828125
597.8729248046875
621.0904541015625
649.7039184570312
635.7439575195312
632.6669311523438
618.8199462890625
670.8413696289062
604.94384765625
686.2909545898438
657.0507202148438
604.3805541992188
681.4489135742188
673.52392578125
670.4606323242188
634.343017578125
666.684326171875
625.1034545898438
643.375244140625
601.4666748046875
643.3273315429688
570.1278686523438
632.1832275390625
614.98291015625
654.5158081054688
574.5262451171875
634.071533203125
628.7762451171875
568.367919921875
631.719482421875
674.9244995117188
629.51123046875
670.343017578125
632.3092041015625
629.7230834960938
624.6076049804688
696.1210327148438
559.8462524414062
602.796875
676.33837890625
604.8524780273438
631.0430908203125
645.55126953125
614.037109375
576.39501953125
658.2989501953125
631.2799072265625
600.9290771484375
662.8716430664062
580.0864868164062
661.016357421875
664.8781127929688
603.676025390625
615.8900146484375
638.8648681640625
635.8214111328125
665.4610595703125
661.7464599609375
595.7022094726562
571.3606567382812
605.5033569335938
595.2305297851562
619.4259033203125
613.6206665039062
657.186279296875
651.2094116210938
615.7352294921875
629.124755859375
632.7522583007812
635.1121826171875
594.7778930664062
679.16015625
630.4096069335938
609.383056640625
613.5051879882812
682.673828125
631.4324951171875
633.4925537109375
694.183349609375
648.2027587890625
613.3850708007812
563.8949584960938
649.084716796875
675.8963623046875
647.7277221679688
637.5399169921875
649.119873046875
659.692138671875
629.6183471679688
628.0020141601562
615.8978271484375
673.128173828125
602.4390258789062
612.7819213867188
591.8540649414062
623.4822998046875
674.9659423828125
675.878173828125
665.07666015625
630.916015625
602.7650146484375
699.557373046875
653.2395629882812
596.8427734375
589.2213745117188
637.3923950195312
690.9674072265625
632.066650390625
597.6937866210938
673.08056640625
619.7853393554688
601.083984375
589.0487060546875
639.1099243164062
635.8311767578125
613.0575561523438
590.0358276367188
635.3411254882812
597.5709838867188
642.2398681640625
691.7626342773438
630.0307006835938
703.5797119140625
668.985595703125
566.7203979492188
680.138916015625
671.7852172851562
572.0825805664062
609.4421997070312
675.9029541015625
602.4078369140625
617.1817626953125
687.896728515625
651.2388305664062
639.0287475585938
686.8145141601562
707.768798828125
661.153564453125
611.3597412109375
678.6524047851562
613.9945068359375
671.72021484375
663.9037475585938
653.5901489257812
656.7678833007812
684.3114624023438
633.630126953125
673.95849609375
637.1420288085938
595.6446533203125
587.2879028320312
599.366455078125
689.8028564453125
610.2867431640625
625.1072387695312
624.1631469726562
600.7926025390625
633.5557861328125
585.4588012695312
613.8775634765625
632.6698608398438
652.0119018554688
599.9171142578125
653.3556518554688
552.4483032226562
590.533447265625
572.350830078125
599.482421875
685.5222778320312
675.5401000976562
603.5215454101562
644.1810302734375
584.0758666992188
612.4764404296875
630.5149536132812
671.03759765625
628.3421020507812
635.9259643554688
618.818603515625
653.107421875
640.1915283203125
607.2913208007812
671.3656005859375
625.128662109375
606.68701171875
634.6842651367188
636.6387329101562
618.5791015625
656.371826171875
625.9385986328125
656.0839233398438
579.6348266601562
572.56201171875
638.2742919921875
640.0773315429688
613.0263671875
650.635009765625
622.0177612304688
562.605712890625
627.3805541992188
606.197998046875
589.740478515625
612.1405029296875
624.4344482421875
594.45263671875
622.0569458007812
639.181884765625
571.1614990234375
644.4293823242188
575.5350952148438
657.5340576171875
614.873291015625
593.4871826171875
632.751953125
656.2314453125
598.4772338867188
663.5538330078125
627.3434448242188
656.7891235351562
586.730712890625
616.3643798828125
599.3731689453125
609.5355224609375
599.979248046875
636.0557250976562
586.65966796875
590.2654418945312
626.9010009765625
583.445068359375
570.2548828125
614.08837890625
596.9486083984375
649.1575927734375
674.9227294921875
601.1602783203125
634.1541137695312
662.289794921875
607.78173828125
627.639404296875
643.9136352539062
642.6694946289062
569.2804565429688
654.8922119140625
553.3980102539062
613.0547485351562
618.8489990234375
597.7698974609375
665.06689453125
559.736328125
657.623046875
586.5678100585938
666.09912109375
706.3992309570312
620.7449340820312
599.5242309570312
598.541259765625
641.3876342773438
577.1390380859375
696.2355346679688
566.0707397460938
675.4736328125
624.6504516601562
648.4320678710938
540.6627197265625
581.4732055664062
644.0489501953125
628.0596313476562
618.2835083007812
623.84375
616.4707641601562
614.697509765625
598.4794921875
650.2606811523438
641.9070434570312
628.0404663085938
597.5126953125
567.668701171875
609.048583984375
565.2481689453125
634.3261108398438
664.504638671875
685.7855224609375
599.870849609375
665.173828125
611.9179077148438
623.59814453125
594.5556640625
634.9854125976562
606.7439575195312
701.4458618164062
600.8048706054688
613.5941772460938
571.7886352539062
650.1616821289062
582.8765258789062
647.3363037109375
589.6841430664062
650.8519287109375
591.6736450195312
550.1952514648438
540.5363159179688
638.7662353515625
567.960205078125
612.3416137695312
580.33837890625
595.1224365234375
645.9816284179688
610.8440551757812
645.910400390625
654.1258544921875
617.6224975585938
638.8488159179688
629.7449340820312
718.6914672851562
587.4088745117188
576.499267578125
657.4191284179688
668.5313720703125
607.912109375
640.3076782226562
620.9669189453125
662.5734252929688
621.4827880859375
591.101806640625
610.235107421875
593.4020385742188
590.5281372070312
652.9068603515625
631.3106689453125
637.7413330078125
523.6090698242188
639.8067626953125
645.19482421875
641.7738037109375
670.60888671875
599.0962524414062
638.479248046875
672.9537353515625
653.8501586914062
655.913818359375
661.09716796875
636.4220581054688
590.74658203125
608.723388671875
618.0657958984375
648.6310424804688
648.8172607421875
595.4627685546875
591.0419921875
626.6248779296875
644.1320190429688
597.0824584960938
593.5740966796875
639.3049926757812
597.9234619140625
614.9628295898438
580.6285400390625
614.0389404296875
657.7319946289062
601.2340087890625
576.3247680664062
613.292724609375
647.58154296875
644.6782836914062
617.33837890625
651.4743041992188
638.620849609375
639.4943237304688
578.2648315429688
637.132080078125
549.3741455078125
590.2490234375
593.1510620117188
572.9907836914062
587.46044921875
612.3038330078125
647.716064453125
566.4711303710938
614.5066528320312
645.6838989257812
574.3726806640625
626.3126831054688
634.990234375
630.6939697265625
633.1190185546875
601.7968139648438
636.5018310546875
628.5189819335938
626.0379638671875
593.6984252929688
609.9998168945312
557.3226928710938
624.4628295898438
591.0848999023438
633.5126342773438
575.36669921875
666.0904541015625
554.3910522460938
570.3477172851562
555.3414306640625
610.3661499023438
561.2236328125
611.1318969726562
622.4591064453125
615.4010009765625
556.1145629882812
629.79248046875
613.964599609375
641.1845092773438
663.3923950195312
614.0797119140625
617.015380859375
561.0097045898438
612.6157836914062
601.5298461914062
627.0067138671875
604.241943359375
626.7844848632812
629.0139770507812
640.0241088867188
659.0823974609375
607.3658447265625
601.142822265625
593.556884765625
619.4564208984375
642.2750244140625
604.5169067382812
622.5737915039062
650.8968505859375
591.6295776367188
610.7115478515625
603.259033203125
587.60595703125
607.7420043945312
670.4921264648438
632.1417236328125
607.4581298828125
602.6122436523438
599.9552001953125
604.3162841796875
604.01220703125
647.2945556640625
632.2924194335938
575.95166015625
633.6234741210938
691.7824096679688
605.3479614257812
615.5121459960938
602.8954467773438
590.285888671875
640.4542236328125
620.2825317382812
615.0601196289062
631.577880859375
643.1480102539062
592.6130981445312
614.4879150390625
569.5042724609375
674.9510498046875
612.8839111328125
663.7088623046875
637.538330078125
608.7554321289062
597.4349365234375
618.2589111328125
589.1469116210938
596.7080078125
630.5518188476562
632.4163818359375
631.9728393554688
625.2056274414062
628.6038818359375
621.678955078125
634.787353515625
596.377685546875
554.8959350585938
627.1481323242188
618.2670288085938
598.5288696289062
611.385986328125
586.7552490234375
649.6436157226562
595.5905151367188
592.3153686523438
655.275146484375
661.9987182617188
579.6082763671875
645.9983520507812
607.4356689453125
582.1421508789062
604.844482421875
582.1301879882812
562.8514404296875
604.981689453125
616.4820556640625
616.9166870117188
518.9987182617188
630.208740234375
594.7401123046875
623.7431030273438
566.8267211914062
651.3892211914062
593.8609619140625
600.7742919921875
617.1875610351562
578.0979614257812
548.53564453125
638.9803466796875
607.828125
641.7389526367188
619.377685546875
575.212890625
621.012451171875
601.6356811523438
538.7867431640625
579.2002563476562
587.81982421875
667.2265014648438
610.2669067382812
654.5924072265625
598.837890625
571.080322265625
629.4315185546875
585.9385986328125
634.7429809570312
603.5036010742188
618.0191650390625
611.9457397460938
569.4808349609375
575.201904296875
521.7012939453125
611.3634643554688
637.379150390625
627.800048828125
603.317138671875
651.1484375
572.2379760742188
544.4277954101562
624.4627075195312
611.904052734375
529.6846313476562
594.10595703125
596.8739013671875
586.938720703125
595.8717041015625
647.7510986328125
634.71044921875
651.4219360351562
563.3428955078125
655.705810546875
665.8092041015625
617.2471313476562
643.690673828125
563.285400390625
637.4489135742188
564.6891479492188
662.6826171875
594.4122314453125
588.1577758789062
642.9739379882812
602.7484741210938
593.6278076171875
602.3569946289062
602.7040405273438
583.3766479492188
580.7597045898438
637.2465209960938
605.9912719726562
550.5732421875
608.0850830078125
667.4407958984375
630.3428955078125
608.1007080078125
551.2758178710938
616.411865234375
597.2449340820312
527.632568359375
593.9127197265625
560.2955322265625
581.078125
605.4821166992188
601.3692626953125
615.944091796875
702.6793212890625
615.0498046875
604.6210327148438
568.3778076171875
591.02685546875
597.380615234375
557.7721557617188
600.4752197265625
643.4937133789062
631.6260375976562
578.7470092773438
658.445068359375
601.0565795898438
657.5303955078125
548.207275390625
568.68896484375
663.4525146484375
672.7245483398438
601.6240844726562
564.2686157226562
597.9302368164062
678.6030883789062
580.7067260742188
628.5852661132812
591.535888671875
615.880859375
639.9537353515625
531.8992919921875
615.372802734375
606.364501953125
601.2949829101562
591.2632446289062
597.06787109375
649.54638671875
600.0374755859375
650.40869140625
596.3635864257812
512.4876098632812
556.0308227539062
566.4853515625
604.1356811523438
642.3162841796875
589.7667236328125
593.5643920898438
578.3086547851562
489.4850769042969
601.1494750976562
630.76123046875
581.6953735351562
644.4171142578125
611.6575927734375
562.8363647460938
594.1605224609375
576.9918823242188
615.2171630859375
563.6834106445312
615.84814453125
567.6629638671875
559.8533325195312
591.2398071289062
646.30419921875
625.2777709960938
647.816650390625
647.0838623046875
567.79296875
614.11865234375
596.6882934570312
640.8272705078125
588.3466186523438
562.7996215820312
526.9646606445312
532.8741455078125
590.924072265625
600.8236694335938
518.9329223632812
604.2314453125
559.9271240234375
606.4664306640625
635.506591796875
639.0142822265625
612.4658203125
572.0753173828125
571.1419067382812
554.5536499023438
617.3152465820312
570.0606689453125
573.4619140625
625.093994140625
606.2659301757812
556.33642578125
567.9811401367188
602.6326904296875
566.0592041015625
591.712890625
575.4736938476562
597.3737182617188
617.9666748046875
603.9503784179688
636.0694580078125
597.861572265625
572.1758422851562
581.7966918945312
566.7926635742188
608.5187377929688
560.7365112304688
619.193603515625
571.550537109375
623.1703491210938
607.4971313476562
591.343017578125
636.5558471679688
593.1572265625
618.2735595703125
641.9249267578125
637.9317016601562
598.72265625
591.6275024414062
623.5294189453125
642.0653076171875
584.2575073242188
595.9754638671875
534.6187744140625
562.1497192382812
573.0186767578125
586.1721801757812
599.6593017578125
578.2907104492188
537.958740234375
540.836669921875
604.0288696289062
606.8139038085938
585.992919921875
574.71875
575.62939453125
603.1996459960938
644.3834838867188
570.9894409179688
609.0997314453125
615.6940307617188
599.7635498046875
604.1101684570312
653.2982788085938
594.0883178710938
601.0357055664062
653.6401977539062
564.8182373046875
628.1243286132812
609.1633911132812
641.558349609375
593.5205688476562
566.4015502929688
581.3701171875
632.824462890625
591.2528686523438
594.976318359375
627.3506469726562
617.1295776367188
585.6539306640625
638.45166015625
609.5025634765625
609.025146484375
564.9483032226562
561.3909912109375
627.9434814453125
556.0339965820312
638.56591796875
601.7845458984375
582.985595703125
589.4036254882812
588.84716796875
576.8920288085938
608.0880126953125
554.18115234375
615.0514526367188
588.4256591796875
575.2369995117188
605.0755615234375
591.3160400390625
596.531005859375
549.7389526367188
610.46435546875
591.9703369140625
574.0877685546875
613.1063232421875
620.216064453125
588.874755859375
633.41796875
600.242431640625
521.411865234375
593.9146728515625
584.9835815429688
604.6783447265625
630.5674438476562
540.9119873046875
630.6766967773438
599.0750122070312
557.9320068359375
591.0444946289062
552.883544921875
600.4488525390625
533.3508911132812
665.2587280273438
613.894775390625
550.4757080078125
627.6084594726562
615.0690307617188
581.4642333984375
614.2060546875
568.1345825195312
647.1082153320312
601.2119140625
594.928466796875
594.536376953125
548.7820434570312
591.7681274414062
634.5542602539062
574.275634765625
564.9407348632812
546.2422485351562
559.549560546875
579.6300048828125
648.1077270507812
618.4885864257812
642.8569946289062
571.6360473632812
535.3516845703125
549.67236328125
615.538330078125
641.1936645507812
631.052978515625
606.904052734375
578.1695556640625
558.6190795898438
572.7503051757812
560.0074462890625
570.5679321289062
568.450439453125
594.6865234375
577.0658569335938
529.197998046875
606.2381591796875
585.33935546875
522.3919677734375
531.6231689453125
605.8261108398438
622.499755859375
600.6574096679688
592.0526733398438
606.46142578125
587.650390625
591.2153930664062
603.1842651367188
589.9573364257812
592.94970703125
543.4153442382812
592.2987670898438
564.93017578125
641.91552734375
603.6243896484375
572.0508422851562
534.1504516601562
590.248779296875
574.4468383789062
671.6754150390625
616.1168212890625
591.5152587890625
562.0222778320312
648.045654296875
604.099853515625
603.1365356445312
573.1303100585938
591.6823120117188
563.1396484375
556.4955444335938
582.220703125
581.0831909179688
538.904541015625
629.3240356445312
598.6321411132812
559.073486328125
613.956787109375
628.22412109375
564.624755859375
595.2323608398438
579.8947143554688
612.2498168945312
545.7100219726562
606.1688232421875
622.4027099609375
560.8829345703125
557.8764038085938
587.2770385742188
565.0916748046875
592.41650390625
536.106689453125
559.1544189453125
519.7448120117188
521.4298095703125
607.3949584960938
565.4801025390625
623.007080078125
590.6416015625
589.4366455078125
530.9727783203125
563.093505859375
545.5357666015625
585.9491577148438
542.8009643554688
581.09912109375
545.6279907226562
582.2950439453125
575.2618408203125
589.3007202148438
598.0897216796875
610.5114135742188
603.66650390625
561.0322265625
571.9459838867188
564.2990112304688
589.9681396484375
626.4894409179688
564.4697265625
647.1503295898438
553.844482421875
575.57373046875
579.3486938476562
556.6342163085938
583.5906982421875
529.5870971679688
594.512451171875
560.3731689453125
522.8076171875
605.9293823242188
561.6210327148438
590.44482421875
559.9107666015625
568.6576538085938
610.6538696289062
604.7276611328125
550.6219482421875
560.327880859375
584.3267822265625
512.0984497070312
547.623779296875
601.5587768554688
549.8438110351562
609.487548828125
580.4081420898438
602.3512573242188
553.4336547851562
569.107666015625
557.7169799804688
594.7822265625
559.5894775390625
640.5086669921875
585.901611328125
610.2158813476562
577.667724609375
563.0849609375
618.9097900390625
551.3607788085938
563.9002075195312
541.9310913085938
558.4579467773438
561.3029174804688
575.406494140625
544.98876953125
612.8768920898438
576.3726196289062
576.415771484375
564.81787109375
589.341064453125
535.03466796875
636.27685546875
566.6322021484375
567.5927124023438
547.2673950195312
568.56982421875
588.9913330078125
572.3430786132812
582.3219604492188
554.6233520507812
588.4102783203125
584.402587890625
615.0774536132812
597.8399658203125
586.0919189453125
571.2819213867188
530.98876953125
539.1982421875
584.97216796875
594.861572265625
602.1469116210938
568.7391357421875
545.4498901367188
565.013916015625
592.4928588867188
555.677001953125
555.3359375
564.6309814453125
604.1400146484375
611.0582275390625
621.91162109375
604.6327514648438
561.2365112304688
597.3612060546875
604.1708984375
579.6033325195312
543.5629272460938
545.333251953125
554.396240234375
557.3290405273438
567.4616088867188
545.4273071289062
572.2645874023438
538.8876953125
544.6607055664062
559.2918701171875
572.0081787109375
606.929443359375
580.0281372070312
560.9796142578125
553.3145751953125
608.1549072265625
602.4501342773438
598.0074462890625
598.5487060546875
590.4192504882812
555.13720703125
528.80615234375
568.9362182617188
564.3858032226562
571.8551635742188
535.0326538085938
549.8714599609375
584.3186645507812
558.3229370117188
541.5509643554688
618.7380981445312
532.9393920898438
631.0079345703125
587.1267700195312
592.8994750976562
535.3601684570312
589.019775390625
541.3250122070312
587.9961547851562
541.24560546875
620.311279296875
504.0601501464844
565.5250244140625
547.009033203125
540.6831665039062
581.4099731445312
634.5035400390625
589.90576171875
549.7218017578125
586.8101196289062
585.4241333007812
556.6193237304688
600.5145874023438
616.7601318359375
562.1512451171875
606.191162109375
530.8256225585938
551.721435546875
633.0513305664062
603.3467407226562
577.203857421875
563.367431640625
613.6852416992188
571.015869140625
581.126708984375
589.384765625
573.909912109375
579.3010864257812
582.1364135742188
582.8748168945312
535.0916137695312
586.8190307617188
583.7566528320312
559.1265869140625
509.55999755859375
561.864990234375
612.6071166992188
572.374267578125
586.0404663085938
589.6766357421875
577.4837646484375
534.2137451171875
628.0077514648438
529.2959594726562
565.01611328125
553.2413330078125
615.1807861328125
561.7325439453125
594.304931640625
590.6473388671875
589.0592041015625
616.5475463867188
570.896240234375
559.7543334960938
576.0639038085938
577.5426025390625
597.5167846679688
575.1624145507812
578.2033081054688
542.396240234375
570.0322265625
564.4005126953125
594.6649169921875
580.2964477539062
523.210693359375
601.4791259765625
523.4127197265625
551.0698852539062
586.8633422851562
546.7718505859375
622.1690673828125
566.657470703125
559.0921020507812
547.9948120117188
555.19970703125
539.4208984375
599.4453125
556.2633056640625
555.5433959960938
604.347412109375
576.0667114257812
574.6088256835938
525.4293212890625
561.673583984375
580.2407836914062
579.5095825195312
541.1566162109375
548.7294311523438
472.37579345703125
566.0042724609375
589.4940795898438
614.8895874023438
564.87451171875
523.9022827148438
589.1868896484375
608.130126953125
527.1946411132812
640.8226928710938
551.5358276367188
554.0485229492188
566.3307495117188
548.8890991210938
562.2311401367188
610.5836791992188
539.4315795898438
576.2786254882812
575.54296875
580.2274780273438
543.93798828125
577.6365356445312
522.8932495117188
560.6192016601562
578.3953247070312
553.6427612304688
561.3078002929688
579.6890258789062
564.0865478515625
539.1231079101562
579.6405029296875
542.7889404296875
557.2164306640625
544.4879760742188
542.9067993164062
546.3927612304688
612.65185546875
563.0144653320312
619.6732788085938
552.1875
576.7353515625
562.5238037109375
549.5294189453125
554.7508544921875
530.3017578125
549.1430053710938
613.0833129882812
581.458984375
565.1840209960938
565.072021484375
588.7391967773438
619.2313842773438
595.6837768554688
617.4507446289062
536.1096801757812
559.6475830078125
561.1195678710938
547.9418334960938
612.0979614257812
576.0391235351562
527.4376831054688
530.5507202148438
544.9169921875
574.2793579101562
567.04296875
564.185791015625
545.4026489257812
511.2313232421875
559.00927734375
521.6976928710938
581.002197265625
532.6854248046875
536.8888549804688
576.5081787109375
565.859375
552.1376342773438
547.3343505859375
535.0718994140625
611.9166259765625
544.2881469726562
565.8180541992188
554.9325561523438
598.2094116210938
535.6884155273438
546.9281616210938
548.6427612304688
560.6182861328125
532.1116333007812
539.53076171875
560.6046752929688
567.4553833007812
529.4601440429688
616.2948608398438
569.55419921875
547.8658447265625
574.3137817382812
543.6712646484375
504.2388000488281
583.83642578125
546.0384521484375
557.4931640625
511.27667236328125
594.7734375
509.37884521484375
515.3861694335938
575.5625610351562
608.3307495117188
537.3636474609375
553.0106811523438
573.6900024414062
573.2784423828125
603.1504516601562
510.6646728515625
585.8306884765625
585.9988403320312
609.8606567382812
549.1893920898438
496.98309326171875
539.0575561523438
504.1669921875
543.04736328125
526.0450439453125
538.196533203125
558.1044921875
539.26708984375
548.3090209960938
529.1954345703125
524.0367431640625
549.2772216796875
563.1310424804688
532.4345703125
626.5567626953125
552.2493896484375
564.5294189453125
521.6836547851562
580.5741577148438
548.1995239257812
547.7533569335938
532.4185180664062
546.9243774414062
545.9762573242188
569.6509399414062
530.798095703125
545.6103515625
537.7559814453125
564.3247680664062
562.7236328125
529.6300048828125
539.3141479492188
545.313720703125
540.7647705078125
568.44775390625
572.1334228515625
557.1510620117188
523.5569458007812
565.3449096679688
598.7169189453125
558.612548828125
528.4671020507812
552.1187133789062
607.0211791992188
533.167724609375
589.5874633789062
541.5501708984375
533.9329833984375
582.7927856445312
547.13916015625
553.59619140625
507.87115478515625
549.4384155273438
552.974609375
619.2389526367188
525.1771850585938
547.7396240234375
452.5591125488281
600.6737670898438
574.1304321289062
555.6566162109375
572.3619384765625
564.6609497070312
559.7335205078125
572.7738647460938
576.3529052734375
600.6112060546875
608.63720703125
540.052978515625
568.0656127929688
566.0368041992188
526.3187255859375
567.943603515625
597.3133544921875
595.5087890625
536.9215698242188
525.8883056640625
560.3937377929688
521.344482421875
567.7172241210938
557.5188598632812
584.8220825195312
518.7562255859375
469.1862487792969
480.2398681640625
533.4744262695312
514.7462158203125
530.043212890625
538.7984619140625
575.4336547851562
597.0711059570312
588.649658203125
569.5978393554688
534.6304931640625
565.7610473632812
546.4129638671875
535.98291015625
618.6830444335938
578.0228271484375
555.81884765625
569.0653076171875
525.1971435546875
561.2057495117188
588.634765625
556.9917602539062
513.5057983398438
556.44873046875
597.4000244140625
520.6726684570312
548.7774047851562
544.6517333984375
530.115234375
535.5241088867188
554.66259765625
549.6122436523438
510.6046142578125
565.0779418945312
556.02392578125
555.070556640625
558.9585571289062
594.7073364257812
590.893798828125
566.2896728515625
608.3143310546875
572.1517944335938
536.7756958007812
523.5077514648438
560.8987426757812
551.803955078125
536.8759765625
539.6367797851562
563.0338745117188
568.5581665039062
527.3788452148438
574.9365844726562
583.26171875
530.6563720703125
539.6157836914062
564.9119262695312
554.9896850585938
535.5877685546875
563.7926025390625
541.4759521484375
503.49700927734375
544.20166015625
556.1183471679688
547.5203857421875
547.3060913085938
572.8748168945312
561.703369140625
580.8877563476562
589.360107421875
587.9212646484375
569.5488891601562
573.26611328125
543.887451171875
499.445068359375
564.6563110351562
541.3829956054688
518.2169189453125
619.2937622070312
580.0319213867188
536.94970703125
579.6358032226562
545.05224609375
518.7681884765625
568.1259155273438
606.4119873046875
536.509765625
501.7060852050781
592.4591674804688
567.558349609375
507.1443786621094
569.61376953125
538.0169677734375
486.540771484375
549.6300659179688
538.5755004882812
533.0439453125
558.4248046875
549.2454223632812
562.22314453125
577.3496704101562
586.577880859375
531.265380859375
519.9629516601562
528.0458984375
545.029296875
530.3672485351562
545.2114868164062
496.6924133300781
536.99267578125
568.7357788085938
541.6572265625
505.3066101074219
570.2175903320312
562.2759399414062
565.1588745117188
539.1849365234375
559.8157958984375
534.236328125
547.37060546875
635.830322265625
584.591796875
618.7971801757812
596.04443359375
547.0027465820312
548.0032958984375
552.9922485351562
555.6270141601562
559.7874145507812
557.6998901367188
566.84228515625
518.7801513671875
527.6449584960938
561.04296875
592.3353271484375
575.058349609375
534.3859252929688
566.436279296875
538.0287475585938
483.35968017578125
564.4559326171875
566.2195434570312
549.4650268554688
553.818115234375
523.2159423828125
533.8526000976562
492.5245056152344
567.5999145507812
566.79541015625
556.341064453125
533.275634765625
548.9832763671875
532.210693359375
518.28125
534.6218872070312
511.0880126953125
516.3521118164062
567.1398315429688
514.1817626953125
508.26263427734375
511.4234313964844
528.1710205078125
525.6069946289062
521.8423461914062
559.5009155273438
554.6587524414062
539.8349609375
542.4013061523438
575.7012329101562
579.935546875
543.585693359375
553.9306030273438
525.0256958007812
499.5680236816406
489.0819091796875
565.9838256835938
543.349853515625
521.5220336914062
491.253662109375
583.0252075195312
454.3798522949219
498.6742248535156
569.1838989257812
578.775146484375
508.9757080078125
548.5609130859375
556.0557861328125
538.233154296875
538.475830078125
526.8516235351562
534.051513671875
579.3551025390625
532.6082763671875
551.2576904296875
537.1357421875
539.4059448242188
558.38330078125
554.5178833007812
538.216064453125
487.8464660644531
507.0006103515625
511.0798034667969
559.963134765625
575.3168334960938
543.5780029296875
487.6361999511719
538.6300659179688
545.4288940429688
576.0842895507812
516.7149047851562
571.3199462890625
531.9119873046875
529.3173217773438
553.1944580078125
548.3121337890625
544.282958984375
484.2801818847656
523.7797241210938
598.4916381835938
543.885009765625
581.2693481445312
531.8729858398438
511.99542236328125
584.6118774414062
569.2752685546875
499.2545471191406
583.5955810546875
559.2046508789062
526.0234375
562.4179077148438
499.4615478515625
513.460205078125
508.1693115234375
541.6657104492188
477.2037048339844
588.255615234375
561.5103149414062
501.51593017578125
505.09051513671875
541.4789428710938
509.4422607421875
550.9393310546875
497.2672119140625
495.29864501953125
541.175537109375
541.1611938476562
548.6278686523438
494.3019104003906
494.504638671875
595.0758056640625
530.0733642578125
585.4049072265625
555.45556640625
508.6988525390625
502.2815856933594
526.543701171875
530.0848388671875
503.7887878417969
524.2366333007812
545.5813598632812
506.5851745605469
564.4183959960938
498.8852844238281
573.733154296875
496.37957763671875
504.59210205078125
569.6508178710938
539.029052734375
504.1415100097656
548.085693359375
579.8078002929688
581.0184326171875
487.35406494140625
514.8155517578125
544.561767578125
556.9625854492188
503.4864501953125
571.5497436523438
523.33642578125
482.67449951171875
529.727783203125
526.31103515625
511.84466552734375
498.8638000488281
549.3602294921875
506.19171142578125
573.3296508789062
558.645263671875
499.73541259765625
528.1388549804688
571.4552612304688
568.8965454101562
504.4754638671875
509.3095703125
577.1278686523438
533.74560546875
516.35400390625
554.6046142578125
524.6844482421875
563.7112426757812
553.945068359375
551.595458984375
519.909423828125
531.4175415039062
523.6216430664062
528.1214599609375
546.720947265625
529.235595703125
511.4761047363281
546.6461181640625
561.5120849609375
545.1187744140625
530.8378295898438
533.8228759765625
524.1900024414062
533.2090454101562
554.1109008789062
537.1397094726562
566.310302734375
546.3583374023438
521.6533203125
524.5928344726562
530.2840576171875
567.2099609375
570.041015625
528.8356323242188
530.1741333007812
529.0540771484375
511.09759521484375
529.5452270507812
490.2656555175781
477.7294616699219
513.5701904296875
491.5279541015625
494.4541931152344
559.0679321289062
482.49066162109375
530.34228515625
543.8397216796875
545.0988159179688
528.1973876953125
514.2152709960938
574.0435180664062
552.682861328125
538.5143432617188
515.5282592773438
530.1322631835938
486.4060363769531
506.38153076171875
514.0029907226562
511.23968505859375
535.2996215820312
591.9122924804688
551.00537109375
553.7039184570312
531.2791137695312
501.5299072265625
491.69635009765625
500.03765869140625
532.6596069335938
553.36962890625
512.3226318359375
594.8072509765625
482.49420166015625
530.2965087890625
516.2393188476562
521.158447265625
591.9804077148438
545.10693359375
540.06689453125
500.6940612792969
542.6639404296875
551.3265380859375
585.5465698242188
522.2015380859375
535.2409057617188
533.0895385742188
568.8768310546875
526.887451171875
542.2669067382812
495.3296813964844
548.1156005859375
527.67333984375
503.33404541015625
507.6002197265625
564.2324829101562
551.1558227539062
485.9025573730469
527.8690185546875
539.8675537109375
527.5303344726562
525.9556274414062
562.5951538085938
527.6942749023438
498.23974609375
514.26220703125
516.0718994140625
538.7659912109375
554.3709716796875
576.2696533203125
531.4827880859375
534.3577880859375
516.3812866210938
502.043212890625
562.6276245117188
546.7625732421875
565.6513061523438
539.528076171875
498.25921630859375
486.3604736328125
529.0717163085938
531.857177734375
513.0465698242188
503.6117858886719
509.7261047363281
558.5972290039062
530.8798828125
506.7044982910156
511.1668395996094
504.3187255859375
530.41455078125
519.0535888671875
553.025390625
549.2088623046875
547.5540161132812
508.7837829589844
569.946044921875
559.220703125
522.0082397460938
525.6611938476562
492.2165832519531
516.269775390625
550.720458984375
524.0280151367188
549.0316772460938
537.8640747070312
551.1807250976562
530.3972778320312
538.0767211914062
550.4470825195312
531.3875732421875
493.3363952636719
505.7870788574219
529.7213134765625
537.1505737304688
518.8084716796875
531.29931640625
557.2728271484375
509.4036865234375
534.4412841796875
543.3399047851562
540.2220458984375
503.2412414550781
559.2985229492188
519.9982299804688
511.6816101074219
512.0794067382812
567.37060546875
533.5255126953125
559.8994140625
534.2074584960938
546.057861328125
512.5265502929688
510.4073791503906
535.8361206054688
525.235107421875
502.9848937988281
539.1902465820312
532.2132568359375
504.095458984375
559.1511840820312
580.3145751953125
472.6338806152344
545.3922729492188
580.5789794921875
508.09234619140625
500.5503845214844
509.19305419921875
503.4810791015625
546.572021484375
521.1480102539062
520.3720092773438
529.3797607421875
564.074951171875
510.5531005859375
546.3229370117188
504.35748291015625
511.7336730957031
532.3737182617188
490.651123046875
512.494873046875
534.67529296875
527.4705200195312
488.1861572265625
551.093505859375
470.99822998046875
495.1784362792969
529.060791015625
503.4088134765625
521.684814453125
496.24273681640625
507.80865478515625
538.6342163085938
511.4073486328125
518.011962890625
560.6947631835938
501.093505859375
496.8082275390625
532.6675415039062
527.3931274414062
494.47406005859375
489.2864685058594
510.1116027832031
569.9288330078125
535.678955078125
584.8792724609375
521.506103515625
497.85400390625
548.0789184570312
513.3905029296875
521.7513427734375
520.9636840820312
569.9996337890625
503.0533142089844
507.3181457519531
524.5217895507812
531.284423828125
472.6684875488281
487.92913818359375
518.8261108398438
573.458740234375
502.51336669921875
526.5692138671875
527.6461181640625
521.0164184570312
552.2634887695312
545.53076171875
495.2801208496094
510.27716064453125
561.7188720703125
499.9622497558594
505.3387145996094
508.0249328613281
513.6876220703125
517.5982666015625
510.625732421875
509.1573181152344
549.8048095703125
523.4246826171875
494.2566223144531
524.3184814453125
493.78302001953125
497.4071960449219
557.7760620117188
546.7169189453125
533.7057495117188
506.62255859375
544.365234375
528.5698852539062
538.3098754882812
563.4280395507812
516.9682006835938
497.9762878417969
517.1808471679688
501.5893249511719
527.1656494140625
503.1949157714844
520.8577270507812
475.0653991699219
478.62548828125
571.9901733398438
535.1471557617188
479.6904296875
511.1991271972656
507.3827209472656
508.9953918457031
498.50787353515625
477.10369873046875
495.166259765625
555.3763427734375
518.2893676757812
529.420654296875
537.9146728515625
508.54718017578125
523.7981567382812
585.3374633789062
556.6106567382812
526.2884521484375
511.8406677246094
552.9171752929688
543.8848876953125
532.6685180664062
563.9000244140625
487.2376708984375
474.568359375
571.6312866210938
522.675048828125
511.24285888671875
517.4441528320312
525.6813354492188
506.2157287597656
532.7322998046875
526.200439453125
525.8482055664062
538.2357177734375
517.587890625
535.1195068359375
528.24658203125
472.7908935546875
472.1053771972656
496.9837646484375
537.092041015625
515.9249877929688
535.8004760742188
515.6701049804688
460.2341003417969
501.8582458496094
525.6129760742188
486.9404296875
520.8557739257812
482.29986572265625
476.2700500488281
534.0028076171875
460.43505859375
548.3441772460938
499.8941650390625
506.5589904785156
498.998291015625
554.9055786132812
501.7989807128906
545.0369262695312
481.1883239746094
543.7960205078125
535.2568359375
531.84619140625
488.5893859863281
516.199951171875
526.002197265625
474.42718505859375
491.95977783203125
479.90045166015625
525.2103271484375
482.2839660644531
550.2884521484375
494.5365295410156
523.7307739257812
530.088623046875
530.572998046875
507.2735595703125
498.14923095703125
490.6092224121094
528.5388793945312
495.85443115234375
517.9801025390625
495.3200988769531
505.5129699707031
512.37109375
562.03076171875
474.8457946777344
536.1343383789062
490.62841796875
476.3450927734375
453.1062927246094
547.0025024414062
495.1395263671875
505.3968505859375
480.61572265625
533.5443115234375
478.5526428222656
480.9739074707031
539.6904296875
534.10693359375
498.147705078125
529.2105712890625
495.6995849609375
533.3355712890625
494.724365234375
498.60296630859375
566.142822265625
502.58001708984375
465.17919921875
496.62933349609375
561.4268798828125
510.2401428222656
518.4758911132812
538.8421630859375
553.2964477539062
529.8973999023438
485.0162658691406
519.568359375
520.11962890625
495.1827392578125
514.0177001953125
482.85260009765625
480.37103271484375
578.0357055664062
551.4003295898438
518.0726928710938
466.7452392578125
515.0927734375
477.576904296875
501.62115478515625
540.7169799804688
543.7174682617188
481.1529541015625
512.8876953125
485.5352783203125
498.9872131347656
508.80133056640625
481.66900634765625
472.7232360839844
497.2171630859375
532.4080810546875
508.8271789550781
523.3540649414062
452.0472717285156
535.4632568359375
486.7839660644531
485.5680847167969
509.7686462402344
496.8779296875
548.0071411132812
521.5291748046875
469.5074462890625
490.5663146972656
524.6563110351562
498.8106689453125
488.07012939453125
528.763671875
497.5968017578125
511.2975158691406
505.203369140625
499.170166015625
487.4544982910156
535.4219360351562
493.2008361816406
495.59765625
505.78839111328125
526.81591796875
531.1585083007812
463.5849609375
500.33013916015625
528.0457763671875
464.4403991699219
483.03839111328125
522.9588012695312
522.6264038085938
510.2001953125
489.43524169921875
508.5372009277344
553.039794921875
521.9857788085938
464.77166748046875
532.9620971679688
516.3604736328125
552.1244506835938
516.1148071289062
490.1423034667969
550.536376953125
489.15570068359375
489.79058837890625
559.6874389648438
492.31964111328125
572.6099243164062
479.36529541015625
520.1627197265625
448.363525390625
526.2214965820312
510.8131103515625
472.14544677734375
522.315673828125
500.2962646484375
479.09393310546875
541.5040283203125
492.382568359375
487.58056640625
544.8291015625
483.397705078125
537.2123413085938
555.6827392578125
484.62225341796875
495.7721252441406
478.220458984375
502.9569396972656
529.7168579101562
522.435791015625
512.0377197265625
511.2259521484375
531.0706787109375
492.5675354003906
500.8371887207031
502.40325927734375
537.785400390625
518.8383178710938
451.9798583984375
569.2781982421875
473.299072265625
479.2771911621094
446.98016357421875
506.202880859375
530.9688110351562
490.9806213378906
471.7608642578125
443.1799011230469
493.7117919921875
502.49822998046875
511.68603515625
459.31207275390625
486.1795654296875
534.2427978515625
528.54638671875
527.7110595703125
497.8971252441406
548.8233032226562
492.5089111328125
507.9261474609375
518.123291015625
471.640869140625
515.9259643554688
481.65936279296875
525.8704833984375
533.1630859375
506.9139404296875
510.63677978515625
462.9718933105469
533.7109985351562
510.0701904296875
481.5998229980469
542.3936767578125
475.35992431640625
477.31195068359375
457.35345458984375
452.224365234375
482.9443359375
482.5079040527344
494.56744384765625
503.81219482421875
507.3819885253906
496.4991760253906
461.59271240234375
489.7328186035156
489.3910217285156
549.6022338867188
532.5088500976562
496.1149597167969
511.5563049316406
484.9074401855469
498.5464782714844
484.0752258300781
501.1782531738281
511.63946533203125
426.0577697753906
488.3581237792969
503.68072509765625
512.2874145507812
505.6650085449219
514.7142333984375
523.2750854492188
476.3445739746094
526.3883666992188
501.6101989746094
507.75927734375
504.3011779785156
475.18414306640625
514.7775268554688
505.0221862792969
494.16156005859375
531.9952392578125
537.249755859375
487.8925476074219
502.57965087890625
501.68896484375
511.5702209472656
500.0794372558594
495.35418701171875
531.0509033203125
518.3548583984375
541.4147338867188
462.5954284667969
465.026611328125
508.4915771484375
588.0682373046875
540.9301147460938
457.59564208984375
503.4064025878906
503.0998840332031
500.3092346191406
507.6275939941406
497.0507507324219
524.0681762695312
492.0688171386719
507.63751220703125
472.7692565917969
444.07867431640625
500.00860595703125
463.08502197265625
520.3010864257812
555.5736083984375
522.1796264648438
525.5595092773438
498.01690673828125
461.5109558105469
510.49896240234375
523.027587890625
490.53692626953125
547.0064697265625
437.8187255859375
517.5106201171875
524.9450073242188
471.9564208984375
472.3659973144531
516.4140014648438
536.4862060546875
494.6043395996094
551.3399658203125
492.81109619140625
553.8668212890625
430.2416076660156
487.5472717285156
486.1280822753906
530.2646484375
508.7214050292969
500.63250732421875
453.30999755859375
467.99853515625
487.1817626953125
442.8542175292969
484.6553649902344
462.6524353027344
506.7908020019531
528.8529663085938
449.8397521972656
416.4709777832031
497.54974365234375
519.8082885742188
533.8887329101562
533.8016357421875
526.4970092773438
519.5499267578125
522.213134765625
503.5299072265625
502.9447021484375
483.2434997558594
454.2906188964844
481.16412353515625
545.2861328125
522.5928344726562
536.4591674804688
492.3211364746094
500.2846984863281
485.052734375
511.3476257324219
505.077392578125
474.9953918457031
476.217529296875
513.1409301757812
498.31488037109375
493.07769775390625
477.1502685546875
498.00299072265625
470.02679443359375
487.3491516113281
485.89971923828125
480.0621643066406
492.0600891113281
500.75482177734375
535.75341796875
520.23388671875
509.5328674316406
481.8236389160156
469.7989807128906
542.0245971679688
507.5750427246094
501.7531433105469
520.1707153320312
532.6504516601562
481.46588134765625
522.7688598632812
432.0640869140625
547.880615234375
520.1627807617188
485.3772277832031
474.60906982421875
493.626708984375
519.5368041992188
552.1201171875
505.9694519042969
527.025390625
515.57861328125
507.64471435546875
470.41546630859375
516.1887817382812
524.0210571289062
516.7095336914062
508.98260498046875
495.5412902832031
509.8617858886719
501.6282958984375
472.2587890625
515.9703979492188
488.11602783203125
498.8682861328125
513.5631103515625
484.80841064453125
484.9468078613281
488.8944091796875
448.3907775878906
514.6658325195312
480.3702392578125
531.2030029296875
499.0018310546875
476.0240173339844
507.42486572265625
552.8578491210938
558.1488647460938
532.0347900390625
476.12481689453125
523.2432250976562
517.8177490234375
525.580078125
496.86199951171875
455.9872131347656
504.5290222167969
483.18389892578125
523.1846313476562
469.23138427734375
453.6363525390625
501.5068359375
487.4652404785156
584.1204833984375
467.21826171875
523.4276123046875
450.4205017089844
506.14971923828125
498.4535217285156
515.3634643554688
527.2665405273438
476.685546875
476.58734130859375
477.09283447265625
484.62872314453125
460.09136962890625
459.5640869140625
515.1135864257812
475.6702575683594
474.26959228515625
479.0830993652344
469.6272888183594
504.1681823730469
471.97528076171875
510.87530517578125
508.8595275878906
451.13043212890625
483.2296447753906
486.46337890625
479.86309814453125
436.7533264160156
455.8081359863281
500.769775390625
486.31365966796875
498.9519958496094
496.42303466796875
474.39630126953125
503.9266357421875
507.7481994628906
494.62591552734375
486.0558166503906
485.5859680175781
460.686767578125
486.9673767089844
470.9014892578125
486.52886962890625
468.2327880859375
517.745361328125
469.5722351074219
469.2679443359375
540.7152709960938
475.7108459472656
473.5345764160156
493.2591247558594
449.2126770019531
496.0548095703125
503.1751403808594
514.286865234375
486.22723388671875
476.7294921875
486.1114807128906
495.6103820800781
493.2004699707031
502.04742431640625
546.419921875
482.3236389160156
517.8922119140625
520.2796020507812
453.7601013183594
504.5757751464844
480.72930908203125
495.9244384765625
468.9587097167969
495.5118408203125
522.8116455078125
488.60302734375
489.74578857421875
461.47186279296875
536.2042236328125
479.1355895996094
515.3688354492188
485.2635192871094
481.6743469238281
445.4654235839844
493.9447326660156
520.6165771484375
477.16949462890625
490.7436828613281
492.5671691894531
518.33349609375
472.37530517578125
495.2046813964844
516.7626342773438
428.929931640625
492.905517578125
503.2245178222656
472.43267822265625
529.795166015625
500.8567199707031
506.927978515625
471.3562927246094
528.68359375
490.5067443847656
518.968994140625
474.98736572265625
505.1251525878906
466.7871398925781
490.0123291015625
514.7225341796875
498.5614013671875
487.5863037109375
502.09637451171875
516.4129028320312
458.0160217285156
461.7657470703125
492.70556640625
493.7340087890625
473.6615295410156
454.8280029296875
477.7350158691406
476.8337097167969
495.23095703125
532.6426391601562
521.9228515625
484.7567443847656
504.546630859375
453.94232177734375
530.2584228515625
484.4520263671875
504.71319580078125
484.19598388671875
472.09539794921875
488.464599609375
442.15570068359375
497.5813293457031
520.891845703125
466.5416259765625
484.55426025390625
498.5340576171875
462.9218444824219
469.3598327636719
462.21185302734375
480.7501525878906
454.26031494140625
514.8502197265625
457.5871887207031
508.1845703125
458.3576354980469
495.4802551269531
461.92816162109375
444.03814697265625
453.13946533203125
465.88446044921875
495.4844970703125
523.3573608398438
469.3645935058594
454.3361511230469
484.26007080078125
459.599853515625
476.3805236816406
488.1302795410156
501.09942626953125
451.4682922363281
489.14752197265625
485.6268005371094
455.05694580078125
484.553466796875
479.531494140625
510.30755615234375
486.7552185058594
525.9598999023438
473.7918701171875
459.5113830566406
469.3906555175781
489.3744201660156
488.8958435058594
490.29388427734375
473.8298645019531
489.52154541015625
509.3629150390625
478.46514892578125
502.6735534667969
417.0792236328125
492.6180114746094
460.35455322265625
512.901611328125
488.36138916015625
487.3453674316406
474.4744873046875
504.83880615234375
499.2431335449219
520.957763671875
453.40118408203125
456.0736389160156
486.9541015625
440.55706787109375
519.8854370117188
469.4222106933594
487.54046630859375
478.76654052734375
506.9626159667969
478.3311767578125
495.59735107421875
468.74395751953125
479.859130859375
432.823974609375
503.5976867675781
454.64532470703125
485.08416748046875
475.5595703125
516.40234375
490.425048828125
486.6310119628906
477.4207763671875
495.4900207519531
549.388427734375
482.72576904296875
459.27801513671875
475.84539794921875
452.3169250488281
514.5944213867188
475.48187255859375
457.636474609375
438.042724609375
476.50225830078125
457.7862548828125
524.83544921875
487.95452880859375
474.766845703125
473.5072021484375
