5012.55020960034
6007.128573484219
4225.500887462469
5508.046372520475
5904.110327856919
4645.702780921536
6516.55020960034
4561.3086403543175
7228.588155153876
4580.046372520475
4692.05020960034
5499.3086403543175
4311.417755808472
6335.000887462469
6428.379348370114
4933.05020960034
6195.05020960034
4126.500887462469
5749.046372520475
4470.66327528744
7912.05020960034
9101.680905015408
6492.891296632669
4072.417755808472
5735.559243193404
3744.0463725204754
5584.05020960034
5434.046372520475
7293.841521481562
5322.780699289376
6964.545003295576
6184.185878117
6919.044407924869
4488.0641798907645
4745.55020960034
7198.674766340529
5766.01627988109
7678.55020960034
5691.875135470914
6426.500887462469
6011.827445578874
5986.945232628268
6666.069355561472
4238.752089944101
6573.702780921536
6058.500887462469
5667.546372520475
4106.500887462469
6809.088155153876
7021.000887462469
7097.55020960034
4459.060664593711
9135.546372520475
3677.2804531185875
5446.725806113558
7356.588155153876
4905.000887462469
7077.3712497309925
3937.088155153876
4246.546372520475
5705.610327856919
6236.0641798907645
5906.000887462469
5602.000887462469
5858.500887462469
6806.588155153876
4238.588155153876
4105.05020960034
6371.662586278926
6080.701226127572
6183.511807177762
6583.405012357332
5596.226405851703
6815.046372520475
5957.55020960034
4119.046372520475
3968.110327856919
6319.588155153876
4331.681689132825
5481.342537845528
4320.3086403543175
6609.546372520475
4314.55020960034
5561.5584231311705
6829.088155153876
7411.500887462469
7605.588155153876
6215.588155153876
6319.124131982433
4265.616079940915
5922.088155153876
5512.351611610094
4932.588155153876
4572.546372520475
5830.202780921536
5568.000887462469
6084.514501796066
6125.5641798907645
6196.588155153876
6526.673752383788
8869.00088746247
6144.330250130311
7485.55020960034
7181.501470892675
4099.32304048245
5878.088298861276
4397.0284995327465
4663.024135560835
5789.000887462469
6912.0641798907645
6447.046372520475
5634.905109191755
6870.391296632669
3495.560395761186
7325.05020960034
7807.500887462469
6031.702780921536
5884.679697237114
7153.15804712793
4608.5787678930365
5859.500887462469
5702.088298860433
5982.8864627613475
6434.05020960034
4790.046372520475
6651.55020960034
6537.546372520475
4943.000887462469
4174.695790900823
6539.55020960034
6120.440069634918
6139.0641798907645
5114.55020960034
4301.110327856919
6219.546372520475
4566.116079940915
6786.891296632669
5665.000887462469
4178.616079940915
5911.3086403543175
4528.917755808472
6466.588155153876
4204.841521481562
6319.046372520475
6488.0641798907645
6454.799496187363
5542.3086403543175
7007.088155153876
4519.046372520475
5857.145427286241
5815.1092958574645
4479.3086403543175
7337.202780921536
4499.3086403543175
6252.5641798907645
4233.55020960034
4490.046372520475
4531.717991742021
6589.128573484219
4559.088155153876
7860.293543337281
7815.5641798907645
6018.046372520475
7193.31887403495
4392.55020960034
4704.169703522939
7366.612274047012
5540.000887462469
5079.943065820073
6488.433231883981
4663.8967220730465
5681.000887462469
5550.110327856919
5277.822171888739
7286.55020960034
3920.088155153876
7290.994602903976
4294.500887462469
6316.53814984742
4635.841521481562
4692.046372520475
6829.417755808472
9082.128573484219
7220.295635446163
5782.0995090371025
4371.177731224177
6372.0641798907645
4637.338454868343
4664.414590956887
6473.417755808472
5803.046372520475
4116.586767437182
6870.05020960034
7770.5426761456465
5865.500887462469
6563.175919604636
7851.05020960034
5564.3086403543175
6430.580502820385
5993.088155153876
5416.630763046963
6350.05020960034
8341.55020960034
6753.55020960034
4607.886581585892
6204.088155153876
3611.5502096003397
6395.588155153876
6276.116079940915
6733.927803420128
5836.000887462469
4488.3086403543175
6785.500887462469
6577.500887462469
4637.546372520475
8416.55020960034
6882.980825040107
4455.617308498873
6209.5641798907645
4894.088155153876
7847.040437
7193.5641798907645
6908.546372520475
4189.500887462469
5724.804886256302
5656.55020960034
8256.088155153875
4725.524135560835
4102.3086403543175
4289.187962211652
4555.73854749458
7410.625380067151
6161.500887462469
7004.05020960034
6394.05020960034
6294.209274965016
6184.500887462469
4519.55020960034
5041.500887462469
5835.088155153876
4670.546372520475
5881.859223220262
5986.530155480638
5979.500887462469
4445.05020960034
6311.088155153876
6088.55020960034
6949.546372520475
5825.160910902688
5741.635580822462
6065.060395761186
4875.546372520475
6627.1413887242115
6117.500887462469
6754.55020960034
8195.116079940915
6242.616079940915
8919.05020960034
6691.656858624102
5276.360934600786
6540.610327856919
4127.628573484219
7250.617308498873
5704.000887462469
6840.000887462469
4169.255181897446
3965.5463725204754
4108.656135232058
4583.000887462469
7421.05020960034
6290.500887462469
7159.500887462469
6689.500887462469
7853.588155153876
6418.55020960034
8252.546372520475
6534.116079940915
4809.000887462469
4550.500887462469
5765.05020960034
5852.000887462469
5813.342111636137
8522.088155153875
4589.167715775556
6478.706689504815
5439.110327856919
4408.110327856919
4625.500887462469
7243.126126850277
6343.000887462469
5832.588155153876
4293.546372520475
6122.05020960034
5878.441388705163
5550.78832833882
5833.588155153876
4458.4081180372605
8616.55020960034
7068.05020960034
6186.546372520475
6081.05020960034
4227.546372520475
4485.088155153876
6548.55020960034
8791.05020960034
7953.05020960034
6074.0641798907645
5518.610327856919
4532.546372520475
4701.05020960034
5570.544786674381
6366.116079940915
3911.7053980800415
4683.000887462469
4425.500887462469
5610.538976897662
9036.808640354317
6722.706214045939
7782.55020960034
7661.500887462469
4978.55020960034
6289.088155153876
5808.546372520475
6684.546372520475
7422.088155153876
4339.29278680279
6956.05020960034
6039.588155153876
4545.55020960034
6309.3086403543175
6373.05020960034
8557.494602903975
5826.417755808472
6086.76904902035
6525.800924796033
4747.382269242048
6245.588155153876
6712.000887462469
6426.382269242048
4745.437976736285
6469.55020960034
7563.736721778334
7297.202190606148
6871.8086403543175
7046.112274047012
4038.0008874624696
6067.624131982433
7703.418437983831
5131.55020960034
6868.580502820385
8171.616079940915
6954.566533733139
6604.174099164232
5986.500887462469
4658.05020960034
4251.05020960034
5968.0641798907645
4314.8086403543175
8920.046372520475
6867.588155153876
8032.8086403543175
6465.55020960034
6025.000887462469
4381.918437983831
7518.588155153876
4101.726912750664
8015.90560899221
6029.000887462469
6346.0641798907645
5383.360934601988
6986.55020960034
7871.616079940915
7758.000887462469
4629.524135560835
6736.000887462469
6810.000887462469
5960.556335001653
5939.500887462469
4669.05020960034
5708.876120504929
6362.588155153876
7440.000887462469
4790.62374384745
7013.500887462469
7551.088155153876
4865.588155153876
6108.55020960034
7897.500887462469
6232.342111636137
4323.088155153876
7194.001050124788
5718.610327856919
8410.00088746247
6008.000887462469
6233.05020960034
4708.352209389281
4138.05020960034
6841.046372520475
6614.610327856919
7180.953944893984
5897.505984891294
5006.588155153876
7627.588155153876
5086.05020960034
5624.610327856919
8148.628573484219
5455.300208889434
6817.918437983831
4751.546372520475
6617.05020960034
6850.560395761186
7262.610327856919
6017.087310394815
5976.000887462469
6094.546372520475
6293.046372520475
5780.000887462469
4875.088155153876
7626.206689504815
4734.116079940915
6015.5289049245985
4202.8207810122
7892.000887462469
7098.671140633282
4690.841521481562
7912.132138547758
4607.588155153876
5924.000887462469
5586.726405851703
8598.05020960034
6278.046372520475
6964.616079940915
7078.1284606096115
6560.500887462469
5687.226399602983
8313.91843798383
4508.55020960034
6711.400663923348
4500.524135560835
7906.234259482991
5488.486563448394
6306.500887462469
7458.202780921536
4639.55020960034
6380.080502820385
5875.005984891294
6453.233850957561
7093.55020960034
8752.046372520475
4448.214185695378
6482.81887403495
6618.702780921536
5733.633035603222
4538.0641798907645
7629.046372520475
6268.341559027908
5537.277085357705
4512.588158200273
5047.128573484219
4212.046372520475
7257.110327856919
9038.604415047379
6335.117308498873
3939.0463725204754
6216.06219048557
5742.05020960034
4668.55020960034
6186.202780921536
6994.000887462469
6555.000887462469
5533.726405851703
4633.744380289711
6689.7327914042335
4339.588155153876
4264.000887462469
6334.478324783625
6997.275801656101
7188.1585577605465
5999.55020960034
6414.088155153876
6640.046372520475
6021.080502820385
4534.7142888318185
4819.206689504815
4513.046372520475
6238.132801168454
5079.55020960034
5508.000887462469
7324.55020960034
5693.52590783848
5935.418437983831
4215.1531919597155
6351.000887462469
6295.546372520475
5650.5229108103995
6537.888887132734
6800.546372520475
4857.05020960034
4766.616079940915
6250.55020960034
5593.8086403543175
4643.55020960034
4224.669374231309
8148.000887462469
7273.588155153876
4628.080502820385
7107.000887462469
6799.132138547758
5970.05020960034
6108.046372520475
6402.500887462469
6241.700767500655
6316.453944893984
4596.022157396778
7204.55020960034
6129.55020960034
6978.588155153876
6449.588155153876
3980.0463725204754
4172.000887462469
5820.8086403543175
6339.116079940915
8297.628573484219
7474.953944893984
6173.55020960034
4753.546372520475
4720.05020960034
6465.417755808472
7247.05020960034
6946.116079940915
5740.500887462469
7526.202780921536
3755.1585561128295
6252.588155153876
7898.533466882492
7719.588155153876
6085.557779032828
6305.080502820385
4421.524135560835
6040.55020960034
5704.6122704711515
5914.275091087546
5692.05020960034
7831.088155153876
4313.524135560835
6615.864591108125
6479.055847161867
7018.546372520475
6365.046372520475
5972.917755808472
6216.588155153876
4771.000887462469
5291.449166821444
6317.5641798907645
7001.7142888318185
4468.05020960034
5740.347789464341
5817.588155153876
5802.000887462469
6811.5641798907645
5400.001226790478
4620.918437983831
7486.443065820073
5743.128573484219
4487.500887462469
4506.524135560835
4649.000887462469
6518.500887462469
5693.3086403543175
5814.15387259491
7117.417755808472
4543.770127717049
6224.2142888318185
5898.546372520475
7432.341521481562
6025.088155153876
4600.616079940915
5647.583220949213
4016.088155153876
6506.616079940915
4888.55020960034
5773.8724116846915
6074.500887462469
4259.1122704711515
7262.088155153876
6742.580502820385
4932.55020960034
5439.085574789392
6358.588155153876
5489.8724116846915
6479.55020960034
6550.852209389281
6090.116079940915
5627.603435398859
6691.546372520475
5725.3405356503035
5591.05020960034
4349.145027047315
6096.5641798907645
6940.55020960034
5554.3086403543175
6646.05020960034
5860.860009686756
5736.046372520475
6695.3086403543175
4253.55020960034
3874.1321385477568
6727.275801656101
5868.168198470019
6297.616079940915
7008.8086403543175
5821.3086403543175
7652.917755808472
5379.110327856919
4632.000887462469
7927.55020960034
8010.142472214182
4452.000887462469
7639.500887462469
5520.585574790222
8025.046372520475
7142.3086403543175
5432.500887462469
6407.0641798907645
5103.05020960034
4925.500887462469
4246.55020960034
6543.046372520475
5989.116079940915
8068.088155153876
6033.500887462469
5715.610327856919
6387.116079940915
6618.046372520475
5453.085574790222
5803.05020960034
6496.546372520475
6047.05020960034
7976.55020960034
7475.000887462469
6422.8086403543175
7252.55020960034
4871.03814984742
3911.5008874624696
5863.088155153876
5754.088155153876
4643.411803344645
6737.282061225903
5718.013303755896
8048.110327856919
6790.610327856919
6284.588155153876
7707.500887462469
4542.3086403543175
8468.588155153875
7589.560395761186
5095.443065820073
7014.088155153876
5865.027766788185
4274.557461153759
8296.064179890765
6470.8086403543175
4211.000887462469
4720.3086403543175
7878.546372520475
3751.588155153876
5989.716862692227
7531.112274047012
5016.5641798907645
6409.2142888318185
4382.55020960034
6166.116079940915
5616.114203905413
6142.193498175351
8074.299496187363
5936.088155153876
6051.78127575111
6384.5641798907645
6333.5641798907645
7737.046372520475
4919.0641798907645
5594.000887462469
6112.616079940915
4146.05020960034
5847.629207192924
7461.546372520475
5984.355283189009
4504.187949685906
7046.580502820385
7629.244623178999
6066.624131982433
6060.938663075081
4849.546372520475
5756.639059302348
8076.500887462469
6327.05020960034
7053.080502820385
6086.05020960034
4319.409236804759
4833.05020960034
6378.55020960034
4320.500887462469
5663.110327856919
6779.000887462469
8059.000887462469
6100.6585561128295
5808.085574790222
4827.024135560835
6670.782061225903
6705.05020960034
6274.110327856919
6417.000887462469
5784.046372520475
6328.000887462469
5639.034732154836
4566.918437983831
6170.841521481562
4832.546372520475
6326.05020960034
6320.685878117
4203.763815096003
6264.088155153876
6933.088155153876
4360.588155153876
5369.090244392713
7948.202780921536
8666.63610586643
7332.799496187363
5870.357046470011
5952.577411511851
7135.000887462469
7140.000887462469
5771.580996323878
5926.060395761186
8440.00088746247
4723.546372520475
4907.067895962819
4274.5641798907645
5894.55020960034
6135.155278815836
6804.55020960034
6513.000887462469
4640.128573484219
6449.000887462469
5672.886790367721
6760.55020960034
5719.110327856919
6575.747959972593
4294.000911808265
4787.088155153876
7606.55020960034
5874.8086403543175
7889.994602903976
4804.546372520475
6371.203152959998
4578.025967592073
6859.55020960034
6158.441388705163
4650.546372520475
6860.843804500529
4723.000887462469
7720.000887462469
5120.55020960034
7939.500887462469
4705.088155153876
5440.6506692280045
4512.3086403543175
5524.000887462469
4710.55020960034
5214.55020960034
6869.3086403543175
5866.500887462469
6406.588155153876
6993.080502820385
5629.8086403543175
8217.55020960034
5781.261237117239
7578.658701131437
6966.174839606249
5781.5059848885085
6531.616079940915
4223.103552597323
7985.209274965016
3595.064179890765
5605.092963353164
7096.544215098422
4596.1681103188475
5767.046372520475
5750.525526438513
7686.046372520475
4942.453944893984
4828.088155153876
6770.8086403543175
6479.4143111944195
5917.55020960034
6681.110327856919
6023.088155153876
6289.116079940915
5924.5641798907645
4706.320705988612
7199.000887462469
3974.088155153876
7392.05020960034
4498.420328927805
6952.588155153876
4803.05020960034
6770.672203185915
4451.216123999173
4194.088155153876
5380.305178042738
6086.702780921536
5929.610327856919
6261.271086650656
5287.628573484219
6629.917755808472
7401.55020960034
4685.792786587881
5660.085574790222
6431.5641798907645
4802.2021906061445
4533.532999365082
6455.333811994119
4668.616079940915
4036.523963821993
5872.615101322265
6670.71491007708
4406.596945341369
4584.024135560835
4481.85273034211
7134.628573484219
7084.000887462469
4286.75719052815
5786.3086403543175
4172.05020960034
4853.21173654698
5754.212546677672
4500.453944893984
4782.5641798907645
8129.628573484219
6775.116079940915
6492.7021906061445
6664.514501796066
4727.088155153876
6209.179433017066
6439.596938297733
6007.71396696926
4343.524135560835
5781.702970145
6716.588155153876
6274.116079940915
6114.588155153876
5565.313131376653
5330.610327856919
6032.046372520475
6388.000887462469
3827.7710866506563
4280.10441504739
4611.610327856919
6142.088155153876
6473.05020960034
4217.90865387685
4066.0502096003397
6636.391296632669
5814.110327856919
6961.5641798907645
5712.04639609739
6186.471541874176
6171.440069622064
5591.610327856919
5944.418437983831
5978.778705327615
6098.702190606148
4706.616079940915
5761.673620641297
4638.152039621195
5517.226405851703
4921.55020960034
6265.5641798907645
6009.21124347596
4769.088155153876
5597.949132854931
6056.107734628446
5327.049563268353
4696.046372520475
5568.753490800945
7024.55020960034
4354.05020960034
6428.088155153876
5847.500887462469
6699.936967100888
7850.275801656101
7533.046372520475
5792.202780921536
4381.588155153876
5815.080502820385
6259.68980693401
5762.8086403543175
7706.088155153876
5006.546372520475
4114.524135560835
4427.000887462469
7107.503916979312
6549.05020960034
5103.000887462469
6279.05020960034
7699.720659549349
4553.500887462469
4133.159589976736
6043.55020960034
4944.116079940915
4201.500887462469
4788.05020960034
5507.00396289776
5986.128573484219
5741.585574790222
6373.046372520475
6293.312093208518
5506.987341370273
6786.706689504815
4583.610327856919
5876.546372520475
6584.244623178999
6848.3086403543175
3841.6662537041175
4503.588155153876
4419.336720897651
6251.110327856919
4153.41843798383
6803.000887462469
5681.080502820385
6119.05020960034
6757.55020960034
5954.000887462469
5956.55020960034
4557.610327856919
5735.500887462469
4816.500887462469
5946.000887462469
4557.542020449289
6971.8086403543175
4543.042472333694
5877.500887462469
4672.000887462469
4302.953944893983
7164.586505102542
5857.000887462469
5633.00340728588
5562.205800955284
5823.8086403543175
5531.7548546774115
5273.55020960034
5919.168437351345
6487.0641798907645
5756.000887462469
6372.893462651196
6062.500887462469
6145.588155153876
4677.5304954009325
4158.546372520475
7154.279720589086
4825.046372520475
4497.046372520475
6420.616079940915
4416.546372520475
6292.861336500408
6420.852209389281
6401.55020960034
5396.000887462469
5860.55020960034
5963.000887462469
4455.0641798907645
4072.5502096003397
4787.000887462469
6509.55020960034
4861.5641798907645
4360.05020960034
7565.616079940915
6596.202780921536
5933.500887462469
5636.6408659797125
5835.051066849015
5862.875135470914
5823.453388259815
5931.046372520475
5491.205800955284
4722.046372520475
6514.571546679369
6285.000887462469
6611.030662393755
4525.869839143833
5048.55020960034
6274.500887462469
4484.813369939472
5772.386462763433
6777.088155153876
5414.038665754991
6111.9106748373715
6323.5641798907645
6800.55020960034
4272.500887462469
4105.064179890765
4033.5008874624696
5750.091699089023
4706.882269242048
4394.500887462469
3999.6284606096115
6184.088155153876
4292.772429587185
6256.275091087546
4439.417755808472
6032.176037623031
4584.710439881403
6656.9432535158185
7349.000887462469
5629.000887462469
6160.144535150713
6340.194935251453
4527.175082234106
4726.3086403543175
4362.500887462469
4643.571653021318
4527.506985698236
5689.726405851703
4838.009382438636
7576.110327856919
4448.695206806496
8537.50088746247
4896.116079940915
4553.926709523277
6246.917755808472
5894.736591996291
5962.546372520475
4664.546372520475
4849.55020960034
8147.382269242048
4846.05020960034
4325.714288831818
4649.974225893416
3626.5008874624696
4372.623576567556
5583.782061225903
4811.0641798907645
4424.702780921536
6508.046372520475
4786.546372520475
6353.417755808472
5506.038442038647
4837.088155153876
4632.6122704711515
4657.702780921536
5924.000887462469
4263.046372520475
6295.000887462469
5566.556302589532
7051.3086403543175
4898.55020960034
4338.610327856919
6407.088155153876
4333.110327856919
4874.616079940915
6609.3086403543175
5951.000887462469
4463.046372520475
6641.05020960034
7617.088155153876
4299.689038569358
5896.0641798907645
7788.546372520475
5931.652581326742
5801.55020960034
4576.128573484219
6079.116079940915
5747.523945345643
5385.372411685902
6023.8086403543175
5761.681128991236
6931.05020960034
6110.940069634918
5384.168084544621
4769.36865589455
4306.271086650656
7149.000887462469
6126.546372520475
6700.500887462469
6592.418437983831
4472.046372520475
4661.124562042958
6925.7142888318185
4961.55020960034
4493.588155153876
6774.000887462469
6474.08457605129
6392.546372520475
6816.546372520475
4390.3086403543175
6161.500887462469
5988.042740280133
6953.046372520475
7801.275801656101
4806.500887462469
4573.5304954009325
6167.7639788961515
5894.903222078111
7190.588155153876
5580.590229858138
5225.68924047319
4922.046372520475
4084.7750910875425
5740.546372520475
4269.843592706985
4201.66498355403
5423.726399602983
4148.616834045716
6514.05020960034
4267.069683027029
5007.55020960034
6086.088155153876
5370.085574789392
4678.55020960034
4675.2142888318185
4753.610327856919
6170.628573484219
7243.546372520475
6099.361222219973
5913.702780921536
6470.352209389281
4464.588155153876
6004.046857859908
6438.000887462469
5958.341521481562
4181.0641798907645
4812.3086403543175
5546.360934601988
5860.55020960034
4502.588155153876
5880.47544422272
4533.610327856919
5750.18627228016
5450.546372520475
5604.500887462469
7210.046372520475
6240.500887462469
6129.55020960034
4426.046372520475
7530.695831837597
5869.500887462469
5788.007818650053
7149.116079940915
6021.852209389281
4326.092969237079
4624.688384075907
4554.852209389281
5817.418437983831
5436.730102033239
4523.088155153876
4395.418437983831
5597.585574789392
4521.55020960034
4501.046372520475
4460.7230456553625
6769.375849310722
6301.55020960034
6288.116079940915
6628.616079940915
6872.55020960034
4690.546372520475
5899.588155153876
6559.616079940915
4543.500887462469
6265.5641798907645
4593.8086403543175
6444.124131982433
6402.202780921536
6207.116079940915
4524.687962211652
5727.080502820385
4337.063418746537
6526.588155153876
6730.5641798907645
6148.375135470914
4337.110327856919
4784.624131982433
5937.944881633875
4578.05020960034
6678.5641798907645
4810.55020960034
4639.546372520475
4919.110327856919
4366.122687284208
5850.546372520475
4457.000887462469
6072.55020960034
4103.05020960034
3999.0008874624696
7693.088155153876
6127.198048785074
4857.5641798907645
5750.610327856919
5161.628573484219
4237.547924925523
4691.588155153876
5852.112991993266
7477.088155153876
5771.3280336435055
4335.000887462469
6046.500887462469
5916.05020960034
4868.55020960034
6067.610327856919
7178.616079940915
4451.05020960034
8192.888887132733
5903.795803150436
4496.799496187362
4995.000887462469
6680.392399482906
5918.5918334834505
5909.55020960034
6278.775091087546
4664.55020960034
4269.838193182124
7204.110327856919
7674.716363021441
4514.518545383204
4274.500887462469
4907.259367378936
6609.610327856919
7644.616079940915
4574.200512723866
5858.386462763433
4565.05020960034
5566.337457609515
7629.046372520475
6185.341521481562
5488.085574790222
5525.503962896693
5790.500887462469
7128.616079940915
4861.500887462469
5821.000887462469
4514.268918323882
4598.55020960034
6116.046372520475
5689.046860811302
7052.8086403543175
4777.55020960034
4657.278706869038
6863.3086403543175
4729.546372520475
5998.96564818303
6379.05020960034
6556.580502820385
4655.524135560835
4231.178974770904
6793.05020960034
4243.918437983831
8177.116079940915
4385.918437983831
6211.088155153876
4471.359062720846
6162.500887462469
5455.710756786371
4942.180937758053
6108.453944893984
5365.1788743255765
6522.863609305619
7783.0641798907645
4581.046372520475
6217.582810252447
7095.55020960034
6260.046372520475
5865.2058009541015
6345.000887462469
4891.994602903976
4641.546372520475
4650.55020960034
7074.500887462469
5779.110327856919
6919.775801656101
5555.085574790222
4619.000887462469
7573.551376807461
5982.000887462469
5952.05020960034
7006.046372520475
4622.55020960034
5494.102719168204
4237.112274047012
6761.55020960034
5945.088155153876
4259.024135560835
4383.5304954009325
5679.088298861276
7588.588155153876
6674.046372520475
5532.827445578874
6421.551478056689
4888.05020960034
4540.05020960034
4469.707534470078
6429.05020960034
4800.524135560835
4014.588155153876
5743.3086403543175
5813.870220077494
4430.3791248281095
4717.588155153876
5804.085574790222
6187.080502820385
4427.355788863371
4899.024135560835
7965.500887462469
6318.55020960034
6300.917755808472
5606.226405851703
7016.04084967531
4564.588155153876
6549.088155153876
6168.546372520475
4427.55020960034
6629.500887462469
6231.3086403543175
4409.594004343672
6026.546372520475
4926.203152959998
6028.917755808472
4488.0641798907645
4797.588155153876
5957.088155153876
3881.0502096003397
5675.5918334834505
7293.55020960034
5588.3086403543175
4725.271086650656
6853.088155153876
4709.046372520475
5800.55020960034
5781.1122704711515
5472.322423054342
4837.53814984742
4411.275801656099
6186.500887462469
5729.588155153876
3852.0463725204754
6401.546372520475
4389.588155153876
6164.000887462469
6029.55020960034
7004.546372520475
5446.56713032431
6088.588155153876
4438.156135232058
6829.275801656101
4501.066239161439
7007.437976736285
6148.500887462469
6435.616079940915
5428.7264058488945
6408.588099138915
4571.110327856919
4784.180905015407
6393.088155153876
4496.05020960034
4728.616079940915
6322.05020960034
5831.610327856919
4871.55020960034
6234.500887462469
5778.363131704558
5839.000887462469
5812.256721319283
5904.142090487357
5945.0229108103995
4699.55020960034
4381.709274965016
4630.001470892675
6506.6915961225595
4236.283804167579
4892.05020960034
5530.626901579654
4870.05020960034
5616.546372520475
5844.588155153876
4589.352209389281
4623.55020960034
5090.05020960034
4536.01180554487
6676.588155153876
5708.610327856919
6079.05020960034
4418.088155153876
4476.024135560835
6789.110327856919
4725.552431702334
4732.418437983831
5988.088155153876
6474.000887462469
4678.206689504815
4705.385351870913
4761.116079940915
4379.610327856919
4531.55020960034
5482.903559223386
4613.616079940915
4703.057065256813
3955.5008874624696
6065.536307521199
5607.788330369265
4183.292988340495
5311.717745176901
6075.8086403543175
4570.616079940915
5954.088298860433
5873.55020960034
6249.500887462469
4744.088155153876
6007.128573484219
6057.500887462469
5914.536143393119
4079.5463725204754
3864.225742889472
5975.5641798907645
6327.0641798907645
6077.588155153876
5250.000887462469
6377.0641798907645
4595.05020960034
5475.929335253547
5741.046372520475
5757.313131389624
4705.046372520475
5953.046372520475
5366.569086508561
6147.650451036706
4783.918437983831
4327.05020960034
5523.187365155881
6901.628573484219
5657.417755808472
4694.408036121841
5677.610327856919
6228.046372520475
5905.588155153876
4788.588155153876
4035.0008874624696
4804.116079940915
6429.10441504739
6193.088155153876
4415.000887462469
7723.000887462469
5751.500887462469
4437.126430969142
4018.426626255172
5748.05020960034
4798.000887462469
6616.937976736285
4674.500887462469
4666.05020960034
6055.3086403543175
6995.3086403543175
4370.308004112513
3958.5008874624696
6444.01503225387
4030.5502096003397
4569.0641798907645
4673.168045409336
6672.588155153876
4217.046372520475
4332.327458994836
6539.3086403543175
5334.085574790222
4540.283734328812
5527.05020960034
4215.710185615194
6877.05020960034
4283.588155153876
4723.546372520475
6367.040437
5869.088155153876
4587.616895753832
7557.55020960034
5798.190335426814
5519.610327856919
4592.05020960034
4744.7021906061445
5625.8086403543175
4612.046372520475
4438.610327856919
5678.226405851703
3975.5463725204754
6122.588155153876
7045.2142888318185
4288.000887462469
4394.147029474419
4157.626109883324
4667.543751830166
7123.046372520475
4473.16327528744
4171.8086403543175
4382.0400718836945
6372.918437983831
6279.110327856919
6890.3086403543175
4552.228423005239
7202.0904192257985
5783.500887462469
5732.088298861276
6092.599887930394
4208.110327856919
4716.500887462469
4425.088155153876
6153.500887462469
6349.588155153876
4733.571521343304
6471.546372520475
4781.088155153876
6326.060395761186
4335.963354725337
5431.372411685902
6218.901689163885
4786.116079940915
4093.524135560835
3908.610327856919
5211.05020960034
4237.917755808472
5951.000887462469
4341.500887462469
5904.088155153876
4002.702780921536
6432.616079940915
4019.2021906061464
4521.588155153876
4896.741787084965
5319.054241401004
4753.55608433891
5743.525489362397
6670.088155153876
4363.05020960034
4487.706689504815
4456.852209389281
4319.54366774319
6112.116079940915
6022.55020960034
5048.588155153876
6153.9843440352515
5833.417755808472
6200.500887462469
6606.503916979312
5716.080502820385
4763.546372520475
6339.841521481562
5932.566372452358
6770.588155153876
4800.046372520475
4305.046372520475
3993.0502096003397
4715.500887462469
5927.536307521199
5983.78523202004
5509.615151447264
6027.6585561128295
6371.116079940915
3931.588155153876
3889.192409217691
4038.5463725204754
6914.610327856919
6039.500887462469
5589.650669228939
4533.610327856919
4594.588155153876
4792.104978560676
4438.341521481562
4171.338867092503
6191.917755808472
4394.55020960034
4204.588155153876
5619.500887462469
9158.50088746247
5840.809344324911
5406.246375835722
4698.3537578261
7128.588155153876
4415.800924796033
4410.617308498873
6463.588155153876
5728.63932615316
6694.500887462469
4178.980158102922
4596.55020960034
6618.05020960034
5825.594655937371
5805.55020960034
8173.206689504815
4288.075391638345
5822.31849122742
6979.4461551503
4853.55020960034
5829.340218102569
4768.546372520475
6220.588155153876
5704.610327856919
4429.708513458629
5874.000887462469
6746.546372520475
4203.55020960034
5582.726399602983
5728.665356042547
5746.5746795925315
3841.8415214815623
4732.467176906297
6033.536254462854
4383.125490919868
6002.875849310722
5504.903559219367
4302.55020960034
5573.085574790222
4340.610327856919
5083.110327856919
6106.546372520475
5576.546372520475
5503.023186178509
7231.088155153876
4539.560395761186
5947.128573484219
5913.000887462469
5478.417755808472
6025.2744082106265
5926.000887462469
4669.088155153876
5753.000887462469
5581.372411685902
5955.128573484219
6723.116079940915
4463.05020960034
5466.987341370273
4298.130780517103
4289.022157396777
5591.500887462469
4890.05020960034
6944.500887462469
4849.55020960034
5501.579862690834
5883.500887462469
4484.024135560835
7729.900521142582
4497.500887462469
5528.065362581708
4470.500887462469
4378.500887462469
7311.580502820385
5530.115416907072
4645.088155153876
5814.55020960034
6725.55020960034
4521.55020960034
4866.05020960034
6687.256708198859
5601.585574790222
6595.088155153876
4409.2601693758
4894.2142888318185
5591.588298861276
4935.55020960034
5199.05020960034
6321.05020960034
4390.829098930833
3911.5502096003397
4053.00143184212
3921.370778124122
7543.387453368889
6033.116079940915
4835.000887462469
4673.110327856919
5751.026908716439
5548.173167169176
5620.610469173799
6061.046372520475
7061.046372520475
5822.085574789392
6730.088155153876
4290.0641798907645
5695.546372520475
6331.530662393755
5809.012455984354
4674.385537160634
5602.05020960034
6280.043043954151
6503.977243568279
4661.046372520475
6579.275801656101
4913.0641798907645
3839.8086403543175
5191.500887462469
5414.300741476154
5824.8086403543175
5793.588155153876
5115.05020960034
4913.05020960034
4864.0998453377215
4188.681888361353
4480.046372520475
3978.8790666226823
4419.55020960034
4726.000887462469
5708.000887462469
6913.900183157847
6275.588155153876
6730.55020960034
4128.046372520475
7787.88086560521
6608.841521481562
6149.031611978127
5695.588298861276
4081.5463725204754
4852.05020960034
4855.500887462469
4645.341521481562
4174.888792171796
4902.116079940915
5986.046372520475
4085.588155153876
4962.05020960034
4492.046372520475
7577.588155153876
4580.500887462469
3987.5004434357575
4597.610327856919
6152.588155153876
4283.080502820383
7040.743820501722
5552.3086403543175
4626.046372520475
4459.05020960034
4248.917755808472
6991.8086403543175
3985.0502096003397
4327.546372520475
6564.55020960034
4800.04084967531
4361.000911808265
6798.3086403543175
5945.500887462469
6482.341521481562
6340.3086403543175
4340.524135560835
4414.090630979503
6801.546372520475
4491.616079940915
5701.55020960034
4574.049564009554
4723.417755808472
4889.05020960034
3849.7929364596625
5775.05020960034
6762.706689504815
5954.188488922248
4879.500887462469
4602.5736640667255
4371.024135560835
6652.116079940915
4666.610327856919
6921.55020960034
4141.3434655346755
4663.4529624621655
6460.546372520475
6277.546372520475
6875.010267577555
6945.000887462469
4749.8086403543175
5876.080502820385
6283.116079940915
4710.075950305442
5907.000887462469
4794.77551240231
4502.116079940915
6252.417755808472
4836.588155153876
4677.588155153876
4184.443253515819
5539.610327856919
4329.0641798907645
4633.8086403543175
4261.50350590551
4248.114519287789
4700.55020960034
6119.088155153876
5692.486317458552
4793.2021906061445
4299.046372520475
5880.05020960034
5922.110327856919
4509.046372520475
4296.392325561169
4668.1235765675565
5869.0510668482575
4314.110327856919
5993.795635446163
4509.841521481562
6188.099887930394
4383.588155153876
6300.414590956887
6204.840420334934
4822.000887462469
4024.6561352320577
6847.013624089057
4328.417755808472
6778.381278934422
6844.616079940915
6134.088155153876
4474.000887462469
7444.046372520475
6019.588155153876
4412.046372520475
6687.55020960034
6442.046372520475
5890.046372520475
6541.046372520475
6233.275801656101
6252.244623178999
4301.55020960034
5818.500887462469
5510.588298860433
4579.55020960034
6390.503635138113
3720.0502096003397
4199.580502820383
4808.55020960034
4309.046372520475
4351.088155153876
4659.05020960034
6015.726405851703
4720.448101931378
4711.05020960034
4477.588155153876
4706.088155153876
4599.5641798907645
4318.542676145646
4611.1122704711515
4311.588155153876
5739.05020960034
4963.046372520475
5758.547888893851
6297.55020960034
6223.55007556367
4521.342589463994
4817.775801656101
4546.05020960034
5749.046372520475
5041.088155153876
4207.0948018026875
6380.116079940915
6430.616079940915
4345.071903281492
5428.901644222543
6085.110327856919
4209.000887462469
6578.040169145104
4703.146893060646
5664.55020960034
4404.612274047012
6008.6987967343875
4597.616079940915
6434.628573484219
6280.112274047012
5664.500887462469
5583.143829741341
3974.110327856919
4214.104415047389
4298.040436999998
5660.110327856919
4464.55020960034
4628.841521481562
4562.318164444819
5754.510725732148
5954.202780921536
4251.55020960034
4792.128573484219
6033.55020960034
6374.702190606148
4494.295635446163
4588.55020960034
6086.05020960034
4168.610327856919
4606.3237978804245
4816.275801656101
6268.124131982433
4967.628573484219
4830.546372520475
4807.05020960034
5704.55020960034
6701.200767500655
6621.735604620797
5671.109608101063
4617.417755808472
4171.1619597840045
4038.0463725204754
5590.546372520475
6918.05020960034
4735.55020960034
4104.610327856919
6194.3086403543175
6931.088155153876
4688.05020960034
5874.796334326754
4761.917755808472
6300.55020960034
4897.05020960034
4665.3086403543175
4311.000887462469
4419.524135560835
4443.313369939472
4678.000887462469
4583.05020960034
4896.443065820073
4409.871928459072
3870.0008874624696
4516.417755808472
5610.000887462469
4613.8086403543175
4245.046372520475
3974.5502096003397
4159.6619597840045
6078.060395761186
5849.55020960034
7283.750982396824
4566.32304048245
4315.046372520475
6152.000887462469
6263.616079940915
4235.116079940915
5963.088155153876
5559.546372520475
4509.55020960034
4706.375849310722
4762.05020960034
7159.60441504739
5585.086768520738
4163.567209689565
4663.546372520475
4532.088155153876
5591.615786905993
4476.55020960034
4610.05020960034
5647.546372520475
4501.024135560835
5488.046372520475
4822.05020960034
4292.1648650130155
4637.002342430694
4984.05020960034
4263.827458994836
6286.560395761186
4806.088155153876
5788.588155153876
4175.580502820383
4426.55020960034
4752.088155153876
4761.55020960034
6060.116079940915
5707.226405851703
4559.852209389281
4820.55020960034
4685.3086403543175
4929.709902356847
6923.116079940915
6124.500887462469
6095.500887462469
6420.000887462469
4774.841521481562
4783.000887462469
6360.388984068334
4521.16143929293
4608.285629097345
4514.192881239921
5883.1162490502375
6325.55020960034
4787.500887462469
4358.616079940915
6029.0801349141875
5401.090244392713
3885.5008874624696
5035.05020960034
4684.379066622682
3941.5502096003397
5311.500887462469
4436.05020960034
4795.574198866138
5634.8086403543175
7212.116079940915
4294.130096312384
6228.20378795582
4872.000887462469
6655.570699506154
5371.872411685902
4055.8086403543175
4492.116079940915
4359.588155153876
6244.046372520475
5683.242642513777
6003.088298860433
4737.05020960034
4227.55020960034
4309.580502820385
4367.543867099152
4731.8086403543175
4239.610327856919
4565.31849122742
5580.55020960034
4256.068940536292
6447.616079940915
5702.05020960034
5950.546372520475
6457.588155153876
6157.889092265994
4768.011336899548
4129.05020960034
5791.045541625343
4749.5641798907645
6809.3086403543175
5025.088155153876
4204.000887462469
4737.000887462469
4420.66810793678
6244.428648191378
4799.740551212161
4624.250716419037
5532.046372520475
6862.55020960034
4783.77782625241
4047.564179890765
4756.771086650656
4634.885537160634
4900.55020960034
6407.706689504815
6895.480158102922
6682.55020960034
4366.046372520475
4104.588155153876
4022.60551539028
4562.66512406079
4558.500887462469
5591.500887462469
4855.088155153876
6182.55020960034
5637.046372520475
5674.452392075857
4328.417755808472
4790.55020960034
6323.31887403495
4002.0502096003397
4482.764121937972
6618.1122704711515
5557.55020960034
6214.116079940915
4767.55020960034
6034.05020960034
4157.86865589455
4821.110327856919
6033.841521481562
5472.000887462469
4150.55020960034
4986.05020960034
4495.5
4357.66327528744
4262.813369939472
4321.05020960034
4443.917755808472
4081.0502096003397
4308.051124187977
4044.938557492965
5021.500887462469
4322.443065820073
5672.440069634918
5808.910141145246
4805.551376807461
5108.046372520475
4677.656658430152
6121.813369939472
4375.55020960034
5843.7872922211845
4761.000887462469
4574.588155153876
5754.0510668482575
4578.4119205806155
4002.1268635953907
4934.05020960034
5835.500159359178
4528.588155153876
6590.0641798907645
4082.199185334396
6339.55020960034
6965.715497191794
4515.110327856919
5672.487341370273
4226.05020960034
4607.500887462469
4334.524135560835
6248.116079940915
4258.024135560835
3962.1173084988727
4556.524135560835
4861.500887462469
4862.588155153876
4630.3086403543175
4343.05020960034
3980.5008874624696
6501.05020960034
6501.55020960034
6158.0641798907645
4980.046372520475
4433.05020960034
6049.046372520475
4830.046372520475
4145.588155153876
4124.05020960034
4752.610327856919
5891.088155153876
4656.610327856919
4688.546372520475
4360.78499493044
4359.522812820023
4676.275801656101
4572.685431855678
5616.452392077203
6045.588155153876
3886.0008874624696
5332.803567137409
4013.5951523081444
5048.205525116051
6083.723211512244
4440.024135560835
6287.5641798907645
6184.05020960034
4292.0641798907645
6251.620365504785
7720.8086403543175
4625.74543326307
5469.000887462469
5760.672262072466
5301.705800955284
4347.202780921536
4530.588155153876
5432.610327856919
4291.437976736285
5792.085574790222
4309.769429756985
5773.6096081002315
6207.909418906883
5876.546372520475
7073.05020960034
4636.3994687373
6431.05020960034
4269.110327856919
5531.8086403543175
6837.05020960034
5742.588155153876
4720.500887462469
6505.375849310722
4350.124131982433
4027.588155153876
5300.78833037
4255.852209389281
4325.8086403543175
5602.952392075857
4715.7142888318185
5991.05020960034
6400.938728920476
5925.417755808472
5948.000887462469
4283.55020960034
5619.726405851703
5610.83980688279
4383.500887462469
4567.05020960034
4109.500887462469
4903.546372520475
4676.671763636345
4334.116058599508
6748.088155153876
4562.706689504815
6587.051376807461
4328.616079940915
4462.628573484219
5683.449139785037
4824.088155153876
3845.4858887978503
4295.05020960034
3868.191142983537
5829.917755808472
4558.55020960034
3881.0502096003397
3756.110327856919
4759.417755808472
4713.05020960034
6629.352209389281
6120.05020960034
4542.55020960034
5376.92564563801
4573.55020960034
4361.463425904045
6092.640182885347
4188.92069830298
4645.669269858401
6018.55020960034
6212.0641798907645
6590.088155153876
5408.710900397162
5949.588155153876
5635.2832415551775
4638.616079940915
3996.112860511234
6740.7142888318185
4689.588155153876
5097.05020960034
5485.872411685902
6145.500887462469
6408.206689504815
4739.55020960034
4257.566112064811
7368.55020960034
4909.05020960034
4879.55020960034
4339.67677052665
4007.0089217468967
4645.05020960034
6685.088155153876
6261.05020960034
4411.624131982433
5738.588298861276
5692.872411685902
4227.05020960034
3641.8230404824494
4598.116079940915
5932.588155153876
4814.0641798907645
5706.116079940915
5023.55020960034
3989.088155153876
6361.546372520475
7762.3086403543175
4517.588155153876
4646.6585577605465
4165.992350689454
4684.500887462469
4074.055363556959
4737.046372520475
5601.5059848885085
4527.897221086418
3819.5502096003397
4319.480158102923
6265.841521481562
4479.140036900112
4091.088155153876
4514.55020960034
5530.232433932826
4671.55020960034
5534.046372520475
4258.000887462469
4558.110327856919
5931.05020960034
5550.088298861276
4734.624131982433
5769.610327856919
4493.8086403543175
5675.05020960034
6683.22318918921
5803.000887462469
4513.088155153876
5502.085574790222
4637.530853096784
4894.453944893984
4000.1321385477568
5709.05020960034
4702.128573484219
5680.487229590175
4522.110327856919
4813.05020960034
5546.516687455392
4561.841521481562
4560.682985915983
4521.588135124906
5993.739608402379
4305.05020960034
3950.959368439068
6004.588155153876
4205.3086403543175
4608.05020960034
6109.917755808472
3845.917755808472
7036.523354592093
4584.088155153876
4991.024135560835
4610.580502820385
4383.900183157845
6966.546372520475
4558.046372520475
4260.900379563456
4118.524135560835
3941.001881329029
5560.060395761186
7327.55020960034
5954.000887462469
7340.000887462469
5878.046372520475
4333.5641798907645
6249.088155153876
5919.046372520475
5023.588155153876
5907.05020960034
5396.000887462469
4021.3698391438325
6028.694935251453
5942.588155153876
4674.780801465794
4740.588155153876
6440.046372520475
5972.998312223497
5572.109958004795
6265.55020960034
6419.500887462469
4590.917755808472
5980.906059303467
6100.05020960034
4485.500887462469
4192.580502820383
4735.05020960034
4483.55020960034
6037.706689504815
5073.128573484219
6492.862198775847
5726.998312223497
5652.585574790222
4522.119600070948
4593.046372520475
4821.088155153876
5054.628573484219
4170.3086403543175
4353.110327856919
3993.5008874624696
4650.05020960034
5565.44365304048
5839.046372520475
4275.8086403543175
3935.5008874624696
6332.55020960034
6020.588155153876
4595.500887462469
6656.05020960034
6701.55020960034
3679.8415214815623
4045.0463725204754
4892.703152959998
4733.588155153876
4616.327458994836
4862.610327856919
4324.588155153876
4139.3086403543175
5973.05020960034
5486.000887462469
4409.000887462469
6524.917755808472
4030.2313405770165
5392.205800955284
5700.546372520475
6444.736591996291
4580.088155153876
4261.10441504739
4966.05020960034
4213.000887462469
6105.088155153876
3988.5008874624696
5576.546372520475
4917.55020960034
5621.000887462469
4445.500887462469
4610.299496187363
5522.702675168852
5735.55020960034
4791.588155153876
4692.088155153876
4527.088155153876
5455.000887462469
5592.588298861276
4581.000887462469
4117.693677281121
6306.05020960034
5604.546372520475
4489.05020960034
4384.500887462469
6313.580502820385
4541.588155153876
4793.588155153876
6314.616079940915
4656.8086403543175
4808.588155153876
5939.55020960034
4885.5641798907645
4571.110327856919
4557.500887462469
5728.500887462469
4873.05020960034
4228.1585577605465
5671.6622417783465
5779.636885337758
4399.500887462469
4126.164852629756
4883.024135560835
4703.610327856919
5074.05020960034
4044.7532165859716
3831.5463725204754
4100.3990013455605
4816.000887462469
5753.046372520475
4486.000887462469
4808.088155153876
4611.000887462469
6490.046372520475
4941.0641798907645
5748.352209389281
6101.1122704711515
4963.546372520475
4768.16181479648
4064.8415214815623
5634.55020960034
5476.6978495038575
4326.046372520475
4600.55020960034
4155.1585561128295
4182.8086403543175
6284.0059848885085
5681.930947724533
4304.046372520475
4486.128573484219
5025.55020960034
5965.110327856919
4626.110327856919
5635.000887462469
5472.78833037
4173.024135560835
4665.8086403543175
4606.116079940915
4027.661959784004
4757.734259482991
4608.114565775422
5872.852209389281
4465.588155153876
6184.546372520475
4405.55020960034
4808.588155153876
4919.000887462469
4298.04366774319
5824.686129498614
4469.974104786573
4729.088155153876
4474.6122704711515
5659.261496662531
4528.382269242048
4678.55020960034
4300.05020960034
4856.588155153876
3740.0008874624696
4672.546372520475
4644.500887462469
4118.202190606146
5903.302713819573
4222.500887462469
4665.845956946821
4343.05020960034
4003.0008874624696
5518.7485460682055
4236.341521481562
4074.0293966741306
4871.2142888318185
6583.6122704711515
5743.005984891294
4344.088155153876
6393.55020960034
4282.500887462469
4430.6619597840045
4884.05020960034
3996.588155153876
6523.500887462469
4253.741315028178
5588.054241401004
5586.500887462469
3844.8522093892802
5935.609608101063
6184.546372520475
4300.546372520475
3962.9481019313807
4730.500887462469
4472.55020960034
5613.487341369252
6015.375135470914
4478.948468489609
4674.046372520475
4455.05020960034
4525.046372520475
4380.815373918462
4726.55020960034
5589.191489539758
5464.085574789392
4680.546372520475
5611.789499227219
4030.202780921536
4212.0007717369535
4032.5502096003397
4141.0641798907645
4542.05020960034
4661.3086403543175
4168.000887462469
4926.546372520475
5524.782673411908
4702.3822838518345
6212.918437983831
4645.226731246796
4275.067555527941
4649.7142888318185
7125.775801656101
3947.075324543018
4340.628573484219
4962.046372520475
3900.024135560835
4320.787174074187
4259.0641798907645
4421.270841917422
3864.400521142583
4167.000887462469
4339.546372520475
4045.564179890765
3896.613140724477
4253.000887462469
3815.5463725204754
6748.500887462469
4768.500887462469
4334.906091358972
4298.658358682247
4770.000887462469
4713.8086403543175
3859.4183263411114
5568.500887462469
4120.852209389281
4471.024135560835
4568.55020960034
4676.8086403543175
3637.6007439797513
4134.024135560835
4828.3086403543175
4866.05020960034
3523.3389488152343
4587.8980666483885
4729.500887462469
4524.05020960034
4727.256708198859
4947.546372520475
4436.524135560835
3940.0502096003397
5692.987341370273
4964.546372520475
4637.282061225903
5924.632138547758
4499.55020960034
4327.000887462469
4681.813369939472
5846.926352950357
4393.145027047315
5815.059089430117
5572.726399602983
3988.564179890765
5485.647758441134
4531.000887462469
4389.500887462469
4372.185214063567
4312.024135560835
4377.05020960034
5944.117308498873
3635.8645911081235
4184.037722553675
4035.588155153876
4557.700767500655
4627.869839143833
6411.046372520475
4561.775801656101
5405.500887462469
5563.588298861276
4497.544887320106
4611.560395761186
3925.628573484218
4349.047199883176
4495.110327856919
4876.610327856919
4326.588155153876
5651.615151449325
4182.86865589455
3944.0008874624696
4171.546372520475
5583.585574790222
4158.012698942766
4189.336173428633
4168.524135560835
4304.0641798907645
5418.512200244969
5605.875135470914
4382.917755808472
4298.191355686315
4196.524135560835
4699.282061225903
6007.529070659569
6252.05020960034
4700.832068270618
4510.000887462469
4251.110327856919
4610.352209389281
4260.6585561128295
4272.419922941707
5527.933366828839
3902.5008874624696
4411.3086403543175
4192.687962211652
4354.588155153876
3837.8086403543175
4203.000887462469
6344.533463676115
5742.440069622064
5738.550727828498
4258.341521481562
3962.588155153876
5921.088155153876
4249.000887462469
4470.03197549884
4386.771086650656
4562.812169387296
4177.590445235173
7416.046372520475
3997.0008874624696
4160.352209389281
4478.0641798907645
4884.046372520475
4677.416334326868
4589.842111636137
4861.500887462469
3783.101524574676
4379.8086403543175
4143.5553635569595
6805.05020960034
4055.588155153876
3935.524135560835
3862.623686437599
3968.024135560835
4367.110327856919
4361.116079940915
3794.3086403543175
6021.560395761186
4854.05020960034
5776.886462763433
4079.417755808472
4558.610327856919
4386.55020960034
4369.739911748817
4408.610327856919
5741.110327856919
5877.9449374201495
4778.8086403543175
4373.500887462469
4347.024135560835
4308.946423435892
4634.453944893984
4028.616079940916
5735.1096081002315
4909.128573484219
5885.088155153876
4366.529072517615
4347.116079940915
3605.7692512291806
4007.104978560676
4842.544407924869
4657.937976736285
4152.625073918648
4254.186806547993
5799.55020960034
4638.110327856919
4087.5502096003397
4877.000887462469
4658.546372520475
4768.080502820385
6330.841521481562
4112.000887462469
5828.55020960034
4058.917755808472
6015.046372520475
4477.140087282234
5278.501226789825
4371.500887462469
4225.175919604637
4482.841521481562
3617.5463725204754
4783.03814984742
4810.05020960034
3987.088155153876
5719.591699093203
6478.046372520475
4368.3086403543175
5363.987341370273
4762.078369361371
4528.917755808472
6238.05020960034
4162.8086403543175
5269.024135560835
4361.610327856919
4566.55020960034
5985.346162712741
4723.55020960034
4555.3086403543175
4147.524135560835
4814.05020960034
4664.588155153876
5500.304886256302
3951.0463725204754
4752.05020960034
4298.000887462469
4331.000887462469
4268.594801802687
5851.500887462469
4607.000887462469
3955.8696367247153
4106.100743979751
5660.430749543852
4940.116079940915
4571.839606888009
4553.437976736285
4683.841942151411
4217.0641798907645
6401.500887462469
4402.5641798907645
4619.702780921536
4119.088155153876
6109.188488923656
5793.05020960034
4807.588155153876
4054.0008874624696
5561.0239698572805
4506.080502820385
4798.616079940915
4728.046372520475
3831.2161239991724
6049.05020960034
7155.55020960034
4446.071521343304
3787.0463725204754
4215.580502820383
6984.500887462469
5636.329618547323
4284.852209389281
4940.046372520475
4555.046372520475
5553.203868880131
4628.55020960034
5897.088155153876
4126.088155153876
4338.088155153876
4296.273537003109
4363.500887462469
4288.813369939472
3766.4282554915662
4756.341521481562
5694.000887462469
4285.873227925676
4582.271086650656
4333.55020960034
5964.546372520475
4556.500887462469
6336.156658430152
4613.610327856919
4791.55020960034
6422.116079940915
5065.180937758053
6278.952279809136
4072.2641219379716
4739.027022342555
4151.672617796808
4539.55020960034
4508.000887462469
4554.000887462469
4213.05020960034
7052.610327856919
4388.290716447032
4792.588155153876
5929.585574789392
4340.352209389281
4474.554147887672
4287.55020960034
4885.418437983831
4390.32304048245
4444.483139492516
4108.771086650657
4029.7710866506563
4747.000887462469
5844.585574789392
6217.610327856919
4743.500887462469
4843.786084711985
4069.6354861573086
4068.029780950982
4133.500887462469
3935.7443086193944
4756.632138547758
4761.4109375934695
5361.2058009541015
4914.05020960034
3873.8106403315505
4446.55020960034
4304.500887462469
5538.610327856919
5454.804886265967
4247.116079940915
4240.695206806497
5442.481917071583
4648.396155761743
4811.55020960034
3954.0463725204754
4769.124131982433
4439.05020960034
4639.000887462469
5709.585574789392
5860.088155153876
5491.8274455742785
4286.500887462469
6111.785604686976
4588.275801656101
4404.088155153876
3769.3790666226823
4230.046372520475
4474.6122704711515
4581.000887462469
5577.546372520475
4169.524135560835
4258.546372520475
6949.190157890215
4591.132138547758
6649.500887462469
4311.125252606604
4066.9416308826953
5156.05020960034
5882.027477772412
4151.687962211652
4702.060664593711
6850.088155153876
6822.110327856919
4497.046372520475
5149.05020960034
6367.588155153876
3993.024135560835
5005.55020960034
4404.046372520475
5598.3086403543175
5910.484755676947
5665.984344036929
6230.5641798907645
3889.5824644916356
5520.372411685902
4554.05020960034
4669.626126850274
4830.05020960034
3748.588155153876
3955.088155153876
3770.0008874624696
4602.046372520475
4779.579771105393
5821.546372520475
5932.546372520475
5869.588155153876
3541.4511558642407
4184.046372520475
4156.05020960034
4368.625252606604
4908.500887462469
4086.850662173412
4467.967709170818
5874.080502820385
4762.418437983831
4704.588155153876
5426.500887462469
6452.700767500655
5943.610327856919
6148.502342430701
5746.403559219367
5587.612497946559
5824.500887462469
3773.8086403543175
4369.05020960034
5599.13777790299
4684.000887462469
4614.782061225903
4369.3086403543175
4558.546372520475
4906.046372520475
4267.55020960034
3899.5008874624696
4794.046372520475
4613.090445235173
4102.342575087182
4368.000887462469
4565.088155153876
5929.05020960034
4371.7142888318185
4872.068940536292
4333.194009486348
4401.088155153876
4323.322093943019
4078.5463725204754
4209.017154848323
4098.691142983536
4476.024135560835
4390.05020960034
4195.646217981716
3817.616079940916
6304.088155153876
3976.024135560835
4953.282061225903
3839.52865508487
4339.056636064458
4234.166870421413
6489.524135560835
5967.588155153876
4242.1585577605465
3962.0502096003397
4336.0641798907645
4519.024135560835
4226.6585561128295
5907.5464917204245
3671.5463725204754
6103.822746117437
3863.088155153876
4161.588155153876
4309.447207977344
4002.093276360468
4925.5641798907645
4473.5791802812155
5471.083471502234
4019.5502096003397
4090.417755808472
4419.699367343623
4260.0641798907645
4819.917755808472
4204.546372520475
4262.05020960034
4001.417755808472
4535.000887462469
6078.782061225903
4463.546372520475
4708.069839368147
5600.937685432515
4099.632138547757
4404.551744527291
4260.55020960034
4308.05020960034
4225.436973955394
4125.000887462469
5856.088155153876
4355.363598004555
5735.852209389281
4066.8415214815623
4470.680905015407
4102.698741502934
5641.679696285579
5494.451241250114
5773.174696843582
4372.369839143833
4169.684458945191
4314.046372520475
4442.500887462469
5366.411845237215
5892.8086403543175
6377.518532103801
4183.610327856919
4473.046372520475
4471.842111636137
4663.546372520475
6095.000887462469
4518.500887462469
5476.487341370273
4915.05020960034
4509.12064768288
4537.110327856919
6130.535016725464
5780.000887462469
5203.531004005289
3698.588155153876
4394.700767500655
4250.546372520475
5560.585574790222
5933.080502820385
4248.088155153876
5728.200767500655
4374.000887462469
5983.202780921536
4013.558784510774
5830.928053358104
4681.417755808472
5375.136306255898
5543.05020960034
6697.753823900531
4110.8086403543175
4617.941092569726
4625.088155153876
4335.588155153876
4413.046372520475
4852.775801656101
6102.088155153876
4295.000887462469
5863.016343790767
5477.085574789392
4114.960177304162
4555.53718119369
6146.221697191207
4853.05020960034
4408.088155153876
4727.046372520475
4523.116079940915
4509.8086403543175
5750.546372520475
4630.046372520475
5442.083471501664
4639.463492966848
4544.852209389281
4675.546372520475
5779.132138547758
5816.588155153876
6138.000887462469
4686.375849310722
5583.715306162178
6639.446869282116
5654.588298860433
4158.022529414856
4398.024135560835
4513.5641798907645
5958.55020960034
4002.588155153876
4476.110327856919
4664.271086650656
6767.685243145952
5602.022639898489
4835.05020960034
3846.2016574140894
4599.000887462469
6037.046372520475
4086.524135560835
4445.55020960034
4378.352209389281
4876.546372520475
4844.05020960034
5366.000887462469
4363.500887462469
4502.546372520475
5594.637517364965
4742.158182378072
6495.55020960034
5763.375135470914
4875.116079940915
5565.901644223531
5440.085574789392
4495.046372520475
4477.110327856919
4728.116079940915
4175.264121937972
3940.0502096003397
3797.5008874624696
4366.771086650656
4654.110327856919
5752.540688906755
4470.546372520475
4095.024135560835
4421.341521481562
5671.7663938359165
4255.299496187362
4600.046372520475
4083.5463725204754
4358.55020960034
4120.560664593711
5530.55020960034
5671.588298860433
4093.7016574140894
4680.271086650656
6377.588155153876
5883.000887462469
5379.51966771342
5996.842111636137
4533.500887462469
4221.702780921536
4725.546372520475
4643.411608165936
4098.136199222776
4072.088155153876
4483.05020960034
5341.565896611137
4433.586505102542
6220.55020960034
4495.633542105994
5778.000887462469
4538.36865589455
4295.5304954009325
5004.05020960034
3997.1036962475546
6338.546372520475
6037.588155153876
6092.046372520475
3896.110327856919
3923.5463725204754
5756.876120502929
4307.000887462469
6106.202780921536
4627.400183157847
4406.55020960034
4231.500887462469
4585.000887462469
4362.0641798907645
6187.000887462469
5433.726405851703
5540.562070278788
4992.628573484219
5965.128573484219
4079.064179890765
5748.886462763433
5760.5882988604335
4130.352209389281
6622.551376807461
4700.116079940915
4305.715497191792
5604.012286612379
5732.8086403543175
5388.077991760406
4222.628573484219
4416.000887462469
4331.5641798907645
4241.128573484219
5630.175128148243
6311.659539448525
5644.000887462469
3931.5259078384793
5834.000887462469
4812.05020960034
4654.22318918921
4601.000887462469
6459.03683100513
3765.9060197541107
4872.046372520475
5938.568352635847
6142.940069634918
4268.3086403543175
4771.55020960034
4168.524135560835
4688.096902085182
5586.228747245897
5005.588155153876
4723.55020960034
5871.088155153876
4558.53280920467
4760.546372520475
6096.7722747396
4476.391296632669
4840.3086403543175
4678.116079940915
3921.564179890765
4431.0396153230095
6415.635939294828
5786.674696841449
4039.0463725204754
4348.00498591185
6750.088155153876
4352.417755808472
4643.000887462469
4260.9026301035365
4602.066374589172
4517.088155153876
4268.05020960034
4778.05020960034
3932.1948944103615
4807.046372520475
6326.453944893984
7013.205838331751
4626.55020960034
6210.616079940915
5563.667797697133
4865.496291525565
7223.003828363529
3814.0008874624696
4722.402539636467
4534.05020960034
5973.088155153876
4716.500887462469
4591.216734300507
4503.258353349924
4441.352209389281
4677.875880267857
5648.046372520475
4549.278706869042
3838.0008874624696
4969.05020960034
4119.771086650657
5584.585574790222
5920.088155153876
4244.588155153876
4909.55020960034
5475.610327856919
5701.109608101063
4064.702780921536
4147.6122704711515
4568.2142888318185
4734.588155153876
4138.000887462469
5758.841521481562
4117.5838467995145
4108.000887462469
5854.088155153876
4504.588155153876
4744.921173169825
5097.55020960034
3959.5008874624696
4050.898066648389
4513.702780921536
6317.55020960034
5841.128573484219
4074.5008874624696
4428.792523040055
4859.05020960034
4614.55020960034
4456.46874196484
3575.0502096003397
4588.046372520475
5573.226399602983
6137.05020960034
6876.7142888318185
7502.500887462469
5217.5330723155375
5623.585574789392
6469.500887462469
3905.175187284353
4024.037722553675
3866.024135560835
4401.2448870362405
4511.202780921536
4599.162586278926
3737.5008874624696
5873.441545179019
4346.524135560835
4865.546372520475
6484.202780921536
6042.161264159606
6519.0641798907645
3919.612270471152
4158.628573484219
3912.0419825657614
5692.571674944113
5868.736591996291
4644.227132246402
4863.116079940915
3825.5502096003397
4479.815986804752
6127.546372520475
4146.1619597840045
4584.55020960034
5882.05020960034
5957.616079940915
6126.8086403543175
4403.639053213674
3835.917755808472
4585.500887462469
6468.588155153876
4351.500887462469
6484.588155153876
4630.917755808472
6184.281208665822
4536.05020960034
5539.205800955284
4337.546372520475
5667.546372520475
4494.610327856919
6579.500887462469
3737.110327856919
5930.088155153876
4775.546372520475
4127.546372520475
4709.05020960034
5479.986317457542
4235.514501796066
4959.546372520475
5871.757109359895
4552.000887462469
4177.20165741409
4184.500887462469
5954.688339973252
4270.3086403543175
5950.352209389281
4532.500887462469
6347.05020960034
6197.592034930839
5685.500887462469
4410.3086403543175
6024.588155153876
4878.588155153876
7388.55020960034
4348.000887462469
4973.980158102922
4582.55020960034
3962.4288342287327
4783.088155153876
4758.116079940915
4393.05020960034
4710.588155153876
4255.1585561128295
5837.391296632669
4537.616079940915
4142.411803344647
5089.05020960034
3552.2591307181656
4458.588155153876
4753.822389989927
4495.546372520475
6383.55020960034
4629.05020960034
4905.088155153876
4347.610327856919
6942.628573484219
3710.644143234131
4191.000887462469
5599.3086403543175
4577.046372520475
3867.524135560835
4718.5641798907645
4323.841521481562
6181.088155153876
4129.046372520475
4497.202780921536
4101.546372520475
5699.505984891294
6534.55020960034
4035.0008874624696
4627.255293458182
6077.588155153876
4468.05020960034
5666.667797697133
4462.55020960034
5988.000887462469
3942.854241939601
4810.209274965016
4152.500887462469
5964.588155153876
4320.524135560835
4821.088155153876
4686.610327856919
4406.744623179001
7680.55020960034
5439.110327856919
4716.6655650739485
5580.226405851703
4299.046372520475
4248.8086403543175
6087.417755808472
4826.046372520475
5572.500887462469
4963.05020960034
4665.500887462469
4291.546372520475
5902.440069622064
3866.7913312326145
6071.872292418587
6273.55020960034
5536.085574790222
5590.000887462469
3865.0220996946505
5537.486317458552
4389.116079940915
4343.546372520475
4545.282061225903
4927.116079940915
5544.05020960034
4665.566372452358
4779.500887462469
4264.046372520475
4686.546372520475
4076.0463725204754
4629.444780130927
5606.088298861276
6331.624131982433
6805.588155153876
4656.869636724719
4187.917755808472
5365.859245634498
4393.546372520475
5923.60441504739
5589.837457609515
4259.3086403543175
4672.546372520475
5390.986317458552
7173.088155153876
4673.55020960034
5330.118321714855
4448.0641798907645
4771.546372520475
6107.369839143833
5455.046372520475
4602.441198465624
6440.302675909654
4243.500887462469
6527.000887462469
6546.5641798907645
4571.3086403543175
6507.616079940915
5556.585574789392
5367.05020960034
4054.0463725204754
5670.987341370273
4598.55020960034
5390.522696779195
4627.552698569588
4169.833721445507
4404.683601430983
5889.781166383538
5615.05020960034
4704.701202371272
4201.623395183991
4068.874266040108
4500.116079940915
4554.088155153876
6057.546372520475
5714.403859061687
6056.500887462469
5613.8724116846915
4666.858461363507
5642.760074435987
6593.05020960034
3882.0008874624696
4059.0463725204754
3787.0818591043985
5772.5352072104715
6552.799496187363
4141.589314295395
5405.000887462469
4740.05020960034
4491.4890063383245
4821.000283927308
4307.500887462469
5380.546372520475
6741.128573484219
6711.05020960034
4565.05020960034
3970.161959784004
4955.110327856919
6290.400183157847
6501.841521481562
6634.256245909415
4251.546372520475
4118.546372520475
6975.05020960034
4724.046372520475
4226.515765764909
4491.280509273985
4528.259644709749
5438.09359866444
4964.088155153876
6044.231909036659
4747.616079940915
4076.859223220262
3933.4056184260126
5665.05020960034
4935.55020960034
4623.046372520475
4373.891296632669
6125.0641798907645
4337.3086403543175
5738.872411685902
3790.5008874624696
4288.624131982433
3774.8086403543175
4817.05020960034
3980.9432535158194
4921.55020960034
5482.804886256302
5571.28833037
3808.0463725204754
4306.417755808472
4576.8086403543175
6485.000887462469
5643.046372520475
6336.500887462469
6367.000887462469
4088.8274589948364
3814.1318176279788
5965.000887462469
4382.500887462469
5304.847789464341
5624.500887462469
5549.8086403543175
6624.4106143889385
4415.546372520475
4800.580502820385
4432.8086403543175
4501.588155153876
6007.000887462469
4821.841521481562
4461.046372520475
5752.500887462469
4534.0641798907645
4639.546372520475
5813.5995090371025
5709.046372520475
4964.55020960034
5482.085574790222
4415.771086650656
4691.125380067151
6281.128573484219
5763.55020960034
4038.702780921536
4452.588155153876
6779.088155153876
4494.55020960034
4540.616079940915
5401.487338550604
4560.546372520475
6229.55020960034
5699.354965144643
5530.226405851703
5991.373856594932
6699.046372520475
5600.500887462469
6034.4158147085445
4962.046372520475
4263.180905015406
5549.046372520475
4240.3086403543175
5297.201270354179
4622.55020960034
4775.616079940915
4050.603009766973
5896.546372520475
5793.588155153876
4695.05020960034
6631.607734628446
5665.610327856919
6163.55020960034
6131.624131982433
4126.417755808472
4626.000887462469
6437.116079940915
4289.088155153876
6282.616079940915
4875.275801656101
6061.088155153876
6077.375135470914
4488.21516886314
4403.046372520475
4583.088155153876
6290.05020960034
4228.088155153876
3869.07322417
5433.757964040528
4466.046372520475
6017.973250971561
4261.5304954009325
5685.500887462469
4160.417755808472
5449.585574790222
5998.6122704711515
7345.9432535158185
4289.500887462469
4928.546372520475
5947.812924926651
4140.615712892131
4874.05020960034
3888.8086403543175
3628.8274589948364
6681.732496097149
5945.684353231893
5806.441388704143
4651.55020960034
5731.546372520475
4626.782061225903
3632.024135560835
4630.55020960034
4650.994602903976
4477.560299313021
5748.05020960034
6086.3086403543175
5947.05020960034
6162.55020960034
4484.55020960034
4666.046372520475
5878.415496237762
4848.116079940915
6353.588155153876
4397.581473530032
5473.546372520475
3873.0502096003397
4028.0008874624696
6289.167249710967
4336.115308028412
5820.417755808472
4434.738912097392
5048.05020960034
5600.046372520475
6071.875135470914
6092.046372520475
3987.8686558945496
5824.036393391088
6650.808197729227
4812.55020960034
4402.841521481562
4304.546372520475
6640.2142888318185
4620.616079940915
4806.024135560835
5942.110327856919
5965.116079940915
5808.05020960034
4107.551376807462
7508.180937758053
6716.8086403543175
4379.32304048245
4227.141340996188
6728.500887462469
6983.0641798907645
6515.546372520475
5737.546372520475
5742.946751635488
4841.55020960034
4469.775091087541
5793.088298861276
4487.917755808472
4989.55020960034
6624.185878117
4116.331747468435
4655.0641798907645
4176.046372520475
4871.116079940915
4073.110327856919
6444.342111636137
4736.112274047012
4435.088155153876
6056.813369939472
4567.55020960034
4454.500887462469
6153.040408747388
5608.328018443808
4910.55020960034
6135.060395761186
4054.3086403543175
4614.417755808472
5986.917755808472
3998.060395761186
4932.046372520475
5359.8086403543175
6008.000887462469
5789.000887462469
4030.2710866506563
4703.55020960034
4920.55020960034
4472.05020960034
6004.066499440747
4201.000887462469
3825.0008874624696
4714.3086403543175
4730.667554430944
4325.997373713468
5964.500887462469
3741.5008874624696
4708.841521481562
5511.205800955284
6584.000887462469
5613.175128151162
4539.05020960034
4234.500887462469
5982.088155153876
5625.611808244392
4171.05020960034
4752.05020960034
5694.55020960034
4526.692035106131
4408.5641798907645
5479.088298860433
4529.000887462469
4120.116079940915
4582.000887462469
6631.775801656101
4632.088155153876
6445.588155153876
4045.3892532078835
3920.661959784004
4407.293543337282
4194.590630979502
4078.0008874624696
5696.585574790222
3932.5463725204754
4581.282061225903
4303.588155153876
4593.3086403543175
4535.44133668115
4679.1585561128295
6876.5641798907645
5573.110327856919
7098.841521481562
6695.875849310722
4745.542020449289
6332.05020960034
6629.352209389281
4505.563744939044
4512.690933158454
4882.500887462469
4858.953944893984
4134.844786253876
4298.088155153876
4336.961131716033
5963.10441504739
4628.588155153876
5963.616079940915
3722.531975498841
7443.05020960034
4539.841521481562
6966.812436444127
4740.05020960034
4622.05020960034
4707.660862766721
4466.524135560835
5827.523796635891
4666.560395761186
4483.55020960034
6022.500887462469
4637.879346241852
5722.116477736843
6082.869839143833
6280.275801656101
4571.05020960034
4750.000832428273
4504.616079940915
4767.628573484219
4763.110327856919
4142.500887462469
5918.615416907072
5796.123631668844
4358.500887462469
4461.5641798907645
6077.55020960034
4318.132138547758
5772.675128151162
6099.588155153876
5618.046372520475
4308.55020960034
4710.55020960034
6115.7567213174325
6129.546372520475
4381.500887462469
5954.588155153876
4395.0263349774195
5103.05020960034
5892.05020960034
4597.917755808472
4747.000887462469
4662.282061225903
6665.918437983831
4196.841521481562
4388.537722553675
4423.588155153876
4272.116079940915
5632.610327856919
5858.817716276236
5981.546372520475
4601.058784510774
4505.610327856919
4533.046372520475
4548.183570548016
4363.1619597840045
5941.859958943656
4770.000887462469
5900.588155153876
4406.000887462469
4779.55020960034
4650.19055095075
4592.8086403543175
5928.55020960034
6200.546372520475
4172.55020960034
4635.947596632954
5857.546372520475
4323.588155153876
6653.045966235632
4746.282061225902
6221.5641798907645
4315.782061225903
4148.546372520475
4915.05020960034
6724.000887462469
4525.55020960034
6141.624131982433
5763.500887462469
6888.900212068244
4566.271086650656
4376.05020960034
4458.624928088125
4723.046372520475
6086.080502820385
4658.500887462469
6171.088155153876
5857.375135470914
5883.05020960034
4111.709274965016
4331.3086403543175
5559.28833037
4288.046372520475
5656.500887462469
6526.088155153876
4266.05020960034
6199.588155153876
4571.332660455625
4181.116079940915
6007.709571163895
4722.782061225903
3843.0805028203836
5371.872411685902
4849.917755808472
6281.500887462469
5950.546372520475
4869.05020960034
5000.55020960034
4703.580502820385
6984.3086403543175
6091.188488923656
5831.000887462469
3897.0237223520166
4614.55020960034
4807.55020960034
6381.588155153876
4432.05020960034
4633.331230633893
4653.000887462469
6482.426812033459
4770.588155153876
5633.712546677672
4838.500887462469
4882.500887462469
5957.7264058488945
4602.05020960034
4607.702780921536
5958.882269242048
3933.614519287789
5940.528431085378
6127.180523553185
5525.158545166694
6098.046372520475
4296.116079940915
6067.000887462469
5661.847789464341
5945.05020960034
3929.5502096003397
3973.3415214815623
7144.616079940915
4449.2586143253275
6065.612274047012
5766.610469176524
4383.000887462469
5521.500887462469
4681.0904192257985
4027.693808077543
5573.025251200004
6866.5641798907645
3882.0463725204754
5386.500887462469
3990.687962211652
4100.628573484219
5582.274096794346
4632.046372520475
5611.546372520475
5703.060395761186
4787.3086403543175
4410.116079940915
6022.55020960034
3728.270107509989
5892.55020960034
4722.05020960034
6333.582016625889
4981.275801656101
4122.500887462469
4047.114565775422
6672.110327856919
4351.000887462469
3776.088155153876
4393.610327856919
4699.05020960034
5719.05020960034
3781.794547523868
6144.05020960034
4202.467544341528
4776.047199883176
6118.000887462469
4415.116079940915
4812.974225893416
5635.3864627613475
4285.000887462469
6022.588155153876
4340.500887462469
5724.3086403543175
4288.10919538893
5833.580502820385
4570.944158666162
3967.524135560835
4644.046372520475
4506.55020960034
3949.8086403543175
3826.0008874624696
5793.743149869634
5850.282061225903
4573.0641798907645
3771.3086403543175
4778.55020960034
4777.05020960034
4720.799496187363
4276.552262437008
6287.565658374293
6296.8086403543175
5997.795635446163
4568.116079940915
5727.870220078646
4145.289660990702
4025.596614040308
4319.110327856919
3966.202780921536
5820.116079940915
5666.500887462469
7189.588155153876
5495.585574790222
6788.1122704711515
4282.500887462469
4104.000887462469
5628.886462763433
4859.500887462469
5412.1506692280045
4688.560395761186
4403.088155153876
4793.896125848243
6853.000887462469
6025.236989967084
6326.529690067449
4821.546372520475
4657.610327856919
3880.358893220894
5015.039011765706
4222.102147871589
4225.580099108412
6785.05020960034
6124.088155153876
5626.080502820385
5868.560395761186
5824.612504635371
4248.671542070654
4660.546372520475
3953.588155153876
3749.5805028203836
4698.8086403543175
4109.500887462469
6988.05020960034
5509.2058009541015
4618.300924796033
4758.046372520475
5994.418437983831
6017.624131982433
5891.22558436934
6008.396760436633
4385.588155153876
4503.169269858401
5563.8086403543175
4171.065524980075
4082.8522093892802
4411.917755808472
5502.705800955284
5733.588155153876
4174.917755808472
6480.54366774319
4566.046372520475
5686.723022040514
4707.500887462469
4234.500887462469
4016.0419833309475
4658.000887462469
4406.05020960034
5603.3086403543175
7377.088155153876
5878.080502820385
3988.0463725204754
4206.588155153876
4158.3086403543175
4008.014360636583
6051.55020960034
4589.500887462469
4284.280509273984
4334.514358343016
4307.05020960034
6303.588155153876
5574.824198141015
4702.014501796066
4645.546372520475
6310.088155153876
