104.72387185053643
106.73465834481095
103.70103905854981
104.02236623183474
104.06571904900306
102.89369465742286
102.63917592551685
104.2202749674364
103.30420493955498
101.77813064907457
103.491226263661
102.90571151901084
103.61884620072122
105.1581656101209
103.47732596059565
103.61502526191055
105.01111176814729
104.11564272178012
102.45894969561627
104.7901720235066
106.3698009166792
103.76489539851549
103.75696624416159
104.57376470697263
103.516725766427
107.01143138227323
104.47276636690404
104.85142536667986
101.80995516323387
105.22055050863837
100.93966355760372
102.63615953549933
105.59503265057977
105.45739431326146
105.03958949767076
105.49695581057858
104.1576896664839
105.22623833873133
105.59914998965408
105.76279733213607
103.2576844532883
102.30888812869
106.841100554147
104.66634919847719
106.27300294882005
102.6019968708246
103.75476984639634
103.47203931328748
103.43906484993038
103.44508247047408
104.60053548588726
101.8589639906513
108.194873577386
104.80349550041912
106.52541965330299
105.88818829645618
104.29830160566837
105.6760708508475
105.4547005407311
103.4867226048224
103.22109521890116
104.4184901757608
102.61242299563065
102.14856032433507
105.62674038162615
104.87551820364071
104.03072242808133
104.94418205369934
104.41751321296536
102.14165640444783
105.33963332065979
103.21431441996916
102.90549423022992
106.09034681835361
102.40415968366608
105.29094324961778
104.41135180428441
105.75747572700391
102.25941501913971
101.01143608179396
103.02422850450984
105.74202019170232
102.21370857300406
104.90999630832121
103.10842844514134
101.88525831644913
103.48492458435638
105.89906192461264
104.35298456431875
106.6407720169213
106.84047077667864
107.17293180163486
102.42548341982491
106.18261045910285
106.04680222280726
104.45630803243792
102.19929670586575
101.99188942884327
103.89817271775885
105.95890968436521
103.53738952141265
104.17471659070326
102.96331423984799
106.25401107601556
103.67214831620893
102.64677421668353
105.50740948218726
104.9829478243989
103.37448300864688
104.96593734625404
102.83570546515297
103.33803506197029
103.65657946977967
105.0771447506755
103.94822807312661
104.72174924856125
103.78572146862436
107.08146598597219
103.88991092874525
102.23670236717507
104.16487357825976
106.48655979475993
101.64850637357735
103.2534205748006
105.78149844632817
105.64283077226091
103.34084730902306
104.31886437036195
103.46125313974736
105.77666724471842
104.43375677798072
105.34551345277114
102.95697523736527
103.22019362795669
106.70051342336033
105.00291988725063
103.72957029657428
102.707732873363
103.21991073662625
104.7448692189616
101.67097336766761
101.50318321877332
105.0014109223134
101.54332213079785
101.45684561326786
101.21131228121084
103.61457262494287
103.35142443218258
101.73279328276644
105.28844116911338
102.99364415503828
103.8912784391897
101.37454031839019
105.24933654927435
104.52613101313906
104.62014921075011
106.84878864905903
105.83201038005856
102.81764282937291
102.89699099688134
103.76299003617406
105.20989169660935
105.9211792972763
106.4536334452801
105.40147063585695
102.92722399862654
100.99566572925849
104.44419888011289
105.25820970210265
104.21787637030181
106.58267394360377
101.83147140737567
103.45389613862046
106.0494460082147
99.38198317700872
108.0626528042917
104.51027890766571
107.27439465216304
101.94800863212387
101.45138579640235
102.12336189538988
104.44932633872969
101.23611785795917
102.7861460702005
105.07520396757243
103.39164084341482
104.90174502992221
106.93934622577663
102.77855482446851
104.77748922308004
103.5502695694407
105.8988196139462
100.41506913392416
104.51749788976115
104.70120767484892
104.04916426136066
103.94914959141792
105.02950237211857
103.7550247596578
107.55105568911677
102.6678284737344
105.19096028990656
105.34193815220922
102.81552893009464
103.48871340844093
105.14250472746619
106.2228136936451
102.62049796074587
104.6163402857753
106.62530937125365
102.57624266858801
103.5027117391034
102.05739113010318
104.44948126197215
104.47797785621836
103.24521079524817
102.20299016209532
103.23172993920606
103.84266218163484
102.16671746005517
105.24184394211737
102.88008271239426
102.64321373094126
104.51216954352903
107.0489054690948
102.92378323387008
100.13854065545046
105.18934234437032
104.42407585792407
104.74517942262852
103.55369111729007
105.03145706348494
106.16681385575038
101.78245722143372
104.4995495217091
103.69727822666124
102.41919946389987
107.12815529138038
103.60017164557817
104.04446867716425
103.98620805171223
104.7055934846
104.41968991804711
104.54557831213714
104.20755141550794
104.16293270210221
102.62195263214099
104.56260049365845
104.36065474431112
104.43591251900898
104.72661946372686
102.9334277968479
102.38513100086072
105.62743688129117
103.09472599340191
102.9314914880911
104.90993830359932
104.82648253898105
106.0625511743598
103.03278827724415
105.65334642221069
103.69293458528566
105.27706457186062
105.29406898954818
104.42640564523265
103.5094879901771
104.51528765947904
105.51035402239606
104.3294553452732
104.1008421491896
103.95840983122082
104.03825939101789
104.81878188820775
101.75552401361114
105.33569668496271
105.53852004320714
104.66543907463605
105.93389340372906
104.25912476149776
103.66466039745235
106.51492521781714
106.40245696367786
104.6850954313679
102.8480376325148
104.76057745635879
101.94503415997947
102.85605311087639
102.78271442474981
104.13263660861003
102.52859970114433
103.4260888972807
101.99718418137745
104.69629134736087
102.05743246538503
104.07214615884098
102.77934423931788
102.07559130873103
106.21827467129413
101.61869783736972
105.40587069968194
104.30006492495744
105.2845878823499
104.27301885288315
107.24495974187462
104.20842285134904
103.23221170277779
106.78796162264294
104.75475895988366
106.95244367924226
105.10140792077202
105.99708607841659
102.92791530593553
104.23523248510895
102.0922180854107
106.5868814417718
104.02137412473397
104.96882061698892
103.03580687720516
104.01061329983449
104.85739311367408
102.60077066052688
103.16838274950018
103.64594219273982
104.0625448021523
103.95383175681272
106.36319216082254
103.59929206581728
102.44112617005791
103.81333507814283
105.17428530758838
103.71393297991762
105.59663723350081
103.22633481506061
104.33009150865036
104.6939987802738
105.50001275202825
103.97991999320516
104.92752774904531
104.3709507154075
103.48234524488107
104.84529213177763
106.19682679195222
101.83462716005485
105.39868686083994
105.28928418965658
103.68075127031366
103.95877819389659
104.0739373885776
106.59697402639318
104.67613685595501
106.0171365138507
103.37721012505165
102.995264138003
101.62342692289107
102.34376291479937
102.85208824683872
105.44327122069717
102.50352422820522
102.07060956712641
106.11443461805258
101.79589134092573
103.07091501148375
104.91228474210664
102.58950912683687
102.40182757595309
105.15030422992969
102.93661257103204
104.02310520386253
105.79304710033227
103.29117800544417
104.62065744706153
103.38081505782819
103.68398169063248
105.4048384857046
104.76998495017196
104.2156328808012
102.80614311724761
104.62621278479823
105.93986653770071
102.59796796858296
104.59328704827519
104.04102684239228
105.90400392239779
102.12357283616231
105.50760259824204
106.09872410233231
104.0471356513118
101.87712940508419
102.69160050135868
105.62912687955208
103.67838471090583
104.91542003146024
103.61426830646167
105.19194428965986
104.32440104394934
104.41045378272179
104.32635050302291
103.07291152528981
102.9233235033158
105.36351091222133
106.79552663561498
105.94256609531243
104.22523018595493
101.54416843418244
101.86066554447154
104.70909677003843
102.11030359470963
106.00180970258404
105.12059744452179
105.4570477922714
103.07282868006166
104.1355913846337
102.52381694694222
104.87840899547473
105.31681380133153
105.1411924522306
105.2260301450927
102.5912813871448
105.52072404059209
106.44640748477883
104.9003590478882
103.87338084303491
103.0185976866746
103.53140669763451
106.51427268269684
102.76880815862734
102.79593133322385
102.58315236167974
103.24485027376832
103.8013579480507
104.79427107256531
103.54644591015737
103.95417423310604
106.67292010188729
102.75504100608973
107.0542943865953
105.0875703475842
102.71402366583172
106.75780340692796
106.43071743211482
105.93072292805144
103.87191810590588
106.36323293355444
103.68214903090886
104.23786582297097
103.0078735381263
104.51462691912326
100.68459598858924
103.7389572974867
103.90965337384128
105.1338140705974
101.42708955143331
104.11099653938956
104.11143385306428
100.43890384096596
103.74458656096436
105.47593417707401
103.86425114842422
106.55934952989989
104.27242468937087
104.13407446294107
103.90467381358188
106.92836307372424
100.87934934499262
102.47803824187525
106.27800912316249
103.13061467873007
104.47086470802321
104.89099782118353
103.57867534600203
102.11556528523242
106.12770899262028
104.73616085450205
102.92873132107621
105.22405160706724
101.51175322615336
105.26832400536995
105.43402333039782
102.34121407354525
103.59191704185551
104.74655016538085
104.31350317454503
106.08913762802945
105.36222326952458
103.01048041115166
101.88323163614766
102.63274055573328
102.77330309807053
103.6538795899788
103.34828678088897
105.5973322764381
105.72438313030825
103.57216146597312
105.17095106559702
104.77884789568853
105.18441612100685
102.46472622042829
106.44058914176716
104.25926383217913
103.07875686815501
103.37984381057859
106.79510029942747
104.22263620982027
103.44152337363428
106.76754861610405
105.03811299166156
103.83256454170959
100.82801087968689
104.86630296962961
106.32443061126351
104.31413392302504
104.48709567583113
105.9854232100835
105.60747643842545
104.73022317362782
104.28244058100898
103.85770896389833
106.8323564980644
102.75765632235027
103.48253519248561
102.32090873991683
104.70021576991579
105.48685645959414
106.39069955012279
106.14549520091427
104.19563321544082
102.97561904533586
107.5546034159334
104.68197692187118
102.50462651510614
102.1848728612813
103.97556469860102
107.5513289399962
104.78801209142264
102.83698665696163
106.50020087564208
103.58511447799603
102.97056491743446
102.71379882431255
104.83898341810595
104.3759757940391
103.41755570408417
102.197229154133
104.36458394032488
101.915952097502
105.38001187676468
105.52242342881242
104.67950068981777
107.57329741540832
106.08428285822274
101.20294468282285
106.47579923944147
106.77671952573976
101.35259411216143
102.76429698876922
107.00094456575394
103.96422311335922
104.00542206530744
106.25486567310861
105.96315750800036
104.80380464124477
107.22873005142259
107.14461938943194
104.54538196879707
102.89103608906802
106.1212045668342
103.79780716357357
105.25605254248029
105.5719454422821
105.75581127355215
105.55283000156024
106.96802858474138
104.46490984964512
106.01606859025725
105.10221290213296
103.23701332429427
102.20651465020653
103.15013929407952
107.30120162789188
103.83889811332027
104.39180869152256
104.66747477788564
103.81108474971865
104.9090803424994
102.4702187745492
103.6835212316342
104.13722754789458
105.31047347098507
103.20915020908714
105.60000006684538
101.08858113864204
101.67262589854609
101.18493881880448
102.84390818622029
106.46255469232486
106.631338643266
103.18649558594086
104.68759729100572
101.83465387227014
103.75618202824604
103.9092087671633
107.31654240599794
105.04298157924615
104.8379013696374
104.3006070572103
105.68572914327932
105.44722276365383
102.84495356644209
105.79676249473627
104.14373072649855
102.87498368261129
105.12628748692707
104.59050696192278
104.034344971455
105.84160941610371
104.14978157073554
105.51421986491755
102.38406677910069
101.98473414251988
104.61919516327791
105.16466094122418
103.71232990530709
104.6061896781948
105.41061564672893
101.8664218815718
104.21183907261745
103.70850115358294
103.117751565405
103.5891384773926
103.57878624836636
103.2617473365159
104.57598080156191
105.08184003828906
101.30810970491677
105.84359354294472
102.30449444409048
105.28932009262576
102.8419053654354
102.87890078262495
104.52544507673073
105.17672142240974
102.88889023463945
105.86179108736218
103.50867193966229
105.60548786514572
102.77119033951585
104.18445906232785
103.60845037614416
103.54111666341473
103.11432927255319
104.71265892278001
102.14945686003267
102.98579745772017
103.96263794909113
102.8087372888905
102.00624522575282
103.46150115659904
103.29683198211208
105.88116207941565
106.41731115736727
103.36903059712964
104.5829246063775
105.49628328077841
103.84878687346962
103.63380628269798
104.80337115580278
105.50757108470819
102.06588062215904
105.81990806514591
100.45185989236705
104.78668926906035
104.98101510561334
103.56433507287718
106.47058888163676
101.60940403475033
105.74611441707003
103.08771052612326
105.92569666065386
107.79138416597058
104.22291861272245
103.41641244481353
103.1209247806006
105.42322339086257
101.48301932742537
107.06620376664556
101.39780476646956
106.42736770576573
104.20730916459134
105.75683079044087
100.20458817195583
101.98963239075682
105.63122599041685
104.28744203958365
104.18394073820184
104.34160320808743
104.5155943645979
103.78169769368344
102.89608827888702
105.81681454766542
104.89687108668333
104.61153349916415
103.48036962156067
102.53866727337355
103.45328996806484
100.7633581462473
104.55711768459832
106.10237323802008
107.51278087067371
104.10016354720915
105.9333130611619
103.76287083259265
104.3789066596815
103.83012575734094
106.04436078387613
104.0015079185211
107.62144967543047
103.21693476289468
104.05392420786626
100.80254012767142
105.90710856465452
102.62674127866043
104.53648345295306
102.87252779177261
105.68820405640679
103.61971851010824
101.3632085497355
100.23630708252686
105.39953578095572
102.02239127424573
103.8427188754589
102.8566071592592
102.95838899013968
105.69603746766512
103.58094590459828
106.1094362630968
106.23818931119803
104.33656162507116
105.3568562046637
104.91719028950854
108.9469594341571
103.17482486752209
102.32674993183818
105.62559164457736
106.53492009538871
103.87357324801822
105.1700332659924
104.67560622894982
106.68394339293842
104.22935472256032
103.59990852555228
104.10124527083914
102.74579311658533
102.82028918108486
105.73566094365586
105.0211564676121
105.22457064953613
99.91501643954484
105.02625347389265
105.4247030738791
105.55095098943639
106.32570874222574
103.38030623902719
105.5448702440213
107.26307472880147
106.31321922999496
106.11355068966212
106.23811691769164
104.54249841334035
102.84864251527432
103.71218376698181
104.03335074074349
105.2470579204811
105.57423551078789
102.32670612660172
102.97393814685049
103.65408911405781
105.23529777689455
103.23764986837473
103.70657746236782
105.09855305550988
103.57779384626446
104.28019605004356
102.68069917689115
104.20211140776198
106.34081664668474
103.71473701775056
102.16641053391947
105.09845921648169
105.79828609840419
105.71092558244607
104.25376166545098
105.64647408941516
105.69934365939636
105.85934040174115
102.93064630080269
105.42793906901667
100.87024708153567
103.03492894732673
103.59565489485996
101.74548784715981
102.76948500310343
104.44581835017821
105.42722781654302
102.07618818750665
104.27110567558749
105.63298874371466
103.08405945161246
105.66993340229347
105.46305415445747
105.37765675166122
105.49575631510915
104.67479874404269
105.35870447542632
105.24768118865259
105.14179781150025
103.72155657633135
103.803555616225
102.31824246453807
104.6252194918151
103.38955377682034
105.44956711736569
102.43260635461422
106.8206026853616
101.31642350936784
101.63557647276241
100.27549564617263
104.1200055143463
102.03074659777415
103.39002841470929
105.25611023555011
105.1212841280869
101.3919469835839
105.40326469871285
105.18844957085392
105.81368404471039
106.34537626845704
103.89004828663394
104.38026673613781
101.31483582410986
104.47366622697189
103.54928918629494
104.9830941413673
104.3397426977646
106.00805551848157
105.10134146796227
105.20999532989256
106.9159074621125
104.15741115281278
103.71411388403044
103.38956492377456
104.61262814092682
106.17176624202509
103.65116939517813
105.7602760454637
105.56976341034465
103.41917441524811
104.4919635797033
104.11147115734565
102.97223470543062
103.93128454430155
107.44529503624838
105.77799226405449
104.73611270177875
104.4833407512693
102.7867923723212
103.46820040721678
103.81912760295722
105.80141770539214
105.11968588839588
102.55887989484457
104.49613551883661
108.51826690994389
104.125792922961
104.87582947824595
103.85753375819813
103.8493141185424
106.29743051135803
104.76598656071918
105.10641498656182
104.68161615139684
105.44300675286053
103.11908360749052
104.27231308696524
101.90909467828263
107.37047708419034
104.00563823508605
106.45741025478308
105.08589483279091
104.33140669239309
103.7505069502277
103.87119435080851
102.81184805502444
103.19928529428826
105.47208326631983
105.5485430242757
105.85107305278537
105.17991884979737
105.2738142201637
104.84445775133341
104.4060230495499
103.86695448357112
100.92706620149828
104.7631512623276
104.68566311135805
103.78680555977374
104.78813189783543
103.36980288785216
106.5085989521495
103.61589230937317
103.25531753445514
105.67688275489672
106.90470429803517
102.91123694311862
105.76550815339641
104.25871549204729
103.30456415045634
104.1136665970497
102.62672458587704
101.908640816821
103.83267589520236
103.98810724147178
105.19658418600667
100.07916877032291
104.7293780988274
103.77474254024104
105.82850119443205
102.67300102735189
106.47711913408091
103.80851488096154
103.24674592328648
104.47772915200296
102.92303828537408
101.8132093086986
105.59961027305327
104.49659602913606
106.62607823496052
104.99636016238998
103.11975890644467
104.85751443507203
104.58709935094936
100.33546429207594
103.45794166796885
103.64005745102988
107.4473123717187
104.10815513662268
106.26102636685573
103.96321016971605
102.85118439606042
105.24389215291495
102.46766180019424
106.04414785415737
104.01644518781693
105.97541158964563
105.1003279990064
103.49132976220847
103.12170391572432
100.71087812778171
104.98370043814194
105.85553402908187
105.15781016008773
104.66288731794319
106.56100743959456
102.72189242255841
101.36157175895168
105.35271510246561
104.40687009571033
100.92112373907142
103.66819368199522
103.79004539816773
102.91308059215665
104.03315565758383
106.43496839469283
104.87834713157585
106.34759315259494
102.35811333884072
106.94715377945514
107.24634018498097
104.558964004957
106.20756563350362
102.73124497336809
105.81431787239376
102.65685911585527
107.43736690678807
103.7871022799699
103.7246500345681
106.27831591341811
104.07814349679576
104.13898449881864
104.29550750488879
104.26639711744014
103.76335768656168
103.13703369897954
106.32129791997508
103.65021966545737
101.47710412591864
104.4540397841705
107.29069695114023
105.19658373877259
104.61488981861532
101.60093513638576
105.13403669412949
103.91453351830279
100.99524475261096
103.65116644665213
102.36120362292984
103.02942476863718
104.5101424198113
104.87974223281597
104.89557270175536
107.93775855632593
104.25454143343913
103.70324935051573
102.63239011597136
104.36323227943905
103.5703930665712
102.23727267420558
104.38909028517455
105.45000149290448
106.09243672666024
103.52949163349308
106.58004355522289
104.26949254169978
107.01232037223438
101.51938405665071
103.28975958649215
106.63412153344721
107.47238961211812
103.67642815690338
101.76094182139698
104.02055890644868
107.87469915045975
103.18256036100755
105.40313244758525
103.87973835427326
104.75550994487709
106.30697528869248
101.82838325749036
104.29597837784745
105.20738986566604
104.10240026208831
103.72901562430303
104.15223654849493
106.08128860310832
104.50604507410976
104.74068724135391
104.58636110497804
99.67253730704923
102.19509987044839
103.85189761679975
105.2275652559625
106.16905040749421
104.18388276367608
104.14560954626407
103.98117816972373
98.36805057307703
104.39685016055753
105.89003035219278
103.3604029756453
105.51657585042281
105.5182074435935
103.06933518081004
104.1724403841933
103.24573262248558
104.98215803164656
102.51755485177927
105.31477027903779
103.49581130297682
102.97269360319152
104.05178991937011
105.38896231087094
105.62906055879552
107.30112295919275
106.36102843326624
102.64204625558213
105.38470893166719
103.68875853970476
106.4289423711714
103.70028176861166
102.28760604816875
100.69715689238336
100.79245650476665
103.51399798596465
104.76294664982814
100.66330210764113
104.52753190034316
102.60178015664667
105.43361818667373
105.31131956260957
105.86436487635527
105.20368449054874
102.9422354293015
103.06020042903816
102.16901656683481
104.62705300210646
103.05391599283608
103.83093807857402
105.94367854556346
104.67085141769682
102.1201350060675
102.70496587620039
104.53240119475386
102.10243669559674
103.85114095058705
103.27673263512123
104.07658182241045
105.84429692410822
104.907393236953
106.59825169623895
103.44466293679054
102.82369489543906
103.20434624935697
102.15125935774837
105.06169727573158
102.68338981463609
106.16213805579423
103.33213915336114
105.48471066347038
104.87740090257988
104.11835447328191
106.42747829909446
103.63012545384129
105.95709249237761
106.25417224279771
106.08941562128817
103.61471177026817
103.86832411936176
105.25306508281817
106.30357000349386
103.55190417370065
104.0032378841289
100.79998897731599
102.36161797059187
102.54873419172054
103.7898213059469
104.2151343211809
103.7222455687987
101.44612212296943
101.26402077478562
104.56308013643633
105.38531992192166
103.33191980555424
103.43057076437354
103.62119324218628
104.58761049117366
107.04115755700028
103.11369932312877
104.93789076554464
105.49973553107549
103.78228575520164
105.35562904111333
106.97022779455234
105.17455495359322
104.98210441558959
106.3914277120351
102.70657549031242
105.38780944047495
105.72081031433412
106.91343664621678
104.21260456175769
103.36964766857287
104.11023406559781
106.0920408693844
104.40247107175253
103.90871819240095
105.77015464173563
104.53791014682007
104.17928558322365
104.87570163096737
105.72540701868257
105.17644293559692
102.5207310847145
102.62705629721874
105.6525996313795
102.82658570761038
106.352918346166
103.88448931682095
103.27332248962496
104.12786864987109
104.52060764203927
103.40339225258349
105.19590356243349
102.21531064710848
106.20623650224925
103.93431839989955
103.5834717931749
104.42230890828205
103.88042220872228
104.52011995752636
102.32624211644546
104.92358941657034
104.61301969103621
102.98207115153329
105.09774530748919
105.80078668637944
104.15188981274905
104.83758676185536
105.52594260687383
100.56842503011093
103.92746829234534
103.98765799682252
105.3784670410495
105.76774981367466
101.70481465471175
106.78638422810087
104.2239360928985
101.57959459617781
104.40418882481752
102.61892927619711
104.13743552423404
101.43234945320177
107.49722392299611
105.79573818924015
101.98002081701614
106.20009822992424
105.57894759462206
104.03580573672673
105.34459088526056
102.7883926878635
106.66676410883407
105.20934960676743
104.73484766088879
105.08751367334162
102.28116104009663
104.10725635453414
106.8252810989276
103.77992329397904
103.12475575465852
102.23348021453249
102.10469592290765
103.40375728732144
106.1372328048312
105.25846729049667
106.82812294301999
104.08272566356811
101.25102234985604
102.3718883709872
105.86742967217972
107.36850190513668
105.8390280339133
105.10445433600358
103.85868717258744
102.4249293639621
103.81213272840085
103.3276322331163
103.64504975915807
103.64659879191544
104.1951951662995
103.71787556092869
100.93389510992446
105.54395063963173
104.18927189422809
100.96075123905213
101.6674765020518
105.74874404551309
105.84194875408043
104.54075969540166
103.79451859425454
104.80321399339289
104.41114564542065
105.17854398616441
105.74231544238368
104.12818725237904
105.22939749474773
102.63012362644707
104.33330480218208
102.64283252011128
106.86661651515193
105.43483734851395
103.84051895980683
102.50246198592978
104.2809679541127
103.7441878969265
107.79265450678541
105.31316201603013
105.07618162593442
102.26512012560521
107.38172858108419
105.42462920315657
105.109217397836
104.04981088255084
104.69744839361596
103.65332220193199
102.77124176373162
104.63321600263967
103.41350424286045
102.37702300971324
105.55071537222194
104.22760993702292
103.02593844226203
105.69638406977167
106.25034361653147
103.25857190212915
104.17119116612471
103.7020766452478
105.51971703702313
102.50663242623907
105.45515483753681
106.33143767131281
103.06570373551122
102.61523445220854
104.65801502102472
103.2174210338304
104.82883880393496
101.47429072016973
103.49373043899402
100.77148335530579
101.18807417454562
105.84897712562272
102.82176045996175
106.55755751211936
104.59794740066616
105.04863594889565
101.4632149189639
103.72098813714203
102.9968501693623
103.89535664890732
102.57292098893919
103.47790541995798
102.94062977009371
103.04410477938463
103.52135389455944
104.04638061177063
105.0363305125902
105.67704356650907
103.79914610919114
102.97027511730603
104.45582610598079
103.02979734266962
105.27307164399315
106.30843627761486
102.74523371259133
107.94585039870132
102.44777759936905
104.46404026471033
104.33122937319222
102.91852640965475
104.83306267579891
101.65512165103907
105.10017103427693
103.69708500311643
101.37198238157934
105.21276771521599
103.68148187710406
104.47563683768638
104.29677324525218
103.6028767643439
103.7539293974415
105.1974413986818
102.96184603090035
103.29467299999426
103.93471000898367
100.92310297156021
102.52675785467991
105.17858460586473
102.62985262368254
105.3946497796608
104.70356507385517
104.2272097808755
103.18056333633301
103.83547700459005
103.12124246649122
105.49187946711747
103.27223531669466
106.83128030784013
104.71866247246282
105.7741380029837
104.21299978806633
104.05023853899615
106.24352771299914
103.21366837690815
103.58132944755738
102.44220607344215
103.46485169070976
103.5938479974802
104.74494266943486
102.82420840085746
105.42217017490364
103.98967454344518
104.09758286133206
103.8163530307861
105.07294821085767
102.79708890929203
107.25003483884976
103.8009044161486
103.51469646416821
102.53355314499188
103.25973761189479
104.13615548972084
102.83987149211902
104.12448186552405
102.9223566608708
104.80796351144815
104.25180611302773
105.94370587007845
105.50288602559047
104.55015129617115
104.26776969747185
101.65622947742122
101.28840417712448
104.87167469134056
105.82080426898938
105.81087472253388
103.94288702394618
102.17409821194849
103.87311761487517
105.2098918456995
103.15647564941548
101.5908612456957
104.20268864704119
105.68201761232575
106.4670835013652
106.14014075250199
105.6949957193523
103.60489026414075
104.99975458499149
105.81171013681313
104.39435100763502
102.66193891846999
101.28389961516103
103.87294216931168
103.04834926187971
103.42681714961975
102.77138458783253
103.97757562097136
102.90318624560264
103.13830706163458
103.81302329221458
104.73069127881215
106.39004386884362
104.71425068073691
103.78453279831132
102.95651138217147
106.54008788276509
105.45100393898848
105.56332252418774
105.54111206995431
105.16346519983355
102.61923688472977
102.25600580667948
103.48276791051791
103.89782337608156
104.36573304019984
101.88042491707385
103.35990491998544
104.64493523442731
103.77014536861185
102.18473123480217
106.21753312835342
102.24906241516412
107.31084520609754
105.0420085330066
104.96600626413658
102.10704211381011
105.19418176428583
102.67874869256423
105.37012076974246
102.70070667310264
106.85234105170352
100.76211287299819
103.45239465436026
102.81262707324568
102.9391799262603
104.94138226287275
106.82887057067518
105.59528935343462
103.14236825421368
105.09761415195607
104.60555515222723
103.04623210865144
105.47999822083887
106.53886552320012
104.10694481038425
106.0496800393208
101.76867675345326
103.91575504336376
107.41272694801
106.23888984964083
105.14063631467614
103.32221483906416
106.43813061438829
103.79956574483737
105.72164032722645
105.50834593285418
104.41116888289216
104.51013401173884
104.72560586252867
105.15133134215637
102.58098776618833
105.50415321667731
103.90676682349944
103.26856152303107
100.73471255275905
104.40396020205594
106.51212937516867
103.86964985980732
104.80452610324994
104.77364256453366
104.20280335076555
102.1159314350652
107.25311320963263
101.96981626457227
103.311610014476
103.68863279921024
106.11251927440048
103.72906463553036
105.88400517563383
104.48084460158552
105.08193860799413
106.35790815072268
103.56484925559486
103.6761572011222
104.5490229614243
104.52387224850486
105.71290040563247
104.34900969191864
104.92857368033532
102.58542423741758
104.49979351916613
104.67296330002026
105.045024963035
104.5273897452902
101.834300266649
105.45238946085382
102.06230699154102
103.6007637894918
104.85524051964524
102.91520802263244
107.022482617978
105.06069568398487
103.73634682772686
103.42912860085079
104.40321307964248
102.74803793969608
105.16974130322028
103.93565599011873
103.20557653061465
106.02845706846631
104.89726759916417
105.0720854450453
101.00794535973796
103.64090256245639
105.17073408716566
105.23610885059351
102.51483983480034
103.49806297864427
99.08293876763236
104.09191799519238
105.47726987834872
107.45700004212142
104.76530121876651
101.59976668944
105.25739293191464
105.48567221638436
101.80544315986657
108.10677500643973
103.23483551390211
103.53380242904902
104.54776586188704
103.49057055978268
104.22585511821052
106.67534202573403
102.79709200372466
105.3758410044429
104.32419110641058
104.67477115811091
103.32389795435499
105.25424173475966
101.82817936236484
103.67961932032863
104.64300297759509
103.56818897720018
103.92000824271508
106.10325576853558
104.3908974302565
103.0185211328442
105.50484658988374
103.07117858152897
104.56623919945048
102.64293217539618
103.22321760753196
103.83808184150192
106.88212914870721
104.4288675549578
107.46422813024245
104.07775330678118
104.70564572492924
103.92280872860174
104.2984009989585
104.07009203844376
103.09570255931393
104.0751889506935
106.89800972391913
104.78692237633274
104.74800965251808
104.63353728653692
105.66994030327767
106.84604820457062
105.38984891545354
106.84757674856851
102.5999857309499
104.25963426155354
104.27436147955726
103.5060836131465
106.70813507728721
105.33629168318791
101.85112852382856
101.7507272103176
103.12111582799486
104.75327383816685
104.799958305729
104.40292811601368
103.05471235143185
102.18134924065367
104.13336673094571
102.55603590226096
105.53133709639039
103.14443292036097
103.07684102378299
105.1145466643185
104.50794558046987
102.86167835144951
103.55195524394966
102.7520436223398
106.96897907839747
103.07209784145584
103.47930786753864
103.69533599865855
105.75392906339724
103.57784340414098
103.45360886464869
103.50078782248754
104.38008067663489
102.94910554740449
103.65938932622964
105.03937725318133
104.80373437713435
102.57444667548418
108.01688843038156
104.76847122855068
103.58451206407481
104.73500225388236
102.13070112103793
100.97786753350744
106.14900896966212
103.93006049138782
104.16574597271112
102.57847275230887
106.18400493250381
101.95230340442119
102.4327001830423
104.78117176522592
106.35670734545691
102.49228379181953
104.21282614067016
105.09451379394959
105.23868522651142
106.42212783909363
101.22413792858838
106.05657908909131
105.74389781239307
105.11828635708696
103.01602034196614
100.9561976309667
102.695474146729
101.30751761711467
103.50014536107437
102.95736004329669
103.15833922822335
104.97302671497144
103.73063445511364
103.74481962779657
103.08645297455774
102.39526692342997
103.80767289217087
103.69891982451779
103.63584714771656
106.66144414625717
103.8919912103313
104.10927650121391
102.15878210003558
104.72761861843236
104.5175344811783
103.89520355951612
102.74899933731203
103.63636364767879
104.06024155813955
105.73080795011973
103.16562706420345
103.00912259788416
103.79098362668077
104.71359417749757
104.89159020338613
103.37158656810615
103.7619912397057
104.53791604436765
103.52781908722953
103.74160588054141
105.48538127595296
104.19117416645676
102.0309277669416
105.0561824521626
106.69357686487764
103.62492522892515
103.48065248400712
103.93453681113743
105.27103156907197
103.18753551074106
105.36441879970779
103.93438739703764
102.64557120344715
105.64122285783472
103.6851887803504
104.68456144863433
101.97401622530182
104.55984774808556
104.69690158465949
107.37908693553169
102.11914164482778
104.95892561159077
98.44882917843185
106.26765690715038
105.1432978975101
104.64884526193401
105.5388876941672
104.68222660365004
104.06838821186165
105.40081924251734
105.8624258591278
106.83762216377711
107.36803254555696
103.46724259798302
105.54431292602715
105.66795434467193
102.85531583976928
105.08887739914809
107.07344797059909
106.26295334833358
103.57326777559123
102.85438248678723
104.13596318171821
102.44766551040502
105.83604044671486
105.10646837559547
105.95857268923149
103.19851507066946
100.13740969644319
100.28510274522817
103.5267665423842
102.08404185693253
103.50230867456702
103.5529724399382
105.23535863810991
107.60527436584383
106.08904419836922
105.14567921660664
103.67009498986226
105.15623139528797
103.76871501145439
103.01225029795839
107.99888004837945
106.34365852656121
104.70430255363254
106.03720154703731
102.54529064416147
104.10693380545744
106.21339328032019
104.4960120359824
102.35949071804492
104.81735100447186
107.37477392101033
102.38254011501525
103.91167624823638
103.94921434682729
103.27256516290404
103.86761861605575
104.54771653699419
104.39373379780453
101.71600019483411
105.43197684669752
104.08710539728185
104.49589440888705
104.6256918553017
107.15067006679331
106.32406049352633
104.58970407272463
106.18857317309875
104.48330711644124
103.48264373099443
102.97268772663007
105.00022064437924
104.4576427414033
102.53815645893744
103.7245062130888
104.87081459545115
105.42038567605296
103.25843410839222
106.02212187979542
104.30795648508352
103.65194915590396
103.68357508003999
105.86767765043611
104.06944532806284
103.68638483625554
105.77281578878643
103.96074943436844
102.57735138076494
104.01712632933157
104.85388633118342
104.41995194642138
104.08857544893647
105.39387542604373
105.2552771003349
106.49906146006327
106.2914114203023
105.69519163919426
104.52394549025723
105.5102445565751
104.45583852930164
101.6154239702791
105.07741607411145
103.34848314101095
102.64669355454268
107.69913062523038
104.25545112981618
104.04047744351023
105.92604228092418
104.43340526100926
103.07376969762714
105.09685437212637
107.55480105814019
102.5449417628383
101.7134939038209
107.65175887168625
106.00994288469057
101.66580819326165
105.87517811594297
104.12022173533487
100.68789202144777
104.34211008704808
104.10160152688022
103.16021535008215
104.83651090829143
105.15164585696928
104.78198252616804
106.20035553803523
106.35985921547704
103.73857507416037
103.22724772689591
103.19556542149263
105.03482730880586
103.2936280043092
104.43553419099601
101.88217525615354
104.29919853025216
106.10145150891162
103.77160946369784
102.4404089938069
106.24290537484026
105.30732706252738
105.81569754063486
104.46940630890968
105.39709093682762
102.92294331477066
104.86256029769707
107.99021762083672
106.23329434195756
107.50268423608216
106.73252087578555
104.4213188418673
104.88691172189152
104.71781119116781
105.37855607732453
105.3318809400343
104.89894171537392
105.1074011229135
103.0023905395129
103.59798265987553
105.2274780510849
107.75776959144935
105.79115148430009
103.72834583567986
105.89571385321543
103.68698720248764
100.9658638444392
105.87114186936658
105.42024814211712
104.38184599183904
105.06677208794952
103.79539659531916
103.58781202489158
101.68319198645128
105.64969973954942
105.62790407256654
104.51779625430643
103.51630174746506
105.00364960090283
104.46848484063537
102.7895614769458
105.0804702558142
102.60753250999142
103.7692765574711
105.31643738049608
103.03735798605332
102.15065652384958
102.24448861997217
103.52610459581827
103.27805488897809
103.54508471918713
104.68962252801406
105.09868508304943
104.8004972715701
104.97316792068125
106.88986775639174
105.70515445101498
105.11932528711569
105.10848998687939
101.33600925214265
102.1998752036418
102.17691528506387
105.08459752214375
104.0748142108898
101.88932235066656
101.698794150953
105.52547940998191
99.8999642063533
101.29767875480266
105.46780220859628
106.93130950208433
102.71949416582545
105.63811335614862
104.99787994766835
103.97567694688759
103.88327514466093
103.48082961291165
104.59196958671664
106.700273683177
103.6467995514574
103.20141682356666
104.24844194091074
104.0983127448463
104.65226186988353
105.28364781442798
104.11199743836255
101.15898638240492
102.75644482934517
102.96342589169248
105.31884850184854
106.40454823589597
104.97862104901242
101.22508841138529
104.71010458427251
104.48656584885137
105.86037300204822
103.24331907005012
106.39982341128353
104.19694584325241
104.18975297792542
105.44216160161545
104.99249736468884
104.98565572382091
101.03369357646099
103.69204062687757
105.97587532002119
104.57960175193433
106.11913055103608
103.52138871722195
103.24085944707828
106.59924738612119
106.67964943843893
101.7918543654335
106.71199854147038
106.75953569937369
104.0890506389572
106.12233845151663
102.53538855264699
102.90488544879273
103.42267037164612
105.16570280526469
101.01306568410443
107.64913799790097
105.61736509263882
102.36512679816487
103.0182219794016
106.00547185999436
102.65787822746832
105.42249222602695
102.23223900869147
102.21111442810013
104.44770082697812
104.69230071323929
104.50410147710419
101.35139231812414
102.10764694520515
104.67810948232759
103.84692034963297
105.46806147694781
105.33711455542397
103.17580273441234
102.76493901776001
102.56865273925197
103.48937750712983
102.13452108330776
103.63504317465845
104.39801704627024
102.69275688044036
106.31342050967947
101.75422183961868
106.18218658605878
102.04563268214672
102.56721756754015
105.36362440782597
104.76889913205562
102.54324361815908
105.20574327399365
106.26763189589323
106.36197858160989
101.16376402318758
101.8293672880456
104.94159772803279
105.8269416036176
101.84329535330973
106.37690532300994
103.33459720670822
101.41303652263794
103.67315847969383
103.82552741626083
103.60428792880597
101.82080660436807
104.32263668566775
103.42882359663892
106.73355008749036
105.92771503374999
102.26299046305328
103.50669317106622
106.90228457886704
105.7835376403936
102.77557267149945
102.82195864669795
105.8389112816132
103.54647046482563
102.58316805790159
106.51549870652916
104.25120928267853
106.59767322507761
105.8815211975708
105.01226773237968
103.67096828845436
104.52541854833298
103.58372352406778
104.71521210848204
104.46793576458768
104.18592540059545
103.86795313026195
104.96466662727445
105.96030816583753
105.31088234999805
104.46618880863797
104.04256878932371
104.09683251570976
104.31374365188178
104.95007104157224
105.14643523647167
104.89016674861566
104.68390463007259
103.99291545952508
104.1768172599739
104.29200324226477
106.11054669448643
106.06453219864312
105.1146903081749
104.12378969490622
104.36226707784564
103.3096085270877
104.6327882368349
101.50629897913743
101.37792021236947
103.4592876728977
102.68154079809065
103.02634556835034
105.64283811541394
101.81172464184078
104.54078022945811
105.46078593214627
105.19842764920901
105.03089426571103
103.39124405297358
105.32495170127218
105.08111928073838
104.77667474011444
103.63726624129976
103.94321156853522
101.63899224618788
103.39226326585194
103.50755452574212
103.42274603136973
103.89640296133305
107.27861708267548
104.21451652970849
106.0439476038579
104.67363656436412
104.00115997733957
102.84981942524732
102.81809272111298
105.20268558226974
105.67801181542274
103.12850632320368
108.07255408189025
101.45476937949128
104.60318422531091
102.52346629320928
103.62631833157505
107.66637022525099
105.51024986504027
105.26484872487839
103.48360587292542
104.97403404414695
105.85781145829878
105.09951657089638
104.65140775837041
104.45234238206697
104.35229018641391
106.72295288354542
103.86974857766967
105.2667461137873
102.86726033717608
104.91420353384655
104.56308768517113
102.82083061788528
103.47464644343981
106.28471519118641
105.83740368961847
102.30445786748153
104.64847854096999
105.47719069016739
104.92517899840519
104.25177111711635
106.46830749309768
104.24981650737759
102.89266589540574
104.11453499728938
103.93792390441064
105.76884703090414
105.92498836961161
107.60652696697083
104.34037372916706
104.64128224055848
103.81372622732371
103.30236375350044
106.61269643022024
105.90457153176783
105.56885767380636
105.23753512680936
102.45325945651899
102.20810987654245
104.30125791911848
105.44001889734307
103.23017093662028
103.47559821933316
103.12672596345955
106.36426628561242
104.54193017103549
102.81511816550068
103.70357726807255
102.9166997320044
105.15736841936348
104.67133280066682
106.73077607537982
104.92275864061878
105.99739954596076
104.37049971627562
106.359970436114
106.30155943323176
104.18214586732077
104.18358212680174
102.38514336729817
103.40628615117518
105.38365979841439
104.96285121563693
105.61575365448587
105.36207571619906
105.9371521514507
104.26433070742462
104.524359284925
105.78924903146465
104.95755891706276
103.14951675009384
103.44975942498917
103.18728838133353
104.76236815191594
104.32748050550559
104.24660866128151
106.64781676515544
103.21842412478495
105.1924289368727
105.87180766946325
105.77773202933878
103.24714302446785
106.31821244063214
104.6486655798004
104.75525312278063
104.26066453190283
106.88186378897203
104.86374633686306
106.65423868962738
105.26384156634546
105.21216467695497
104.14773437786948
102.92490065903962
105.03916699748876
104.11190408580791
102.65503959392909
105.02059521724668
105.13427773743848
102.67551414992094
106.6473031322536
107.3679531844152
101.92031408790939
105.11703789574817
107.12656715591004
103.60906249559017
102.2958820531556
103.8186525155154
103.51675073586885
106.11584741661667
104.18654038024377
104.2330909483014
104.87631496768712
106.41859861823369
104.15710623120367
105.28087493037657
102.93460001189621
103.67109320537506
105.04724784898747
103.0893140101104
104.2813207240313
105.02212759688311
104.63515615434193
102.88982245791766
105.5927328520269
101.10378798811236
102.19697403475948
105.57596441604173
104.08403075157653
105.21962564992685
103.23679508508904
103.88652545366156
105.2428971822273
104.28120045635687
104.1010782340845
106.12458634563748
103.45234294809977
103.0471182969251
105.24937832537589
104.8977289067079
103.09781227914073
102.67657607890185
103.82508449359369
106.82019023905161
105.73248249221882
107.85514734774982
103.87314773661183
103.85948521835223
105.97316678946524
104.2678871177922
104.65088903215401
102.25796428052455
107.7575965689854
102.96484344795435
103.21711657959494
105.23992631258574
105.0680309354697
102.51412456887202
103.52445826015008
104.85296730908287
107.71125451720161
103.71678370839768
104.724409224259
105.0864180278141
104.14629421315284
106.81981577163982
106.19365873430385
103.10367313395751
104.45093996361787
106.2547231604616
103.58095884946981
103.67271143608315
104.07298494784804
103.36338324800809
104.66319344771811
103.73035956572667
103.76596939826433
105.96968513762815
104.73507250971656
103.46369343685824
104.25861519193788
103.24911975196598
103.45250579549898
106.61635028321075
106.30121641321495
105.39651901797606
103.46935142367411
104.21232967703259
105.19587594873741
104.3357404452629
107.33729486910877
104.58787608779026
103.2489241714236
104.29582087039411
103.54118083208238
104.37485754706185
102.99848511150898
103.94551710077167
102.1822805661665
102.12317621270856
107.38320634514962
105.15117536372885
102.30825625000564
103.81905196642062
103.49387667401058
104.74910448943434
103.22166441596684
102.38084196368695
102.743734696783
106.17502701377853
104.5160350438857
104.84037139573003
105.35134363238079
104.14284125111386
105.45461752360546
105.46762392332387
107.28555587533708
105.15712426553712
104.0821089977603
106.75095193501815
105.50009793608274
105.24502803363055
107.36362454791768
102.60416262681449
102.46482920570804
107.6725708328535
104.9677561323079
104.07465011105609
104.68338847505478
105.12482346220679
103.95433157125876
105.44529694485615
104.39685674721983
104.72602331479973
104.99895512628319
104.52122210973224
105.68721904831037
105.32021172260718
100.83327775294347
102.15214124595909
103.98424031576899
105.40756669985507
104.68517081636143
105.62042941733068
104.58069869171007
101.47304732687368
103.67777553337822
104.44266614232959
101.96941432485319
105.0365618087871
102.31684364242722
101.89085547515911
105.87744321737446
101.68013348574323
105.18863085971061
103.00800677834766
102.00495825554741
103.66874444943579
106.99048570691716
103.78996515709765
105.85278438488072
102.56496918930239
105.18323981125957
105.7548214942397
105.75837146061889
102.88973465292028
104.5737596126161
105.49143127280826
101.86399925588523
103.33024908482324
102.94320594276977
105.1013139720879
102.41808032163547
105.66174700291327
102.77313817493538
105.1683767098463
105.5869188252615
105.45245335697868
103.9978874042406
103.69129489584522
103.63496591197416
105.71007402746623
103.87109376358467
104.43883194833184
102.99089701668464
104.18843962314664
104.52804180891864
106.97973298545848
102.57404194478215
105.16567734145525
103.40323675426828
101.54693284355042
101.14659806253724
106.65843860642691
103.16321582956793
103.92410538438595
102.9672592804276
105.72815861043873
102.7525381964428
102.94244712640685
105.841127256866
105.49677733653141
103.52828738281224
105.49758798421972
102.97364206132491
105.71929618406234
103.84637628619384
103.7546441363746
107.35593630472125
104.334968052812
101.96617012633695
103.3041715511495
107.28281675580253
103.3409785818992
104.34390811671393
106.36534366971236
106.9473530020918
104.5340660966601
101.88921218569797
104.90096040103853
105.04597256563918
103.48956355461586
104.65933402951211
102.6914402642238
103.0933226980973
107.66855500552023
106.96987452448937
104.56802072291703
102.2142537239589
104.36927303137904
102.69068082974266
103.3584587435893
106.24762055124808
105.92694092390254
103.19092190514363
103.32963198766048
103.54082521148683
104.17599374065034
104.76619527670135
102.55490428706294
103.04801797119356
104.1928185764857
105.94354508659102
104.9887761487951
105.67753247176174
101.11653718544028
105.93233617546866
103.47455487022572
103.36102876965128
103.84869206568439
103.90655168956997
106.40275337161033
105.64813783066003
101.56342421347765
104.06261981810927
105.78354142827445
104.53180242609307
103.34965391180238
106.11577961909377
103.62677725291853
104.79422927161158
104.33770623811326
104.16280464501848
103.50338297047992
103.14748449174714
103.41873640632564
103.78535849278882
103.90849468962503
102.91085786744597
104.82755134428342
102.34711686147995
103.9855396766996
105.80023534688303
102.02299456096173
103.09740468142738
105.44499339578132
105.67658259372521
103.84671082702187
103.35145067756585
104.29342826941425
107.24212344825602
104.76125382697936
101.6844749974689
105.23163683518757
104.22910974870288
106.95232778229104
105.3939885241178
102.88784001386333
106.25400537535467
103.45533896417189
103.03229406054129
105.8576811790123
103.19600932022368
108.10901232274233
103.14940593870364
105.4146636661493
100.52738004691167
105.63538536007941
105.39491924418445
102.56423527191662
104.9323912452891
103.58454237924126
102.65844748216739
104.17350001955924
103.1797976651987
104.53336488766477
105.90420607617288
103.84191946286194
103.52901231272546
107.91451261077742
103.45258274695274
103.35838852515258
103.3141510300558
104.73649591018884
105.37302252276069
105.61435623735153
105.5621401795257
105.23661490230313
106.11074161339299
102.95909383936603
104.40053780145637
104.07835227933873
106.37360660280876
105.04827743166432
101.78346878078953
105.31314476861388
102.89923164749626
103.3661471185568
101.07854986767204
104.05599038596438
105.76431577778617
103.15926809764329
101.97881890447007
100.54613818562757
104.63834066171447
104.69831052512927
104.97520016422288
102.11693147578458
103.7750179804433
106.21294074804592
105.34021032347582
105.48615065229377
104.03746035008317
106.79188769046624
103.81935471268427
105.15870510855255
104.69549603250728
102.35607765022755
105.30762621584958
102.80362074231047
105.92843667584327
106.28547055983525
104.53182522190586
104.72395312745363
101.90351093413156
105.97281403518754
105.43209440127794
103.26575661238843
104.70880230078212
102.45154364655133
103.2975282116451
101.44754622156452
102.0182249733175
103.23511372806519
103.519277095956
103.91128124401706
105.29377212427787
105.07607314821135
104.13198791645212
102.18008496807994
103.28092743556768
104.09672510019719
108.05419748837757
106.80451988823744
103.96687243250042
104.25933923522624
103.92086565628613
104.66139603499276
103.52034903074198
103.40274642779099
104.63176765465258
99.91562624473232
103.9956659226267
105.05647236447729
104.35696177572503
104.09895062378509
105.15578867278639
105.87152711388902
102.76384482164562
105.8485014792452
104.17904316364007
104.70069935928638
104.81827321035291
102.90151887488733
105.78128980841223
104.41786759777386
104.11527811641548
106.0687117674199
106.3370399744248
103.84058528102932
104.76841597062584
103.26467949445487
104.25862171643271
105.14182852751304
104.03330847320913
106.23267501753622
105.75249888220515
106.846773436065
102.45460038878895
101.33676294308385
105.40947167727447
106.70490663263479
106.11752539827643
102.53286342750829
104.51777456154957
104.87686777061867
104.79086056770609
104.74225649201486
104.47319384417852
105.77767947467208
103.85716222719303
105.17718652051731
102.67320682332479
101.1278526174236
104.15676194273365
101.79668895748496
105.74960835726942
104.74405385938832
105.88656663170192
106.15920916059983
103.45133743045832
101.83332828134505
104.96442321047698
106.08211535436448
104.39220431330637
106.91237714234771
100.74114900521285
106.04224893008728
106.16009038180886
103.12509599718149
103.04259213120498
105.30228082670894
106.41093451591789
104.22519683630566
106.86521190969228
103.77033423278148
106.67394228735489
99.1321271017788
104.06087279696018
104.02316783372652
106.90213391111152
105.25366273968123
104.76430854590697
102.72318392442338
102.62919974910324
104.26034272240761
101.58420682035637
103.36647986790034
102.47929755684774
104.57898045118412
105.92075190101309
100.57368013319385
99.62815636411213
105.14513301736767
105.76978323698182
106.00859274588841
105.09471711776817
106.25170704428517
106.53436869027722
106.17288726462895
105.3821915348548
103.80068326102732
103.61021309114275
102.63177646165292
103.44088986925723
107.48481412155098
105.65367954824015
106.79352669485243
104.51338882880376
105.02000481103187
103.64341453321853
105.0773421710072
105.16399947198713
103.92989261185858
103.1931671795164
104.88799686931809
105.36150769507032
104.17612247809024
104.01566905889814
105.03910769907814
102.76745451063482
104.38599601626932
103.65569095895276
103.4016733071254
105.02077729998402
105.07464467531432
106.5768589562426
105.58859959911064
105.29194513968895
104.04928499476658
102.56690792969431
107.00711643406626
104.5081450801921
103.80021720754735
106.17397649916154
106.16460977147621
104.13085557990183
105.97936703397806
100.48746067898995
107.4909794791981
105.85279610356304
103.12295701095081
103.39065750443048
105.0282929722308
106.26029795667901
108.31271439055999
104.46230657737242
104.72075623947909
105.60633903339598
105.03690840566627
103.35790773758507
105.578602245272
106.01913234214712
105.87168123646411
105.5794559257662
104.19729679444669
105.0549660459931
105.24661745477466
103.28226676829995
105.58968035451379
103.82319361522461
104.88550571835339
105.05947316189506
103.21350130030922
104.05902934781209
104.13730562584524
101.89387655185214
105.91418589118615
103.53140923067329
106.81550590774964
104.93156620752316
101.48754333534585
105.85665754750227
107.22653552323494
104.706888727498
107.0208874886099
103.47989712238203
105.93522679021152
106.38277543507917
106.46375833287647
104.89115862619627
102.00329995723848
105.39606084642287
104.12026061721912
105.56508024317691
103.07160688751983
102.14685099402384
105.1614080032506
103.97640999756183
106.77924565905096
102.95437871125512
103.92348448517524
102.19072245775833
104.75187673895397
104.31334302633459
105.81822073209582
106.44539227182787
103.56550264441849
103.60516238886729
102.94458873287448
104.0052744109563
102.48107731585094
102.70245823921599
105.86778033293412
103.76483423308683
103.09658837148007
103.66530792222102
103.60211048947048
105.30155487793137
102.93968094974983
105.599574034978
105.80266414601826
102.1710796721726
103.83262324271283
104.15890935826766
103.39484915261554
100.90047124120917
102.18243368655328
104.6586094321872
104.51983650132843
104.72945331445524
104.69692836704654
103.32227516852076
104.58323230258412
105.73076651366154
104.36937533037953
104.07678303467954
104.43471112724615
102.54219706703239
104.6173942634291
103.16932055923547
104.41782442511914
102.9370925877661
105.05289373198997
103.51395881970751
102.82277568847755
107.80650190632892
103.77589538969765
103.11643739443676
104.65366616213882
102.20274346550609
104.7280760560895
105.63696876550227
106.47314343073806
104.72358785018648
103.94352054240467
104.72574197164136
104.89306013848044
104.90970024104246
105.13012600703823
104.96092103754117
104.40449072453119
105.251681298179
106.5554723311401
101.77240768562633
105.52830665595711
104.13160213456032
105.32817608398058
102.74637254838811
104.18101720741856
106.60518023322608
104.10656220041568
104.54589532247553
103.43182966384572
106.45864880945493
103.8492115979277
105.00390096564624
104.80839603174003
104.44288900329428
101.96307416252688
105.3217390362467
106.83405773290183
103.69802626972479
104.88493343402601
105.45086686559341
106.58606231221937
103.08212818280566
104.73164216866093
105.69717456614305
100.33262995023179
104.53524483860124
105.690258603094
102.89868789484674
106.7895570595069
105.3674505828568
105.31934262015449
103.87437943425974
107.04938059225671
105.235200090853
106.39221678981559
104.31792712643922
105.9897410437454
103.08412165249665
104.99960613819879
105.87414774940332
105.5545034186463
104.50738443500731
105.94257169459875
106.13597205877994
102.99630667760714
102.60504392103348
105.14927735471346
105.31814609371155
103.73481053171076
102.91449791766914
104.16145771540239
103.5107739154708
105.17237695661436
107.34547676662291
103.5694105762266
103.99901948816449
105.26012307746447
102.48525468025258
106.61556256172994
103.88926614278921
105.79964729522979
105.13956395007511
104.03024795145541
104.3444027299596
102.20108656130202
105.0618283262308
106.56393146640919
102.83584583067108
104.71484418409283
105.09278268019158
103.74316886492753
104.26620486913188
102.50064265590908
103.61947526633617
102.81274803023399
106.03201751544509
102.57248404206803
106.17863087867343
102.5690116926329
104.90420230092373
103.70367755429902
102.57881882839986
101.67178564402562
102.99641355476285
104.59123904986981
106.46321265513191
103.36712810827775
102.0556691340048
104.3499797140519
102.77722488723234
104.27070395716768
104.5394716662685
106.12118167288503
102.13556092260693
105.08378286418497
104.31073149630477
102.1837859198582
104.41347152522317
103.85314382405753
105.92385748743831
104.88435649482948
106.35092416529955
104.71682289791855
103.36688570803048
103.4129331944538
104.39379861230397
105.0711456153262
104.88341613993848
104.19003162710754
104.59029270800937
102.54543424505457
103.61124394184573
105.8359097344298
99.79562432739107
104.2302922372755
103.3654437224663
106.29671940718782
105.0127176943211
104.60989228658016
104.9142428375427
105.89774546956691
104.9877073661496
107.33214157544687
102.41300282572408
102.25486407878441
103.69169835502701
101.97281027058935
104.71033265356971
104.51725447734285
105.10517730993936
104.36598295377013
106.34012643778931
101.53407978734597
105.73296434473032
103.90029487265551
104.05543683546014
101.50953607899206
106.3254364554563
102.75242177783709
104.64931017971782
104.44826309339615
106.23024436869349
105.40102119785129
104.45613089867896
104.71856220601671
105.36317334013376
106.29834099619941
105.14978609582077
103.70151121021118
104.50242694040003
102.65593958192014
106.66049812284669
103.72505107137046
102.97461705311346
101.80172568811709
103.9001358193604
104.07897655811786
107.20358574656598
105.42390296530533
104.78225351309412
103.9381445533235
